0.000000000000000000e+00
0.000000000000000000e+00
0.000000000000000000e+00
0.000000000000000000e+00
0.000000000000000000e+00
0.000000000000000000e+00
0.000000000000000000e+00
0.000000000000000000e+00
0.000000000000000000e+00
0.000000000000000000e+00
0.000000000000000000e+00
0.000000000000000000e+00
0.000000000000000000e+00
0.000000000000000000e+00
0.000000000000000000e+00
0.000000000000000000e+00
0.000000000000000000e+00
0.000000000000000000e+00
0.000000000000000000e+00
0.000000000000000000e+00
0.000000000000000000e+00
0.000000000000000000e+00
0.000000000000000000e+00
0.000000000000000000e+00
0.000000000000000000e+00
3.595607189711355622e-02
7.660203433454181310e-01
2.771162782063489871e+00
3.247365735782735907e+00
2.122090121428945153e+00
1.035618568990366306e+00
4.919003811430058271e-01
2.813745760525651063e-01
2.277163101506921583e-01
2.113312052942468988e-01
2.400342390927111547e-01
2.791664123254605778e-01
2.951333867776760878e-01
2.949138094803128718e-01
3.008943425168898456e-01
3.366699248565541702e-01
3.988126481456404360e-01
4.973806817766459609e-01
6.550138720392556513e-01
8.311602757902294414e-01
1.013242447979112226e+00
1.184215429457919244e+00
1.296323766434395841e+00
1.394702479293289832e+00
1.482140918192271783e+00
1.545225084102366475e+00
1.576166602393835880e+00
1.554474022654581455e+00
1.483504758764488729e+00
1.352748504733043866e+00
1.204213699298734008e+00
1.061763043144640983e+00
9.689624597594026501e-01
9.105506064600910054e-01
8.722036957098951993e-01
8.592309305605693170e-01
8.662915541562982158e-01
8.755973186485075388e-01
8.882410855315944209e-01
9.085997781910341020e-01
9.234358461093492565e-01
9.454024085043304382e-01
9.705229851433497812e-01
9.826498221205310912e-01
1.008393868112555491e+00
1.017884397915409078e+00
1.036065606299897635e+00
1.030933040248392496e+00
1.055621123733277100e+00
1.051434229919407937e+00
1.051199430951532898e+00
1.048276350503780208e+00
1.034325367189247391e+00
1.015463673998971750e+00
1.016699026678884010e+00
9.928652054107978131e-01
9.933202479791097828e-01
9.747540241639420788e-01
9.696516904637750844e-01
9.729849531404425322e-01
9.602793401805785889e-01
9.774158332083965339e-01
9.761045016385280215e-01
9.851217420419653426e-01
9.849879114334375574e-01
9.951472322678789340e-01
9.988473047418920947e-01
9.965404155004135012e-01
1.003673718938647763e+00
1.001241744836543157e+00
1.009206913847391140e+00
1.004956290432640564e+00
1.003818418210773888e+00
1.003046567128130562e+00
9.974343942921289896e-01
9.930938534842412846e-01
9.969930982089602045e-01
1.001421269004209691e+00
9.949368584736688614e-01
9.865922593018212616e-01
9.838000786373587436e-01
9.852709047691698974e-01
9.869438130751049254e-01
9.875965264815967926e-01
9.853946064278652495e-01
9.882868955117711796e-01
9.900504128744535004e-01
9.851288469940246983e-01
9.890042327328993910e-01
9.934445341818662900e-01
9.961592726235262152e-01
9.964946755476606910e-01
9.945837752462192149e-01
9.938440855455100698e-01
1.008507221204838711e+00
9.975247606194563854e-01
1.007122524622936721e+00
9.978563711924679502e-01
1.002483140781846194e+00
1.000374512696175611e+00
1.001511150580015608e+00
9.935938762787596135e-01
9.956225071807871529e-01
9.977444761819596053e-01
9.932772009511949829e-01
9.911783517647263508e-01
9.941096968439699921e-01
9.946652117129096693e-01
9.916895093662770888e-01
9.900855843274182222e-01
9.907789283912727951e-01
9.914536040125857541e-01
9.949219998153850941e-01
9.944444780795839156e-01
9.947983191988069018e-01
9.929498969857283308e-01
9.906983386425434190e-01
9.938637563650227769e-01
9.923028644264924036e-01
9.892812378126361050e-01
9.985107442555901658e-01
9.989447076850759277e-01
9.940859444734535533e-01
9.931605309351532185e-01
9.914433879053250465e-01
9.946281013236021318e-01
9.955970922623295083e-01
9.858114233949342164e-01
9.926709287947672600e-01
9.924289105454497939e-01
9.917030207218842097e-01
9.941442388557848453e-01
9.904491005022477701e-01
9.905636241210122872e-01
9.891684322695742937e-01
9.926951464408728665e-01
9.913241664570697775e-01
9.927895953788292704e-01
9.901200155514519041e-01
9.936999102846767462e-01
9.934062692171784503e-01
9.941814077637121105e-01
9.954858487582600723e-01
9.934786987469049757e-01
9.928102048795883761e-01
9.942947435523354915e-01
9.959256928351335469e-01
9.967338054897006971e-01
9.931119579441048950e-01
9.906893058665097174e-01
9.953331528617818114e-01
9.921439618660702342e-01
9.940773518117967944e-01
9.955325827817067541e-01
9.933841602759799772e-01
9.977432280214575400e-01
9.980975770392536139e-01
9.958337730451510827e-01
9.991751012502309015e-01
9.966809113553977140e-01
9.974844580600662480e-01
9.991641516746345708e-01
9.986364653065283870e-01
9.981305442319936549e-01
9.963231171876923975e-01
9.960389167365073515e-01
9.967922665918186320e-01
9.943211255105501856e-01
9.955996816166414742e-01
9.985813485033449011e-01
9.960489671707301040e-01
9.972823241405601724e-01
9.964492401455150583e-01
9.992542712520092740e-01
9.992679866605503891e-01
9.954054003778116666e-01
9.988904786932555346e-01
1.003585926108267135e+00
9.961290405137995796e-01
9.947236289696369527e-01
9.983855575296642915e-01
9.954739655825360911e-01
9.943327867742706161e-01
1.000937672437108183e+00
1.001989637167086000e+00
1.000144110940005548e+00
1.001245361077959917e+00
9.971801711217341824e-01
9.992508530248228604e-01
9.988534070790311414e-01
9.991716271177740749e-01
1.002380046365715316e+00
9.994322012458208837e-01
9.982563677563589533e-01
9.990472514789807690e-01
9.984902327982876358e-01
9.982897676565585243e-01
9.978643655645399457e-01
9.995825931008195386e-01
1.003148111590912217e+00
1.000848737057396631e+00
9.990884701844359173e-01
9.998158901748359639e-01
1.000173938764107096e+00
1.001271659300118522e+00
1.000827335415716002e+00
9.938494040007203045e-01
9.981707767522640662e-01
9.984884151750018644e-01
1.000448645239738088e+00
9.956167104823197000e-01
9.961739651714779376e-01
9.968128619091627396e-01
9.983117101173422103e-01
9.989514284947135225e-01
9.955758974754567170e-01
9.988843065904661200e-01
9.946083638498390833e-01
9.952831106342574508e-01
9.971970461756193282e-01
9.988740632056801738e-01
9.981790868221371849e-01
9.960520919749172863e-01
9.988821203696798268e-01
9.992577989565787355e-01
9.974908068931424010e-01
9.977621976581607655e-01
9.995854008994352613e-01
1.001371581806727251e+00
1.000241738294911364e+00
9.962248720142388159e-01
9.964578680874223160e-01
1.001200424356163188e+00
1.000782267379400237e+00
1.000321818190408996e+00
1.002140628681847501e+00
9.986075113400390002e-01
1.002729137127261083e+00
1.002394562865285055e+00
9.989812249448707382e-01
9.995999866671045897e-01
1.001397993847082502e+00
1.001969401038331986e+00
9.996005491878197091e-01
1.000793241147188928e+00
9.997938596874702544e-01
9.997287407866243258e-01
1.002707937628052770e+00
9.992818181505316311e-01
9.866781332503110624e-01
9.775065431424275753e-01
9.671273560716107109e-01
9.566087948302285371e-01
9.467766615513837358e-01
9.351008474064318454e-01
