0.000000000000000000e+00
0.000000000000000000e+00
0.000000000000000000e+00
0.000000000000000000e+00
0.000000000000000000e+00
0.000000000000000000e+00
0.000000000000000000e+00
0.000000000000000000e+00
0.000000000000000000e+00
0.000000000000000000e+00
0.000000000000000000e+00
0.000000000000000000e+00
0.000000000000000000e+00
0.000000000000000000e+00
0.000000000000000000e+00
0.000000000000000000e+00
0.000000000000000000e+00
0.000000000000000000e+00
0.000000000000000000e+00
0.000000000000000000e+00
0.000000000000000000e+00
0.000000000000000000e+00
0.000000000000000000e+00
0.000000000000000000e+00
0.000000000000000000e+00
3.118236311945505115e-02
8.277114346402288936e-01
2.890399129979533299e+00
3.408796196737565065e+00
2.204281734153295869e+00
1.075539140522636217e+00
5.005802238265990578e-01
2.953989466704908251e-01
2.169853176554468466e-01
2.239281833912241948e-01
2.403372923402280481e-01
2.805529220172613969e-01
3.028140790156889639e-01
3.007225615981190536e-01
3.082872283093188726e-01
3.215412783561649168e-01
3.995769926095390501e-01
5.037797492835665025e-01
6.599734656980745795e-01
8.358184632994318797e-01
1.025299009158025632e+00
1.201262520275527379e+00
1.295666014139454481e+00
1.421184803246145156e+00
1.513163818004441552e+00
1.562000628400770141e+00
1.595608207949834600e+00
1.567019988610098613e+00
1.480330817289696066e+00
1.349009195895507718e+00
1.206948553379189493e+00
1.079218693276722263e+00
9.843765326137332572e-01
9.020058563972739307e-01
8.741607695074640194e-01
8.453027243571550331e-01
8.561956269322320567e-01
8.642805265362765166e-01
8.959012950722842206e-01
9.029408197049243467e-01
9.296182788375186856e-01
9.486351483853797673e-01
9.590283227114088094e-01
9.720355997459589892e-01
9.985775211559059228e-01
1.012242834266484204e+00
1.027081182237922441e+00
1.033491965884428820e+00
1.044282438838424643e+00
1.047541908824433543e+00
1.032091354825340979e+00
1.035472281067384204e+00
1.021394045613808421e+00
1.008789457850329363e+00
1.003660447579683090e+00
9.880423581272060884e-01
9.727188611925617900e-01
9.711300852272498618e-01
9.607434956329534703e-01
9.573283737015081396e-01
9.603569028583378575e-01
9.648703825896312036e-01
9.737240470733330433e-01
9.814902452140408240e-01
9.805716296771946894e-01
9.961608680747032762e-01
9.925520636320572798e-01
1.001975624280594834e+00
1.000343268374588090e+00
1.015739614869036300e+00
1.008040248521341553e+00
1.010877209020798917e+00
1.009427386066674925e+00
1.003063820461576494e+00
1.004685757186435158e+00
9.989363256421434079e-01
9.980230042945102964e-01
9.895821189205955548e-01
9.939851142833937558e-01
9.908454069202270453e-01
9.912074007794857700e-01
9.906402157067721870e-01
9.839309154015167813e-01
9.853693227829120049e-01
9.902938223386150707e-01
9.889095628257799087e-01
9.930142231549857756e-01
9.908701345453014842e-01
9.966597547093494214e-01
9.969687472694077623e-01
9.983775853484411211e-01
9.962800158674762763e-01
1.003980408678529113e+00
1.004618870109755147e+00
1.008421706435549181e+00
1.004323257946778236e+00
1.002697685372137881e+00
1.003109467654770715e+00
9.980821918663020931e-01
9.998753187542275267e-01
9.957547230769661084e-01
9.979523493797370914e-01
9.988911589305021765e-01
1.003585590130461336e+00
9.963600622124675343e-01
9.953948886995962475e-01
9.966680195392265684e-01
9.959475863130894391e-01
9.965206704788991399e-01
1.000238720717609997e+00
9.981069282017389632e-01
9.924982037474546770e-01
9.981072999456681583e-01
9.958418079307754800e-01
9.948246166704204363e-01
9.941981278657937571e-01
9.964736146473468503e-01
9.968421433086875894e-01
9.930580690761848794e-01
9.908840636448021932e-01
9.909885555574438065e-01
9.955689533600698971e-01
9.925280975589179100e-01
9.902324743524081319e-01
9.982739650248161345e-01
9.955213966190769037e-01
9.920140268887358559e-01
9.927076433153165791e-01
9.879490520200496784e-01
9.959962269495782339e-01
9.910924339093208912e-01
9.870527566394636798e-01
9.933166678495777280e-01
9.907996571148983689e-01
9.944936134402186934e-01
9.939693218985434786e-01
9.929964714849931484e-01
9.927678429435911056e-01
9.924089913995844947e-01
9.986152644599816108e-01
9.967823060513008038e-01
9.973068239193337847e-01
9.931440600417588138e-01
9.994850849519745228e-01
9.969851189366180089e-01
9.941103656461908189e-01
9.942844917023351270e-01
1.000644064436562619e+00
9.994174655595674528e-01
9.949373371810807942e-01
1.000809060858206534e+00
9.976522690747274824e-01
1.000927749294326485e+00
9.984482633709574895e-01
9.998174260302528094e-01
1.005440824821895340e+00
1.002638807403005261e+00
1.002421205972013896e+00
1.003624549138967259e+00
1.004834216542220604e+00
1.000671524040368521e+00
1.002218010836642303e+00
1.001429739960244536e+00
9.973059743530701127e-01
1.002874372652854618e+00
9.966874825145740635e-01
9.992032135039251584e-01
1.001790497550834047e+00
1.000182194312058792e+00
1.001765386878578079e+00
1.000429393973624181e+00
9.959222122387464404e-01
9.989861406990901971e-01
9.990307802726955400e-01
9.985561227394595951e-01
1.001117879557656076e+00
9.974468071089160892e-01
1.003983922078406588e+00
1.004419960481524043e+00
1.000221265222153599e+00
1.000832554096372284e+00
1.002524745608161183e+00
1.001435040185523873e+00
9.988407830576790936e-01
9.996635480915566641e-01
1.005385643280589880e+00
9.979185083747926788e-01
1.002571160575728815e+00
9.990370235350028993e-01
9.998689989931551780e-01
9.989352170372542972e-01
1.001526764834212546e+00
1.003120978854996403e+00
1.001613414960469406e+00
9.995455930644636666e-01
9.985035633148712231e-01
1.001520730267976278e+00
9.985795579369477482e-01
9.996482884529286350e-01
1.005280062509462446e+00
9.981371041669414579e-01
9.992143885680995208e-01
1.000230672869172110e+00
1.000361657981944319e+00
1.000202644087992976e+00
9.990321691801943293e-01
9.951753481675038593e-01
9.953155189935768421e-01
9.983922928866798552e-01
9.978622065447957379e-01
9.944260388286849661e-01
9.953073987965583846e-01
9.967961783346506177e-01
9.946342852164817838e-01
9.964549266251582216e-01
9.945406928574072047e-01
9.953429140452534352e-01
9.980428938670797834e-01
9.980028588383935695e-01
9.949351355278532871e-01
9.996047113556225661e-01
9.971874076686132460e-01
9.954475037516892222e-01
9.977889149559959758e-01
9.975457472811464221e-01
9.978365584632766794e-01
9.955466007306190690e-01
9.982131108975295097e-01
9.954249860672396144e-01
9.987113043308278870e-01
9.990052407911624854e-01
9.986977728525774367e-01
9.965795119905355159e-01
9.962357140885624851e-01
9.978507963872886855e-01
9.973091630743408098e-01
9.987369872220642764e-01
9.958693778469410729e-01
9.966080895036920628e-01
9.965655491860002657e-01
9.952305999014412485e-01
9.972213293904159670e-01
9.968464948176856133e-01
9.970425608550007590e-01
9.961392348234791028e-01
9.975590117154466974e-01
9.967275310040438763e-01
9.965727102061597842e-01
9.962542862841229363e-01
9.876559158436060137e-01
9.779066676969636607e-01
9.674694482456481781e-01
9.562293810323700960e-01
9.455424262179645822e-01
9.369691412695201338e-01
