0.000000000000000000e+00
0.000000000000000000e+00
0.000000000000000000e+00
0.000000000000000000e+00
0.000000000000000000e+00
0.000000000000000000e+00
0.000000000000000000e+00
0.000000000000000000e+00
0.000000000000000000e+00
0.000000000000000000e+00
0.000000000000000000e+00
0.000000000000000000e+00
0.000000000000000000e+00
0.000000000000000000e+00
0.000000000000000000e+00
0.000000000000000000e+00
0.000000000000000000e+00
0.000000000000000000e+00
0.000000000000000000e+00
0.000000000000000000e+00
0.000000000000000000e+00
0.000000000000000000e+00
0.000000000000000000e+00
0.000000000000000000e+00
1.561047641288442194e-04
3.645802362357779963e-02
8.215509235724116621e-01
2.970171498007701860e+00
3.452876601669175649e+00
2.264662931399192836e+00
1.112591541657240057e+00
5.271580802332350713e-01
2.910810021215640697e-01
2.344681502793301286e-01
2.421733509613679391e-01
2.756422453019721219e-01
3.018946628474958871e-01
3.403190049208861256e-01
3.464521806778383950e-01
3.554999705362975049e-01
3.848385624467763333e-01
4.383397607237041194e-01
5.345328732348934020e-01
6.739152383490982778e-01
8.503431675547528101e-01
1.011595767673692414e+00
1.173032513363071905e+00
1.284152935780983107e+00
1.377716498588599681e+00
1.456972737323964484e+00
1.537862503056438124e+00
1.551295360563973214e+00
1.532032808034098581e+00
1.447500577168684410e+00
1.344768230725636560e+00
1.196287195107546220e+00
1.087090806342265736e+00
9.928072097214537539e-01
9.253923563402404184e-01
8.898106039723365779e-01
8.705730407709889596e-01
8.737610951893595157e-01
8.864010277228072665e-01
9.079274263485839214e-01
9.160572638036015292e-01
9.327074698447100909e-01
9.658984339591373258e-01
9.842634813155118900e-01
9.935829150439134949e-01
1.013040471771217144e+00
1.028362417180126220e+00
1.030741619791587516e+00
1.052567600021190541e+00
1.051512675681104625e+00
1.054794866165836176e+00
1.046947869963437361e+00
1.052230844431416346e+00
1.038904408172146132e+00
1.022717571438537698e+00
1.021720187662521484e+00
1.002451935934878691e+00
9.941999387451667669e-01
9.818515669121975487e-01
9.846582675241382088e-01
9.794192901801933582e-01
9.816668200580274117e-01
9.770864165124143463e-01
9.882720832003552003e-01
9.913350233477861151e-01
9.879080806089937106e-01
1.000946460415536254e+00
1.012834987758869598e+00
1.012926966920835614e+00
1.015624035554750781e+00
1.013772603872165057e+00
1.021013162811328590e+00
1.019002286666829127e+00
1.021324420830712176e+00
1.017325121000739907e+00
1.015645924592278870e+00
1.010101869714626899e+00
1.009353701725620445e+00
1.004446211729966398e+00
1.004534307750923006e+00
9.990886973262158577e-01
9.962950411259953176e-01
9.935701085295566282e-01
1.000626589577737757e+00
9.977583255013767749e-01
9.967032624236339400e-01
9.991684378434264602e-01
9.943296678011759315e-01
1.000633375850122464e+00
1.004277285319555402e+00
9.989281858756967614e-01
1.010592224173408882e+00
1.011028501813639124e+00
1.008113320296402105e+00
1.011158495277231006e+00
1.004497831957435361e+00
1.002590804979101025e+00
1.005174600166238275e+00
1.005080210032039068e+00
1.003351705458275678e+00
1.008404981940574485e+00
1.004239444219355404e+00
1.004693855070998065e+00
1.008227286873372153e+00
1.005394307434235079e+00
1.005054092676762156e+00
1.001722716203016672e+00
1.004895641241243309e+00
1.000711506598438438e+00
1.000888102042698735e+00
1.003606367742274186e+00
9.991122734811502815e-01
1.001321094563026426e+00
1.001595581794714418e+00
1.002524790165085333e+00
1.000382127675891075e+00
1.002452331529666507e+00
1.002955458179204395e+00
1.002787356671621222e+00
1.006868130220214930e+00
1.006763745685674172e+00
1.003924355344772756e+00
1.003771261716611463e+00
1.003530017680590580e+00
1.002477522855133918e+00
1.003908443661374106e+00
1.002647715716169285e+00
1.004374538421151764e+00
1.002516579893276694e+00
1.001914255155065492e+00
1.002484092732397913e+00
1.001774371013834042e+00
1.000870776047495747e+00
1.000627082664459655e+00
9.991944678518773770e-01
1.000916466435045393e+00
9.995931922219919441e-01
1.003432156926546304e+00
9.993822289921228119e-01
1.002756487573317257e+00
1.002061686609986069e+00
1.000410564269188951e+00
1.003097661860307355e+00
1.002606508425261556e+00
9.990526728151840619e-01
9.993192753176389775e-01
9.981537179376692714e-01
9.977343162984914082e-01
9.977551299876754598e-01
9.970834204412657442e-01
9.965000242068267067e-01
1.001408865490248212e+00
1.001055798867904745e+00
9.977202112180623139e-01
9.970434442509744644e-01
1.000260889177449819e+00
9.962182440779128179e-01
9.978990420614770596e-01
9.982030348153082544e-01
9.965152135077893769e-01
9.974564285225357985e-01
9.986680848819584622e-01
9.977218396312036441e-01
1.000121638858011419e+00
9.994341676483372572e-01
9.986454454266772141e-01
9.976580542434696497e-01
1.001067948056045820e+00
1.000911377715650197e+00
1.001570570892223122e+00
9.998446278849234536e-01
1.000222446676146903e+00
9.987035120943320576e-01
9.986847955047635228e-01
9.983755431334411234e-01
1.000136745018824325e+00
9.985775270577843532e-01
9.970068438057415605e-01
9.991412837872807318e-01
1.001251348251684714e+00
9.974819909105662186e-01
9.985406181848192064e-01
9.991869671023010380e-01
9.999399222586254909e-01
9.977093194109413199e-01
9.969510657245316265e-01
9.997533675921761454e-01
9.988862221959684540e-01
9.990079996602416745e-01
9.976794608681295307e-01
9.973465512489139151e-01
9.976387325000534156e-01
9.979829403262808762e-01
9.979319757751642372e-01
9.986272702561712622e-01
9.965045309867491818e-01
9.982283181665806415e-01
9.994506475828583980e-01
9.955129080568987376e-01
9.960592977865861952e-01
9.976832723415512971e-01
9.970775414408440396e-01
9.970738075724444593e-01
9.954146595929252994e-01
9.964368248513509885e-01
9.988268337792421958e-01
9.963049501328102853e-01
9.994671784990259988e-01
9.984399039549101129e-01
9.933748907121029426e-01
9.944165271905530679e-01
9.966297651676133684e-01
9.967259754328262611e-01
9.961455825834514277e-01
9.943832977618437541e-01
9.956365339627017974e-01
9.931307302837386608e-01
9.945753973235511580e-01
9.951768534574223501e-01
9.955784264034831521e-01
9.996868422853397718e-01
9.966858874344532992e-01
9.961467436860507174e-01
9.960274197332577018e-01
9.975653131162882659e-01
9.950511298241278002e-01
9.956441404878350054e-01
9.953591693158687637e-01
9.955986801197654890e-01
9.984969537785934879e-01
9.974572996739790032e-01
9.973852331587845788e-01
9.966444093067651222e-01
9.953775896934055067e-01
9.938859304357298141e-01
9.968701960884812641e-01
9.967799092545396311e-01
9.965837291362845685e-01
9.965968870107893007e-01
9.964367178118145318e-01
9.967809350417047298e-01
9.937666961414941547e-01
9.824302223862486638e-01
9.746638786193485560e-01
9.625166093251120714e-01
9.499095673872020029e-01
9.394654329849840835e-01
9.291008030067735568e-01
9.185472203000087932e-01
9.078134123600986038e-01
8.969016642732126066e-01
8.871254853047323419e-01
8.753047124451346361e-01
8.661403870059380949e-01
8.570945448462304883e-01
8.461775767721297914e-01
