0.000000000000000000e+00
0.000000000000000000e+00
0.000000000000000000e+00
0.000000000000000000e+00
0.000000000000000000e+00
0.000000000000000000e+00
0.000000000000000000e+00
0.000000000000000000e+00
0.000000000000000000e+00
0.000000000000000000e+00
0.000000000000000000e+00
0.000000000000000000e+00
0.000000000000000000e+00
0.000000000000000000e+00
0.000000000000000000e+00
0.000000000000000000e+00
0.000000000000000000e+00
0.000000000000000000e+00
0.000000000000000000e+00
0.000000000000000000e+00
0.000000000000000000e+00
0.000000000000000000e+00
0.000000000000000000e+00
0.000000000000000000e+00
1.561088948055593909e-04
3.472970825745763657e-02
8.698769185157254613e-01
3.019938059738284331e+00
3.527495776447369558e+00
2.259338863381561424e+00
1.110001865017660627e+00
5.351051089489101686e-01
2.968554723878018553e-01
2.358103907319723525e-01
2.469036815716975364e-01
2.756495390512100352e-01
3.049273050354674441e-01
3.427936721826296829e-01
3.538584243517691741e-01
3.511248218028138468e-01
3.642236866690070074e-01
4.238230809240481345e-01
5.279579200014784535e-01
6.755178634122328551e-01
8.411848047313641441e-01
1.032128397639878070e+00
1.173887029115345815e+00
1.284851479686700992e+00
1.385720989373341316e+00
1.454372261979463676e+00
1.522726640922483776e+00
1.565116643865464008e+00
1.529557292277536673e+00
1.446130990573573527e+00
1.336695174125855479e+00
1.199848083377208496e+00
1.078694108860248413e+00
9.813538343462654412e-01
9.112592852919753073e-01
8.794838546047328842e-01
8.613020035959827458e-01
8.668960259552630498e-01
8.689349447728939024e-01
8.812005135605155415e-01
9.103597954622669741e-01
9.287128828037637396e-01
9.513228158955426839e-01
9.734910136759427068e-01
9.892951578754815012e-01
1.009943580897502580e+00
1.016303349437701842e+00
1.033536969416215756e+00
1.041648188227954908e+00
1.049406748172045045e+00
1.042648692684653433e+00
1.042322859892494735e+00
1.032337673781164922e+00
1.029538837001241935e+00
1.015992237697340705e+00
1.004102003017563804e+00
9.994993281261620455e-01
9.819795437446378061e-01
9.790961808410046929e-01
9.751947495919831566e-01
9.717932908462474373e-01
9.684370714812008396e-01
9.741688600631226436e-01
9.725324655872893409e-01
9.809872120220189951e-01
9.888467872301426320e-01
9.961900077201146786e-01
9.968883808743876918e-01
1.001825539221854910e+00
1.009712057800202789e+00
1.007156553206474348e+00
1.011350239751468649e+00
1.007043275740814758e+00
1.005617416679694731e+00
1.002138703770731443e+00
1.004190441320911953e+00
1.002538669105897506e+00
1.007169908815561676e+00
9.941700935825429353e-01
9.985856296855177838e-01
9.964032489774564683e-01
9.923219054450262977e-01
9.910432502002366473e-01
9.920730981648020474e-01
9.982146111460085125e-01
9.912505658700635491e-01
9.926325371573595513e-01
9.968963509484189967e-01
1.002488834376854765e+00
1.003860092012028193e+00
1.006274538362189830e+00
1.003073992081341403e+00
9.997931501125434384e-01
1.002295528999452845e+00
9.985848953614687717e-01
1.003402192241176882e+00
9.992288708635854722e-01
1.002293625349529815e+00
1.000529082565926542e+00
1.001412027431310081e+00
9.976695145044169877e-01
1.003325888336029426e+00
1.001036713178403925e+00
1.000108054268778579e+00
9.990301872644103964e-01
9.987994569450849847e-01
9.996911128180869799e-01
9.954162691905005245e-01
9.958803200060666327e-01
9.970969711404779057e-01
9.931423666705510023e-01
9.988324505525981722e-01
9.947233111218778401e-01
9.958125628398930562e-01
9.944998348859793724e-01
9.979910593773805294e-01
9.987710542814128845e-01
9.959563537547191370e-01
9.963111034484378736e-01
9.990305052346245551e-01
9.974950991203471728e-01
9.978064862055574524e-01
9.969771969862192273e-01
9.953075363481147519e-01
1.000519406144712020e+00
1.001503005066003649e+00
9.981063677914279175e-01
9.972515535278339005e-01
9.977718750650752533e-01
9.956604153721895223e-01
9.954868221824054730e-01
9.975104032115392760e-01
9.952877630676374432e-01
9.982129970320778867e-01
9.979189836808396441e-01
9.951777878029842705e-01
9.956396160027295439e-01
1.004004865356767029e+00
9.951853051596367683e-01
9.955716555538911550e-01
9.962906799104976896e-01
9.980385300685860051e-01
9.945578326240823719e-01
9.966805727232355139e-01
1.000046242654833550e+00
9.967981227128530630e-01
9.971162710994260214e-01
9.964511360187942035e-01
9.981248262853181785e-01
9.951328633583645944e-01
9.979975391218254277e-01
9.964756992466493601e-01
9.966329261559985220e-01
9.951200783017153384e-01
9.936990722497726081e-01
9.933909698871247196e-01
9.963798004997846958e-01
9.939425989084724744e-01
9.942816862682337664e-01
9.923751080366683963e-01
9.975984534932297310e-01
9.959137924273830933e-01
9.972201386969485881e-01
9.947899810880472815e-01
9.980785511557513923e-01
9.959864268498628270e-01
9.965481824521297272e-01
9.974502465940583429e-01
9.970481816433324207e-01
9.968163835316556920e-01
9.984392008936769924e-01
1.000226845226197758e+00
9.982008231293676426e-01
9.994704493602312168e-01
9.982735235509954119e-01
9.984254497107517556e-01
9.972215139891565938e-01
9.948866208924229682e-01
9.992659957633759360e-01
9.969961885945924918e-01
9.969593518889484640e-01
9.973131949372470162e-01
9.957607344460936982e-01
9.966361495514808322e-01
9.971859923842013584e-01
9.999134316072610940e-01
9.973602357053994449e-01
9.961283055145289111e-01
9.993021607062065881e-01
9.963447869991547412e-01
9.996318381570166167e-01
9.983250224412233420e-01
9.996688645755378300e-01
9.991648563830131113e-01
9.978449459971686641e-01
9.985421715961871891e-01
9.954559520209422807e-01
9.974618651409817849e-01
9.977919655416419564e-01
9.984702233539247684e-01
9.983232935648453932e-01
9.990280213243745155e-01
9.955401326568519282e-01
9.985065856107240290e-01
9.961095906992208926e-01
9.992998729622276644e-01
9.985097478744210386e-01
9.996072913845093222e-01
9.958935153234063087e-01
9.952145952133025775e-01
9.974269852310707618e-01
9.984726816434676966e-01
1.000220736451735037e+00
9.988884433030650323e-01
9.986603292015037159e-01
9.988276196117498174e-01
9.975593025880988840e-01
9.994111261637742549e-01
9.989642272487063712e-01
9.957486047947924357e-01
9.961624641017701176e-01
9.978551491405869278e-01
9.994151427057585968e-01
9.970405748229621556e-01
9.980257526304242566e-01
9.998423416918832407e-01
1.000125584786574873e+00
9.971975567586254252e-01
9.968156682153321846e-01
9.987290031595185136e-01
9.981434880110270358e-01
9.973498934859116316e-01
9.987219781469032220e-01
9.985586371622912072e-01
9.982417032226602593e-01
9.987391816804045419e-01
9.991126104157915799e-01
9.981217512509844569e-01
9.963485239343577993e-01
9.990438362261718774e-01
9.969091187709976376e-01
9.960770847062884181e-01
9.855439605646791890e-01
9.762115412337739606e-01
9.621247902511755878e-01
9.541128036822794645e-01
9.419404836944238468e-01
9.330972208177201743e-01
9.211524778584841977e-01
9.101865595247401464e-01
9.003432365679377991e-01
8.906408114751348526e-01
8.792946516318973504e-01
8.688541119914118260e-01
8.590371885971551658e-01
8.477571183537361277e-01
