0.000000000000000000e+00
0.000000000000000000e+00
0.000000000000000000e+00
0.000000000000000000e+00
0.000000000000000000e+00
0.000000000000000000e+00
0.000000000000000000e+00
0.000000000000000000e+00
0.000000000000000000e+00
0.000000000000000000e+00
0.000000000000000000e+00
0.000000000000000000e+00
0.000000000000000000e+00
0.000000000000000000e+00
0.000000000000000000e+00
0.000000000000000000e+00
0.000000000000000000e+00
0.000000000000000000e+00
0.000000000000000000e+00
0.000000000000000000e+00
0.000000000000000000e+00
0.000000000000000000e+00
0.000000000000000000e+00
0.000000000000000000e+00
1.560804298624601447e-04
3.702866198095784017e-02
8.064806186672750510e-01
2.874686743255121968e+00
3.313691152625727554e+00
2.153527532059886340e+00
1.047757859569463212e+00
5.136676677029424765e-01
2.900598905573026909e-01
2.324279115068303703e-01
2.333979368945650890e-01
2.613992603292618067e-01
2.977685805873955815e-01
3.238089953367935814e-01
3.345144412711231197e-01
3.396510214174395248e-01
3.428505033127641766e-01
4.102538303442357370e-01
5.139077620195523499e-01
6.611836719915680227e-01
8.305747171041784060e-01
1.007002737973914153e+00
1.149883192011911248e+00
1.274235279912757646e+00
1.362803390128767500e+00
1.437855151422706035e+00
1.520428264099558335e+00
1.538724243403780445e+00
1.511227291410539575e+00
1.451792451628090008e+00
1.329322185528190481e+00
1.193910553598175772e+00
1.067285085076377094e+00
9.841788954574758330e-01
9.110931259982542052e-01
8.789794245596531663e-01
8.606073779031442328e-01
8.591573740985316565e-01
8.684646750169808804e-01
8.783443157176487048e-01
8.964551958190660752e-01
9.207467105486124570e-01
9.477168995793826545e-01
9.618794537031467584e-01
9.843022877284528516e-01
9.937364266130997992e-01
1.007427305120220717e+00
1.018887499827064946e+00
1.030780378732755409e+00
1.036501946438803445e+00
1.039335420559288847e+00
1.037316560670582088e+00
1.029539683686499618e+00
1.023438616891892750e+00
1.010910866525418284e+00
9.998568065300456054e-01
9.871569115134737338e-01
9.800512793854893046e-01
9.667204163959435270e-01
9.649512182842326924e-01
9.669969116212512317e-01
9.651330134612247091e-01
9.696207483238935554e-01
9.728813793905354279e-01
9.849954815124839502e-01
9.791798677851681898e-01
9.909288464737899815e-01
9.909317128243209094e-01
9.956745787957471672e-01
1.002550531870108008e+00
1.002408730768296286e+00
1.004693349373011690e+00
1.009666936783544910e+00
1.005029930807438854e+00
1.001511728493696518e+00
1.005654134973493319e+00
1.004795703684300490e+00
9.971272219051114938e-01
1.002862681274482526e+00
9.924031369748301801e-01
9.892285790627971531e-01
9.907266636052520781e-01
9.903586152491076211e-01
9.866867820328569794e-01
9.882982943655087560e-01
9.909994890722716443e-01
9.912544194067652858e-01
9.992544856168205092e-01
9.940660220682731030e-01
9.997347842173434085e-01
1.002345996685809926e+00
1.004071095351632303e+00
1.002268799460234172e+00
1.001535895443853130e+00
9.971083091915852181e-01
9.939215982312544773e-01
1.000408262506054191e+00
9.991720880544612271e-01
9.997721932573311321e-01
9.968492275256116697e-01
1.004252009711522842e+00
1.002631319117315289e+00
1.001463146884943312e+00
9.973319280518722074e-01
1.000624162186534383e+00
9.930635948360814202e-01
1.001803147919706705e+00
9.983504612605980100e-01
9.987035303120758156e-01
9.981874665850717365e-01
9.955976817730149975e-01
9.990994231063591302e-01
9.926158613200828373e-01
9.946199567162612443e-01
9.954517520106156425e-01
9.994557939404102864e-01
9.940321622591300477e-01
9.957466720410794725e-01
9.945098031565241525e-01
9.922550280543778189e-01
9.999294221679574379e-01
9.940571750439739507e-01
9.989040899345542623e-01
9.966765014633564013e-01
9.971289788590013137e-01
9.924032751237622518e-01
9.935227994517261685e-01
9.937303226135137946e-01
9.922998348098458488e-01
9.962980661466206422e-01
9.957370973314814133e-01
9.989172921791183990e-01
9.989549347621333730e-01
9.985786871081464566e-01
9.949173239478804609e-01
1.000436323136737027e+00
9.988408400754866800e-01
9.961841803799184047e-01
9.957738459935048247e-01
9.941317812996705028e-01
9.928610564535838012e-01
9.973434086236473428e-01
9.968032935181835308e-01
1.002640581924992835e+00
9.961478724380165017e-01
9.945975774036101003e-01
9.957902110144984942e-01
9.975755995339793403e-01
9.991646084918376358e-01
9.954774610515705335e-01
9.965016203165653064e-01
9.967837932083490893e-01
9.951307714281008021e-01
1.000532748635483360e+00
9.977849604780755222e-01
9.962429937683664471e-01
9.924564744119237503e-01
9.973196737843154080e-01
9.961681548136420705e-01
9.975230446403531293e-01
9.969761310321857417e-01
9.977336224343120730e-01
9.974370031430890293e-01
9.951229833035550865e-01
9.984740735898465225e-01
9.938374176905596658e-01
9.989200326024539889e-01
9.963511020046101896e-01
9.993848555072306628e-01
9.994074187527419717e-01
9.980837652740125465e-01
9.983896456489901317e-01
1.000511024752311906e+00
9.981495716773887139e-01
1.000388683713298477e+00
9.983022529820773094e-01
9.969627628102634143e-01
9.980883834907920971e-01
9.973905896071302291e-01
9.971922531894118480e-01
9.982271977984066291e-01
9.991837262489049465e-01
9.986378833458962045e-01
9.982149889348567173e-01
9.992565586084440898e-01
9.979271394598793199e-01
9.988003035662224027e-01
1.000925744707138465e+00
1.001118191693286086e+00
1.000130473705975964e+00
1.002526724396344937e+00
9.984900231553129890e-01
9.971297010104315239e-01
9.995610366513814071e-01
9.989033774859741310e-01
9.999392607677674016e-01
1.000071199018007784e+00
9.982215294984552179e-01
9.997979808247366984e-01
9.988208874735885479e-01
9.994128973045148800e-01
1.000062019167882399e+00
9.968599336565656666e-01
1.001910943705082602e+00
9.990918406329467594e-01
9.984772219497050072e-01
9.988179581630057813e-01
9.988148346759841978e-01
1.000225650986209747e+00
1.000781734214405194e+00
1.001429993240556593e+00
1.000944825793213644e+00
1.000802266992116829e+00
9.979504751391830020e-01
9.985177675383358764e-01
9.991763929344905648e-01
1.003152642281192941e+00
1.000361541691566769e+00
9.978212733160028991e-01
9.985901732855952950e-01
1.000230071704691914e+00
9.978566506102605205e-01
9.983539243305588062e-01
9.969551416141522182e-01
9.997268113344874862e-01
1.001728198840893924e+00
9.991503198018206744e-01
1.000083650477153308e+00
1.000121417377845656e+00
1.000578014395387516e+00
9.989538911123525544e-01
1.000364566254192233e+00
1.000277373435851880e+00
9.979314198522460932e-01
9.978507512490496500e-01
9.998107620784462135e-01
9.972638287941739677e-01
1.000355488516094793e+00
9.993678682693818427e-01
9.969966343823172261e-01
9.991595734261013995e-01
9.964391288146359216e-01
9.872798904191965041e-01
9.754822551101436368e-01
9.652753551264928733e-01
9.540859016950562488e-01
9.426997098459970470e-01
9.311805036029966454e-01
9.215813692444033700e-01
9.088193154836821108e-01
8.979382294068205539e-01
8.897043693292048250e-01
8.785325492203820419e-01
8.695316173551244088e-01
8.582233645255388232e-01
8.480427308160586319e-01
