0.000000000000000000e+00
0.000000000000000000e+00
0.000000000000000000e+00
0.000000000000000000e+00
0.000000000000000000e+00
0.000000000000000000e+00
0.000000000000000000e+00
0.000000000000000000e+00
0.000000000000000000e+00
0.000000000000000000e+00
0.000000000000000000e+00
0.000000000000000000e+00
0.000000000000000000e+00
0.000000000000000000e+00
0.000000000000000000e+00
0.000000000000000000e+00
0.000000000000000000e+00
0.000000000000000000e+00
0.000000000000000000e+00
0.000000000000000000e+00
0.000000000000000000e+00
0.000000000000000000e+00
0.000000000000000000e+00
0.000000000000000000e+00
0.000000000000000000e+00
3.761167271983660576e-02
8.738761070050236057e-01
3.075435985748741885e+00
3.597161960318340679e+00
2.304231012062889494e+00
1.159054730132119460e+00
5.394469905253213016e-01
3.179692864415963327e-01
2.393164104423095850e-01
2.409189638947498158e-01
2.665021604690351875e-01
3.160397290587392827e-01
3.443914730988359429e-01
3.484196916328691773e-01
3.598322537240862262e-01
3.693068755699891459e-01
4.389479305629755967e-01
5.332994373874861971e-01
6.731376497969866479e-01
8.384362430318293979e-01
1.019268045365149700e+00
1.161833051178624343e+00
1.287462415512696134e+00
1.380336363305949110e+00
1.464539326188765589e+00
1.526394493025852395e+00
1.551753443900388607e+00
1.520948270867120922e+00
1.441999069540502276e+00
1.329085379727149796e+00
1.187186187750929101e+00
1.083562504281278205e+00
9.914117853015992354e-01
9.188131566312353060e-01
8.794004891125216661e-01
8.600947740080282511e-01
8.587403168475052917e-01
8.646846284062545962e-01
8.877971031812916802e-01
9.073371795645780447e-01
9.255850540823592487e-01
9.548787541216279262e-01
9.672338147840116029e-01
9.811819360716794725e-01
1.008270491797294000e+00
1.015582282766886113e+00
1.032010807410858932e+00
1.031748224262792890e+00
1.049211210377544612e+00
1.033948272255788225e+00
1.039835644402372639e+00
1.029562681533682023e+00
1.020047573457419032e+00
1.014725405978751160e+00
9.998567262560511537e-01
9.842087686685745407e-01
9.769099857210650217e-01
9.717666305592241871e-01
9.654723360064586535e-01
9.591757888703764667e-01
9.648047188509685235e-01
9.574685282556629762e-01
9.698841588381285073e-01
9.839502217507963833e-01
9.875787972288632144e-01
9.922493508534553364e-01
9.943093624766033978e-01
9.987213574252887804e-01
9.999309706620896909e-01
1.013459058595686635e+00
1.009598842383322426e+00
1.006616073439943415e+00
1.009792847006719896e+00
1.004964351668999001e+00
9.955907647601051069e-01
9.980247647920572618e-01
1.001516349646063953e+00
9.990805704922235408e-01
9.909174481987880201e-01
9.942018114085047209e-01
9.879053880020549627e-01
9.913445126119269091e-01
9.880057433553492974e-01
9.905040910859427283e-01
9.862907410450236778e-01
9.899187254867212182e-01
9.900773724199628534e-01
9.971603164266735764e-01
9.942382389172812474e-01
9.957762725267501613e-01
1.002669055179606916e+00
9.990705377707577162e-01
9.986119465579956778e-01
1.002077525394445834e+00
9.991385181907340707e-01
9.985015119978482012e-01
9.988546462720897523e-01
9.953473492371656128e-01
9.996747974173888496e-01
1.001570828348125053e+00
1.002530009200223171e+00
9.964114718344794230e-01
9.951860579192047807e-01
9.956203545194227678e-01
9.952296602894586952e-01
9.944808368681413713e-01
9.932060328380400982e-01
9.948776259141968170e-01
9.925334583087424001e-01
9.894545694160198357e-01
9.906865776627945541e-01
9.905692546329147863e-01
9.953570096966078973e-01
9.965473126577727436e-01
9.972497586123385549e-01
9.967678749393236171e-01
1.000024018771642265e+00
1.000501805988033288e+00
1.001333403851754511e+00
9.971584837100098131e-01
9.949467130464598741e-01
9.950121237121439810e-01
9.964445704220651345e-01
1.000595655757908320e+00
9.921059840813041264e-01
9.962854972380181806e-01
9.993212935265709529e-01
9.938746639143016814e-01
9.943076010926638064e-01
9.993024295949980429e-01
9.954982820144443467e-01
9.959376017206348353e-01
9.943701200437400356e-01
9.955717934929796398e-01
9.978145965590126121e-01
9.970212329615600888e-01
9.923730178791340117e-01
9.952198728135338568e-01
9.932603967736353123e-01
9.905441192524047089e-01
9.954234152261957069e-01
9.958244534913759383e-01
9.995821671344621295e-01
9.942587759978882556e-01
9.996087078446566077e-01
9.968442152795304878e-01
9.947005581271904928e-01
9.928733090653655280e-01
9.944808299214412672e-01
1.000753750531221398e+00
9.985068049330237949e-01
9.963155801079280893e-01
9.971144999679693033e-01
9.973124166805585888e-01
9.974644021892002943e-01
9.970484217159184537e-01
9.977303564792859847e-01
9.972485784611507809e-01
9.964897899613938126e-01
9.974921056847391165e-01
9.976305769598150519e-01
9.985817103804061068e-01
9.965582151652908616e-01
9.985989313132928036e-01
9.966735349918308673e-01
9.978555749500840344e-01
9.959661175084864038e-01
1.000844848796688558e+00
9.958732915931981511e-01
9.975255467494198447e-01
9.955488042161885209e-01
9.972254879463028354e-01
9.967918550187188087e-01
1.000528576852662610e+00
9.966808567186870027e-01
9.973359267839810860e-01
9.965994265181707945e-01
9.997414452367768822e-01
9.984128855117162527e-01
9.980753433343217962e-01
1.000056065568838193e+00
1.000252845326168094e+00
9.989367039282063265e-01
9.965606459485387703e-01
9.953245511377335486e-01
9.967593204221349978e-01
9.969702340758453962e-01
9.985422289446790334e-01
9.971853231458506217e-01
9.964376119804253529e-01
9.988068764879047823e-01
1.000298185283535091e+00
9.981262505206703883e-01
9.997249172359932157e-01
9.972947475237734505e-01
9.958215640682277492e-01
9.944622508688408802e-01
9.949706541430282103e-01
9.980980158701825422e-01
9.987669354540454902e-01
9.990493342886572758e-01
9.974482750644274587e-01
9.975967319803464850e-01
9.959040838153401243e-01
9.970018496949534237e-01
9.974998343947221180e-01
9.997164653514010180e-01
9.958647687634102352e-01
9.972710517772892524e-01
9.979831997623029860e-01
9.971281826060517384e-01
9.988942397816024110e-01
9.970148107477541100e-01
9.979111455909805972e-01
9.992740682235962124e-01
9.975305161615274363e-01
9.986771122479570773e-01
9.978314314811064234e-01
9.967920626504181980e-01
9.969872953141279970e-01
9.961915409133537125e-01
9.983633944699261686e-01
9.981345733810299548e-01
9.969073306079060393e-01
9.973206778938799033e-01
9.985827968875279348e-01
9.987458308312703315e-01
9.973344820534475463e-01
9.970736637087790344e-01
9.959237812200432138e-01
9.983589511164429053e-01
9.973842186770733864e-01
9.979690053130952920e-01
9.960100803460067986e-01
9.970716229677890619e-01
9.971967797003195022e-01
9.966302902798920282e-01
9.975449825958032646e-01
9.986492666800277362e-01
9.983473591042787421e-01
9.953560080763614870e-01
9.851661017887145544e-01
9.747180318801323962e-01
9.647060820821505844e-01
9.535356108966651645e-01
9.418811766024419718e-01
9.297899629112517106e-01
9.206043851152539981e-01
9.093781327581851315e-01
8.993553850279202289e-01
8.908528884990201124e-01
8.776775189071989169e-01
8.673228689471342845e-01
8.575954764295216082e-01
8.465536604431693757e-01
