0.000000000000000000e+00
0.000000000000000000e+00
0.000000000000000000e+00
0.000000000000000000e+00
0.000000000000000000e+00
0.000000000000000000e+00
0.000000000000000000e+00
0.000000000000000000e+00
0.000000000000000000e+00
0.000000000000000000e+00
0.000000000000000000e+00
0.000000000000000000e+00
0.000000000000000000e+00
0.000000000000000000e+00
0.000000000000000000e+00
0.000000000000000000e+00
0.000000000000000000e+00
0.000000000000000000e+00
0.000000000000000000e+00
0.000000000000000000e+00
0.000000000000000000e+00
0.000000000000000000e+00
0.000000000000000000e+00
0.000000000000000000e+00
1.561014463850997163e-04
3.876284552985284626e-02
8.620964274392635129e-01
3.026856510783878740e+00
3.566666122534499106e+00
2.287549516063214217e+00
1.139865849192445380e+00
5.489618044385915496e-01
2.966638779797745595e-01
2.451509467486077121e-01
2.510645001546545907e-01
2.646317510922812644e-01
2.940104545027223959e-01
3.327818659559574899e-01
3.459390585629187331e-01
3.488258060860904286e-01
3.657488293076807118e-01
4.334335056219438820e-01
5.254943610136278975e-01
6.636497771525646794e-01
8.424223574034880313e-01
1.023659927903440181e+00
1.170753965660151108e+00
1.281633647071226845e+00
1.386132931793568446e+00
1.452849561045324256e+00
1.532281269896723197e+00
1.550873735656312258e+00
1.532986221673726890e+00
1.454508921118562448e+00
1.340322702496633100e+00
1.212325100436827618e+00
1.089093239350303222e+00
9.872591360474871625e-01
9.323279074493311391e-01
8.915122476569583565e-01
8.804370206872490501e-01
8.784996087989914715e-01
8.788013515953674304e-01
8.993091945392562847e-01
9.266472272897889884e-01
9.459462275516836716e-01
9.613854500413171467e-01
9.847773203969846234e-01
1.001909882127093310e+00
1.019809262656010906e+00
1.035957758896422831e+00
1.042048116300410943e+00
1.047392773022359558e+00
1.054977023404053416e+00
1.051176115075815654e+00
1.055770284265179049e+00
1.037508627353437518e+00
1.030550674286208723e+00
1.026938692371063500e+00
1.016078960608535642e+00
9.962268084608146834e-01
9.868424245700666564e-01
9.736109134821187006e-01
9.747987624634097958e-01
9.744899323917032286e-01
9.722879127648630382e-01
9.781928602124964067e-01
9.757908413597448094e-01
9.863604952890902000e-01
9.914201827388985366e-01
9.939570753367789058e-01
1.004709610784741081e+00
1.003935373831286393e+00
1.003628837738843371e+00
1.009028859447715476e+00
1.012843259504519589e+00
1.008856939145084342e+00
1.008004347844783322e+00
1.008436720648644869e+00
1.007067408367739114e+00
1.003335151099286282e+00
9.982165962844306017e-01
9.993049801452890124e-01
9.964209363450634571e-01
9.966560603058830514e-01
9.984545417228665176e-01
9.891865374609704054e-01
9.941909263489169257e-01
9.989152643016468991e-01
9.990736847382462038e-01
9.980803932151964819e-01
9.976327210969054837e-01
1.000086394726412031e+00
1.004925197724699126e+00
1.004410929376011286e+00
1.003700511275726459e+00
1.002044712389278391e+00
1.006394975831848226e+00
1.007066109419022082e+00
1.008072664517317918e+00
1.002008006567730591e+00
1.006270504064289195e+00
1.000949711095945549e+00
1.004952441316630862e+00
1.002180493901141389e+00
1.006675409327521198e+00
1.002681393205935745e+00
1.008488329052006582e+00
1.005202679643214525e+00
1.004591278631222995e+00
1.001222690933017301e+00
1.001839457754834850e+00
1.000834359846555888e+00
1.001655555715908807e+00
1.002243346552900816e+00
1.000009776290816221e+00
1.002034132559875168e+00
1.005698263652792246e+00
1.005815767791065296e+00
1.003009438338372972e+00
1.007804947743639934e+00
1.006439775593335639e+00
1.004510498727249068e+00
1.005458717515214540e+00
1.003847527899097702e+00
1.006160591950269856e+00
1.002946512626816444e+00
1.003564685344568108e+00
9.988993280286164733e-01
1.002562148206503245e+00
9.973222925798315153e-01
1.002605695644003925e+00
9.992434143172964633e-01
1.004159984254906934e+00
1.003887893796846287e+00
1.000470261838603436e+00
1.000271745954933955e+00
1.002430484379102094e+00
1.005402770277983526e+00
1.003013283752690832e+00
1.000928875348102043e+00
1.002131735251440725e+00
1.002232032524678740e+00
1.000446018045284324e+00
1.002300122701345497e+00
1.001193327926582777e+00
1.003282547827029081e+00
1.005464425599895240e+00
1.001454110183765067e+00
1.002439159938476987e+00
1.003174309764229610e+00
1.001198788836531461e+00
1.002889398960165490e+00
9.996274598579204529e-01
1.002975586486178239e+00
9.985610126398614117e-01
9.985918529185879855e-01
1.002458069908343630e+00
1.002078144571326046e+00
1.002421006764163680e+00
1.000525999130333688e+00
1.000654315291486407e+00
1.001299361751449624e+00
9.999422742098006411e-01
1.000540608759415973e+00
1.000648554599194773e+00
9.990774053002873245e-01
1.002736666407630928e+00
1.002319338855094166e+00
9.994097213615393827e-01
1.002078424422694347e+00
9.987646895906724387e-01
1.000652385538204348e+00
9.994168478586373805e-01
9.985723972127606984e-01
9.987790795564058799e-01
1.000415178547301442e+00
9.985530549229656438e-01
1.000761223845121783e+00
1.002222834137243668e+00
1.000272028445166494e+00
9.991737015267078137e-01
1.001590487760917192e+00
9.976455990718463562e-01
9.976445404344195245e-01
9.965177768932910185e-01
9.970955452573115885e-01
1.000277795756006949e+00
9.988500320301366697e-01
9.994600422825683506e-01
9.997871074924815638e-01
9.999941814459739620e-01
9.982853163047640255e-01
1.000511851630767834e+00
9.973314646667362782e-01
1.000077374485081494e+00
9.989473957780490299e-01
9.987883405658937175e-01
9.992695026031467309e-01
9.977845868614008129e-01
1.000558582476405389e+00
9.993931144542773648e-01
9.993420058042475906e-01
9.975202049836394691e-01
9.967677109714569994e-01
9.955617452222409458e-01
1.000340638883529643e+00
9.994729110969533536e-01
9.963151360997158923e-01
9.980690020989996247e-01
9.982733761375672810e-01
9.973161110814999786e-01
9.966434614434159789e-01
9.959079126889333056e-01
9.959530043430808721e-01
9.934285145868890776e-01
9.976782393053479359e-01
9.944081956194678051e-01
9.963440906167614353e-01
9.967704402692697530e-01
9.956160721916544887e-01
9.948290237893469001e-01
9.980241559850594468e-01
9.957074167546100529e-01
9.963892678852729334e-01
9.957488825244158459e-01
9.950629371476792384e-01
9.962908026452842458e-01
9.961342978448848307e-01
9.957751646273859114e-01
9.973060694563481432e-01
9.938090320745202044e-01
9.975250852116582800e-01
9.962780944536332450e-01
9.968631481367671299e-01
9.950585490259755694e-01
9.966887485219093623e-01
9.968022738566647556e-01
9.960792264710366384e-01
9.973541713786459040e-01
9.944690805851623683e-01
9.965419920439211321e-01
9.959269840272664265e-01
9.962603245935158780e-01
9.968160097638221195e-01
9.912369157900983163e-01
9.835850035989127660e-01
9.740223953133347878e-01
9.606632921396269786e-01
9.502222688933578132e-01
9.390381877421272172e-01
9.263184505219100862e-01
9.191233710824623371e-01
9.075924163566515546e-01
8.982842474340055894e-01
8.852187996252297575e-01
8.750679224328311578e-01
8.667791319619762014e-01
8.557992328567883833e-01
8.450487660594255823e-01
