0.000000000000000000e+00
0.000000000000000000e+00
0.000000000000000000e+00
0.000000000000000000e+00
0.000000000000000000e+00
0.000000000000000000e+00
0.000000000000000000e+00
0.000000000000000000e+00
0.000000000000000000e+00
0.000000000000000000e+00
0.000000000000000000e+00
0.000000000000000000e+00
0.000000000000000000e+00
0.000000000000000000e+00
0.000000000000000000e+00
0.000000000000000000e+00
0.000000000000000000e+00
0.000000000000000000e+00
0.000000000000000000e+00
0.000000000000000000e+00
2.405100650059292144e-05
3.274452631425971150e-02
9.747589674317467257e-01
3.245340640328049364e+00
3.252918520362415578e+00
1.835080941607112548e+00
8.454864628227463097e-01
3.953240936878771872e-01
2.059077576028159606e-01
2.295473933266971578e-01
8.254279665145548561e-01
1.711334243772666630e+00
1.891825809338818498e+00
1.462956329795356281e+00
1.010970867578593557e+00
7.363059763427014515e-01
6.330021768104034940e-01
6.328655438840665726e-01
6.841569590533588263e-01
7.635078229355348745e-01
8.532204840775768906e-01
9.427077007221912330e-01
1.021749264795405399e+00
1.091790108371375467e+00
1.145653406282626019e+00
1.183844527905185240e+00
1.200776093365726993e+00
1.198566751386695328e+00
1.176951087385208039e+00
1.145860504433131366e+00
1.110289600014722433e+00
1.071429728182015761e+00
1.038859548538492827e+00
1.002040673139524163e+00
9.750872846339366795e-01
9.522652449256765461e-01
9.374544582858526098e-01
9.274781598807126937e-01
9.283458037009614250e-01
9.244583397827065285e-01
9.273668661923137879e-01
9.330962980658424888e-01
9.437324600449070733e-01
9.549446802739515183e-01
9.692742250616248612e-01
9.790538001939829149e-01
9.870168260102789581e-01
9.970681773867536846e-01
1.002544096717450151e+00
1.009332783464345962e+00
1.014211862686318799e+00
1.018510068564562721e+00
1.021351201974936229e+00
1.020474866336632980e+00
1.021992957625127429e+00
1.019050855983557602e+00
1.015175577307972254e+00
1.011905320984606726e+00
1.008160281839092898e+00
1.004495013361648592e+00
1.001590362460928807e+00
9.995667315374067163e-01
9.965984609125385640e-01
9.965151730421654142e-01
9.952137208854321404e-01
9.945478826920294280e-01
9.963326419617377638e-01
9.955535847247474202e-01
9.957671214493969414e-01
9.955951336861336154e-01
9.955417968392014094e-01
9.968256940882680439e-01
9.966041175644199113e-01
9.959314918575773445e-01
9.966895915233975334e-01
9.991319532567449757e-01
1.001086391978356804e+00
9.994717318312983378e-01
1.001572761913030130e+00
9.994769529437780298e-01
1.000515245900706729e+00
9.993793001520171471e-01
9.997323066098304789e-01
1.001246939007166992e+00
1.000928496587174088e+00
1.000785486483426912e+00
1.001636704940019218e+00
1.000485052315038370e+00
1.000105458474527031e+00
9.999639992017740342e-01
1.000072827477084925e+00
9.993228745181571560e-01
1.000833734743879155e+00
9.997044903067507926e-01
9.996859730493725671e-01
1.000624241198222908e+00
1.000811070531671287e+00
9.994993083695902225e-01
1.000093729738334769e+00
1.000010152012354103e+00
9.989776976399470376e-01
9.987119552051119120e-01
9.981647467751555425e-01
9.992305268553822728e-01
9.993370641885750416e-01
9.991535136793731064e-01
9.997258160264844706e-01
9.997764098011965306e-01
9.999725056627188913e-01
9.997967842794227566e-01
9.990640805525675683e-01
9.995764317894748618e-01
1.000216093538444762e+00
1.000754269848102007e+00
1.000279334874127235e+00
1.000105797094481330e+00
9.997360902614981226e-01
1.000455957547114583e+00
9.989290990285255578e-01
9.995539917777679362e-01
1.000064815609227109e+00
9.991193604472113909e-01
9.991903949949288988e-01
9.991842648819833084e-01
9.994236888205326741e-01
9.996208945609653673e-01
9.987009953445663557e-01
9.997123638595487582e-01
9.997975660223709093e-01
9.991292977427566058e-01
1.000434401970853093e+00
1.000981424812188214e+00
1.000609360877426246e+00
1.000903396174599891e+00
1.000868202936714635e+00
1.000541037691960788e+00
1.001138324395150603e+00
1.001192145141889922e+00
1.001244990149089631e+00
1.000799762896497080e+00
9.998903177771180095e-01
1.000463409176855389e+00
9.995690509973151894e-01
9.989015035507330387e-01
9.993708122613950140e-01
9.990027504205416520e-01
9.986076901557278118e-01
9.989384955900306728e-01
9.985804810692053834e-01
9.988212899189288230e-01
9.992640585748765458e-01
9.981808872115550679e-01
1.000057886098706161e+00
9.996675042732243721e-01
9.998629423264667748e-01
1.000279669128885995e+00
1.000468316872483054e+00
1.001676657037065876e+00
1.000725546119207943e+00
1.000556385600826159e+00
1.000993713666403329e+00
1.001241920597054857e+00
1.000550278553375305e+00
9.999314421072775794e-01
1.000875071846731412e+00
9.993149005399282192e-01
1.000020426519298899e+00
9.995319015892422110e-01
9.990692675405218326e-01
9.993582480772092991e-01
9.996760954000184496e-01
1.000555969591355954e+00
9.998526804674844337e-01
9.995744422960687325e-01
9.989942468771764172e-01
9.992410277922856299e-01
1.000101833238328908e+00
1.000337177998181781e+00
9.997165316065592666e-01
1.000034929244274728e+00
1.000325042089563299e+00
1.000259996770343163e+00
9.995674739775768369e-01
9.998686860168680690e-01
1.000354689465184022e+00
1.000351927076950087e+00
1.000436128634445865e+00
1.000064873371433460e+00
1.000353506279152205e+00
1.000338624225924899e+00
9.998508611662524359e-01
9.996961791212283233e-01
1.000023764935020099e+00
9.995944273511345735e-01
1.000382677125987163e+00
9.996732841730314734e-01
1.000215746678459805e+00
1.000233497722943676e+00
9.998009816928260518e-01
1.000340710308593950e+00
1.000640018576422818e+00
1.000136529057125800e+00
1.000616851002132268e+00
1.000407002100515808e+00
1.000161678523132203e+00
1.000217831906728083e+00
9.996506202256046913e-01
9.997694121740364759e-01
1.000354932606140057e+00
1.000219180202438274e+00
9.999404254860981833e-01
1.000202791773800559e+00
1.001013415029733178e+00
1.000256028334579605e+00
1.000189621714085098e+00
1.000048714310722175e+00
9.998778549421235562e-01
9.999029206100056300e-01
1.000328193629797191e+00
1.000114398734054166e+00
9.999988141538985742e-01
9.999802402929603984e-01
1.000212646440890918e+00
1.000859085744520982e+00
1.000965170823423511e+00
1.000432640633230674e+00
1.000531478253327222e+00
1.000116548687661089e+00
9.999503388391192127e-01
1.000444774064406683e+00
9.999554599653146525e-01
1.000137367510893549e+00
1.000347980813967919e+00
9.997166519289040210e-01
1.000451822089465814e+00
1.000239631327328294e+00
1.000742493083023987e+00
1.000688547627285985e+00
1.000461910333390936e+00
1.000318179992056189e+00
1.000638111009733766e+00
1.000023647506447233e+00
1.000110359226430434e+00
1.000345531459072568e+00
1.000369669120048544e+00
9.975719635424856735e-01
9.880402208897582916e-01
9.767560641760584250e-01
9.658888922379044173e-01
9.544936896798089654e-01
9.438581454823551375e-01
9.326421367803676699e-01
9.224462929743260098e-01
9.115945486380172547e-01
9.004407948518283744e-01
8.901860028300255800e-01
8.799525311659909255e-01
8.691410944545066020e-01
8.588698020075197226e-01
8.491243509869116357e-01
