0.000000000000000000e+00
0.000000000000000000e+00
0.000000000000000000e+00
0.000000000000000000e+00
0.000000000000000000e+00
0.000000000000000000e+00
0.000000000000000000e+00
0.000000000000000000e+00
0.000000000000000000e+00
0.000000000000000000e+00
0.000000000000000000e+00
0.000000000000000000e+00
0.000000000000000000e+00
0.000000000000000000e+00
0.000000000000000000e+00
0.000000000000000000e+00
0.000000000000000000e+00
0.000000000000000000e+00
0.000000000000000000e+00
0.000000000000000000e+00
1.202249534180531448e-05
3.314075819039788429e-02
9.861124846062732097e-01
3.262095520341909971e+00
3.276474260583499998e+00
1.844490551333110462e+00
8.539164643770196239e-01
3.961673064594061211e-01
2.068204960396166359e-01
2.319925118891179860e-01
8.353247941533722409e-01
1.724523531822036215e+00
1.898581174082486278e+00
1.473648871862910603e+00
1.011609532553087387e+00
7.361017579134134792e-01
6.293505512021597692e-01
6.278777771186843104e-01
6.754187084130891527e-01
7.585786268415818379e-01
8.457549866843481201e-01
9.392062779345399237e-01
1.020514526131209632e+00
1.090902809199859158e+00
1.146004802083419039e+00
1.186389611631307961e+00
1.204238377758633849e+00
1.202851573644787564e+00
1.180194906187902459e+00
1.152169302388345251e+00
1.112056781983115306e+00
1.074823695316676542e+00
1.037959845404880843e+00
1.004139918568371481e+00
9.753878074920013797e-01
9.532476299946018861e-01
9.384832071595601288e-01
9.280180226351710804e-01
9.266679966192040707e-01
9.236304560929274876e-01
9.269443835054927971e-01
9.321334117922165374e-01
9.445339195796130793e-01
9.564816543778311697e-01
9.681499284565898700e-01
9.795686382042431140e-01
9.901695156686697308e-01
9.971193509245439568e-01
1.005839762361832923e+00
1.009440211635577178e+00
1.014497044001451576e+00
1.019707393036384024e+00
1.020783277969799174e+00
1.022054913376007068e+00
1.023236886143899405e+00
1.019859786554525138e+00
1.017030306718414767e+00
1.013691658977927901e+00
1.010456845870695952e+00
1.004719496942090062e+00
1.001937174843767542e+00
9.985734155138751289e-01
9.974532278248493533e-01
9.957310245424270123e-01
9.959577411929887436e-01
9.960307645066533988e-01
9.956478085047929527e-01
9.962589814826876555e-01
9.953470736032726807e-01
9.955845757652904693e-01
9.953390596878578522e-01
9.948561295032216645e-01
9.970470343686556047e-01
9.977887753091015943e-01
9.982544884820511166e-01
9.986698277146404124e-01
1.000931501417045233e+00
9.996315910898769808e-01
1.001503496698500140e+00
9.991534539868044407e-01
1.000406081396192803e+00
1.000501300175344443e+00
1.001513953612915397e+00
1.000859222793729630e+00
1.000934504009063142e+00
1.000342655732677555e+00
1.001180774473820811e+00
1.000457383554889335e+00
1.000586343644155107e+00
1.001049911506893597e+00
1.000058999936499493e+00
1.000496398320079638e+00
1.001027800449150851e+00
1.000253899268105151e+00
1.001212105003994379e+00
9.998902168653721612e-01
9.992959180105035477e-01
9.996881694675346930e-01
9.999983241984883309e-01
9.988325151715087280e-01
1.000212505400996932e+00
9.998105520357449816e-01
1.000427606311488304e+00
9.995020949633346419e-01
9.992214237746491756e-01
1.000092658901577503e+00
9.991031191518989774e-01
1.000826046959994331e+00
1.000938593113218200e+00
1.000898186345818397e+00
1.000612980381867301e+00
9.999582261677697481e-01
1.000242816337406415e+00
1.001035602925568035e+00
1.000907120864095168e+00
1.001850565880590516e+00
1.000808224775318278e+00
1.000981388819159212e+00
9.999993533823935410e-01
1.001132641062728812e+00
1.000067084458748257e+00
1.000033732675752685e+00
9.996457422776588997e-01
9.986825562373125020e-01
9.989469329020039812e-01
9.987380560898144743e-01
9.995667878370447790e-01
1.000354941746146364e+00
1.000333957427798293e+00
9.998367040348712376e-01
1.000173902925169722e+00
1.000861393558307499e+00
1.001311044862042587e+00
1.001536452014832212e+00
1.002653184805541109e+00
1.001752662182559872e+00
1.001562604962207503e+00
1.001918539372209205e+00
1.001823707701592792e+00
1.001694592220708557e+00
1.001296693940907589e+00
1.000295122119247315e+00
1.000592043604359827e+00
1.000025586853104498e+00
9.999569117268912732e-01
9.990571092377966700e-01
9.989410510599808779e-01
9.982012338689955078e-01
9.991129598875997386e-01
9.993184735380343797e-01
9.986120337210711018e-01
9.994237644352742533e-01
1.000374799518861879e+00
1.000304012482035043e+00
1.000326797522476996e+00
1.001210622136930350e+00
1.000557593637025233e+00
1.000908676222749705e+00
1.000426863331365546e+00
1.000950263214449354e+00
1.000979721558666435e+00
1.000991789312445146e+00
1.000956079127357734e+00
1.001002312895854063e+00
1.000005668427416783e+00
1.000186063482063847e+00
1.000446464295896565e+00
1.000229297344592094e+00
9.994913686525365160e-01
9.998019110849500901e-01
9.995629324363105583e-01
9.999769117546893904e-01
1.000004206139143426e+00
9.997384980882354499e-01
1.000345753260489579e+00
9.997422265103221850e-01
9.991160222710248062e-01
1.000263678879621976e+00
1.000500448305549517e+00
1.000541281395783688e+00
9.996909247468184212e-01
9.995763024593510293e-01
1.000304821357730134e+00
1.000316712400020736e+00
9.997963382182614156e-01
1.000438446422758698e+00
1.000118461070335085e+00
1.000712715780902817e+00
1.000796926262912612e+00
1.000130207253906667e+00
9.996871045104595010e-01
9.997695635790571078e-01
1.000678873369665656e+00
9.997859740309533727e-01
9.999634208815880720e-01
9.998577410929868625e-01
9.997531732876272503e-01
1.000445112364752198e+00
9.997638712518234216e-01
1.000499973640727847e+00
9.999630693188308328e-01
1.000073107756182855e+00
9.999716335365516073e-01
9.999538347417693540e-01
1.000250611297406778e+00
1.000263799404213838e+00
1.000436540683086184e+00
9.997351253955684136e-01
1.000136946321630527e+00
1.000714682527658494e+00
9.999244843915404690e-01
1.000360059589264772e+00
1.000183801123835758e+00
1.000335520850228699e+00
9.996397701885687548e-01
1.000451893434199269e+00
1.000006502935121722e+00
1.000220819404253891e+00
9.999493430277525130e-01
9.995195066733069122e-01
1.000439863630266490e+00
1.000502575837843411e+00
1.000393510069420788e+00
1.000106826923672365e+00
1.000091534642623570e+00
9.998848337937246145e-01
9.995446027062293570e-01
1.000191264742843478e+00
9.994332805029653155e-01
1.000371588012776369e+00
1.000290413924401545e+00
1.000163158134786068e+00
1.000141677479188029e+00
1.000376121409003449e+00
9.999687665285638127e-01
1.000202867738511525e+00
1.000239861738083658e+00
9.995650668040119147e-01
1.000290695728935919e+00
1.000175660403032740e+00
9.998415232150951182e-01
1.000279285850173894e+00
1.000290771812576418e+00
9.997604455132748091e-01
9.999846621376670130e-01
9.974366456588359409e-01
9.873851644783333548e-01
9.764885160129952446e-01
9.651765956246824985e-01
9.547251510735723645e-01
9.429540019805867646e-01
9.327399164527009345e-01
9.217890681463744018e-01
9.111603484521590968e-01
9.005486203105929066e-01
8.898976282654489367e-01
8.796404865761222602e-01
8.693340446229896878e-01
8.586732180650351598e-01
8.485956368918574633e-01
