0.000000000000000000e+00
0.000000000000000000e+00
0.000000000000000000e+00
0.000000000000000000e+00
0.000000000000000000e+00
0.000000000000000000e+00
0.000000000000000000e+00
0.000000000000000000e+00
0.000000000000000000e+00
0.000000000000000000e+00
0.000000000000000000e+00
0.000000000000000000e+00
0.000000000000000000e+00
0.000000000000000000e+00
0.000000000000000000e+00
0.000000000000000000e+00
0.000000000000000000e+00
0.000000000000000000e+00
0.000000000000000000e+00
0.000000000000000000e+00
6.013790856289214100e-05
3.213782841079364239e-02
9.770641714807866141e-01
3.258487148437956726e+00
3.259190396490510455e+00
1.833781152361694033e+00
8.525141526539482539e-01
3.942026071133054588e-01
2.068395368208141849e-01
2.303131679866210757e-01
8.280051418176146427e-01
1.712557253883929542e+00
1.896283091910017538e+00
1.467123627845141387e+00
1.008601523901369035e+00
7.386875967047801250e-01
6.336807647099491625e-01
6.322451672469328043e-01
6.809260328950987873e-01
7.584653898152893259e-01
8.505817773882559107e-01
9.392719382338415857e-01
1.021494844186355389e+00
1.089699920112081166e+00
1.145363814616270570e+00
1.181270233278160386e+00
1.201787914195196594e+00
1.196918672836211783e+00
1.178435421835226649e+00
1.148973892046251555e+00
1.112545102049284695e+00
1.075345135448035894e+00
1.040167119495393200e+00
1.001468506611493670e+00
9.748303093829625565e-01
9.536427153090041298e-01
9.367739749736253563e-01
9.278143055225698266e-01
9.240819356152237818e-01
9.243496573185416842e-01
9.261307733643763251e-01
9.331466318537984250e-01
9.428239715614639138e-01
9.554632922597946498e-01
9.690686891611451914e-01
9.785289587333638739e-01
9.911508802140398533e-01
9.959012515066492099e-01
1.003483416845676990e+00
1.010559102058089742e+00
1.014639411043372075e+00
1.020196158082823823e+00
1.021303628423900323e+00
1.020001786272581645e+00
1.021536546888486718e+00
1.017403531740798339e+00
1.017245481881035696e+00
1.010118189486414630e+00
1.008261514287458471e+00
1.004075107160501412e+00
1.000147796864353067e+00
9.974432042110998875e-01
9.975914803643910478e-01
9.956715526149041429e-01
9.947619541928387488e-01
9.939334652650002599e-01
9.949122900910523093e-01
9.944089855082215434e-01
9.955590415703404750e-01
9.955482067322168893e-01
9.959089194099675080e-01
9.969315603360571210e-01
9.957748611072351208e-01
9.980079315694623254e-01
9.985969989622655030e-01
9.975585295170913414e-01
9.996383413789962091e-01
1.000119387573564778e+00
1.000267596403769943e+00
9.997125102089315929e-01
1.001937513902933174e+00
1.001101734456734116e+00
1.001704285756721546e+00
1.001054709750324179e+00
1.000279754583967451e+00
9.996207892180923871e-01
1.000389291124365476e+00
1.001396429854310322e+00
1.000555307894986479e+00
9.993567984830137307e-01
9.999877296246226788e-01
1.000424787871195598e+00
9.999321917096393175e-01
1.000394910637257828e+00
9.997087508489724827e-01
1.000249195532619373e+00
1.000265510383873568e+00
9.983768835002717612e-01
9.993607604614310747e-01
9.988125612601895797e-01
9.984191947154942293e-01
9.978605978614164540e-01
9.982321554723341261e-01
9.991095549630705230e-01
1.000182656189001040e+00
9.995499305772870269e-01
1.001008147468090081e+00
9.994649941019702055e-01
1.000462225501819846e+00
9.998303122557841149e-01
9.996808564689051435e-01
1.000479805086653684e+00
1.000831569553407130e+00
1.000164743340621554e+00
9.989140521955640617e-01
1.000522066289301737e+00
9.998874470909568934e-01
9.993851869816006150e-01
1.000069788098585377e+00
9.998626225493060238e-01
9.997082961166763315e-01
1.000277292205185020e+00
9.989082314220485426e-01
9.991897704451284667e-01
9.980565294962628897e-01
9.987453104489372180e-01
9.978680177150193176e-01
9.987351359683986907e-01
9.999449216633057302e-01
9.996544010983972051e-01
9.994180961143226405e-01
1.000213901159585861e+00
1.000483181384367315e+00
1.001223580064250163e+00
1.001536788831197899e+00
1.000381742956210740e+00
1.001702722503781118e+00
1.001646436545102548e+00
1.000509046580878358e+00
9.997919236172262414e-01
1.000453291568349723e+00
1.000192063955021471e+00
9.996254104504788129e-01
9.997597081120146445e-01
9.981098330724083034e-01
9.988034956231865991e-01
9.980823751123861776e-01
9.987709430005017319e-01
9.978896513137809343e-01
9.986539556138792628e-01
9.991402543406454617e-01
9.992197204186437087e-01
9.994296566581013508e-01
1.000104465139199483e+00
1.000174887567499615e+00
1.000223086392769467e+00
1.000167522287129795e+00
1.000486492997479937e+00
1.000140067221520823e+00
1.000831152224300302e+00
1.000593513600842810e+00
1.000524705330686270e+00
1.000235204244991571e+00
1.000655885687142144e+00
1.000338294656381688e+00
1.000268650935385084e+00
9.991672460449669835e-01
9.995656008449139707e-01
9.998112127997381693e-01
9.997814294174814931e-01
9.995741586567524761e-01
9.990794263828058908e-01
9.987860268189764357e-01
9.997376199405954011e-01
9.992720845012122988e-01
9.995561946206519277e-01
1.000424736877298049e+00
9.999430323342116678e-01
9.992939761920152097e-01
9.999579171353394358e-01
1.000059536807311300e+00
1.000189204005766719e+00
1.000178896194461320e+00
1.000100465542179684e+00
1.000468474200396418e+00
9.998763310018738970e-01
1.000322368419791719e+00
9.995040940622931247e-01
1.000126119552965598e+00
1.000100879148734911e+00
1.000294078724910385e+00
1.000385912348907169e+00
9.996631290671332826e-01
9.992975968882993332e-01
1.000164739664077818e+00
1.000138795829335514e+00
1.000425401680520965e+00
9.993307366972398187e-01
1.000335834371058441e+00
9.995391161474065367e-01
9.996256074014031601e-01
9.999716113208159118e-01
9.999801870387691194e-01
1.000037231106252422e+00
9.998520593307866910e-01
9.997946782267883581e-01
1.000240539106172610e+00
9.995214995205828901e-01
9.997882628128565985e-01
1.000269098395194067e+00
9.999892666600330715e-01
9.994794891447280616e-01
9.998406099706613759e-01
9.999392287402676383e-01
9.997156303697342095e-01
9.998215640010859051e-01
1.000050490918375390e+00
9.996143361412298534e-01
1.000376658881823477e+00
1.000347101697951935e+00
1.000170078503413995e+00
1.000330342832342456e+00
9.999534347229459552e-01
9.996708075570815977e-01
9.997126718394320211e-01
1.000040272764117333e+00
1.000025473497719641e+00
1.000145388758791665e+00
9.997395306118210812e-01
9.996597706294980679e-01
1.000235524539901499e+00
1.000131511486246572e+00
1.000485116528100571e+00
1.000523215834608681e+00
9.996827024707716225e-01
9.997906324118416288e-01
1.000190304329944935e+00
1.000666619689596137e+00
1.000321985331925401e+00
9.997901701546316744e-01
9.995994659787461600e-01
1.000585515858074537e+00
1.000171988655227162e+00
1.000442921707589194e+00
1.000361478008696459e+00
9.975782773480006416e-01
9.881489911250350699e-01
9.763537343527287637e-01
9.654840217412622438e-01
9.546954845335224871e-01
9.433940492273628076e-01
9.331184827944477567e-01
9.223486452340577957e-01
9.114710839361713779e-01
9.005087325930252184e-01
8.904417047940327290e-01
8.804855801935851378e-01
8.696939565665857685e-01
8.591095658649482436e-01
8.492686526374845224e-01
