0.000000000000000000e+00
0.000000000000000000e+00
0.000000000000000000e+00
0.000000000000000000e+00
0.000000000000000000e+00
0.000000000000000000e+00
0.000000000000000000e+00
0.000000000000000000e+00
0.000000000000000000e+00
0.000000000000000000e+00
0.000000000000000000e+00
0.000000000000000000e+00
0.000000000000000000e+00
0.000000000000000000e+00
0.000000000000000000e+00
0.000000000000000000e+00
0.000000000000000000e+00
0.000000000000000000e+00
0.000000000000000000e+00
0.000000000000000000e+00
1.202607705026130237e-05
3.203540566684338897e-02
9.748953294892780397e-01
3.242557696875348228e+00
3.254783046407212055e+00
1.839303673564197439e+00
8.507161176034790939e-01
3.965727224346735080e-01
2.062038298258090374e-01
2.291111244839096062e-01
8.302759946571488525e-01
1.717574564864269737e+00
1.890217266829778753e+00
1.462706352920008834e+00
1.004432510461849892e+00
7.400671544530302848e-01
6.371413545173085780e-01
6.309978843141618166e-01
6.821128298077134833e-01
7.591318268901404709e-01
8.487681252687495626e-01
9.377016344736706088e-01
1.024618870789571146e+00
1.089082766335512265e+00
1.142290165595426954e+00
1.181283601930367633e+00
1.198467601474710209e+00
1.198317014286742754e+00
1.181573687272942541e+00
1.149589326774784537e+00
1.111553627775075048e+00
1.074236717133473906e+00
1.038074673455342767e+00
1.004386088304408453e+00
9.759881228494300398e-01
9.517281120562219865e-01
9.372996720640169865e-01
9.283342458663998986e-01
9.260135248143869235e-01
9.241954691084589557e-01
9.260024843924431481e-01
9.325795051464693675e-01
9.447415520862016969e-01
9.548523489402697129e-01
9.701928711613739820e-01
9.790133276387446015e-01
9.913149356000132695e-01
9.974374892425199590e-01
1.004194927337484833e+00
1.010827211963217565e+00
1.016860793000099017e+00
1.018899795330065361e+00
1.020889278836078384e+00
1.021981378508125093e+00
1.020634614930746142e+00
1.021511531141612528e+00
1.016448816141937384e+00
1.012773327720012606e+00
1.008836736143121193e+00
1.004169439568067368e+00
1.001468883520318931e+00
9.991083465643250117e-01
9.958067799157602762e-01
9.972289995739579416e-01
9.946552071099161729e-01
9.965121248180646152e-01
9.963450517469322198e-01
9.959014936631094272e-01
9.965329611126902964e-01
9.962484515808959218e-01
9.970711635386337868e-01
9.957260954811869569e-01
9.973021260562370260e-01
9.962554004526098517e-01
9.982371652597270550e-01
9.990194483269515535e-01
9.994009210028136359e-01
9.995364377740452166e-01
9.996370874047985078e-01
1.001746708880338899e+00
9.994349158217705753e-01
9.999348207174831860e-01
1.000982845727741211e+00
1.001125307996548308e+00
1.001052633721120078e+00
1.001865546709756583e+00
1.001779426440330134e+00
1.000322829542032110e+00
9.995670569085065571e-01
9.998911390392921650e-01
1.000434350948086859e+00
9.995954061225744702e-01
1.000075896552045096e+00
1.000363150219296449e+00
1.000582314541699658e+00
1.000573845145556362e+00
9.999560154210102025e-01
9.991457174261613172e-01
9.999341009086262222e-01
1.000262822523781070e+00
9.994678371197243116e-01
9.984928615592105761e-01
9.987944602052946097e-01
9.987552212483883363e-01
1.000435178741965636e+00
1.000745566817748733e+00
1.000171538337976340e+00
1.000668352691045815e+00
1.000740855393287720e+00
1.000268893159965256e+00
1.000601199071179170e+00
1.001128132923338798e+00
1.000651658206419770e+00
1.000147968677397525e+00
1.000617948892212450e+00
1.000552180291635729e+00
1.001016582324673942e+00
1.000091412081780984e+00
1.000504925513369336e+00
1.000535772524412392e+00
1.000910456585391461e+00
9.994444939624060886e-01
9.993436201431054045e-01
9.993043571711668349e-01
9.991191327596707916e-01
9.992519281401022191e-01
1.000077256969305051e+00
9.999577904297951569e-01
9.993081958561970124e-01
1.000975018031220687e+00
1.000956159114193333e+00
1.001528685205218316e+00
1.001084649321507980e+00
1.000845173913510688e+00
1.000708639226819630e+00
1.001267154383675528e+00
1.000933679576877289e+00
1.001567590753416948e+00
1.000837417899662407e+00
1.000461246048692132e+00
1.000565768916071852e+00
1.001176101291880949e+00
9.991088822355839172e-01
9.996510884870691838e-01
9.990465720156759266e-01
9.989588799336071023e-01
9.993416763491836941e-01
9.987706746815905312e-01
9.992692493674883991e-01
9.996571829307975277e-01
1.000094927002788125e+00
9.986301649981821349e-01
9.998127335953214123e-01
9.999778397527062657e-01
1.000345588743138503e+00
1.001358729920255541e+00
1.000943300559187676e+00
1.000990587404680721e+00
1.000566733618300841e+00
1.001142878387852875e+00
1.000824261080700550e+00
1.000813390080192322e+00
1.000583905291644982e+00
1.000996831739678461e+00
1.000994702452437268e+00
9.999576847876239238e-01
1.000052446971520181e+00
9.997041125085145419e-01
9.995501313393947429e-01
1.000481527222411016e+00
9.989883322850984237e-01
9.990481726272433249e-01
9.999921945604351992e-01
9.990116375299040730e-01
9.995556903524440706e-01
1.000100376782041778e+00
1.000144840387642731e+00
1.000656148205142593e+00
1.000317936888254211e+00
1.000086837431089837e+00
9.998608679839368074e-01
1.000455131573362300e+00
1.000565231224056495e+00
1.000354483222851476e+00
1.000146774648227543e+00
1.000425274875237802e+00
1.000646743134611105e+00
1.000629753815240885e+00
1.000652286829989412e+00
1.000299170028615459e+00
1.000171336648679077e+00
1.000223810570054050e+00
9.993973571607246420e-01
1.000034145471029978e+00
1.000131905323433434e+00
9.999111421852955317e-01
1.000434191345532131e+00
1.000209203240372435e+00
9.998289937616015033e-01
1.000182698566176143e+00
1.000247771600214497e+00
1.000563200328947522e+00
9.999640370868534411e-01
1.000201140366708819e+00
1.000502065755447756e+00
1.000359299877588537e+00
9.994247918389246310e-01
1.000127506773699215e+00
1.000197416023179020e+00
9.997026771723711569e-01
1.000236650518127490e+00
9.998120115602410207e-01
1.000380124653742708e+00
1.000437634225460171e+00
9.996726535733723162e-01
1.000110741738046816e+00
9.999351442646777777e-01
1.000543984766165240e+00
1.000602446471942519e+00
1.000067647922034508e+00
1.000066018457956174e+00
1.000660232822221163e+00
1.000129799413306930e+00
9.999420124595598258e-01
9.998438203591670792e-01
1.000373188802517355e+00
9.998129341705900286e-01
1.000831950504496692e+00
9.998256574626602777e-01
9.999221353409707413e-01
1.000477974405642456e+00
1.000252939180887424e+00
1.000051930182268123e+00
1.000251503324304458e+00
9.996299883282702137e-01
9.998726179260600810e-01
9.996095653723900964e-01
9.997948515206772635e-01
1.000072176527894152e+00
1.000366586022866100e+00
1.000136562582545130e+00
1.000824777243896069e+00
1.000137685698643253e+00
9.997021335370357420e-01
1.000248976370520460e+00
9.982162735699355860e-01
9.881208885517918095e-01
9.761283113300632808e-01
9.655079620286383113e-01
9.550826585493454868e-01
9.436258753520435638e-01
9.326257417785871473e-01
9.218400603312156827e-01
9.113431370233954221e-01
9.008456221137970399e-01
8.899385019487147108e-01
8.794940627018101864e-01
8.694303697513978690e-01
8.587164376559557333e-01
8.490474233020969264e-01
