0.000000000000000000e+00
0.000000000000000000e+00
0.000000000000000000e+00
0.000000000000000000e+00
0.000000000000000000e+00
0.000000000000000000e+00
0.000000000000000000e+00
0.000000000000000000e+00
0.000000000000000000e+00
0.000000000000000000e+00
0.000000000000000000e+00
0.000000000000000000e+00
0.000000000000000000e+00
0.000000000000000000e+00
0.000000000000000000e+00
0.000000000000000000e+00
0.000000000000000000e+00
0.000000000000000000e+00
0.000000000000000000e+00
0.000000000000000000e+00
3.607360252768234099e-05
3.198756698292565259e-02
9.790526131641221763e-01
3.251576209326544564e+00
3.274672531725559388e+00
1.849108970582316713e+00
8.550831728207137772e-01
3.966688628521989890e-01
2.071106703945334859e-01
2.308703884033417031e-01
8.330162610182664240e-01
1.717868639758767024e+00
1.896989236662107947e+00
1.471021109847364006e+00
1.011241827517759706e+00
7.351799018448293976e-01
6.340247493930588618e-01
6.288144616051131175e-01
6.754173194377596223e-01
7.563199417845585248e-01
8.458676012725244719e-01
9.394506557808101066e-01
1.019585136170670925e+00
1.091221356980424551e+00
1.146265505822113173e+00
1.182818991141373788e+00
1.198498502514155684e+00
1.198031114028997868e+00
1.180949398039973897e+00
1.147969070577811390e+00
1.110110945306277408e+00
1.075228925575714145e+00
1.037473898901379643e+00
1.002749237033132346e+00
9.734687613197374745e-01
9.522393725149214116e-01
9.361835478187721105e-01
9.293708251707782919e-01
9.232467100007308858e-01
9.228805401085525828e-01
9.240264621035474413e-01
9.332162036081947942e-01
9.445427147633502774e-01
9.572392461592093005e-01
9.679508624924000326e-01
9.795768969222019562e-01
9.887762235251135179e-01
9.976378749065003548e-01
1.003952995101426993e+00
1.009312135866890836e+00
1.015591412170020913e+00
1.019134877331379085e+00
1.018400544444159728e+00
1.021501293189714943e+00
1.020490924710828917e+00
1.019431577390766286e+00
1.015853773156703443e+00
1.011793482761404794e+00
1.007971593815146116e+00
1.003813498391758596e+00
9.992657436277433414e-01
9.998719701133672588e-01
9.976179253277038805e-01
9.960811129650564144e-01
9.959992269262926134e-01
9.938593113669450529e-01
9.952411297873730023e-01
9.945055812513733384e-01
9.942949358236846669e-01
9.954499133886117734e-01
9.954436750630653030e-01
9.954703669765654350e-01
9.958651645228158156e-01
9.966698842521271029e-01
9.972063730981609586e-01
9.976155561299974162e-01
9.994225040840800656e-01
9.994613710212194579e-01
9.996547024887542099e-01
9.994178519741779843e-01
1.000538704821646085e+00
9.997687589011018394e-01
9.988512378954644833e-01
9.999994382443978536e-01
1.000942718004962151e+00
9.995069157742192401e-01
1.001176324231262571e+00
9.999845598187039331e-01
9.999351333546949716e-01
1.001103753114245709e+00
9.998370101817259936e-01
1.000521743688101539e+00
9.997890506128656041e-01
1.000240694726971746e+00
9.994978529817760693e-01
1.001225580113785041e+00
9.994609147651902781e-01
9.999195701425621641e-01
9.985755610454707387e-01
9.994234389331346780e-01
9.993514462187693681e-01
9.986527015630896065e-01
9.999893181753476412e-01
9.981005246490171068e-01
9.998812974859142555e-01
9.993878017617769949e-01
9.997703291811175230e-01
9.994660778510444654e-01
9.997110218767115697e-01
9.999612410280602770e-01
1.000365095661092552e+00
1.000600723289528204e+00
1.000004788619006213e+00
1.000338132047419171e+00
1.000169391163383992e+00
9.996585248716682859e-01
1.000504045633638484e+00
1.000808684866869136e+00
1.000352062290976063e+00
9.999645805683754496e-01
9.997860505853639612e-01
9.999324619256810820e-01
9.994332006341197783e-01
9.989449419105376204e-01
9.993942251796072984e-01
9.976609390522789278e-01
9.982411296161310954e-01
9.995827837357408319e-01
9.991465278855407028e-01
9.991853717531603563e-01
1.000586076153472170e+00
1.000629463184760759e+00
1.000980774453864575e+00
1.000167630549136932e+00
1.000661139053375059e+00
9.998172368961324441e-01
1.000685575154442342e+00
1.001370635271579435e+00
1.000220330690661630e+00
9.999230299841976866e-01
1.000573176291634780e+00
9.999345668424777234e-01
9.995736761548081883e-01
9.988234650623372124e-01
1.000104636166041505e+00
9.986144513721810778e-01
9.977062342411948670e-01
9.983510576984317986e-01
9.979353412128949552e-01
9.987038562414166654e-01
9.982380552573131283e-01
9.995898147831382419e-01
9.997338918499900640e-01
9.998653315343823955e-01
1.000433031432175657e+00
1.000593228127583778e+00
1.000281748166486739e+00
1.000703990046155845e+00
1.001290525614407345e+00
1.000947298544544450e+00
1.000017616072658821e+00
1.001404267274862425e+00
1.000549470981169753e+00
1.000254489206970909e+00
9.999194230892108903e-01
9.999338303634869307e-01
9.996336662144603702e-01
1.000354784766007255e+00
9.993789368610925816e-01
9.998826503521327513e-01
9.991577972891259041e-01
1.000185910320027682e+00
9.992186149665245321e-01
9.999074987192572150e-01
9.995610580430961400e-01
1.000027611246159909e+00
1.000032759201227028e+00
9.999651478596212062e-01
1.000697312291687568e+00
1.000285916858338009e+00
9.999309907452130775e-01
1.000192088179967742e+00
9.997121142092416646e-01
9.998703723421153988e-01
9.998516780155686234e-01
1.000012197033753436e+00
9.998371853997868319e-01
9.999473058735607323e-01
1.000217666962949226e+00
9.995297543197031453e-01
9.997390341030695238e-01
9.998812584844881668e-01
9.995102359160727978e-01
1.000413359180915673e+00
9.995683619647591778e-01
9.997952666536265021e-01
1.000103226242492482e+00
1.000019341226325409e+00
9.998004478503224046e-01
9.999895503488643866e-01
1.000304277212894943e+00
9.996443754704792406e-01
1.000298949294564199e+00
1.000154980853632303e+00
1.000437587745709456e+00
9.996572468171310843e-01
9.999280855961599768e-01
1.000144898983602815e+00
1.000399872609922136e+00
1.000235498495839703e+00
9.999898886770176576e-01
9.999597880474759837e-01
9.995204182519185077e-01
1.000278228943195957e+00
1.000154242569009311e+00
1.000138819111339616e+00
9.998415585879238954e-01
1.000375298472697239e+00
1.000306138071994200e+00
9.996236287062384429e-01
1.000001593532048982e+00
9.997570984540544714e-01
1.000047471105792063e+00
1.000079431212744341e+00
1.000428202110603015e+00
9.997405085862209884e-01
1.000636345619224432e+00
1.000434976862447201e+00
1.000153852738236981e+00
1.000551791097625154e+00
1.000271086288916367e+00
9.996881599070874813e-01
1.000115951711600060e+00
1.000459096456199681e+00
1.000470382435671102e+00
9.999046094009100827e-01
1.000317761629563096e+00
9.999086797481013811e-01
1.000370169378252960e+00
9.997972144289342111e-01
1.000166225413877230e+00
9.997292316625008279e-01
1.000527815147783883e+00
9.998019437773137952e-01
9.997673703340361762e-01
9.975031900279371921e-01
9.881180881322948473e-01
9.764279435752052372e-01
9.654666112311266479e-01
9.545812815740850610e-01
9.436871743372337029e-01
9.325335186552193845e-01
9.219973238476338873e-01
9.112004733466988471e-01
9.006000527536848210e-01
8.905804739235283485e-01
8.796945932532757029e-01
8.693297880399480926e-01
8.591997227495195011e-01
8.488191257776926957e-01
