0.000000000000000000e+00
0.000000000000000000e+00
0.000000000000000000e+00
0.000000000000000000e+00
0.000000000000000000e+00
0.000000000000000000e+00
0.000000000000000000e+00
0.000000000000000000e+00
0.000000000000000000e+00
0.000000000000000000e+00
0.000000000000000000e+00
0.000000000000000000e+00
0.000000000000000000e+00
0.000000000000000000e+00
0.000000000000000000e+00
0.000000000000000000e+00
0.000000000000000000e+00
0.000000000000000000e+00
0.000000000000000000e+00
0.000000000000000000e+00
0.000000000000000000e+00
0.000000000000000000e+00
0.000000000000000000e+00
0.000000000000000000e+00
0.000000000000000000e+00
0.000000000000000000e+00
0.000000000000000000e+00
0.000000000000000000e+00
0.000000000000000000e+00
0.000000000000000000e+00
0.000000000000000000e+00
4.817692678456555848e-03
5.172346789438836412e-02
2.385408915387142725e-01
5.883905675445532113e-01
9.575242014717652017e-01
1.291260620836503836e+00
1.457877555734367059e+00
1.540242612993898641e+00
1.584709998815326149e+00
1.548017649252448225e+00
1.520116571547019513e+00
1.484967436270207219e+00
1.488039048814109977e+00
1.413465701271587882e+00
1.372308296148843976e+00
1.347085076913354662e+00
1.277192514664279299e+00
1.281249466202064369e+00
1.270003270387042749e+00
1.255420709420824510e+00
1.226196071673278931e+00
1.178938996107921966e+00
1.125854800497696262e+00
1.052844147428389387e+00
1.012807741926499139e+00
9.859388770969425009e-01
9.781778810058734397e-01
9.992034314732666234e-01
9.817183968023078799e-01
9.855448498066488039e-01
1.014155606318816627e+00
1.018328697522706383e+00
1.005224187825155102e+00
1.007457252324187591e+00
1.028984765472081397e+00
1.038269913863756999e+00
1.050004797946086033e+00
1.048681875223290705e+00
1.052655425214981788e+00
1.013661380691886604e+00
1.042616406908924320e+00
1.065181581481453810e+00
1.040187279233663498e+00
1.044135842986688267e+00
1.040382860898234174e+00
1.048254665941716235e+00
1.037012617366895206e+00
1.038911121534783488e+00
1.050435988153888056e+00
1.057698625125016445e+00
1.025578956939298347e+00
1.037944017807971075e+00
1.022586817201037279e+00
1.032625920066750025e+00
1.013890951188543665e+00
1.029057426852133972e+00
1.015527670094567236e+00
9.998144472897518842e-01
1.018479698663197208e+00
1.016109260829728633e+00
1.012048677610857705e+00
1.016346220645480969e+00
1.010346982580630382e+00
1.015844271110833308e+00
9.985755803030983424e-01
1.016747249919708107e+00
1.011049181464427127e+00
1.011918184885206351e+00
1.015755943125488336e+00
1.019106106542435164e+00
1.020702421479520172e+00
1.022660295624114424e+00
1.028177606098981789e+00
1.015567156586407060e+00
1.014262056113012678e+00
1.020865213310585107e+00
1.016115006912666097e+00
1.015513712683320025e+00
1.007644836758011309e+00
1.018854597357570002e+00
1.005001086674269128e+00
1.013061883440758315e+00
1.003003105072413081e+00
1.006423528475146156e+00
1.015411926852990643e+00
1.007112556954995908e+00
1.006243882749598306e+00
1.003607337765039853e+00
1.014715429507070832e+00
1.006762739411534602e+00
1.013344564581419860e+00
1.006607309096563707e+00
1.008014498803961656e+00
1.004069571200006727e+00
1.009032759955541980e+00
1.007568349311225298e+00
1.004891229296595023e+00
1.009950933679411689e+00
1.010744104596126958e+00
1.000606778129907282e+00
1.009163268356897403e+00
1.004997254633980930e+00
1.002241057762934151e+00
9.990212556241168107e-01
1.012377227200653040e+00
1.003627984013046870e+00
1.008770282843476140e+00
1.008212571539961244e+00
1.008128644082367353e+00
1.008619600402544059e+00
1.012765201101377688e+00
1.000820671089573288e+00
1.005775478986008054e+00
1.001960812342528317e+00
9.979943355831067953e-01
1.000995433806707080e+00
9.999311259201726365e-01
1.012756683482852971e+00
1.005151016576404155e+00
1.004547253498824677e+00
1.005032269363153929e+00
9.947433655508871597e-01
1.002433472011657445e+00
1.004119487601939920e+00
1.002078165362515039e+00
1.005067958153204488e+00
1.004129399675142365e+00
1.002713061971558073e+00
1.000541779434097833e+00
1.000321756929002825e+00
1.005201978107596261e+00
1.000136064845640327e+00
1.002093185955537979e+00
1.003600841339837624e+00
1.011195229359846293e+00
9.951435046618888336e-01
9.945551710605735618e-01
9.927680709565133155e-01
9.914529890596648354e-01
9.965963340498010803e-01
9.984527306989738893e-01
9.969400474379149779e-01
1.001090518505185933e+00
1.002063965580902272e+00
1.002717457367988008e+00
9.988742814185661567e-01
9.997360654170802663e-01
1.000590914573426637e+00
9.960973268569498495e-01
1.004732703198782939e+00
9.987089757289828729e-01
9.997899901867383088e-01
1.002207973168941058e+00
1.000622632196930928e+00
9.923641609831430621e-01
9.997367755773673981e-01
9.973479374870586334e-01
9.997009596597156156e-01
9.987347501880641243e-01
9.984770502256493652e-01
1.000861339167801178e+00
9.999354234148357667e-01
9.979536714339058978e-01
9.985232858158709091e-01
9.983142879882623832e-01
1.000021153528696694e+00
9.989459505148859941e-01
1.001498887834781248e+00
9.946499637579574449e-01
1.007008680814731161e+00
1.003556454598899306e+00
1.004894828303183330e+00
1.003849636409966717e+00
1.002980917358349711e+00
1.004418434776092939e+00
9.999512602527685923e-01
1.001503360436447165e+00
9.993742277116365313e-01
9.987105012236001667e-01
9.989852825729176322e-01
9.989048702380780576e-01
9.988044090440924005e-01
9.998007136720530319e-01
9.980631933354293661e-01
9.980648408697117002e-01
9.955468432132039691e-01
1.001045430268977077e+00
9.990561441231866624e-01
9.975505164478709608e-01
9.997675207451489632e-01
9.990154401915819493e-01
9.960153826256018528e-01
9.964674919467010339e-01
9.997244849584364657e-01
9.953163331336930542e-01
9.966446584935846342e-01
9.947310349684043151e-01
9.938721837617359167e-01
9.947799144210406341e-01
9.939312894972539558e-01
9.941370156932111124e-01
9.944856339380017118e-01
9.960444597949948964e-01
9.919641227485915813e-01
9.934708558723429617e-01
9.954295325568741637e-01
9.935181674292555831e-01
9.954999442382020947e-01
9.957233162337160159e-01
9.924606899602023136e-01
9.962088257781953615e-01
9.933229384666751871e-01
9.977074818111486554e-01
9.924305463110937309e-01
9.953084713778855841e-01
9.985511024788383816e-01
9.982359296329224030e-01
9.974123801930167010e-01
9.946005926239940287e-01
9.953281921016512435e-01
9.956780721529023825e-01
9.949842586709323200e-01
9.955244602532477005e-01
9.915915380590246686e-01
9.956354849061123113e-01
9.948164527479954611e-01
9.978426441946288694e-01
9.964281220837228892e-01
9.937988285880342554e-01
9.938173045081590828e-01
9.951747133636563714e-01
9.964132513444039496e-01
9.955829742397047655e-01
9.979729067773035478e-01
9.973145092275570445e-01
9.972533092887319039e-01
9.949746983353306984e-01
9.957196073503513656e-01
9.903891595846275875e-01
9.960215137170509436e-01
1.000714925333521021e+00
9.956462740686042867e-01
9.964134505399072639e-01
9.955704603335753244e-01
9.949923752395827270e-01
9.949013204601697691e-01
9.957746218658856119e-01
9.930479751799720090e-01
9.957726083474305323e-01
9.973612028797935736e-01
9.961139849423887860e-01
9.965410052948215913e-01
9.979271845787264228e-01
9.951980047986193068e-01
9.947950801453829817e-01
9.972357711679266101e-01
9.951029223352202413e-01
9.956629416946990441e-01
9.946187449155805549e-01
9.945121778181573724e-01
9.961800417992476842e-01
9.960975949241424043e-01
9.965441603661939762e-01
9.963711069172640489e-01
9.941166340280586100e-01
9.992695517555724161e-01
9.957808795226761323e-01
9.950221773892332644e-01
9.952031206751520420e-01
9.940852113051548145e-01
9.943050711564263011e-01
9.932688099294822992e-01
9.989940172953393205e-01
9.954190691348061559e-01
9.930915037715800642e-01
9.936192966226258250e-01
9.980881804768668708e-01
9.955534070113353229e-01
9.952336073439789210e-01
9.961511263032021279e-01
9.956181043752810877e-01
9.926377346525920853e-01
9.960438420746350330e-01
9.959376318513937232e-01
9.951540788018231609e-01
9.981103752016351471e-01
9.951222461892200721e-01
9.951142281158641412e-01
9.933038034731764832e-01
9.957418118234340199e-01
9.961117272839344894e-01
9.931286609988966285e-01
9.968852069622088363e-01
9.949566411477321903e-01
9.944349450538929602e-01
9.941572303931237586e-01
9.932562536619642390e-01
9.963160197954433750e-01
9.960021446742315376e-01
9.939387446803010784e-01
9.974164093825591548e-01
9.951046588248823044e-01
9.965268963544287040e-01
9.963883945767869621e-01
9.991310895341561915e-01
9.960152588019230979e-01
9.968340487298446018e-01
9.966840370353766687e-01
9.986723813893030322e-01
1.000446434549049357e+00
9.942064491244398949e-01
9.953696241201414052e-01
9.970580906934538579e-01
9.971363066810849940e-01
9.987073624516593640e-01
9.956559849800868944e-01
9.981007149415543900e-01
9.970539343850790548e-01
9.961034161895190309e-01
9.948389553696800336e-01
9.959165011441670767e-01
9.961633464461383536e-01
9.939129181333948848e-01
9.949979551333615335e-01
9.952228485471782404e-01
9.955558479327250021e-01
9.953805994778444077e-01
9.839686825598490394e-01
9.765601651589168597e-01
9.692869111574879959e-01
9.582091158181704760e-01
9.506039240282181391e-01
9.452981379589516786e-01
9.350679179346760295e-01
9.248331034098341563e-01
9.193533420695803038e-01
9.115654644664581419e-01
9.033404896889770663e-01
8.950610203128311904e-01
8.877432646022307416e-01
8.827997368146169865e-01
8.753468061812557099e-01
8.683672747417838789e-01
8.591001190259042186e-01
8.498756391764871188e-01
8.441143410234086542e-01
8.354259227247815556e-01
8.295490443611074349e-01
8.184728718166583983e-01
8.137849042863148918e-01
8.082244225759559475e-01
7.968151420040083810e-01
7.914878851216450295e-01
7.842511000658659581e-01
7.766673423660583886e-01
7.690508872474339785e-01
7.637949815406921417e-01
7.565421658574232877e-01
7.476677552261100645e-01
7.415480193704370171e-01
7.334312622933572001e-01
7.274844034235969925e-01
7.215730078602450304e-01
7.136364210302649225e-01
7.053669003221151312e-01
7.026605455192889149e-01
6.921943176972283895e-01
6.862281079556636909e-01
6.788322752071731525e-01
6.720679577288244388e-01
6.649028431154238028e-01
6.598662277633063900e-01
6.527403533088008691e-01
6.477450513514966257e-01
6.400559293035313901e-01
6.339162570585484824e-01
6.281704354566325366e-01
6.199050148106790559e-01
6.129427188036623564e-01
6.064907030920921871e-01
6.011225759321875417e-01
5.965438625479989598e-01
5.883874590787999681e-01
5.809725335254521950e-01
5.773980915870795538e-01
5.713965021934003241e-01
5.648619087969254382e-01
5.586463884834667049e-01
5.529280090287016503e-01
5.468656001789110599e-01
5.400740625876057077e-01
5.348021524527122317e-01
5.280964688945566365e-01
5.218364403238473503e-01
5.150069379751843757e-01
5.111398355120080339e-01
5.051039979403217917e-01
4.971549196137733939e-01
4.928081591686028773e-01
4.877833032203028885e-01
4.795112612203763502e-01
4.753868963140377990e-01
4.709483654077745163e-01
4.654802332564881850e-01
4.602193457652796194e-01
4.529764778127572389e-01
4.470794775472839433e-01
4.397876543956174555e-01
4.353737106040934113e-01
4.310603841601211017e-01
4.253731049122506658e-01
4.187020819255160564e-01
4.136180958832513799e-01
4.078133797504659985e-01
4.034398961882599277e-01
3.978270791166927944e-01
3.938922500673059379e-01
3.854948876344178044e-01
3.811095522739659236e-01
3.759163335819401541e-01
3.716079324196401856e-01
3.661347894324697982e-01
3.620063507770397426e-01
3.563699663997044742e-01
3.494628499719167891e-01
3.460686878247860587e-01
3.397739241843916180e-01
3.364270082650439031e-01
3.305619244384486732e-01
3.249007576582549905e-01
3.202539171937047735e-01
3.147709469870196841e-01
3.114399803149899282e-01
3.047509489223809709e-01
3.005669865080560221e-01
2.965055019406080961e-01
2.911697748561511978e-01
2.864416027979755919e-01
2.803691746934210971e-01
2.767429068503090561e-01
2.701034706533024243e-01
2.656881399767425656e-01
2.613167985595012399e-01
2.564718180515963564e-01
2.516380544300776401e-01
2.478923458182026029e-01
2.422467508965170102e-01
2.386640481765479882e-01
2.338971532203944215e-01
2.293201740619510709e-01
2.244182976622794146e-01
2.198044040940490829e-01
2.156853969598200027e-01
2.111897104834354610e-01
2.059034144303635572e-01
2.010295497513396590e-01
1.975675552539094826e-01
1.926568348091431404e-01
1.888605472337055446e-01
1.835876513848453129e-01
1.790911243333964398e-01
1.748618614903182378e-01
1.702293045780855496e-01
1.670809059173014866e-01
1.612360027571306809e-01
1.578803767220342269e-01
1.533224742126939322e-01
1.487173875280214108e-01
1.448910981374693374e-01
1.404643710703155912e-01
1.358558788435410003e-01
1.320835266331426561e-01
1.274510179082188333e-01
1.233881495789280747e-01
1.195902656608271164e-01
1.156416853026422248e-01
1.116861434630073147e-01
1.087869342539703327e-01
1.055715282854541304e-01
1.022088051644173268e-01
9.971470576807738018e-02
9.639420245924255892e-02
9.388229046217941298e-02
9.119823660621134698e-02
8.819375147217999034e-02
8.580577257857277540e-02
8.366126955896782680e-02
8.121891755965508775e-02
7.851383375557516309e-02
7.635830946842232791e-02
7.374409903360741592e-02
7.165465570485100855e-02
6.959308462082182400e-02
6.799232727632903428e-02
6.594323029627513488e-02
6.355810714569964937e-02
6.176614682389739569e-02
5.991148100026994633e-02
5.824941361889080654e-02
5.659944074006541259e-02
5.486717322870460212e-02
5.279585539558358936e-02
5.138754577246656963e-02
4.943000048379667111e-02
4.833814836946518506e-02
4.643784646646958308e-02
4.541182286355340686e-02
4.390792282871351648e-02
4.245239430955922988e-02
4.119785754075856732e-02
3.994646684729719760e-02
3.848935964956837208e-02
3.732361149200698336e-02
3.611087378358542738e-02
3.508464301080255199e-02
3.336936028276173138e-02
3.225988736537244855e-02
3.150219655410060188e-02
3.040600187762178275e-02
2.925896259888742523e-02
2.800214801503591103e-02
2.705068149283463425e-02
2.615383132381453660e-02
2.535545042123040285e-02
2.439333015700560423e-02
2.385255231933383971e-02
2.268374205835590671e-02
2.164137739257434440e-02
2.079175916611294625e-02
1.996327861491982089e-02
1.910698668884121612e-02
1.829874323480269391e-02
1.759827715647813845e-02
1.667761516986883408e-02
1.611680225668151237e-02
1.518848261129147718e-02
1.433976238757141142e-02
1.397449444583893571e-02
1.344218682258948271e-02
1.266381327875020640e-02
1.230169346001322266e-02
1.164300479788525633e-02
1.107189144226725964e-02
1.036603898861516125e-02
9.993924969364560359e-03
9.626383157859786516e-03
9.041182900806674083e-03
8.555883635166008569e-03
7.914230214130018801e-03
7.578925093767212122e-03
7.034813073842956059e-03
6.755050791192208394e-03
6.182290952080187266e-03
5.975240785687087157e-03
5.538466386239816741e-03
5.377635158802861887e-03
5.028898845453474119e-03
4.538544239618549220e-03
4.350212140068158463e-03
4.012311968999683620e-03
3.588828173143529098e-03
3.311169217938356255e-03
3.121641023524368303e-03
2.849309258698417679e-03
2.575898758160326263e-03
2.402196273659298019e-03
2.172250223962202652e-03
1.950499556602286249e-03
1.720713681461679420e-03
1.564417106514338603e-03
1.382722081408491567e-03
1.247377651917723615e-03
1.083856590978199766e-03
8.802921527776716654e-04
7.274301162595661488e-04
7.194632758301639864e-04
5.792290137508382571e-04
4.279227292130310641e-04
3.676894009743343389e-04
2.849427375600808239e-04
2.310447681744201434e-04
1.474590287509347779e-04
9.889308037143489322e-05
7.867631661787357863e-05
3.785835308920570312e-05
2.066475287389567673e-05
4.477799284666328716e-06
0.000000000000000000e+00
0.000000000000000000e+00
0.000000000000000000e+00
0.000000000000000000e+00
0.000000000000000000e+00
0.000000000000000000e+00
0.000000000000000000e+00
0.000000000000000000e+00
0.000000000000000000e+00
0.000000000000000000e+00
0.000000000000000000e+00
0.000000000000000000e+00
0.000000000000000000e+00
0.000000000000000000e+00
0.000000000000000000e+00
0.000000000000000000e+00
0.000000000000000000e+00
0.000000000000000000e+00
0.000000000000000000e+00
0.000000000000000000e+00
0.000000000000000000e+00
0.000000000000000000e+00
0.000000000000000000e+00
0.000000000000000000e+00
0.000000000000000000e+00
0.000000000000000000e+00
0.000000000000000000e+00
0.000000000000000000e+00
0.000000000000000000e+00
0.000000000000000000e+00
0.000000000000000000e+00
0.000000000000000000e+00
