0.000000000000000000e+00
0.000000000000000000e+00
0.000000000000000000e+00
0.000000000000000000e+00
0.000000000000000000e+00
0.000000000000000000e+00
0.000000000000000000e+00
0.000000000000000000e+00
0.000000000000000000e+00
0.000000000000000000e+00
0.000000000000000000e+00
0.000000000000000000e+00
0.000000000000000000e+00
0.000000000000000000e+00
0.000000000000000000e+00
0.000000000000000000e+00
0.000000000000000000e+00
0.000000000000000000e+00
0.000000000000000000e+00
0.000000000000000000e+00
0.000000000000000000e+00
0.000000000000000000e+00
0.000000000000000000e+00
0.000000000000000000e+00
0.000000000000000000e+00
0.000000000000000000e+00
0.000000000000000000e+00
0.000000000000000000e+00
0.000000000000000000e+00
0.000000000000000000e+00
0.000000000000000000e+00
5.849377326196564773e-03
5.527304897286053342e-02
2.500738335518035704e-01
5.906171410525891119e-01
1.001843258361820865e+00
1.309050168521177504e+00
1.472275950026193714e+00
1.560103807464261694e+00
1.611004385202279288e+00
1.568029225630337198e+00
1.545712159197857316e+00
1.506155198149156549e+00
1.463146985228395369e+00
1.429164229941706887e+00
1.374458139400939194e+00
1.335559784783481252e+00
1.331522023797659493e+00
1.268327688570896949e+00
1.268323265529248456e+00
1.264914681227549131e+00
1.258237217966072352e+00
1.178059092527224072e+00
1.124292844370229805e+00
1.043870880016710911e+00
1.012357810834685123e+00
1.004756024808328929e+00
9.932451042517362882e-01
9.858183273718843509e-01
9.669451558492583310e-01
9.927998919086331586e-01
1.001219273113221675e+00
1.018647702731189764e+00
1.003922205961777614e+00
1.021702919448320923e+00
1.033640554212307716e+00
1.033053788901992176e+00
1.045761497109032989e+00
1.009775962693878038e+00
1.034084037045209792e+00
1.031130118958021091e+00
1.046436057476405335e+00
1.019457313245157426e+00
1.047461450866709498e+00
1.035956016397065804e+00
1.041280551466599924e+00
1.038039814423447282e+00
1.031548784979849476e+00
1.043832838647642980e+00
1.031568269699613571e+00
1.018796836456874466e+00
1.025871316661225441e+00
1.023075056806888039e+00
1.026190097186167494e+00
1.002810677837110420e+00
1.005272775755984727e+00
1.016023945611602475e+00
1.000827017915597139e+00
1.009768784247597084e+00
9.950029702637414042e-01
9.864759969283819485e-01
9.902351858301234877e-01
9.965551040098198365e-01
9.948807550192362292e-01
1.005173920849826485e+00
1.019162810262955965e+00
9.973065855367234667e-01
1.004430937748290953e+00
1.019472718746096573e+00
1.005878094198341843e+00
1.007122383792800502e+00
1.021280102141695068e+00
1.012174648654908138e+00
1.021779287923384016e+00
1.006475893861975113e+00
1.014205848488910044e+00
1.002865453110946437e+00
1.008906198382140129e+00
1.008957150266132752e+00
1.006559840556493279e+00
1.011521933307945931e+00
1.004719814156458169e+00
1.007386985112551869e+00
1.003788010448882329e+00
1.004509852719623675e+00
1.006873545578490070e+00
1.009209665531085820e+00
1.010628274893821787e+00
1.011198950696321042e+00
1.011919893412018379e+00
1.011137378556030475e+00
9.960420081672571868e-01
1.000210734233173637e+00
1.004271083714882273e+00
9.971465050290454490e-01
1.005945855005800471e+00
9.994501589748344683e-01
9.970033871233761058e-01
1.007621319426062811e+00
9.998565402034487182e-01
1.001834090174807068e+00
1.004761558535217425e+00
1.003285996263673541e+00
1.004270603473470524e+00
1.006927054545817990e+00
9.990747679936463621e-01
1.001019414797867713e+00
1.004806638033161725e+00
1.004286539030726289e+00
1.001204104147381146e+00
9.997851451121342325e-01
1.001853194358290011e+00
9.986364708571332516e-01
9.956936741355616460e-01
1.001779267418294816e+00
9.981528422772558695e-01
1.001849855882202434e+00
1.001164906474352856e+00
1.006399523690408859e+00
1.012168808169966461e+00
1.006918115268725433e+00
1.006864557645722913e+00
1.002791105175278030e+00
1.007432624168654423e+00
1.000427082947406454e+00
1.002131464657223248e+00
1.003961664792328623e+00
1.000723333147478078e+00
9.984515184078069927e-01
1.006827782071884503e+00
1.005428126191212801e+00
9.985661635397145020e-01
9.977573301264828221e-01
9.982601904791913450e-01
9.987402064818043934e-01
9.963932833509854259e-01
1.002196382288319088e+00
1.002703263222370689e+00
9.944568844828310938e-01
1.001998387475260266e+00
9.976201254567247378e-01
9.957482306275247108e-01
1.002343793413246864e+00
9.919456596324204289e-01
1.008350506405889968e+00
1.001692207354252684e+00
9.953826903651236124e-01
9.990891609748179247e-01
1.000367775958606265e+00
1.000051169027491804e+00
9.978566233044492417e-01
9.983340954264703360e-01
9.916983649021819947e-01
1.006340538843235377e+00
1.001188728882115742e+00
1.000792573839536015e+00
1.000484755734276865e+00
1.001389130630022661e+00
9.969425115402410498e-01
9.971832486732710166e-01
1.003347903394359975e+00
1.004860636128030338e+00
9.988888923752282656e-01
1.001813959314675762e+00
9.946980097618599581e-01
1.005488347885566514e+00
1.000931013509943401e+00
9.994078974472937471e-01
1.003107251290232593e+00
9.993302806155736073e-01
9.966317662238647346e-01
9.964939331562888691e-01
1.000240359401310952e+00
1.001597837214660336e+00
9.970107008576920560e-01
9.943086378261136726e-01
9.928531330715955061e-01
9.984769139871177979e-01
9.987478651146292075e-01
9.956307685232036464e-01
9.932751386179494713e-01
9.911407969451361266e-01
1.000427751116474751e+00
9.911828970632822200e-01
9.949494223357867595e-01
9.893102095360369885e-01
9.965896919913376228e-01
9.965843437348010925e-01
9.988402203409390001e-01
9.917016932078464020e-01
9.979802513872613190e-01
9.986073525098618786e-01
9.935894556502334884e-01
9.932965794212955668e-01
9.963500169233945325e-01
9.900642474648545521e-01
9.959634211212374799e-01
9.959285656605546544e-01
9.951433619543474940e-01
9.942108261870129526e-01
9.970679030745598359e-01
9.948882591256241748e-01
9.908963282575636855e-01
9.945136977621701346e-01
9.892040493933665912e-01
9.914533375248885116e-01
9.911996713273278914e-01
9.922468349973410096e-01
9.934277033766963916e-01
9.931375751921565076e-01
9.940634869272683138e-01
9.939447872489427516e-01
9.937187524389562432e-01
9.949716592439852292e-01
9.910418223374527491e-01
9.941053899812152261e-01
9.957886620115810050e-01
9.926911457803626604e-01
9.977722860470932265e-01
9.937996853411212861e-01
9.919154007862533984e-01
9.969175906101158668e-01
9.921965685287784664e-01
9.969180392602681184e-01
9.943021802649623098e-01
9.914455913866401238e-01
9.926045029801165986e-01
9.945497576203861101e-01
9.929913133366569111e-01
9.928013879587775925e-01
9.968267092392599782e-01
9.917888530107852318e-01
9.944445228068817810e-01
9.907515634441043106e-01
9.920933351018238477e-01
9.927716533738496496e-01
9.944166490274450876e-01
9.908988882377713914e-01
9.942022827831086262e-01
9.922770375603943149e-01
9.902643722364324885e-01
9.915848633538140167e-01
9.899532932781448524e-01
9.906241547549814452e-01
9.929310716368277001e-01
9.935319746860102885e-01
9.931156853233193971e-01
9.937038267555350357e-01
9.902607518234173289e-01
9.929123703024409497e-01
9.927671086001282896e-01
9.936157350049522607e-01
9.887971187352985192e-01
9.926966042206539775e-01
9.899656686643926173e-01
9.924763853087432697e-01
9.931767279615941746e-01
9.942688093745806199e-01
9.936768925793463270e-01
9.927679376871515471e-01
9.938790180956125209e-01
9.914877496386614864e-01
9.876452394871092499e-01
9.913630338240598805e-01
9.917321952744598823e-01
9.928400678777900001e-01
9.896032082934936858e-01
9.935012134877598822e-01
9.966006047155475667e-01
9.935689806055412188e-01
9.912286231933368219e-01
9.922328674286604588e-01
9.912618825038198578e-01
9.968617202468782468e-01
9.927995887500490335e-01
9.944653798872495898e-01
9.940166070427927103e-01
9.956217319282170131e-01
9.964317876163560905e-01
9.925767749111901184e-01
9.952352715151990825e-01
9.962064758555558841e-01
9.950610473768841668e-01
9.929823521383783769e-01
9.943171023167391986e-01
9.948260600543167298e-01
9.945009155968898007e-01
9.942244788854055493e-01
9.921648124575589422e-01
9.911182113724202880e-01
9.925516911428250433e-01
9.942223651514083826e-01
9.962307976389440656e-01
9.966783058795065653e-01
9.967609154265132387e-01
9.957054304655826860e-01
9.943558896028692473e-01
9.952390077595875129e-01
9.955708870853483550e-01
9.928644490352278584e-01
9.989093778733421081e-01
9.977171479452386915e-01
9.956317069540043807e-01
9.960982594809206780e-01
9.968710160593500236e-01
9.940101347287146893e-01
9.971120114389141476e-01
9.974649043474765886e-01
9.966489703412925172e-01
9.981952187148189770e-01
9.983308267851921380e-01
9.986878073040252879e-01
9.978797003841526347e-01
9.957965893093461140e-01
9.961000911465907048e-01
9.968954059933471390e-01
9.945964116387785436e-01
9.970180091027437408e-01
9.965419696294317564e-01
9.953003234662480825e-01
9.977030998245474125e-01
9.920647465570477941e-01
9.949130033368037695e-01
9.955464309677910517e-01
9.965671508255005140e-01
9.969932879925216263e-01
9.950750807227893846e-01
9.919124113303695589e-01
9.836660081000341282e-01
9.792764738744834663e-01
9.671909613959429608e-01
9.593992117401627384e-01
9.512654589666045268e-01
9.422349447513301834e-01
9.340112281428527563e-01
9.278338778575863088e-01
9.229326350388973310e-01
9.083527066541026151e-01
9.018880398411028843e-01
8.948772479731238461e-01
8.885233867482555947e-01
8.834989904302289476e-01
8.717806264147641704e-01
8.652340727814727961e-01
8.599500074133932248e-01
8.509491745937265428e-01
8.442790528400255790e-01
8.362826921625343690e-01
8.291978753290349946e-01
8.212893436315911178e-01
8.130538248054106631e-01
8.060334141707099498e-01
7.977963117114375002e-01
7.905046509967103008e-01
7.848669180108575061e-01
7.752033717400225177e-01
7.675857571276729630e-01
7.630333719981882146e-01
7.564884098495539000e-01
7.489472238011222194e-01
7.410321582476919744e-01
7.340346074839239066e-01
7.282334304128922353e-01
7.214430645391043395e-01
7.139157042742746428e-01
7.095744546124902463e-01
7.009914723065745479e-01
6.952604232907844128e-01
6.874859392191702279e-01
6.793119667874800705e-01
6.732396023616474823e-01
6.684477307292817638e-01
6.606032739581045865e-01
6.541222196714163717e-01
6.490994310648068311e-01
6.420686453624987466e-01
6.364608048101538795e-01
6.296747216968556771e-01
6.226179504084644600e-01
6.142033173805425683e-01
6.096380814725385067e-01
6.044949093157753195e-01
5.959549976427901408e-01
5.882893059388507595e-01
5.829561140412057307e-01
5.793702484655537388e-01
5.706984530642157383e-01
5.677131908633805679e-01
5.609814930058513172e-01
5.531297322566471886e-01
5.486656453795727417e-01
5.411203798539436782e-01
5.359566916109317347e-01
5.308432981806862072e-01
5.241937162988501431e-01
5.197468633648170133e-01
5.126610815701584389e-01
5.078478974066412688e-01
5.012385950316248229e-01
4.953978793688371129e-01
4.896170147402928441e-01
4.831544951660041720e-01
4.786155976986726790e-01
4.746566554492224754e-01
4.665295161855589345e-01
4.598401506166532315e-01
4.546317957823173272e-01
4.486884357378149724e-01
4.437498475237133810e-01
4.379234847754314153e-01
4.315541525878931473e-01
4.270176827647359508e-01
4.205908899379327548e-01
4.151376941119150343e-01
4.103099075140229091e-01
4.054782266723090389e-01
3.993823196890877170e-01
3.945405419747120002e-01
3.883001994507436216e-01
3.844603698387088486e-01
3.785881508353592939e-01
3.732749869833917322e-01
3.670111758941045910e-01
3.615858629662735968e-01
3.557633635159430097e-01
3.529753345120149044e-01
3.466610222463671342e-01
3.411912995293580053e-01
3.365017076180630839e-01
3.302050334250213881e-01
3.251352096771246147e-01
3.211065465448839640e-01
3.182333920539797134e-01
3.116883749476196952e-01
3.066272988906119656e-01
3.023521037343182560e-01
2.969716361911003966e-01
2.912656939612298101e-01
2.866215195766932400e-01
2.816223343621230280e-01
2.774234219455808947e-01
2.731561924198729341e-01
2.682251682649224866e-01
2.629952302938572961e-01
2.579115905006750809e-01
2.531069460032500107e-01
2.476275152550808656e-01
2.437671037624761783e-01
2.398353605515670117e-01
2.343541687560285747e-01
2.282850014965279728e-01
2.240933198954454253e-01
2.207718422066272945e-01
2.154880488910157488e-01
2.117266906634362456e-01
2.067762137638724795e-01
2.023349033538518194e-01
1.974685099719731551e-01
1.928791767895964293e-01
1.889925560095653823e-01
1.840559921567666568e-01
1.795763704211379708e-01
1.746980096420494843e-01
1.710255297609346026e-01
1.661832533912275811e-01
1.613007556869391901e-01
1.557927447802397725e-01
1.527170219856606725e-01
1.492415073329043940e-01
1.447785085575468700e-01
1.397311287760145682e-01
1.356514237078615404e-01
1.310040232070883714e-01
1.274483669463259972e-01
1.231055447146633536e-01
1.185475198291848914e-01
1.153714096092528923e-01
1.102003426960951743e-01
1.085947378570710220e-01
1.045820126248789006e-01
1.017331592050472605e-01
9.916938290271928857e-02
9.645062757283830168e-02
9.340653853545470564e-02
9.053369970078288531e-02
8.813727360424258861e-02
8.570495378312752155e-02
8.335068135776887988e-02
8.041572270273437961e-02
7.849081655126086132e-02
7.629400536617389483e-02
7.395651583882607849e-02
7.234798080681446864e-02
6.962114944904986003e-02
6.747184802987357677e-02
6.603202918715617153e-02
6.365420696780092757e-02
6.172340227484721109e-02
6.013313338364888877e-02
5.838514800619078876e-02
5.651280644023903843e-02
5.475324108354790581e-02
5.279214421676556995e-02
5.138158953733277384e-02
4.976249885445629961e-02
4.803487273263241236e-02
4.672546937314620702e-02
4.514182554981959611e-02
4.405119370550333868e-02
4.231139405646529988e-02
4.148176704780680291e-02
4.002567720465003559e-02
3.815889285868109132e-02
3.713665368066915162e-02
3.592933336583565423e-02
3.482699294622316338e-02
3.334034119714109068e-02
3.233018764884014462e-02
3.170169571498796662e-02
3.035611509644128500e-02
2.936711332310119882e-02
2.813586020195699491e-02
2.704530900772559449e-02
2.590115024085162115e-02
2.523924142711104351e-02
2.424555172733682679e-02
2.325773251304304873e-02
2.238559702091038467e-02
2.137177650638860324e-02
2.059410822911103556e-02
2.010225434199220881e-02
1.914809105625443417e-02
1.805921401030237058e-02
1.756935482976757987e-02
1.664568022868313790e-02
1.612667898866064833e-02
1.528566883987777028e-02
1.471553032070419854e-02
1.400562526388791224e-02
1.332166651328728010e-02
1.254275079339757515e-02
1.205877840314923712e-02
1.146143099572758360e-02
1.091177437620748786e-02
1.044242634252314991e-02
9.619571347411879150e-03
9.414660079554611205e-03
8.813875630750906895e-03
8.545709585853628054e-03
7.946865418377288548e-03
7.601351230495771022e-03
7.126895727458633541e-03
6.765337096652663043e-03
6.309939319025224293e-03
5.834629044861253631e-03
5.440215297184598960e-03
5.032573392046752088e-03
4.753306740964770988e-03
4.389149893825249234e-03
4.189553772251548673e-03
3.833629643677002180e-03
3.407869295063623277e-03
3.220332123088056470e-03
2.971031288105781699e-03
2.847046834387811660e-03
2.498572895095009083e-03
2.217671644900611697e-03
2.115570477647407514e-03
1.914051389762549222e-03
1.661612037570705906e-03
1.452504650840924418e-03
1.348587597464699726e-03
1.192678381320901471e-03
1.045294138352380765e-03
8.736494288356498215e-04
8.158193621472448805e-04
6.841070640487422090e-04
5.338281192923962455e-04
4.629144633631360889e-04
3.749997184332912572e-04
3.023157698521224210e-04
1.798835718424897953e-04
1.483520724622495036e-04
1.016031302759902140e-04
7.052921145482241732e-05
3.244625571231970747e-05
1.347545064829058789e-05
8.059104488259338436e-06
0.000000000000000000e+00
0.000000000000000000e+00
0.000000000000000000e+00
0.000000000000000000e+00
0.000000000000000000e+00
0.000000000000000000e+00
0.000000000000000000e+00
0.000000000000000000e+00
0.000000000000000000e+00
0.000000000000000000e+00
0.000000000000000000e+00
0.000000000000000000e+00
0.000000000000000000e+00
0.000000000000000000e+00
0.000000000000000000e+00
0.000000000000000000e+00
0.000000000000000000e+00
0.000000000000000000e+00
0.000000000000000000e+00
0.000000000000000000e+00
0.000000000000000000e+00
0.000000000000000000e+00
0.000000000000000000e+00
0.000000000000000000e+00
0.000000000000000000e+00
0.000000000000000000e+00
0.000000000000000000e+00
0.000000000000000000e+00
0.000000000000000000e+00
0.000000000000000000e+00
0.000000000000000000e+00
0.000000000000000000e+00
