0.000000000000000000e+00
0.000000000000000000e+00
0.000000000000000000e+00
0.000000000000000000e+00
0.000000000000000000e+00
0.000000000000000000e+00
0.000000000000000000e+00
0.000000000000000000e+00
0.000000000000000000e+00
0.000000000000000000e+00
0.000000000000000000e+00
0.000000000000000000e+00
0.000000000000000000e+00
0.000000000000000000e+00
0.000000000000000000e+00
0.000000000000000000e+00
0.000000000000000000e+00
0.000000000000000000e+00
0.000000000000000000e+00
0.000000000000000000e+00
0.000000000000000000e+00
0.000000000000000000e+00
0.000000000000000000e+00
0.000000000000000000e+00
0.000000000000000000e+00
0.000000000000000000e+00
0.000000000000000000e+00
0.000000000000000000e+00
0.000000000000000000e+00
0.000000000000000000e+00
0.000000000000000000e+00
4.474197656693788827e-03
5.431723958609150499e-02
2.540937644564016940e-01
5.620762489406495588e-01
9.698524548128384382e-01
1.280931334281774303e+00
1.459538633072078539e+00
1.542531708645914712e+00
1.564137826988686975e+00
1.534492503786188955e+00
1.529847415714913117e+00
1.492360000347123794e+00
1.462077474839653224e+00
1.405385323229602745e+00
1.384047770050293336e+00
1.322949964867426553e+00
1.296594587404017007e+00
1.275621204489439720e+00
1.263630035890243253e+00
1.259881663299714072e+00
1.216452641093135556e+00
1.169191336471261167e+00
1.118614544569056513e+00
1.040688533820942396e+00
1.018049667826166571e+00
9.871466625492150149e-01
9.682950401200943746e-01
9.920582204430881124e-01
9.973871643080317595e-01
9.869890159424541398e-01
9.939808431584338244e-01
1.016984860113459010e+00
1.009599723859130993e+00
1.016546239441570521e+00
1.020929450150370510e+00
1.034013147315395509e+00
1.029838274022781830e+00
1.024154554738967438e+00
1.031378977224904903e+00
1.037509455155138927e+00
1.046570172273336041e+00
1.032778117285237052e+00
1.024591263382878648e+00
1.024345130114394431e+00
1.021295987113299830e+00
1.031010642489340823e+00
1.016460037972826580e+00
1.011012810441416665e+00
1.019457769895119270e+00
1.020164244910369167e+00
1.013690809333740672e+00
1.009587943545887434e+00
1.022631916892702275e+00
1.000245203298761432e+00
9.995966746313470486e-01
1.003777185060494626e+00
9.983174049592423716e-01
9.926722607529115949e-01
9.896295540917985356e-01
9.910234001692044270e-01
1.004031722165978691e+00
9.829993004530810374e-01
9.946664947188588179e-01
9.946845645674000647e-01
1.006242163603732864e+00
9.966081895395456636e-01
1.002065272915436678e+00
9.941777253486302479e-01
9.972697496089594216e-01
9.981150758237590237e-01
1.008049022452732535e+00
1.005607117381565052e+00
9.962481811677555976e-01
9.928161428555140056e-01
1.001700511908423685e+00
1.000592696453201258e+00
1.006386290114429594e+00
1.001005095329808636e+00
1.006247687346107034e+00
1.004480397767086197e+00
9.989332147462672840e-01
1.009587635622311685e+00
9.989015867141119998e-01
9.960399419146327427e-01
1.004366204087218772e+00
9.997295061752669021e-01
9.913939028608995674e-01
9.970350191354183655e-01
9.886213919950096463e-01
9.998943825364302596e-01
9.990036657289087518e-01
1.001695623520530987e+00
9.960862329331904297e-01
1.000596513037208535e+00
9.998281213798876355e-01
9.896535272577753339e-01
9.964391115459937387e-01
9.999987565261431177e-01
9.879339861653939625e-01
9.911808966882396099e-01
9.936621441497371920e-01
9.920651741771523424e-01
1.000120037330551437e+00
9.923078880924915968e-01
9.872765800193611385e-01
9.964364038992512551e-01
1.000547627712949250e+00
9.950537217916207711e-01
9.968796859025121915e-01
9.915979748657960391e-01
9.941948455270203100e-01
9.940985770204427974e-01
9.948869567199000175e-01
9.957710049885249992e-01
9.941008367198881368e-01
9.925583652327854001e-01
9.924261084292065327e-01
9.890015189377893146e-01
9.852585478089480597e-01
9.926552463140391191e-01
9.932688907930005140e-01
9.944860291107124883e-01
9.900212552743438144e-01
9.954607134359744203e-01
9.951279615891851504e-01
9.972323883776782472e-01
9.941780342234853851e-01
9.943294757000655792e-01
9.947748668999533139e-01
9.893647654492552235e-01
9.945659874370135212e-01
9.956069411717795026e-01
9.996143201067776429e-01
1.001810228037085748e+00
9.956506843183510203e-01
9.958987164301644768e-01
9.923084035355308474e-01
9.970569594993888840e-01
9.978326118545962631e-01
9.912844989645109850e-01
9.911956983309234692e-01
9.970565711509145057e-01
9.927553803942691379e-01
9.882514784504664584e-01
9.939093007874519881e-01
9.877547862333111439e-01
9.913448112960477898e-01
9.983084238982753433e-01
9.920497504812388900e-01
9.925875277232490967e-01
9.945565472625871317e-01
9.945566572474273670e-01
9.942339804373891976e-01
9.947226938321395151e-01
9.956195213885694617e-01
9.957820904620872104e-01
9.926301633769158972e-01
9.961979446962967444e-01
9.917795391932674454e-01
9.951628859398697902e-01
9.941004138204223572e-01
9.948311217115184402e-01
9.979655910350464509e-01
9.916392397744240306e-01
9.957464024606847985e-01
9.969237523815454027e-01
9.904174992848769898e-01
9.925205089054245366e-01
9.967112873799084394e-01
9.949837099389474693e-01
9.945450427814177541e-01
9.952824846101115952e-01
9.944977041365896664e-01
9.973637801640745648e-01
9.952989730388498435e-01
9.925705338183421489e-01
9.980660662786592363e-01
9.928519295225350927e-01
9.926561938161125864e-01
9.898604012604199642e-01
9.940971576580628355e-01
9.916833908291768918e-01
9.954750001412193683e-01
9.974902302627194350e-01
9.953363481458409323e-01
9.935074944958431908e-01
9.933739307997108137e-01
9.925502077949693858e-01
9.933731320295480227e-01
9.933114497531886355e-01
9.969972519005336764e-01
9.943196721135973970e-01
9.956907297386593525e-01
9.948227471691128976e-01
9.980212439274392944e-01
9.942343844818383181e-01
9.931083214073278542e-01
9.972491189282697288e-01
9.941539432575542401e-01
9.930546977163491329e-01
9.963536181472710807e-01
9.957177914266879259e-01
9.955699368118127168e-01
9.955312314901743065e-01
9.939916517220100944e-01
9.935354568692413846e-01
9.923795996737611036e-01
9.973564103194967334e-01
9.949456900750763833e-01
9.956345632968149895e-01
9.967464043101259552e-01
9.924571765764691467e-01
9.933196207933231436e-01
9.979796904305612282e-01
9.957083875099659309e-01
9.948068623851681336e-01
9.937256808630648974e-01
9.942833121403172880e-01
9.978724803366298968e-01
9.980255083187560272e-01
9.943001174036826262e-01
9.903612617986271571e-01
9.946964786903031985e-01
9.930801426023858625e-01
9.951940569299599915e-01
9.919500242104135612e-01
9.965297247519948609e-01
9.954073273040620062e-01
9.945971898378114240e-01
9.952246229702907954e-01
9.936208352301850733e-01
9.949021604573651256e-01
9.918658488291826059e-01
9.891154236880093098e-01
9.948086336321286804e-01
9.984796151212335102e-01
9.984596972646914148e-01
9.928317150734743413e-01
9.953946138913937203e-01
9.968283319826382050e-01
9.941273990962851137e-01
9.973171534669740268e-01
9.941010359974720156e-01
9.949256135125604805e-01
9.958515371663364535e-01
9.953442859574652690e-01
9.957542742411973347e-01
9.970045728282348474e-01
9.948583078899854160e-01
9.980389917092739038e-01
9.988220778727687765e-01
9.996717919679812825e-01
9.952367323981674563e-01
9.985187679378848546e-01
9.926129844647343381e-01
9.955237232057400076e-01
9.967916189917097602e-01
9.934674423807704491e-01
9.926674037262024353e-01
9.948941389463967777e-01
9.969022147378839849e-01
9.939456181004499014e-01
9.996491960372112517e-01
1.000113632361076865e+00
9.963012942346451961e-01
9.984769810771519927e-01
9.952834901335568807e-01
9.958206661932897941e-01
9.937889128871069122e-01
9.959300454696166094e-01
9.910289648141132890e-01
9.996668666858228303e-01
9.979992089675231437e-01
9.970501311741303274e-01
1.001328634722243427e+00
9.956706010608962210e-01
9.987009821892315342e-01
9.967979644378242021e-01
9.989275467453720969e-01
1.000860277169798973e+00
9.979431685722984779e-01
9.955674318689303748e-01
9.956897465366525424e-01
9.992778362321814711e-01
9.982028599997105900e-01
9.976090452108372642e-01
9.940180799493835151e-01
9.995123833593113627e-01
9.991471962656950367e-01
9.978161898206396874e-01
1.000530036759500030e+00
9.962755183027958150e-01
9.980885714539394771e-01
1.000427981493303697e+00
9.990901906015251521e-01
9.987175362816053115e-01
1.000120342134715345e+00
9.964459166809024326e-01
1.000989026279514693e+00
9.990273688315933764e-01
9.996910574169362018e-01
9.960501616145950310e-01
9.969058320077326396e-01
9.945559668225592009e-01
9.975808262347324318e-01
9.997046658733930169e-01
9.985326518627180015e-01
9.983257302642275510e-01
9.968149584299206278e-01
9.985037636961761054e-01
9.986621787707816722e-01
9.991569183292677847e-01
1.000671002460307601e+00
1.000706071828846300e+00
1.000400665685828194e+00
9.971237166939782570e-01
9.977991474744899447e-01
9.992490400535110062e-01
9.988486354136375533e-01
9.992622017314612970e-01
9.977005698031669034e-01
9.982679625466246431e-01
9.984576773677312778e-01
1.000075167600581905e+00
9.949459172997415779e-01
1.000494583387080416e+00
9.955118434059648802e-01
9.868912624657875110e-01
9.815908867260076942e-01
9.684869677594724058e-01
9.652818588185730908e-01
9.548563997973632533e-01
9.461360313365538843e-01
9.389852303477628226e-01
9.275037051058745430e-01
9.213431625900632138e-01
9.127550947147068383e-01
9.069703986228155879e-01
8.969673124988604140e-01
8.902659109304879026e-01
8.825545257377088726e-01
8.784179923525785583e-01
8.684765243411273206e-01
8.590498527035036469e-01
8.528260896355943643e-01
8.437891188284724064e-01
8.371149730439753078e-01
8.338227150591365211e-01
8.216962927565442110e-01
8.141535256978558177e-01
8.105949331675126324e-01
8.000663248727025723e-01
7.949356118927893844e-01
7.884405122165085711e-01
7.802944874995146884e-01
7.713030171039901850e-01
7.652983841267236853e-01
7.582546028425053430e-01
7.530109033723022538e-01
7.453763644446682601e-01
7.354256661306831644e-01
7.305435535784887691e-01
7.222761076803262403e-01
7.159285670177754080e-01
7.104328540103147516e-01
7.029174389127141875e-01
6.939468682010980771e-01
6.902017627808674227e-01
6.833290443650040791e-01
6.747575253528330652e-01
6.675806138236120013e-01
6.629499841977478658e-01
6.533036573328946384e-01
6.468963747197628011e-01
6.408059802531755889e-01
6.350094334113539629e-01
6.279374734571937511e-01
6.220609140173164464e-01
6.140264436649953694e-01
6.087259503560563667e-01
6.013317264447796129e-01
5.952182991987096106e-01
5.896622623745079173e-01
5.834352407531657736e-01
5.777894631081867960e-01
5.736302997053627228e-01
5.663810731054955694e-01
5.588863983637947230e-01
5.535604164641461100e-01
5.471120834534254351e-01
5.408378264974709193e-01
5.332105187368122445e-01
5.293700263431830866e-01
5.223605259557816405e-01
5.182575477846156353e-01
5.104359200762346171e-01
5.049186433660158846e-01
4.989096917002347475e-01
4.948618191513273201e-01
4.864915464354997998e-01
4.818418599638049638e-01
4.755757359140160845e-01
4.697675166034981364e-01
4.634016375231259088e-01
4.582308812056302694e-01
4.536977022138244942e-01
4.475220875424533729e-01
4.429450871221748409e-01
4.339193445869040100e-01
4.312016571166260026e-01
4.245477889338288291e-01
4.188775243781172053e-01
4.159419251547911145e-01
4.088073178358149762e-01
4.014365265266328642e-01
3.968582956727420008e-01
3.939814676611574362e-01
3.870140824727533180e-01
3.820874790937017207e-01
3.763711226895242734e-01
3.715811800280398591e-01
3.663978482896061983e-01
3.613728156606441644e-01
3.568149726356044105e-01
3.504582415670811635e-01
3.453386363461694586e-01
3.391067652794408915e-01
3.361312829157993565e-01
3.291087018572649847e-01
3.260896928247213888e-01
3.204815290386415771e-01
3.138617943087590456e-01
3.100098515834559532e-01
3.046511232883104547e-01
3.000463623361203092e-01
2.946825710545499244e-01
2.904510561483245046e-01
2.867430862409929282e-01
2.796600495970601452e-01
2.745970185774180838e-01
2.716790602136104904e-01
2.658997051631385999e-01
2.617616065933419112e-01
2.567003464773898735e-01
2.516823235018000871e-01
2.475946011368920230e-01
2.415556598675164535e-01
2.379874161236836538e-01
2.319557413978115545e-01
2.284691435219842193e-01
2.239370513213943537e-01
2.193994527571980491e-01
2.143028311759830884e-01
2.094660684490003699e-01
2.061582565842085824e-01
2.017041350476631023e-01
1.969556971206552765e-01
1.919123724356160687e-01
1.871651381006937676e-01
1.829674405437282381e-01
1.791402147089796448e-01
1.752735384713412226e-01
1.701956246901035474e-01
1.649771393352029158e-01
1.602792634276120343e-01
1.569174105988082324e-01
1.523228097628484823e-01
1.478242480596465291e-01
1.435165035425685354e-01
1.391956165528409062e-01
1.362361037175503498e-01
1.315609813176007170e-01
1.268841667801238471e-01
1.225251528816860142e-01
1.190135666188678748e-01
1.147965243442698874e-01
1.116142503843166600e-01
1.083174092307432473e-01
1.048021701611216577e-01
1.021339907368044309e-01
9.920128178540435493e-02
9.621134430444398811e-02
9.390449188892979748e-02
9.087425254158655596e-02
8.826392455209773613e-02
8.536713581447812060e-02
8.296518906154497219e-02
8.059255269694166890e-02
7.871211066528753519e-02
7.659716663866449060e-02
7.388878699491931157e-02
7.198368522135678571e-02
6.995425616697650839e-02
6.739724113569481312e-02
6.587948764366398369e-02
6.430870060440557756e-02
6.242898985161830089e-02
6.044075646381151523e-02
5.893484916227238052e-02
5.669594871197448233e-02
5.509972167819880001e-02
5.346930469472516156e-02
5.166352235763996270e-02
4.984217590400334685e-02
4.881416365235474730e-02
4.714916026550606404e-02
4.587448592546897186e-02
4.425208379255877317e-02
4.290070578784874189e-02
4.140470022424353608e-02
4.022810115045645507e-02
3.887421465849610208e-02
3.802370505990392696e-02
3.613205324160594784e-02
3.476933490561028017e-02
3.380971520030819771e-02
3.273495649049566747e-02
3.174726834068816034e-02
3.088191685403368289e-02
2.946703876877741768e-02
2.856975782338070854e-02
2.773695332614036640e-02
2.639271163729868877e-02
2.551450635335571898e-02
2.465462260299072089e-02
2.322949591034703665e-02
2.268691567182067048e-02
2.173309380100755736e-02
2.097032083563368787e-02
2.013240119067422063e-02
1.943138592453363955e-02
1.854416936968015031e-02
1.777928503209548136e-02
1.687501053050513219e-02
1.637750883024022275e-02
1.579295338186978079e-02
1.490593757211220068e-02
1.413179042532799329e-02
1.371153776397599985e-02
1.301606601216234380e-02
1.228877509960933818e-02
1.188429957507151045e-02
1.127177385386058175e-02
1.060548932275124506e-02
1.016546951384770733e-02
9.643144188932310096e-03
9.314847725761301114e-03
8.632599323453218551e-03
8.116704143444704658e-03
7.737078330648819620e-03
7.182250150987483199e-03
6.975424817931008548e-03
6.396817838936402073e-03
6.103035905159446238e-03
5.726539341895618695e-03
5.277114585225786518e-03
4.972211720968067183e-03
4.584541421647188655e-03
4.269249018144191145e-03
4.050093037746377474e-03
3.657661283969021460e-03
3.400163188930908995e-03
3.113351458534008385e-03
3.000455415356641405e-03
2.539661818170532107e-03
2.392933746547626535e-03
2.115155084400382589e-03
1.912634176351060570e-03
1.679142165883342006e-03
1.425409896451617893e-03
1.462208984261197066e-03
1.228735393944520131e-03
1.043686124618861720e-03
9.215387446014419856e-04
7.862188401351546821e-04
6.703550453794681696e-04
5.432188506052384146e-04
4.215259645522074876e-04
3.594666743079743838e-04
2.895643169083021934e-04
2.164635218508745426e-04
1.647766563737467730e-04
1.424622554469007121e-04
7.054725598422531335e-05
4.778031990547872805e-05
1.527608470800671629e-05
5.374110911959128666e-06
0.000000000000000000e+00
0.000000000000000000e+00
0.000000000000000000e+00
0.000000000000000000e+00
0.000000000000000000e+00
0.000000000000000000e+00
0.000000000000000000e+00
0.000000000000000000e+00
0.000000000000000000e+00
0.000000000000000000e+00
0.000000000000000000e+00
0.000000000000000000e+00
0.000000000000000000e+00
0.000000000000000000e+00
0.000000000000000000e+00
0.000000000000000000e+00
0.000000000000000000e+00
0.000000000000000000e+00
0.000000000000000000e+00
0.000000000000000000e+00
0.000000000000000000e+00
0.000000000000000000e+00
0.000000000000000000e+00
0.000000000000000000e+00
0.000000000000000000e+00
0.000000000000000000e+00
0.000000000000000000e+00
0.000000000000000000e+00
0.000000000000000000e+00
0.000000000000000000e+00
0.000000000000000000e+00
0.000000000000000000e+00
