0.000000000000000000e+00
0.000000000000000000e+00
0.000000000000000000e+00
0.000000000000000000e+00
0.000000000000000000e+00
0.000000000000000000e+00
0.000000000000000000e+00
0.000000000000000000e+00
0.000000000000000000e+00
0.000000000000000000e+00
0.000000000000000000e+00
0.000000000000000000e+00
0.000000000000000000e+00
0.000000000000000000e+00
0.000000000000000000e+00
0.000000000000000000e+00
0.000000000000000000e+00
0.000000000000000000e+00
0.000000000000000000e+00
0.000000000000000000e+00
0.000000000000000000e+00
0.000000000000000000e+00
0.000000000000000000e+00
0.000000000000000000e+00
0.000000000000000000e+00
0.000000000000000000e+00
0.000000000000000000e+00
0.000000000000000000e+00
0.000000000000000000e+00
0.000000000000000000e+00
3.670536333240413196e-04
4.473566334530119752e-03
5.818883064352542434e-02
2.303255553281262913e-01
6.133483686694534143e-01
9.648385784853119596e-01
1.275880817073714368e+00
1.471716376338336074e+00
1.530795650795181873e+00
1.585364628660539843e+00
1.586945157996386468e+00
1.557587226903767608e+00
1.517481746725519054e+00
1.501030046234340443e+00
1.447261584626811093e+00
1.394243741056892416e+00
1.326079676434458010e+00
1.332885508077915837e+00
1.297651830429295217e+00
1.289651703833609719e+00
1.259034404885813085e+00
1.240614340919054426e+00
1.178194222720567952e+00
1.101873720094320497e+00
1.049049046323924594e+00
1.019790618644894620e+00
9.938534199053304929e-01
1.002654347456067851e+00
9.825388684533983286e-01
9.919414147638176971e-01
9.895552360689072735e-01
1.009188781846260818e+00
1.018240041999740386e+00
1.033508093921855053e+00
1.031751854894243703e+00
1.034873426406448083e+00
1.033017850828805706e+00
1.048729427293098260e+00
1.041330375499127658e+00
1.036676990619483485e+00
1.046569407687122810e+00
1.045286970158124440e+00
1.039518770778681489e+00
1.028808190061455852e+00
1.038597356563779384e+00
1.050325935700807456e+00
1.033957701063002554e+00
1.036727088252729079e+00
1.023670888494102149e+00
1.031956742292140516e+00
1.018175966046821257e+00
1.008046906680878596e+00
1.027256280434224678e+00
1.020675480817443859e+00
1.022390240969374364e+00
1.012488350686943539e+00
1.010618234811345273e+00
1.010263485086342117e+00
1.016162872621464874e+00
9.976322855309535109e-01
9.974294159537999693e-01
9.949169138028569614e-01
1.007484991923843776e+00
9.986275247671781985e-01
1.000318219786102025e+00
9.994729709833081177e-01
1.000391243385487794e+00
1.007958699058300711e+00
1.013817532653521480e+00
1.016823960105928126e+00
1.008421221766502063e+00
1.009597235228613998e+00
1.010275595169578988e+00
1.016413564738988251e+00
1.007373100269141730e+00
1.014843749271109541e+00
1.007526625949293209e+00
1.011031282100208317e+00
1.012553745477601908e+00
1.004824112146175619e+00
1.013287993614355509e+00
1.001841129131409103e+00
9.987336695599929870e-01
1.008727569135356550e+00
1.007464177010592543e+00
1.003712530556646776e+00
1.004821757074136679e+00
1.003398279643663571e+00
9.960675207652828211e-01
9.967078852316033633e-01
1.004221623370133765e+00
1.004344986402152529e+00
9.995290086016905828e-01
1.013274653572342032e+00
1.000058774508767234e+00
1.002267076112647981e+00
1.000482401367242202e+00
1.005226105360504496e+00
1.004200545097889918e+00
9.994214479615319835e-01
1.006861602281418966e+00
1.003988168112470714e+00
9.964960954868710141e-01
1.003600224574505262e+00
1.007476714471783996e+00
1.001328242568603644e+00
1.006375873981476987e+00
1.007432484035486464e+00
1.000093673547415296e+00
1.005600563516186208e+00
1.008168607902605318e+00
1.009796388324426086e+00
1.003896880926965052e+00
1.000699864750689727e+00
1.004020230037344641e+00
9.967672253008869054e-01
9.936593523818926244e-01
1.000259521350542746e+00
1.006778209963128390e+00
9.960437376635310480e-01
1.002555966486168071e+00
1.000686704478169542e+00
9.996317311393484450e-01
9.923163368920555616e-01
1.001013926378228058e+00
9.993230961905830156e-01
9.982488963091660228e-01
9.964743223235681402e-01
1.000659333958423991e+00
9.987016302362691222e-01
9.985972444733618447e-01
1.003996248664219326e+00
9.959190722395830919e-01
9.926263393934753321e-01
9.950058839015464285e-01
9.929045391520628927e-01
9.995151660629633117e-01
9.955154952317395445e-01
9.894232833137704963e-01
9.950769446653602301e-01
9.950680437255954303e-01
9.976388049289107718e-01
9.946206933531631655e-01
9.990927495673069814e-01
1.002264606623405552e+00
1.003436891160416122e+00
1.000221355038709126e+00
9.969059946538515460e-01
1.001897224288360144e+00
9.999009220404819764e-01
1.003609989315950024e+00
1.000967562897100427e+00
1.004822885667173926e+00
1.000563859436605529e+00
9.968896253700942900e-01
1.000381407652444432e+00
1.004644406162655379e+00
1.001542848753854020e+00
1.001420017523766859e+00
9.974783081124557471e-01
9.939873953175992760e-01
9.987370519809658509e-01
1.000643779707425907e+00
1.001737348600465261e+00
1.000742634695170663e+00
1.001690341709544851e+00
9.993389603084938955e-01
9.997151350397845970e-01
1.000327686318649212e+00
9.990244952801446976e-01
1.004204267545237395e+00
9.993920821586398384e-01
9.977652251694677510e-01
1.000113020412693787e+00
9.998523271629388143e-01
1.001675997497761372e+00
9.991091986856031060e-01
1.004412840840992693e+00
9.986189172441503059e-01
1.003494203440079113e+00
9.971884292185901888e-01
1.003193908602935558e+00
9.975629903873640680e-01
9.962185383977704145e-01
1.002626423635605502e+00
1.000218097318851251e+00
1.001337501088324755e+00
1.000242956409654216e+00
9.972381669975474150e-01
9.998598566314285119e-01
9.985231556321263469e-01
1.001123157549264509e+00
9.980145188421302160e-01
9.984214228444996397e-01
9.985850030653515841e-01
1.000042791100535844e+00
9.999649261129278655e-01
9.911141858514543879e-01
9.994628977735442454e-01
9.948370556072564375e-01
9.977800072982562218e-01
1.000609605268338864e+00
1.004490798324455536e+00
1.000289673081434128e+00
9.958813380496950307e-01
9.984508501704381089e-01
9.981879063841646582e-01
1.001054151870594655e+00
1.002330499826430410e+00
1.002038537798879192e+00
9.994673858087621543e-01
1.001120031206616634e+00
1.000766170911110198e+00
9.971476170145461282e-01
9.999752667692004549e-01
1.001913634053647195e+00
9.999155402538069115e-01
9.979281107206087187e-01
1.001475620403367239e+00
1.002301206567273173e+00
9.976942168833262681e-01
1.002193128110731468e+00
1.000173063402601148e+00
1.001023114265651826e+00
1.005102984343518191e+00
1.002518286815424986e+00
9.978463811014529616e-01
1.000658519221444998e+00
1.001751844308589323e+00
9.960085725853710104e-01
9.971473684872542709e-01
9.993981907507581974e-01
1.000148671924820265e+00
9.945292687579730950e-01
9.975616825701723034e-01
9.990185199409497008e-01
9.998628933554987164e-01
9.978034124737835686e-01
9.961873335969073651e-01
1.002649852474291503e+00
9.999918766856380481e-01
9.979804550003216201e-01
9.980685759804989177e-01
9.940292424015794159e-01
9.991630683854527684e-01
9.970562467691004294e-01
9.960971606376221033e-01
9.968332495379673697e-01
9.981846969873516828e-01
9.975548611621420925e-01
1.000029165341222326e+00
9.981855669968824341e-01
9.987391414271993284e-01
1.002608097767765827e+00
9.982259923064648044e-01
9.955982423062947895e-01
9.921465849984655305e-01
9.975722598422830378e-01
9.983613469353229686e-01
9.962799173289832444e-01
9.971290293891089673e-01
9.984815722825872708e-01
9.962520452764231926e-01
9.955875856856255535e-01
9.997638372288285558e-01
9.933958596691488951e-01
9.963900339901511360e-01
9.993099953452857509e-01
9.956609906700314427e-01
1.000390746415651400e+00
9.966971074914916517e-01
9.961821543097489906e-01
9.995108836627173421e-01
9.982884278741418482e-01
9.946591760613746613e-01
9.955197767568206846e-01
9.933018420118746583e-01
9.928865284846063455e-01
9.950821633956186130e-01
9.924410867424290350e-01
9.957177953385302205e-01
9.960779174046859863e-01
9.988747746422028673e-01
9.931309979856375314e-01
9.942757963320724146e-01
9.928680950396104876e-01
9.964558222819037692e-01
9.961779388651934575e-01
9.952779656040097178e-01
9.963768626585172150e-01
9.969839224079877216e-01
9.942604221985670288e-01
9.931504366777929027e-01
9.951513336372564966e-01
9.921762355653742649e-01
9.950461138852085829e-01
9.951842901011698217e-01
9.971774822465707677e-01
9.914922002773490783e-01
9.934060920718364995e-01
9.956038320377985640e-01
9.934811962844305455e-01
9.962462911572357305e-01
9.966884090579124500e-01
9.943759569349447380e-01
9.940604442591806089e-01
9.944307707976177690e-01
9.958285332660289368e-01
9.947814357591724388e-01
9.927339088864555183e-01
9.943218828714012192e-01
9.948787042533208114e-01
9.942010911500809289e-01
9.940904207430458772e-01
9.975580617030379571e-01
1.000196570962190279e+00
9.982885110686416930e-01
9.988234342327604320e-01
9.957621720237329610e-01
9.971505514589695807e-01
9.936953054851227485e-01
9.957411668249388503e-01
9.934441578947700302e-01
9.971472045244951232e-01
9.977765290781216434e-01
9.966699215968177761e-01
9.974676983776215033e-01
9.943614060069085880e-01
9.862365536983470626e-01
9.765484090922279536e-01
9.680849250596622602e-01
9.627677600579789274e-01
9.522789131921788330e-01
9.438445584351821127e-01
9.408163960901574363e-01
9.307035468054511984e-01
9.222402312633848354e-01
9.137994998606309149e-01
9.023485845065198907e-01
8.980588056934770691e-01
8.888467074638884968e-01
8.845752022620515520e-01
8.737362344213756016e-01
8.667481834163344168e-01
8.603432600742856318e-01
8.537568380838257420e-01
8.455201744109124284e-01
8.372221021550819708e-01
8.283514612428970469e-01
8.201268833972364947e-01
8.107035533115538595e-01
8.065552390557452211e-01
8.008940441592629078e-01
7.930774010613571567e-01
7.838436211387181940e-01
7.783208403988388646e-01
7.706752708178903344e-01
7.647014500520732394e-01
7.561815109529005374e-01
7.494090298635716074e-01
7.440664088026325285e-01
7.362331246952318331e-01
7.298951866452537685e-01
7.214331933451122447e-01
7.118077947811722872e-01
7.079071786841480973e-01
7.000270959423179340e-01
6.938078876283432228e-01
6.871153725348901897e-01
6.784270639739705677e-01
6.739640237357505947e-01
6.660417046775440886e-01
6.580526895604642545e-01
6.538385962500299353e-01
6.465984787897885999e-01
6.395733430495638139e-01
6.338390239310649488e-01
6.269111403261244941e-01
6.201232226131319081e-01
6.135447439025493166e-01
6.094445685426606030e-01
6.017833028491708092e-01
5.943255421777388081e-01
5.867330800518234524e-01
5.833449661478661286e-01
5.751899439267682546e-01
5.689765073133185025e-01
5.647867766044347704e-01
5.594665504239971776e-01
5.508898572442331165e-01
5.452832510708895963e-01
5.384165681707809847e-01
5.326072937943190366e-01
5.280234758884069235e-01
5.237990408898676176e-01
5.179015025050608401e-01
5.094290089675574951e-01
5.044905122800075192e-01
4.993711969268785911e-01
4.927871974352551754e-01
4.857245708973031983e-01
4.797124215437794659e-01
4.736337824992666867e-01
4.685455264906486783e-01
4.632801777018598632e-01
4.570661218754957789e-01
4.521747898608717287e-01
4.471128313759898942e-01
4.400073365465977937e-01
4.338563494494628303e-01
4.286823003551877842e-01
4.245036510173565980e-01
4.186719252765979671e-01
4.129109907022234793e-01
4.068657641070600461e-01
4.009376960208671514e-01
3.960434953702207106e-01
3.911838729451633245e-01
3.859952198474448370e-01
3.825372107700336644e-01
3.750745815261096183e-01
3.709491486617876310e-01
3.668764927741680060e-01
3.611491430677561398e-01
3.551131741884941961e-01
3.493505071083110036e-01
3.438986936782789106e-01
3.401112305952996295e-01
3.356891280091819363e-01
3.286191170239576853e-01
3.259454519063397782e-01
3.188457989175220164e-01
3.157268139816701846e-01
3.110390403959367722e-01
3.047394996037065540e-01
2.990584851140436484e-01
2.941482771853920486e-01
2.891679289664100816e-01
2.848621358126567360e-01
2.813184699839655911e-01
2.750395582092761693e-01
2.711522625167962497e-01
2.665382480505112950e-01
2.616957324065704582e-01
2.563137709854497182e-01
2.522630180289938684e-01
2.458421193548124550e-01
2.418930021632397787e-01
2.386324379272944385e-01
2.328646411249093995e-01
2.291779070392956363e-01
2.234414874071555812e-01
2.205111384223162607e-01
2.150204948842264485e-01
2.104213598519197037e-01
2.061929114794766871e-01
2.008922405889835561e-01
1.964379320367665716e-01
1.928454922514385717e-01
1.879724451287492770e-01
1.839422660594026426e-01
1.789947830645132743e-01
1.758978243833124733e-01
1.705445807850814177e-01
1.656255684699246555e-01
1.611509648314661536e-01
1.573842638119142268e-01
1.532712392629114184e-01
1.494358929741594066e-01
1.446308757590933913e-01
1.401315793427814482e-01
1.355828019938540574e-01
1.314504564598918956e-01
1.268783860987495737e-01
1.234201996552691805e-01
1.191972284682744770e-01
1.148295767412398638e-01
1.121010001577063681e-01
1.084407930458652081e-01
1.056266495144338180e-01
1.024052285097954706e-01
9.928908971226294011e-02
9.612106209340627594e-02
9.349754600560428175e-02
9.107170355621867219e-02
8.835427203510047567e-02
8.590423220631882018e-02
8.353620718673984702e-02
8.120738706899982562e-02
7.878704522628333928e-02
7.623973410151274610e-02
7.421361248353292028e-02
7.190973621248776537e-02
6.993690913502313700e-02
6.768067815097539297e-02
6.571067292113645653e-02
6.364549392949608864e-02
6.151080960915677326e-02
5.978059189489315361e-02
5.827979201979884699e-02
5.604728356199855516e-02
5.495414153033430921e-02
5.298245516560907281e-02
5.189378756743488058e-02
4.977418334101956637e-02
4.839763100622541947e-02
4.671184676876318637e-02
4.526165588089063607e-02
4.370296763115682354e-02
4.257670563392999125e-02
4.080973334638994532e-02
3.941070934438334339e-02
3.813426252408701894e-02
3.712704111655460576e-02
3.571115975346567106e-02
3.452917738628440147e-02
3.360142428804276798e-02
3.224731695523998937e-02
3.144086559610730774e-02
2.955211891609374128e-02
2.901102731711090177e-02
2.790892703449769988e-02
2.704393656635583482e-02
2.613485073194589045e-02
2.486230499846346989e-02
2.382228280772240997e-02
2.298694312645019333e-02
2.231125593339998089e-02
2.122533968124213147e-02
2.049502079405173330e-02
1.983825302608320518e-02
1.873979263124954733e-02
1.803322494952120519e-02
1.732402237146941568e-02
1.672045962581541340e-02
1.595447225772416572e-02
1.517143910695003053e-02
1.452848161626267565e-02
1.401674111246116287e-02
1.315683890789364451e-02
1.270051975019000252e-02
1.212812091301526847e-02
1.146170380981326002e-02
1.107603097515249234e-02
1.049845990116013775e-02
9.828945725256417812e-03
9.171202007870180029e-03
8.772906106855018343e-03
8.280371054883271451e-03
7.879647356589400409e-03
7.346856549396269496e-03
6.945935329006237488e-03
6.543695895576621957e-03
6.266532594342275921e-03
5.766330242148968478e-03
5.431874188820053073e-03
5.001383237007393616e-03
4.784521985474690479e-03
4.436981153683261861e-03
4.008243448863636239e-03
3.818400134100289039e-03
3.362387279495804206e-03
3.140937839958547490e-03
2.881212994922097148e-03
2.733362527578177791e-03
2.451674865688753362e-03
2.231362184056052272e-03
2.002944270952959280e-03
1.855164967213154045e-03
1.692207256320310722e-03
1.485815651458108734e-03
1.240201096416411767e-03
1.180586010631872731e-03
1.007910396959820366e-03
8.718806582891351241e-04
7.367433066280215746e-04
6.386969445586004011e-04
5.246365040697456702e-04
4.426781472479856747e-04
3.557390629859730896e-04
2.638694812101061767e-04
2.036479077814015595e-04
1.410871708098131790e-04
1.170384574270187075e-04
6.963297718439119793e-05
4.236524838392737697e-05
1.707086205655674788e-05
6.268911377686625556e-06
0.000000000000000000e+00
0.000000000000000000e+00
0.000000000000000000e+00
0.000000000000000000e+00
0.000000000000000000e+00
0.000000000000000000e+00
0.000000000000000000e+00
0.000000000000000000e+00
0.000000000000000000e+00
0.000000000000000000e+00
0.000000000000000000e+00
0.000000000000000000e+00
0.000000000000000000e+00
0.000000000000000000e+00
0.000000000000000000e+00
0.000000000000000000e+00
0.000000000000000000e+00
0.000000000000000000e+00
0.000000000000000000e+00
0.000000000000000000e+00
0.000000000000000000e+00
0.000000000000000000e+00
0.000000000000000000e+00
0.000000000000000000e+00
0.000000000000000000e+00
0.000000000000000000e+00
0.000000000000000000e+00
0.000000000000000000e+00
0.000000000000000000e+00
0.000000000000000000e+00
0.000000000000000000e+00
0.000000000000000000e+00
