0.000000000000000000e+00
0.000000000000000000e+00
0.000000000000000000e+00
0.000000000000000000e+00
0.000000000000000000e+00
0.000000000000000000e+00
0.000000000000000000e+00
0.000000000000000000e+00
0.000000000000000000e+00
0.000000000000000000e+00
0.000000000000000000e+00
0.000000000000000000e+00
0.000000000000000000e+00
0.000000000000000000e+00
0.000000000000000000e+00
0.000000000000000000e+00
0.000000000000000000e+00
0.000000000000000000e+00
0.000000000000000000e+00
0.000000000000000000e+00
0.000000000000000000e+00
0.000000000000000000e+00
0.000000000000000000e+00
0.000000000000000000e+00
0.000000000000000000e+00
0.000000000000000000e+00
0.000000000000000000e+00
0.000000000000000000e+00
0.000000000000000000e+00
0.000000000000000000e+00
3.670739689137616558e-04
4.473814180079941846e-03
5.463587333015915842e-02
2.507249303606671753e-01
5.712087268136295526e-01
9.353572863968941942e-01
1.268518278804701582e+00
1.425417216233435536e+00
1.514062661400982446e+00
1.564222631363421989e+00
1.513750165590277197e+00
1.509095362285814979e+00
1.492232092462071336e+00
1.459245177799712634e+00
1.423371730938391311e+00
1.375681653512720537e+00
1.314150329038070275e+00
1.310559218442393536e+00
1.279431611238658117e+00
1.274810642346456468e+00
1.217459853913303469e+00
1.205790471708781730e+00
1.157073127797626277e+00
1.110763607055857083e+00
1.042208927080601866e+00
1.006765047545837621e+00
9.874899573412165843e-01
9.946535131469924629e-01
9.755084932503832462e-01
9.718361953606980963e-01
9.988465445891375749e-01
9.958819972713981450e-01
1.009641634282379075e+00
1.012307985850995129e+00
1.017772473544414247e+00
1.015110905339922098e+00
1.015159592778682729e+00
1.037245095203085610e+00
1.025231232595439357e+00
1.027190020352316546e+00
1.015846252257968318e+00
1.028511415343822177e+00
1.036652736643698836e+00
1.019635997035472474e+00
1.024380391151918035e+00
1.025521899878682364e+00
1.019251678129040162e+00
1.013586933454538652e+00
1.022286746968413373e+00
1.018613943744345995e+00
1.016335244248655068e+00
1.016585871543285835e+00
1.013465161406853055e+00
1.011181033046572475e+00
9.973855043512290797e-01
9.978759808698869360e-01
1.010400379336289678e+00
1.005279232611650198e+00
1.006278037996886310e+00
9.915058329832856510e-01
9.965256761627765414e-01
9.970930751180685503e-01
9.939706981192412139e-01
9.905186987311476177e-01
1.004733066057228896e+00
1.000202334806113980e+00
9.942124407802449548e-01
1.012217596438650613e+00
1.000709709294405503e+00
1.013396410101151890e+00
1.006144139893649481e+00
1.007200221449380706e+00
1.001750428009695826e+00
1.009583958384103530e+00
1.007866719606954398e+00
9.945884743097564984e-01
1.008395375875199784e+00
1.004379219612206775e+00
1.002021634751129486e+00
1.006019036539194333e+00
9.990803456702526120e-01
9.933263709958335408e-01
1.002134847650205884e+00
9.986304075585290541e-01
9.993408444559692683e-01
1.003512147002568078e+00
9.953411932571880616e-01
9.977400601475551190e-01
9.978980214714915364e-01
1.002837283441996963e+00
9.990795996116526023e-01
9.960726495627870714e-01
9.943957580249505046e-01
9.978144573764715641e-01
9.955315534485306150e-01
9.945387107441927554e-01
9.907424446026282805e-01
9.904926805406348844e-01
9.997475955245559431e-01
9.943656025937491760e-01
1.001783938798055607e+00
9.972304888822695057e-01
9.963373345040372753e-01
9.956655156525914263e-01
9.966968179559670959e-01
1.005475705793442254e+00
9.980738719316212260e-01
1.004869193334886557e+00
1.004582002897862703e+00
1.002181657873842724e+00
9.986404484098472256e-01
9.954400035155709370e-01
9.955269466458540606e-01
9.990471642930224272e-01
9.937230400337200287e-01
9.989840182648928035e-01
1.002322606300688035e+00
1.000660263853321075e+00
1.000949329862226955e+00
9.967100993310943347e-01
9.987517748878964596e-01
1.002081228800263402e+00
9.981159012696526611e-01
9.936032626285222769e-01
9.962767041206109786e-01
1.002231326144106482e+00
9.901753243277285899e-01
1.000879803874905383e+00
9.917566375683278812e-01
9.941123909818710969e-01
1.003809487776874176e+00
9.994954394651747176e-01
9.941895568795980909e-01
9.965393332938384807e-01
9.942028500934106949e-01
9.934457981033297802e-01
9.960966879548276420e-01
9.976520577171332782e-01
9.911018708387940856e-01
9.932540179151899684e-01
9.991172924013973500e-01
9.906463118852573135e-01
9.956972138026488617e-01
9.947123341191940193e-01
9.963873878385561822e-01
9.987802624503459015e-01
9.828686409358186049e-01
1.001275198024587976e+00
9.973654187573705032e-01
9.920601138153509746e-01
9.920098090881078745e-01
9.969903976772533927e-01
9.922772006318594240e-01
9.962684214791682757e-01
9.945471474228557707e-01
9.943631117842034461e-01
9.958832899870199151e-01
9.983247900944413056e-01
9.973523807125258545e-01
9.986176912035289455e-01
9.994439485656110289e-01
9.955889776229559507e-01
9.950684068000625881e-01
9.925991583457001166e-01
9.947047329849020292e-01
9.941152923813186826e-01
9.940081142611286724e-01
9.928453022771098757e-01
1.001241142532263373e+00
9.964027714507922573e-01
9.963850534409012250e-01
9.929963096078497919e-01
9.951472124167135558e-01
9.932084982113151828e-01
9.923705847162600513e-01
9.929655838996968020e-01
9.933583886790708917e-01
9.943954872345981411e-01
9.942044080333287681e-01
9.968272029489122499e-01
9.934903511833300671e-01
9.954548424502448478e-01
9.953494652269088139e-01
9.919733444359791763e-01
9.943616059183680855e-01
9.955966560790707742e-01
9.889415925125839557e-01
9.987535208979159140e-01
9.911704439349635631e-01
9.993482128463196945e-01
9.973282335940761856e-01
9.981159770916059326e-01
9.974765718467553111e-01
9.967949486586002994e-01
9.916612821153211188e-01
9.959814045088261070e-01
1.000007013120084221e+00
9.953919748309535409e-01
9.974972179716394827e-01
9.962796937918275697e-01
9.917997592035635579e-01
9.980715552441780103e-01
9.923789349751099831e-01
9.970066408325362062e-01
9.907199413313348968e-01
9.930197674568007615e-01
9.966313265409988409e-01
9.955578147665251620e-01
9.907929990250647911e-01
9.958427607301995055e-01
9.943920049291949947e-01
9.932648371517592834e-01
9.910712979473956796e-01
9.925030134955937777e-01
9.906048771627743443e-01
9.914754202159096197e-01
9.922767784881048048e-01
9.988698156116581073e-01
9.941483220776061724e-01
9.966129645862472630e-01
9.944351790963272819e-01
9.976864727792417176e-01
9.933723489664986195e-01
9.967315797614225703e-01
9.922885131242930035e-01
9.907563169737974018e-01
9.929186958415531228e-01
9.935807163919549989e-01
9.942743427452465088e-01
1.000374334908591845e+00
9.950487403811758558e-01
9.954783382415762771e-01
9.978351049495721714e-01
9.946483080632765317e-01
9.987152543492160417e-01
1.001757805118158151e+00
9.994278349785833404e-01
1.000034943756227257e+00
1.001377429079134185e+00
9.978107152302088112e-01
9.940032443887961700e-01
9.954135294714423488e-01
9.972270759947051699e-01
9.971842075163732666e-01
9.974146172657010201e-01
9.984117941909280702e-01
9.962014819976795499e-01
9.969683011944356910e-01
1.001366075510484732e+00
1.000705132814114551e+00
9.996809154969911182e-01
9.952543299886807970e-01
9.980926975636386089e-01
9.986186070961052819e-01
9.970872707125520984e-01
9.939649648908154278e-01
9.985213072406212698e-01
9.978134486128618086e-01
9.954501990619228913e-01
9.976023421292974369e-01
1.001267378359773641e+00
9.969654736215290969e-01
9.997000451089339546e-01
9.996031614628240192e-01
1.000319289550519297e+00
9.936229756437355842e-01
1.003565643363158566e+00
1.000777568122078742e+00
9.989471057051995118e-01
1.002604815020256224e+00
9.973006931104516637e-01
9.962673993574828746e-01
9.954274766954972486e-01
1.001346763437569898e+00
1.002003198967764019e+00
1.001623354465410953e+00
9.982644215872075177e-01
1.000840140404295031e+00
9.980509438390861021e-01
1.003066561720106886e+00
9.989361121941408017e-01
9.943804126315740621e-01
9.964437697275964068e-01
9.989957099841377808e-01
9.970653673100344783e-01
9.973556720382916740e-01
9.991769728307746679e-01
9.972900903008389273e-01
1.000729535149041727e+00
9.997038807061183752e-01
1.001391022352642546e+00
9.974806642936129286e-01
9.999431294841506501e-01
9.959928976454569538e-01
9.986590593730010346e-01
1.001102875816622495e+00
1.000928851096811512e+00
9.973282472588759218e-01
1.000186534162036622e+00
9.974212342312743784e-01
9.991355824788897833e-01
9.981976337272571165e-01
9.981672011883474527e-01
9.972748133904889567e-01
1.000028609842716465e+00
9.997677451842309493e-01
9.984095935230454799e-01
9.965073065779742612e-01
9.991730303966031013e-01
9.975976432630786483e-01
1.001069124910909824e+00
9.988108462040362623e-01
1.001831091249853589e+00
9.984492684864902934e-01
9.983355779502303129e-01
9.964956821921369112e-01
1.000260920770606132e+00
9.990032040937442126e-01
9.986741406342271032e-01
9.995598128745036837e-01
9.985177404438779769e-01
9.984028041848704849e-01
9.999550947982059901e-01
9.998942888989297284e-01
9.984812754429049919e-01
9.982653762497297745e-01
9.988315448289872833e-01
9.951700056410527351e-01
9.863682503081987463e-01
9.790810577932196335e-01
9.689189960354532838e-01
9.613655382918396830e-01
9.510608495478185542e-01
9.426950389621587822e-01
9.370180946244202058e-01
9.285771155984873237e-01
9.231709959542891974e-01
9.111672998229771725e-01
9.047198090065050602e-01
8.984912566178508975e-01
8.902244368071126068e-01
8.821398871376042727e-01
8.747026529932406813e-01
8.697240063722131431e-01
8.587911694178392841e-01
8.498344993919971779e-01
8.433241092155306928e-01
8.357276055652914648e-01
8.313698861983358501e-01
8.234184943354555530e-01
8.128807814542412524e-01
8.056449374857905799e-01
8.033099134106914674e-01
7.934673164982093407e-01
7.842104383336100382e-01
7.782812344162231000e-01
7.689965437355593680e-01
7.625377413403721105e-01
7.585312682567374454e-01
7.489598290866459340e-01
7.418300665927097803e-01
7.341995825389645569e-01
7.281223401050663790e-01
7.210386834545141621e-01
7.163192336760715317e-01
7.057522548383649008e-01
7.002049016438061102e-01
6.930315111151907903e-01
6.845642630415005314e-01
6.790980095503401648e-01
6.738182641061037925e-01
6.657714277647087675e-01
6.598872279635400462e-01
6.524023655358234253e-01
6.441318018264996503e-01
6.398268486503374541e-01
6.338493400025505542e-01
6.273325017331905507e-01
6.212708647781042259e-01
6.139351229252917319e-01
6.075692865097841455e-01
6.001850914437044660e-01
5.943825529537652974e-01
5.884113525835071856e-01
5.819004506901565010e-01
5.764581279591837193e-01
5.700730534384399473e-01
5.639521001926874888e-01
5.573800098217801535e-01
5.519741041754162580e-01
5.451222577777050660e-01
5.406972847003082006e-01
5.339778872072673543e-01
5.262400456280615924e-01
5.207807085161461069e-01
5.164231039048768901e-01
5.101650075212786906e-01
5.009157732687621323e-01
4.973473900786610780e-01
4.921332380580547561e-01
4.872458799440517185e-01
4.803974517463344140e-01
4.733259272008064067e-01
4.691293795457446292e-01
4.624448123048312542e-01
4.583158478864139407e-01
4.511943314671747474e-01
4.477460038795242903e-01
4.416621188154470912e-01
4.357632712115455664e-01
4.307159124125941041e-01
4.254627298531565294e-01
4.200363151670148398e-01
4.145138270274812964e-01
4.073394221380857716e-01
4.037783597258551849e-01
3.976790522180887466e-01
3.937191872217483124e-01
3.889061311346441174e-01
3.827848881165748507e-01
3.767763621722287071e-01
3.727370760266200400e-01
3.666749956051014170e-01
3.621488432209033492e-01
3.565297984622957661e-01
3.513351198430696432e-01
3.476852129665123914e-01
3.411759197311579062e-01
3.358474308770657557e-01
3.306526200256317827e-01
3.259812243690434208e-01
3.210938275423652621e-01
3.146970029082510334e-01
3.099959980516409086e-01
3.064103879935440866e-01
3.005281136380070772e-01
2.950025465367082100e-01
2.917496261902749466e-01
2.859483551552651770e-01
2.811326534757905282e-01
2.761254082948209621e-01
2.730859141609974783e-01
2.667197452973152361e-01
2.612989715641398369e-01
2.574928502836906774e-01
2.536212468357227356e-01
2.479569164007753013e-01
2.435988841863913623e-01
2.384711512398653699e-01
2.340093425293707230e-01
2.296402583698115007e-01
2.239296419304502295e-01
2.189801875530764941e-01
2.152588358251065204e-01
2.101711529650024946e-01
2.068157358203490115e-01
2.019451205045909303e-01
1.964991085159377981e-01
1.933012411454028689e-01
1.868326941868299340e-01
1.834443009128783331e-01
1.780123104419966129e-01
1.760962314779563331e-01
1.697253143583771218e-01
1.657660210845008086e-01
1.622072618697437407e-01
1.573528086553692695e-01
1.524118571899563956e-01
1.481565118057454056e-01
1.447607065145129768e-01
1.400534565424857436e-01
1.356649950503675539e-01
1.315294187396869041e-01
1.269258278152635422e-01
1.230567160449742431e-01
1.189098152965852168e-01
1.153936982815074452e-01
1.117916399435663621e-01
1.088522613503878772e-01
1.051970581318574793e-01
1.021108227003019592e-01
9.938465426186114671e-02
9.601587190823117346e-02
9.372289694904464841e-02
9.005241468670617533e-02
8.765622096774534910e-02
8.559024109921749279e-02
8.285606388168206826e-02
8.113821073856590516e-02
7.786262135800578466e-02
7.634984183446892614e-02
7.338394405114416486e-02
7.194123977290604877e-02
6.904108764413634247e-02
6.766456590027884743e-02
6.575759616857441980e-02
6.339400508651811539e-02
6.204072475301057599e-02
5.998686372824475060e-02
5.845963606492318720e-02
5.643626525404560335e-02
5.473958655444100679e-02
5.312750384464989817e-02
5.142032627428631125e-02
5.015108681647248434e-02
4.832766781130640871e-02
4.713800043170918858e-02
4.500529496890211950e-02
4.377016027816224564e-02
4.249224026310776531e-02
4.100604210268001676e-02
3.980188561054339574e-02
3.812013021429430659e-02
3.766552540973398810e-02
3.587554921313971384e-02
3.459880065031329527e-02
3.340432808469349230e-02
3.222745754104204552e-02
3.157995606440130998e-02
3.028550314582412195e-02
2.899460452382747466e-02
2.797559544327856557e-02
2.719087049804954845e-02
2.570825504403541004e-02
2.503805918521531670e-02
2.422090244059176695e-02
2.327933236389282540e-02
2.231908457866279422e-02
2.157905006809143766e-02
2.083870433005437922e-02
1.971651792026440572e-02
1.913076838550344799e-02
1.813460004540427481e-02
1.747555001136402372e-02
1.679533173265804202e-02
1.598205344060688038e-02
1.512120168769497293e-02
1.443279221374410386e-02
1.368467295035088321e-02
1.331972095072296927e-02
1.290372946857104748e-02
1.215806923446181680e-02
1.149776464047377530e-02
1.099565677172022193e-02
1.038315579445635642e-02
1.004292827412743561e-02
9.191233134661349821e-03
8.760080509339662411e-03
8.458385491204952270e-03
7.839407257214223504e-03
7.497249100262594335e-03
7.018025402379004900e-03
6.712138676684916740e-03
6.221743796333428084e-03
5.812630969304206398e-03
5.523823781018535189e-03
5.055270816560791802e-03
4.945071488665696118e-03
4.431310669702714228e-03
4.216799588788476549e-03
3.882271533053523269e-03
3.613424479287473921e-03
3.357069374829125923e-03
3.049097204447624374e-03
2.771197611485461208e-03
2.557741242385062636e-03
2.400406882601081090e-03
2.104451540004562572e-03
1.937257997377898541e-03
1.707504161735407715e-03
1.567342981915736868e-03
1.297847019553583989e-03
1.176888385322156626e-03
1.064224818137693559e-03
8.878161996790867811e-04
7.954660452185352863e-04
6.340903797222836955e-04
5.172628812820946045e-04
4.694492924075829399e-04
3.428889453560180910e-04
2.757955352447409559e-04
2.237511283889944292e-04
1.665831141014223894e-04
1.288401682932606136e-04
6.149746468114498704e-05
3.786040450111396001e-05
1.707180782037826433e-05
5.373650305161421975e-06
8.927146601101517323e-07
0.000000000000000000e+00
0.000000000000000000e+00
0.000000000000000000e+00
0.000000000000000000e+00
0.000000000000000000e+00
0.000000000000000000e+00
0.000000000000000000e+00
0.000000000000000000e+00
0.000000000000000000e+00
0.000000000000000000e+00
0.000000000000000000e+00
0.000000000000000000e+00
0.000000000000000000e+00
0.000000000000000000e+00
0.000000000000000000e+00
0.000000000000000000e+00
0.000000000000000000e+00
0.000000000000000000e+00
0.000000000000000000e+00
0.000000000000000000e+00
0.000000000000000000e+00
0.000000000000000000e+00
0.000000000000000000e+00
0.000000000000000000e+00
0.000000000000000000e+00
0.000000000000000000e+00
0.000000000000000000e+00
0.000000000000000000e+00
0.000000000000000000e+00
0.000000000000000000e+00
0.000000000000000000e+00
