0.000000000000000000e+00
0.000000000000000000e+00
0.000000000000000000e+00
0.000000000000000000e+00
0.000000000000000000e+00
0.000000000000000000e+00
0.000000000000000000e+00
0.000000000000000000e+00
0.000000000000000000e+00
0.000000000000000000e+00
0.000000000000000000e+00
0.000000000000000000e+00
0.000000000000000000e+00
0.000000000000000000e+00
0.000000000000000000e+00
0.000000000000000000e+00
0.000000000000000000e+00
0.000000000000000000e+00
0.000000000000000000e+00
0.000000000000000000e+00
0.000000000000000000e+00
0.000000000000000000e+00
0.000000000000000000e+00
0.000000000000000000e+00
0.000000000000000000e+00
0.000000000000000000e+00
3.529755557442313427e-05
1.917478647565273127e-03
2.592489584785220152e-02
1.803185089671034136e-01
6.994520644714731228e-01
1.480412753806194637e+00
1.998555463111257202e+00
2.061778415841397205e+00
1.869764129037496003e+00
1.608881048716946705e+00
1.388426798565175480e+00
1.231411924847105377e+00
1.139310702547980947e+00
1.072534551675615955e+00
9.992115505956712385e-01
9.410095521008664532e-01
9.109191396017859432e-01
9.037560885647395459e-01
9.110626417539182675e-01
9.242220496782771466e-01
9.407931243743334893e-01
9.566640000296394719e-01
9.630861848880202247e-01
9.693924812184431250e-01
9.790443590759335679e-01
9.847904176525092979e-01
9.898331770180437417e-01
9.930435105100035020e-01
9.954039883777539011e-01
9.940477843634312194e-01
9.870882469573148965e-01
9.806840180833774623e-01
9.773985954936107445e-01
9.661578674653839016e-01
9.592159618690910827e-01
9.580935109703861974e-01
9.564925096120522330e-01
9.606535645192918471e-01
9.682311967695299559e-01
9.779411552527504936e-01
9.866714149616050422e-01
9.962081569337932763e-01
1.008020720392230229e+00
1.014415480803529501e+00
1.023013324839590288e+00
1.024789166386080641e+00
1.028704279661422749e+00
1.030783657417830623e+00
1.028292364765247324e+00
1.027574321467605412e+00
1.023626717709174905e+00
1.019621928698279278e+00
1.013522479917308594e+00
1.008716389610279318e+00
1.003701888551075116e+00
9.983399475152268110e-01
9.951632666733722932e-01
9.904274697355601731e-01
9.862789519805684746e-01
9.857886449208747015e-01
9.851839818334618970e-01
9.856072276150222855e-01
9.868130930838386883e-01
9.884953123737527658e-01
9.909356278233616422e-01
9.930818296382116772e-01
9.957392587661685335e-01
9.975566284896703051e-01
9.971666692235766627e-01
9.999583294538161304e-01
9.998357843055764027e-01
1.002131313909933708e+00
1.001915259844713857e+00
1.000352927692731209e+00
9.999009304279615762e-01
1.001655311207187538e+00
1.001493607648490602e+00
1.000900021126225559e+00
1.002625752978462348e+00
1.002107507500809902e+00
1.001902308012516896e+00
1.001835360419379262e+00
1.001903371004654542e+00
1.000967543729710973e+00
1.002060048937762460e+00
9.995541570281391008e-01
1.000112624932724126e+00
1.000856658085354400e+00
9.999454318818347121e-01
1.000366462539958423e+00
9.981685720481393576e-01
9.993155012672378934e-01
9.989399925035956640e-01
9.979075637072826188e-01
9.983910517104560567e-01
9.991139329513414324e-01
9.977007198087518569e-01
9.979144067666765316e-01
9.970309064553732892e-01
9.981783263749401947e-01
9.981371097849659479e-01
9.991082020110227946e-01
9.997353651367935079e-01
1.000684183001703476e+00
1.000664894280188566e+00
9.991337476038772980e-01
9.995355481934377062e-01
9.993948938095220669e-01
1.000429893417723370e+00
1.000033756490578574e+00
1.000802797146008061e+00
9.994021657180813811e-01
9.997710415164250408e-01
9.995661491777957375e-01
9.992403463665469054e-01
1.000578953297945883e+00
1.000873095419095860e+00
9.996470300947392085e-01
1.000187319149858922e+00
9.997816816234130766e-01
9.999716192046004259e-01
1.000038593329401815e+00
9.993284570491779428e-01
1.000632205399848429e+00
9.994799910520625330e-01
9.987615376475157403e-01
1.000300803303467045e+00
9.993864215928612849e-01
9.992278697404544108e-01
9.996760952445954418e-01
1.000127716135536637e+00
9.996973050657548265e-01
9.998111489985288536e-01
9.999729152365026685e-01
9.996757942665900343e-01
9.996362953254350758e-01
1.000624219098517287e+00
9.992024953526736919e-01
9.995962064001872038e-01
1.000793551038741569e+00
1.000483226079279309e+00
9.998118366169321813e-01
9.996630117023378448e-01
1.000343751702744699e+00
1.000392519975668026e+00
9.995623487381831707e-01
1.000114603155409121e+00
1.000047711103252190e+00
9.999874893951619104e-01
1.000327914879747260e+00
9.997980731613078653e-01
1.000185442577791184e+00
9.997881164362497630e-01
1.000034044050284621e+00
1.000466545639113747e+00
9.997267226820443220e-01
1.000381210853689140e+00
1.000157389856890289e+00
9.997927854218733312e-01
1.000167855311805409e+00
9.998915441819183902e-01
1.000463990911962142e+00
1.000666987419757126e+00
1.000024200897132065e+00
1.000031045261865037e+00
1.000448468553686077e+00
1.000029068016828671e+00
1.000059631247986136e+00
1.000025721915107857e+00
9.998073674210234962e-01
9.999259089728608219e-01
9.998328566304731657e-01
1.000211398459464496e+00
1.000211657668586440e+00
1.000382150147107740e+00
9.997781490808659299e-01
1.000098351694908461e+00
1.000374018846111657e+00
9.998384494070937656e-01
1.001324190913348566e+00
9.994352421301858636e-01
1.000607564772352465e+00
9.999599086392078062e-01
1.000198397649164406e+00
9.999635665864657907e-01
1.000511710798765774e+00
1.000477138110680508e+00
1.000894094002118928e+00
1.000164410522120129e+00
1.000647594675066143e+00
9.999997168020710037e-01
1.000213477184702882e+00
1.000093123046588373e+00
1.000561432154759789e+00
1.000479804197431211e+00
1.000289129786900322e+00
9.999743255248667584e-01
1.000556746109162232e+00
1.000137230807265354e+00
9.998293626920859989e-01
1.001027972633908192e+00
9.998311346635748720e-01
1.000549667867853820e+00
1.000553851115668857e+00
1.000643713836667059e+00
1.000590607655194253e+00
1.000728172405843663e+00
1.000150788066841656e+00
1.000551032789309458e+00
1.000545352490934015e+00
1.000844942266653437e+00
1.000492784340735852e+00
1.000431769354978018e+00
1.000456495801076207e+00
1.000673486719363847e+00
1.000152717421701976e+00
1.001057301048833059e+00
1.000468125921736062e+00
1.000704790316406800e+00
1.000090087984107257e+00
1.000856614318932136e+00
1.000330525184432107e+00
1.000362478312774472e+00
1.000822247665070996e+00
1.000520918123638081e+00
1.000228490027265771e+00
1.000021186574915344e+00
1.000846024951888236e+00
1.000452012518787459e+00
1.000418282048253449e+00
1.000316512991839879e+00
1.000120156173340380e+00
1.000816492375225186e+00
1.000559425867165286e+00
1.000487865582383895e+00
1.000535049431403589e+00
1.000921603861188114e+00
1.000680157103563284e+00
1.000140800480576297e+00
1.000477353053906171e+00
1.000811416320913194e+00
1.000739057773359253e+00
1.001251675630843385e+00
1.000473999642044864e+00
1.000913862832013557e+00
1.000207830448631929e+00
9.999122650649394650e-01
1.000389006072433418e+00
1.000520128678861864e+00
1.000897352088529813e+00
1.000363148435066574e+00
1.000254014045967921e+00
1.000572994657372039e+00
1.000586359900006217e+00
1.000934395726115866e+00
1.000318395643333469e+00
1.000548729539515014e+00
1.000502010023509136e+00
1.000541714698665929e+00
1.000334672089057353e+00
1.000413971768082000e+00
1.000606380499597048e+00
1.000934414665533678e+00
1.000586034191558227e+00
1.000491331772214387e+00
1.000299906672669659e+00
1.000434402674704959e+00
1.001072869039677071e+00
1.000255430493921516e+00
1.000803047245699462e+00
1.000259605349363534e+00
1.000393460546729507e+00
1.000774552838431974e+00
1.000820173130049007e+00
1.000660867382471952e+00
1.000173617630068401e+00
1.000011066024561357e+00
1.000766468519939778e+00
1.000627389635723619e+00
1.000794402851307385e+00
1.000326762637132161e+00
1.000404172077548282e+00
1.000034321727482967e+00
1.000411754987714730e+00
1.000608856339189723e+00
1.000267043081297214e+00
1.000162073119077233e+00
1.000306909226391650e+00
1.000422602027316143e+00
1.000024046099739383e+00
9.998590770204012212e-01
1.000232129706106310e+00
1.000043885179451753e+00
1.000976412081331812e+00
1.000347261577835045e+00
1.000118187464916764e+00
1.000372012471135941e+00
1.000272365143888731e+00
1.000680066100822385e+00
1.000240552590679677e+00
1.000582913057963541e+00
1.000617226909187085e+00
1.000239052517057692e+00
1.000272764211463938e+00
1.000412751081746876e+00
1.000096103855931728e+00
9.999175864487676035e-01
1.000477436525827546e+00
9.999635770510671984e-01
1.000698620250788817e+00
1.000786647551633823e+00
1.000188123366009929e+00
1.000247031855011404e+00
1.000298323589799532e+00
1.000405046805760367e+00
1.000105529583685149e+00
1.000211996981056561e+00
9.999761365486907749e-01
1.000076509056652574e+00
1.000269919240398098e+00
1.000236255664220142e+00
1.000144583456139769e+00
1.000105462083587415e+00
1.000550790240653631e+00
1.000399543558972315e+00
1.000390877187041117e+00
1.000032672368267539e+00
1.000138677517854680e+00
1.000272402069815714e+00
1.000101227450365560e+00
1.000146303320969432e+00
9.962848088014125691e-01
9.882521426717225665e-01
9.798995557672178780e-01
9.713561549848312993e-01
9.630919627430496455e-01
9.550509207729958039e-01
9.470280347020963996e-01
9.391860772701760007e-01
9.311405352227088983e-01
9.231877546371778376e-01
9.152864731428023148e-01
9.069206926038508865e-01
8.993350984756771638e-01
8.913642800515227949e-01
8.838019029980427321e-01
8.758362388814930899e-01
8.682978472012874427e-01
8.603845030307829544e-01
8.531255179059009652e-01
8.453149348333470758e-01
8.374349908792074748e-01
8.302949659162404128e-01
8.224755435744268706e-01
8.155321652948317457e-01
8.073826577774325663e-01
8.005566748552048750e-01
7.934536523569297728e-01
7.860086373246565339e-01
7.785565281643339608e-01
7.712066829328385609e-01
7.639378823111693251e-01
7.571583154172658592e-01
7.501738584357654505e-01
7.429258603675700234e-01
7.360426713976316870e-01
7.293782802205043270e-01
7.223141474502126069e-01
7.153785219054467071e-01
7.081478736769178939e-01
7.016709848601246913e-01
6.947278004136978602e-01
6.882728921826702928e-01
6.812345294105823790e-01
6.745645067664569616e-01
6.680124923005713589e-01
6.612762864535877139e-01
6.550182125040410197e-01
6.479370184033592661e-01
6.419136262614062449e-01
6.350952553989562821e-01
6.284955542301821074e-01
6.221603622010722923e-01
6.155977056852554030e-01
6.091953256278704876e-01
6.030063141291548412e-01
5.968632729287695060e-01
5.903075497787280135e-01
5.843160059436548481e-01
5.779254524216580480e-01
5.717660256515517680e-01
5.652913300063857616e-01
5.593936535920150943e-01
5.535618859634818811e-01
5.472596443409737388e-01
5.413904861693723536e-01
5.353573449299933174e-01
5.293207956852621354e-01
5.232719732364228271e-01
5.171602794803815684e-01
5.115224675169568469e-01
5.053989256560535992e-01
4.997546393870361814e-01
4.938363921569471349e-01
4.880330214720068338e-01
4.823732799712958652e-01
4.765336128957833872e-01
4.709106004936981504e-01
4.650126925466581684e-01
4.594668174726669885e-01
4.541214305245748206e-01
4.483021469879337473e-01
4.425809615452597212e-01
4.373070597701169682e-01
4.316924484537359996e-01
4.261406947099447562e-01
4.207534501646550407e-01
4.152358754939903807e-01
4.097932804354631475e-01
4.045268734188895987e-01
3.990578912756725938e-01
3.935286904006270459e-01
3.884161729126450191e-01
3.828999429289069445e-01
3.776486514295496755e-01
3.723083398969282976e-01
3.670954896197569095e-01
3.621570175709671324e-01
3.564906979629658412e-01
3.516139038864799504e-01
3.464397723226170789e-01
3.413543135973338138e-01
3.362221692281199825e-01
3.312504169144351862e-01
3.259196983031014683e-01
3.209903527002829215e-01
3.160428012315737445e-01
3.110061315173047181e-01
3.060148564615410849e-01
3.007909537622788232e-01
2.961097004528314702e-01
2.913560476789479603e-01
2.864725156695109298e-01
2.815085206829646136e-01
2.766849950203587594e-01
2.717952430428120514e-01
2.669261525851059358e-01
2.622042263132477458e-01
2.573332261086604400e-01
2.527379728214331212e-01
2.480812124316539580e-01
2.431602449250881703e-01
2.385821830650278474e-01
2.337970700347068165e-01
2.292000075058243380e-01
2.246604637396188153e-01
2.200124164637799473e-01
2.153368353546822322e-01
2.108666776610137183e-01
2.062477711412246117e-01
2.017987500647732135e-01
1.972992108265788636e-01
1.927151611201461945e-01
1.883954854196064621e-01
1.837858757558532841e-01
1.793410504464271749e-01
1.748384558351626650e-01
1.704798149450887923e-01
1.660965954308209203e-01
1.618984148672983625e-01
1.574845293498828847e-01
1.530596906479975983e-01
1.487747251016148797e-01
1.444287172577150002e-01
1.401929672120432457e-01
1.359756501155808539e-01
1.317419161575977826e-01
1.274377878431442179e-01
1.233179564758672270e-01
1.191500934550865781e-01
1.154717365598141726e-01
1.120139003907325709e-01
1.086490257395999748e-01
1.054356903194365591e-01
1.023181848570835772e-01
9.935446794795695091e-02
9.652532741003409800e-02
9.379012513289670949e-02
9.103048487243359244e-02
8.840105255293451147e-02
8.584392529686638018e-02
8.341784657738469944e-02
8.093605723952193576e-02
7.864217234073238305e-02
7.637204984774208227e-02
7.406521396845640315e-02
7.200669950452985579e-02
6.991211302036556829e-02
6.787398660308795184e-02
6.581824310654212085e-02
6.394529751154547081e-02
6.209566755963891183e-02
6.017693372344142672e-02
5.838300744325414932e-02
5.667061148184469876e-02
5.492925606645569780e-02
5.326535310783972466e-02
5.161507387503995459e-02
5.003190550139820225e-02
4.845777119445480313e-02
4.692701146750620500e-02
4.550537662121530158e-02
4.400871316486617418e-02
4.268997655078109188e-02
4.120978357554037907e-02
3.992565291863610366e-02
3.864979621283431976e-02
3.733210830961750798e-02
3.609630538266396516e-02
3.480519781991926048e-02
3.367153792203304852e-02
3.255731297457686857e-02
3.145279522225975788e-02
3.034808975031292461e-02
2.926663679068813861e-02
2.814701375045153622e-02
2.718943893802750963e-02
2.617395991156191287e-02
2.521776880158501169e-02
2.429734929705355123e-02
2.340174807427706019e-02
2.246668679584892803e-02
2.163979762690665040e-02
2.078059915772987112e-02
1.993188702839158652e-02
1.911613244622433969e-02
1.834990442891327317e-02
1.762301048123047359e-02
1.686063499788891321e-02
1.614417779047055967e-02
1.542571754190041194e-02
1.478357348204909806e-02
1.411581792495637290e-02
1.344849141834059646e-02
1.282084768278368356e-02
1.225309021812579294e-02
1.164313580823644889e-02
1.109467928540999911e-02
1.055175145822366024e-02
1.004175624709587739e-02
9.525946392136596177e-03
9.009316013865001013e-03
8.499383119183093194e-03
8.067048253841902633e-03
7.582114696199420203e-03
7.160345707626494978e-03
6.731653666894318183e-03
6.322493470575673256e-03
5.947928816369837078e-03
5.583097543290635976e-03
5.213420717137303394e-03
4.851577264289592961e-03
4.532102975889035906e-03
4.198073627352122590e-03
3.887448027855957937e-03
3.611898559780344579e-03
3.317494755412722218e-03
3.064817392786205099e-03
2.800405085613855150e-03
2.564542151574875865e-03
2.331445662210589014e-03
2.112497404435378489e-03
1.901642236678476993e-03
1.711443068021695907e-03
1.523513272768541255e-03
1.347357649116587286e-03
1.189640188980099636e-03
1.035171976084372277e-03
8.989502601114608303e-04
7.763679603396073450e-04
6.522634436410102527e-04
5.496101241895533533e-04
4.521133387675386247e-04
3.588231304125061283e-04
2.864780485533492791e-04
2.177861541977692500e-04
1.598165387907257012e-04
1.120867922633720645e-04
6.949201482536801597e-05
3.842861451732711229e-05
1.808394632363837082e-05
5.006158756729213546e-06
5.022386275014499354e-07
1.614898400980059082e-08
0.000000000000000000e+00
0.000000000000000000e+00
0.000000000000000000e+00
0.000000000000000000e+00
0.000000000000000000e+00
0.000000000000000000e+00
0.000000000000000000e+00
0.000000000000000000e+00
0.000000000000000000e+00
0.000000000000000000e+00
0.000000000000000000e+00
0.000000000000000000e+00
0.000000000000000000e+00
0.000000000000000000e+00
0.000000000000000000e+00
0.000000000000000000e+00
0.000000000000000000e+00
0.000000000000000000e+00
0.000000000000000000e+00
0.000000000000000000e+00
0.000000000000000000e+00
0.000000000000000000e+00
0.000000000000000000e+00
0.000000000000000000e+00
0.000000000000000000e+00
0.000000000000000000e+00
0.000000000000000000e+00
0.000000000000000000e+00
0.000000000000000000e+00
0.000000000000000000e+00
