0.000000000000000000e+00
0.000000000000000000e+00
0.000000000000000000e+00
0.000000000000000000e+00
0.000000000000000000e+00
0.000000000000000000e+00
0.000000000000000000e+00
0.000000000000000000e+00
0.000000000000000000e+00
0.000000000000000000e+00
0.000000000000000000e+00
0.000000000000000000e+00
0.000000000000000000e+00
0.000000000000000000e+00
0.000000000000000000e+00
0.000000000000000000e+00
0.000000000000000000e+00
0.000000000000000000e+00
0.000000000000000000e+00
0.000000000000000000e+00
0.000000000000000000e+00
0.000000000000000000e+00
0.000000000000000000e+00
0.000000000000000000e+00
0.000000000000000000e+00
0.000000000000000000e+00
8.828481298674940386e-06
1.754404830590537310e-03
2.534917814109131917e-02
1.801029120010220752e-01
6.992099302055473364e-01
1.477893860664755143e+00
2.006848998367555481e+00
2.063010821898747071e+00
1.861129897751198747e+00
1.607639601796037043e+00
1.389531431797622618e+00
1.230770527796706260e+00
1.135752321056775926e+00
1.069936318899886496e+00
1.001765311534851266e+00
9.414459553813172565e-01
9.116059033135902601e-01
9.046830977594806367e-01
9.099415456941348790e-01
9.222996349023152574e-01
9.414272862476676940e-01
9.531202298925920413e-01
9.650405664148566931e-01
9.699685717380138739e-01
9.777576155183963502e-01
9.867105667700335481e-01
9.904586902048010399e-01
9.944312011611510238e-01
9.947842986146577804e-01
9.907747746589161686e-01
9.877926945190287356e-01
9.814032453644288001e-01
9.739746518693871424e-01
9.647301850851887073e-01
9.608364316807684880e-01
9.570607902622233487e-01
9.563392671520546395e-01
9.586156853194283123e-01
9.667844429487132407e-01
9.767615712524135851e-01
9.851296052602098730e-01
9.970688914560360550e-01
1.006371288171247658e+00
1.015237651470502156e+00
1.021535406308297311e+00
1.025920579785100983e+00
1.028704781162159021e+00
1.030631578777720492e+00
1.032365341690538951e+00
1.026703148031288926e+00
1.024581388276709637e+00
1.018765144281720714e+00
1.013945220470030772e+00
1.009737502514881813e+00
1.004838099508822413e+00
9.988458788177394521e-01
9.944541555444003089e-01
9.891624270967355192e-01
9.893423637114620028e-01
9.874587237655225724e-01
9.858256694061550141e-01
9.874264933616877515e-01
9.875731519628746513e-01
9.902363671192823125e-01
9.909742620127736101e-01
9.933268678609392666e-01
9.953473797117333710e-01
9.964879762500845617e-01
9.983935656998608188e-01
9.991126632734075308e-01
1.000900057790074404e+00
1.001593549836593544e+00
1.000835260035886742e+00
1.001389912712633556e+00
1.002705424046232974e+00
1.002655492794287007e+00
1.002694004705303898e+00
1.001925077998150337e+00
1.002522934049477454e+00
1.003974427417745785e+00
1.002878636007838997e+00
1.001848198237826448e+00
1.001916628999657499e+00
1.002073508979246519e+00
1.001196840321878501e+00
1.000676051489453933e+00
1.001275057718967743e+00
1.001169681330644767e+00
9.999712152878578175e-01
1.000036986052659449e+00
1.000708328968924476e+00
9.990024365814967888e-01
9.999560951235320072e-01
9.979383239389392202e-01
9.973761348123570958e-01
9.974309592903742860e-01
9.977159244172327801e-01
9.977003272198303740e-01
9.989505850420815625e-01
9.982948069346756492e-01
9.984756264547413052e-01
9.986816896968163659e-01
9.992087848051022236e-01
9.998915403808811275e-01
9.991268445207168725e-01
9.998972308911574514e-01
9.996250764621754659e-01
9.999408281727817371e-01
9.992517184200190306e-01
1.000651192627630692e+00
9.995777201592037642e-01
1.000071936559500108e+00
9.999819207873363869e-01
1.000272181864042764e+00
9.986244901452254741e-01
1.000479363063091931e+00
9.992865311828373898e-01
9.998983452968253083e-01
1.000403505593439490e+00
9.993400242858031524e-01
9.991543700044326348e-01
9.996106095934180757e-01
1.000304486047674413e+00
9.995166025288559908e-01
9.990959795396988641e-01
9.993735758133088787e-01
9.999211269590226880e-01
9.988633311307516527e-01
9.993237132406787016e-01
9.992924646210944450e-01
9.989793982451933285e-01
1.000130180611233710e+00
1.000256557934976254e+00
9.992945512135067432e-01
9.991840625770703754e-01
9.997580325517818611e-01
1.000433142492918703e+00
9.998129418707031313e-01
9.995939433652651918e-01
9.998109055011196178e-01
9.989764919206048921e-01
9.999707468102779773e-01
1.000443496723538717e+00
1.000832706798134852e+00
9.994192856820207638e-01
1.000264548149295551e+00
1.000077270253479478e+00
1.000114566785736736e+00
9.994388065278485556e-01
9.996980890089224303e-01
1.000250195973604983e+00
1.000341292827265915e+00
9.998281260546693083e-01
1.000046352273062045e+00
9.994983999244027029e-01
9.990689182786203215e-01
9.996529355752353796e-01
9.991747774659200942e-01
9.991946822993885702e-01
9.997494639106948577e-01
1.000351154480876081e+00
1.000081212518948215e+00
9.998276865951223336e-01
9.996406949052418778e-01
9.998792147574807609e-01
1.000123681794594210e+00
9.998310627070464696e-01
1.000501725734541880e+00
9.995809756224116605e-01
9.998315540622075837e-01
9.998226119836403081e-01
9.996869194059465613e-01
1.000972991260088651e+00
9.998114992613227336e-01
1.000622284521410332e+00
9.988111840306060918e-01
1.000084488035835051e+00
9.991997919715830401e-01
9.999436278496108832e-01
1.000514844909865975e+00
1.000355176685121306e+00
9.999847648288485713e-01
9.994138177103316645e-01
1.000211023146521994e+00
9.994225819520881071e-01
1.000569985074080792e+00
1.000017555103837497e+00
9.993466668594618296e-01
1.000089730547187195e+00
1.000015888308299017e+00
1.000067149621690410e+00
1.000351360805581846e+00
9.999104090966108860e-01
9.995585950533307784e-01
9.996252578401514377e-01
1.000611478117229280e+00
1.000367685345292745e+00
1.000489740877023470e+00
1.000437184940142998e+00
1.000301579880515490e+00
9.990532015326663018e-01
9.998967134683387492e-01
1.000426434258719244e+00
1.000164608677865941e+00
1.000655427354150362e+00
1.000363576918991360e+00
9.999595352116431579e-01
1.000074426344550460e+00
1.000183918338350519e+00
1.000129490001418819e+00
1.000369131371838360e+00
1.000109352147483532e+00
1.000013214751435564e+00
1.000288311198351154e+00
1.000593622343564748e+00
1.000349698423275369e+00
1.000348110941781554e+00
1.000286244289583681e+00
1.000294812474340489e+00
9.998316816555389286e-01
1.000183574694921695e+00
9.999570230972022467e-01
1.000614542565490428e+00
1.000485055578440363e+00
1.000496389911454731e+00
1.000778033708622283e+00
1.000113253649717038e+00
9.998521495921409707e-01
1.000245577829158572e+00
9.996390962941097413e-01
1.000393548640170271e+00
1.000530389400628994e+00
1.000395401976152954e+00
1.000546852350720828e+00
9.998712868925873076e-01
1.000506967565278904e+00
1.000218776478439153e+00
9.999376563413100438e-01
1.000129573362450230e+00
1.000841937047380670e+00
1.000183641717450334e+00
1.000243224622162197e+00
1.000270475888801913e+00
1.000850304004408109e+00
1.000552414554024772e+00
9.997343602924874117e-01
1.000395107020525920e+00
1.000397288294534226e+00
1.000894105981127380e+00
1.000671875475408701e+00
1.000392363882799840e+00
1.000704606809981856e+00
1.000564400311621638e+00
1.000093885281906347e+00
1.000281898987795515e+00
1.000721662006762713e+00
1.000782923549321302e+00
9.996841182057030206e-01
1.000290607166193002e+00
1.000826125573393677e+00
1.000437599181315695e+00
9.999649135829370428e-01
1.000185131502371538e+00
1.000633098731732229e+00
1.000458559339873155e+00
1.000216887032695068e+00
1.000783784822497857e+00
1.000085719905539960e+00
1.000426406409341995e+00
1.000231796978561016e+00
1.000771306433647645e+00
1.000362517232831649e+00
1.000514043174075551e+00
1.000904057532039815e+00
1.000828642052600026e+00
1.000936564002112839e+00
1.000899014111685359e+00
1.000481503998210675e+00
1.000946459498712970e+00
1.000371007365878917e+00
1.000756353013727562e+00
1.000513883806873672e+00
9.999668602079162527e-01
1.000498070126353500e+00
1.000788695755171265e+00
1.000499028178873928e+00
1.000576828585717060e+00
1.000525900693144177e+00
1.000118186265421372e+00
1.000939308235345049e+00
9.999942141271680462e-01
1.000227788568560205e+00
1.000043736937439309e+00
1.000096350268546708e+00
1.000313910620761693e+00
1.000281221380380892e+00
1.000096636371032632e+00
1.000435208477334692e+00
1.000594633910161679e+00
9.999783293969308762e-01
1.000422018156552406e+00
1.000339970511802568e+00
1.000382015498798127e+00
1.000240301631480699e+00
1.000076931238859101e+00
1.000615148002715227e+00
1.000554162507156564e+00
1.000496262707267769e+00
1.000110284833199970e+00
1.000326274003373594e+00
9.997803732032820578e-01
1.000041532780191256e+00
9.999473551260283921e-01
9.999412430032469379e-01
1.000380505308724244e+00
1.000300842569318727e+00
9.996357761207407266e-01
9.999032421898665923e-01
1.000324426053671889e+00
1.000602907029992217e+00
9.999917725697455850e-01
9.997975827554769213e-01
1.000180245938906198e+00
9.999609972354591703e-01
1.000158240385536468e+00
1.000182283192371679e+00
1.000232471052832306e+00
1.000258343477954837e+00
1.000368066942860512e+00
1.000104240011038037e+00
9.999897481048993786e-01
9.966809630733250991e-01
9.882149326755240715e-01
9.805618301708868279e-01
9.723471019694331918e-01
9.635549763308212112e-01
9.551855698774580627e-01
9.468721044852176361e-01
9.391553123953290116e-01
9.312126952061116070e-01
9.229426256194357414e-01
9.152934347664716253e-01
9.076518334294346735e-01
8.989218507811589376e-01
8.917385423586882132e-01
8.836301453659856087e-01
8.763862185373372249e-01
8.684655354602527355e-01
8.605900504519978789e-01
8.528266176029751788e-01
8.455464254090540033e-01
8.381032640634501485e-01
8.308478245464751000e-01
8.229869100038321728e-01
8.155177372949194980e-01
8.081385998115274694e-01
8.010819099910129193e-01
7.934052128928011927e-01
7.864059968862274763e-01
7.792875957186833347e-01
7.717807186349033843e-01
7.646690145975968411e-01
7.577321178040579142e-01
7.503526767333129621e-01
7.437469975720989446e-01
7.367622675085088169e-01
7.295208892569327030e-01
7.227120778649526178e-01
7.155205215916327077e-01
7.089042406884545899e-01
7.019784468728810234e-01
6.951818028752304590e-01
6.883697993688474570e-01
6.818019767217659011e-01
6.748524097693476831e-01
6.682043202220956379e-01
6.615653163821159088e-01
6.549310144042530535e-01
6.485596969316844707e-01
6.419631186264630474e-01
6.355058865855292005e-01
6.292180782777541115e-01
6.225491091687220813e-01
6.162658984975948329e-01
6.100755268645339235e-01
6.034607037712488298e-01
5.972233406142092305e-01
5.909258210948945544e-01
5.847348471509488110e-01
5.782669555294405184e-01
5.723307916701553255e-01
5.660803207483623423e-01
5.597550385939419337e-01
5.537998616039977451e-01
5.476698050752150104e-01
5.417806410385493932e-01
5.356384478512465908e-01
5.294963005209473161e-01
5.236873800634240794e-01
5.178648235933794863e-01
5.118098337865416569e-01
5.059426304020776533e-01
5.000118683326408853e-01
4.943734740192989863e-01
4.886076025525145083e-01
4.827849410214020698e-01
4.770988189372838972e-01
4.713208574807728479e-01
4.659459778096111671e-01
4.598206755502740051e-01
4.544976141440686956e-01
4.489389891715300229e-01
4.430920764209959062e-01
4.374816172030612238e-01
4.321689963131207790e-01
4.266436690417941269e-01
4.212719592400224755e-01
4.156605886082267443e-01
4.099963815287392399e-01
4.046912645675614373e-01
3.992876831115187430e-01
3.939764226064556563e-01
3.887582600505706809e-01
3.835780394645986191e-01
3.783756506534881048e-01
3.730209001769594357e-01
3.677093123705108546e-01
3.625238956154435699e-01
3.573309473438291972e-01
3.519502713584781173e-01
3.467558434099624054e-01
3.417237225103381126e-01
3.367300318527709502e-01
3.315775962199041804e-01
3.266089122175389603e-01
3.212619554740644978e-01
3.164638488728687138e-01
3.116643422493710625e-01
3.066491148414040580e-01
3.014838864061989421e-01
2.966139754097177894e-01
2.916862138653044112e-01
2.865831380600334377e-01
2.820446124654548692e-01
2.770860699983100361e-01
2.723636718253683031e-01
2.674705116074894695e-01
2.626393622563529817e-01
2.579354729951944258e-01
2.531263221586606549e-01
2.483774569352063810e-01
2.437428266799565035e-01
2.390424171792672470e-01
2.342139581655592884e-01
2.296338111536342930e-01
2.250161589122819106e-01
2.204588789615145872e-01
2.158122509761598029e-01
2.112214555261370807e-01
2.067095441636704056e-01
2.022245758434311202e-01
1.977187705027679820e-01
1.932277303932685986e-01
1.887978895644676081e-01
1.841811219477803574e-01
1.797871846620298086e-01
1.752394635586171645e-01
1.710073764524192852e-01
1.666542903317532742e-01
1.622680675467321476e-01
1.577794143793637971e-01
1.535201075671760174e-01
1.491236781947188894e-01
1.448531413137590929e-01
1.405982573154723470e-01
1.364558311859443984e-01
1.319612515241618544e-01
1.278286438624040566e-01
1.235710872976902852e-01
1.195910000290860559e-01
1.158837719671484134e-01
1.123566437725509182e-01
1.089732153015122162e-01
1.057611137797166284e-01
1.026493124055090772e-01
9.971171814119757226e-02
9.676336284494910234e-02
9.404325911171448893e-02
9.133741423223654121e-02
8.864266719018668028e-02
8.606695935202685055e-02
8.364962903805117644e-02
8.119523571213956015e-02
7.892558022760186309e-02
7.656678417659437685e-02
7.440087736870974744e-02
7.226455669053628850e-02
7.015753078959026390e-02
6.800008338228008542e-02
6.605069119210223161e-02
6.414993980760988479e-02
6.219461368230426446e-02
6.038672024086446516e-02
5.854540807799800406e-02
5.674684014248739666e-02
5.513410058024448973e-02
5.345261503663605723e-02
5.182072075238999126e-02
5.013311142500279094e-02
4.859544982663340645e-02
4.705448186307176900e-02
4.558202414360745802e-02
4.420366772867378308e-02
4.281109283500104251e-02
4.135887398092905065e-02
3.998908338734624701e-02
3.870132442315128013e-02
3.744780559805996334e-02
3.624499073007421412e-02
3.498851607146737097e-02
3.375570636957823945e-02
3.266166866054193846e-02
3.157809817991805851e-02
3.044898579510867814e-02
2.935251662723155699e-02
2.836645799778577184e-02
2.729343452654309568e-02
2.633012070319981288e-02
2.530337327482184637e-02
2.444019134187481665e-02
2.348409802755202849e-02
2.252604292113864065e-02
2.169611037821912725e-02
2.084652921054800170e-02
2.003693334530101677e-02
1.922055784679129603e-02
1.840403563457647385e-02
1.767697476817854663e-02
1.691270210385859701e-02
1.619641551817638941e-02
1.551998972095240160e-02
1.481543911392400534e-02
1.416253827171378224e-02
1.350892773781305241e-02
1.288059352447398775e-02
1.230302533892243394e-02
1.172449172665476595e-02
1.115841723864709548e-02
1.061174616049525947e-02
1.006507846350568509e-02
9.563050368449779390e-03
9.028720996822557285e-03
8.550644647287979766e-03
8.087000695503113873e-03
7.617371487830918407e-03
7.209857452253363302e-03
6.778030469616540092e-03
6.362176548780095788e-03
5.986731764075128165e-03
5.587242278363949155e-03
5.224725187625624614e-03
4.890618387425342030e-03
4.550532715483183478e-03
4.239149658975050958e-03
3.924815591672767973e-03
3.633741575190647943e-03
3.359250819029942648e-03
3.079634649951073361e-03
2.817370481656621736e-03
2.573092670727442251e-03
2.342669074115783304e-03
2.114189191604685936e-03
1.924006041831643424e-03
1.720828488794012194e-03
1.542326194187725909e-03
1.367416893362807979e-03
1.209869290372000018e-03
1.051450793958212107e-03
9.136374403774424327e-04
7.921688757440654765e-04
6.707709648811649873e-04
5.590887923838597099e-04
4.589376344613328371e-04
3.688038331082637037e-04
2.920676261107078430e-04
2.212698778166980048e-04
1.607831606351559290e-04
1.150382043281441451e-04
7.403986995787952517e-05
4.147435901672423021e-05
1.894066596254407781e-05
5.577625918473055162e-06
7.618116988589639711e-07
1.615647327447605134e-08
0.000000000000000000e+00
0.000000000000000000e+00
0.000000000000000000e+00
0.000000000000000000e+00
0.000000000000000000e+00
0.000000000000000000e+00
0.000000000000000000e+00
0.000000000000000000e+00
0.000000000000000000e+00
0.000000000000000000e+00
0.000000000000000000e+00
0.000000000000000000e+00
0.000000000000000000e+00
0.000000000000000000e+00
0.000000000000000000e+00
0.000000000000000000e+00
0.000000000000000000e+00
0.000000000000000000e+00
0.000000000000000000e+00
0.000000000000000000e+00
0.000000000000000000e+00
0.000000000000000000e+00
0.000000000000000000e+00
0.000000000000000000e+00
0.000000000000000000e+00
0.000000000000000000e+00
0.000000000000000000e+00
0.000000000000000000e+00
0.000000000000000000e+00
0.000000000000000000e+00
