0.000000000000000000e+00
0.000000000000000000e+00
0.000000000000000000e+00
0.000000000000000000e+00
0.000000000000000000e+00
0.000000000000000000e+00
0.000000000000000000e+00
0.000000000000000000e+00
0.000000000000000000e+00
0.000000000000000000e+00
0.000000000000000000e+00
0.000000000000000000e+00
0.000000000000000000e+00
0.000000000000000000e+00
0.000000000000000000e+00
0.000000000000000000e+00
0.000000000000000000e+00
0.000000000000000000e+00
0.000000000000000000e+00
0.000000000000000000e+00
0.000000000000000000e+00
0.000000000000000000e+00
0.000000000000000000e+00
0.000000000000000000e+00
0.000000000000000000e+00
0.000000000000000000e+00
0.000000000000000000e+00
0.000000000000000000e+00
0.000000000000000000e+00
0.000000000000000000e+00
6.146838408737306000e-05
5.186511051026943507e-03
5.170026452773896636e-02
2.322431093034326433e-01
5.612755954741377451e-01
8.888269650627265150e-01
1.149616321119538709e+00
1.309844671895919133e+00
1.392951224057027426e+00
1.406330602916915806e+00
1.409524895258912114e+00
1.365061881726504778e+00
1.349735164480963645e+00
1.314746108689758941e+00
1.284882137377501010e+00
1.234302432107139413e+00
1.210560781976910416e+00
1.188235470972196284e+00
1.183817631907147394e+00
1.185364655562957337e+00
1.186355302501318043e+00
1.177363567067611916e+00
1.129413109077161081e+00
1.068048564188995631e+00
1.037608845477005159e+00
9.997571060346441829e-01
9.768269726571903178e-01
9.694191868191921468e-01
9.730546560702177938e-01
9.724596068457800335e-01
9.746996379311979597e-01
9.805748223999772861e-01
9.904675103898354926e-01
9.981635953315207699e-01
9.887726843976153424e-01
1.003731117250070914e+00
1.010301899042085783e+00
1.011351568499644138e+00
1.010008581124791860e+00
1.015841315178952708e+00
1.016486429710111272e+00
1.018678204379881214e+00
1.013900721752076128e+00
1.012349339927117509e+00
1.015945121980826649e+00
1.010439126614644856e+00
1.019187197884240614e+00
1.013192483108269704e+00
1.020496496691987387e+00
1.017786274432474380e+00
1.013703616047801903e+00
1.005097057373537828e+00
1.006336774085197616e+00
1.009123778546942463e+00
1.003961404184582573e+00
1.002275412016976563e+00
9.987400873360967601e-01
9.963435104305951029e-01
9.876592307561590234e-01
9.831385567686699023e-01
9.900331071172666642e-01
9.883127312451018831e-01
9.873773026236396522e-01
9.855229559724980604e-01
9.933422404574829834e-01
9.869004747286028723e-01
9.905636498407621726e-01
9.987904252892495505e-01
9.954115910189768046e-01
1.002646289467439944e+00
9.979095738635640478e-01
1.000835152784507409e+00
1.003331967911482714e+00
9.994495128103662029e-01
1.007476025786881779e+00
1.004369287995763527e+00
1.005446256356383516e+00
1.005745391934356636e+00
1.007329750981741157e+00
1.005035417717639490e+00
1.004466563685841862e+00
1.002974380615931249e+00
1.004972915489986907e+00
1.005027679665464690e+00
1.001590368282830212e+00
9.983952560523960962e-01
1.001060585848543960e+00
1.002525848787782392e+00
1.001258101304502324e+00
9.965243911140879707e-01
1.002576688519293047e+00
9.972358928171781711e-01
9.966795991800024845e-01
9.978701545715079613e-01
9.977724508921570479e-01
1.001515955959676685e+00
9.986772716051149912e-01
9.933521912204751336e-01
9.956488225401098902e-01
9.990691570591496706e-01
9.953004953898166862e-01
9.978700395843275173e-01
9.987375390540329523e-01
9.987837158617587363e-01
9.996474831117995175e-01
9.977202480015014974e-01
1.000680298490097986e+00
9.973058319645349279e-01
1.000351572283972867e+00
9.990496812211564492e-01
9.984945080514678883e-01
1.002462093272824983e+00
9.983576091208901104e-01
9.996739271474673894e-01
1.001310201268190481e+00
1.000781277934562175e+00
1.002299698069986755e+00
9.995215690839929223e-01
9.975128569649394095e-01
9.976149534540235120e-01
1.002044552174967240e+00
9.974183015219799664e-01
9.964562284495945832e-01
1.001099129915144603e+00
9.991134677163571176e-01
9.977935865739049337e-01
9.991808775190068603e-01
1.001755096523248900e+00
9.975268195416937544e-01
9.981988364445981698e-01
1.001380686367191020e+00
9.960846178778052229e-01
1.000176491341373763e+00
1.001105564433306450e+00
1.000059486099129202e+00
9.998611897713981511e-01
9.973160824739625285e-01
9.957203171947920373e-01
9.991515840416561600e-01
1.000149763265997915e+00
9.971274285606817056e-01
9.981748243780529384e-01
9.999708156773631229e-01
9.973563295412918306e-01
9.974346266452583931e-01
1.000801386145772520e+00
9.984897430203725222e-01
9.995806560870660329e-01
9.984200036656200039e-01
9.997575748579112798e-01
1.000583041035987719e+00
9.989982933944439036e-01
9.992149606913013349e-01
9.972667709962734772e-01
9.990650860892372753e-01
9.998793172252022909e-01
9.992885976990203423e-01
9.987902009648835788e-01
9.981785102780457164e-01
1.000525874026336748e+00
9.992645023848482078e-01
9.999131521557310665e-01
1.000874058543704370e+00
1.000223739617082330e+00
9.969459079979262617e-01
9.990256376242410141e-01
9.981323754004092219e-01
9.992818926757472964e-01
9.983243167202298096e-01
9.963313371775844862e-01
9.993043529288169191e-01
9.988623950212259794e-01
9.977110143012920540e-01
9.987019748907454142e-01
9.969388994172840857e-01
9.993619706948138059e-01
9.985587366504441453e-01
9.967483239520728011e-01
9.961434199540536438e-01
9.969274188213604893e-01
9.975276973328858210e-01
9.995038917104338561e-01
9.993788819058212480e-01
9.975927079664183017e-01
9.994243385947991776e-01
1.001715973372430790e+00
9.999087926531778914e-01
1.000645504209346504e+00
9.982317397101352352e-01
9.982380752217338005e-01
9.984843398985071561e-01
9.997519806852732671e-01
9.988530603416558851e-01
9.988872275701727865e-01
9.989208629188549571e-01
9.980059419624960348e-01
9.977425864824563950e-01
9.984474389928826854e-01
9.986099892968670622e-01
9.990075765612806968e-01
9.993402379032018112e-01
9.999521332886290859e-01
9.996268578532463422e-01
9.991393551644092152e-01
9.990668039830776781e-01
1.000548402836024531e+00
9.976710369054775374e-01
9.984563192251808550e-01
1.000809967174052684e+00
1.000551308533875305e+00
1.000658801191365077e+00
9.987642678217913961e-01
9.984772611393927244e-01
9.974340543741262444e-01
9.996307535022542767e-01
1.000618146071315273e+00
9.986099246940968177e-01
9.996989556605396787e-01
9.983192929160329410e-01
9.985583472521510906e-01
9.985075129113374359e-01
9.978626607845951790e-01
9.993968936088417632e-01
9.981475220825160033e-01
9.975190491012839722e-01
9.974094364728414153e-01
9.999309302613762496e-01
9.997406908716531815e-01
9.979744761095088457e-01
9.992943184547667945e-01
1.000154967312831378e+00
9.972878084529473997e-01
9.980237597757470880e-01
9.974440410026577108e-01
9.999081840606424132e-01
9.985135140289173039e-01
9.988370907872309301e-01
9.980578332696967703e-01
9.987069322629715806e-01
9.982071820533279238e-01
9.970138161660864196e-01
9.964191436616357533e-01
9.981320852028217061e-01
9.985327250685356315e-01
9.968321846116924290e-01
9.962141730996313393e-01
9.979748418449291281e-01
9.983461108764655201e-01
9.984467036905483317e-01
9.996410315314242512e-01
9.994142094833009526e-01
9.978339105817839449e-01
9.990863328969961099e-01
9.967814032463007123e-01
9.971738637636654579e-01
9.985038575065114941e-01
9.987167191883241646e-01
9.969209952188797796e-01
9.975782648841047262e-01
9.981399047460413065e-01
9.981267169190409794e-01
9.975094204375222207e-01
9.998081645241632121e-01
9.987298755146175600e-01
9.995961615315169801e-01
1.000609273244935649e+00
9.995551701288659663e-01
9.988402198107710905e-01
9.991758643820458641e-01
9.986923211718434779e-01
1.000789553102007012e+00
9.992776221186852048e-01
9.986930645890749192e-01
9.994230775362674679e-01
9.984172530502859466e-01
9.996567723768106095e-01
9.974128308273477739e-01
9.991049543349793671e-01
1.000059608921208598e+00
9.997262074703435752e-01
9.992090790554007951e-01
9.998354594660111561e-01
9.973537795972431397e-01
9.982139063501606069e-01
9.988423222387606826e-01
1.000536578210596605e+00
9.991199072248642121e-01
9.978872752916139177e-01
9.979537449863218335e-01
9.986244632637338858e-01
1.000377485563361368e+00
1.000130873473062065e+00
9.983664853377559600e-01
9.977020152460028823e-01
9.983909679351506972e-01
9.989214759921613007e-01
9.995694574123104026e-01
9.985705997644791498e-01
9.991837698211594176e-01
9.992765232350536708e-01
9.993194956504658499e-01
9.981911158287023467e-01
1.000263656459029038e+00
9.999236629179868441e-01
9.985701566088387438e-01
9.996175569687403284e-01
9.994536151344391994e-01
9.998313316335992740e-01
1.000382287578699181e+00
9.994090636094937752e-01
9.912040737354269604e-01
9.827174998398179318e-01
9.746415657278408862e-01
9.656822854338958928e-01
9.571853350005460337e-01
9.498593488941105001e-01
9.385209004019742229e-01
9.316969478700665164e-01
9.226097422539363269e-01
9.155235750509195247e-01
9.066919046587870179e-01
8.979647506873353890e-01
8.900844895200160645e-01
8.815942894668391538e-01
8.729293957375927615e-01
8.658483720505808501e-01
8.568513397394413866e-01
8.495444726046181838e-01
8.417535012610024570e-01
8.335828511779223016e-01
8.246110459787884261e-01
8.174860684378345566e-01
8.099975245380537370e-01
8.026767098278129176e-01
7.951940841499072210e-01
7.875800254541286405e-01
7.803628028521264470e-01
7.714043448594879449e-01
7.636011714167144637e-01
7.566999656012467490e-01
7.495358470156938679e-01
7.422285468662584984e-01
7.347543015993002191e-01
7.272903236900444268e-01
7.196842727456799205e-01
7.130248610027626333e-01
7.056784099034347779e-01
6.986581214191491807e-01
6.911707781241943627e-01
6.839542578950147389e-01
6.761822469485996301e-01
6.700833570366645509e-01
6.632962752804989481e-01
6.565248979349104230e-01
6.485983825044895346e-01
6.424194605369198952e-01
6.348237884105377704e-01
6.286178694386174159e-01
6.220232984554665556e-01
6.150248144201060363e-01
6.082393985599956476e-01
6.012047760590911727e-01
5.957338853455512728e-01
5.882558848911400018e-01
5.824902858243277137e-01
5.755762604266002613e-01
5.688758076347416592e-01
5.620388863983294403e-01
5.558654425912152863e-01
5.497341492318876810e-01
5.434424591629712920e-01
5.367954003428998533e-01
5.305980115822006571e-01
5.246183639677787225e-01
5.185357591370999275e-01
5.127230213564376582e-01
5.057356867621145557e-01
5.006090200087421893e-01
4.936902778550065762e-01
4.873480080181777363e-01
4.819561633763320696e-01
4.756075589491788325e-01
4.697829362318725055e-01
4.628551531254594953e-01
4.580533081475790524e-01
4.516688454054383350e-01
4.461905246045546058e-01
4.402194288390623433e-01
4.344648031754521078e-01
4.281042165666827382e-01
4.231361402733838095e-01
4.172022048237691849e-01
4.106705942170130741e-01
4.056706209548058273e-01
4.003885019703312675e-01
3.944654566917094596e-01
3.884561111032540648e-01
3.829526415160613984e-01
3.775538732492202953e-01
3.719714629379567428e-01
3.669230823712061884e-01
3.612706251955297709e-01
3.557606219750082399e-01
3.504758811294412246e-01
3.451572106140476937e-01
3.397570015862137471e-01
3.344845370275034702e-01
3.285925113783262907e-01
3.239022518166185249e-01
3.181629303677561138e-01
3.131298309617480125e-01
3.080797528547172814e-01
3.025370316819982475e-01
2.977560388744425190e-01
2.917498511725089561e-01
2.875515722520464723e-01
2.821797438289445070e-01
2.773156206292889947e-01
2.725073764631513185e-01
2.669874023605852131e-01
2.618228062192906602e-01
2.573911109052262614e-01
2.518321949585234365e-01
2.469345396757122724e-01
2.418086947405793108e-01
2.370283412396829992e-01
2.321621002499601183e-01
2.272016713659698040e-01
2.222743730485050861e-01
2.174852724268715454e-01
2.128766662858789238e-01
2.076451368346558524e-01
2.031481594219552433e-01
1.988136572952459158e-01
1.938850774054059478e-01
1.891452835650585251e-01
1.848426751527061374e-01
1.797017099993795108e-01
1.752784816423098857e-01
1.704964158706294419e-01
1.658262268926842531e-01
1.615552371294080303e-01
1.568985454659378442e-01
1.521169783263051634e-01
1.475574105146175985e-01
1.429212501222324183e-01
1.385387660346669714e-01
1.340158844891081169e-01
1.297703326623617093e-01
1.250292182317926659e-01
1.207858663786475217e-01
1.166935669890854649e-01
1.127436751348526167e-01
1.097136546851361916e-01
1.058459999290559672e-01
1.027465437399583403e-01
9.939814206159049148e-02
9.676330634810026421e-02
9.385563018493749132e-02
9.069546551175634852e-02
8.837459367969593971e-02
8.530011799464658206e-02
8.289655966904123374e-02
8.026145576025317530e-02
7.777278475548764225e-02
7.534219421953375351e-02
7.351906963017836028e-02
7.106003899200104279e-02
6.891652664077677071e-02
6.657368404257843486e-02
6.475762099581559850e-02
6.252279889204270802e-02
6.070745338538847957e-02
5.870277888676180694e-02
5.682584684308157608e-02
5.495702650463742817e-02
5.329577104298290763e-02
5.183323347726537245e-02
4.982356700521815146e-02
4.824033109689260940e-02
4.669807099111814019e-02
4.517164392320355271e-02
4.354398317833918508e-02
4.214790696704733691e-02
4.072561950089835514e-02
3.933620541601565157e-02
3.784383784989862193e-02
3.680493203609522257e-02
3.521708342077600057e-02
3.410289379765461121e-02
3.279541623681959950e-02
3.156226038740449907e-02
3.041768404136559537e-02
2.938636615338776140e-02
2.817913242040685426e-02
2.721279948362088225e-02
2.604379349128277399e-02
2.511609194054525637e-02
2.417986323891471376e-02
2.303472494530348774e-02
2.235991018388528914e-02
2.137218456250514903e-02
2.049779459301597634e-02
1.950161773548093544e-02
1.883821872864258062e-02
1.788907776902090227e-02
1.721290632227865172e-02
1.641178976158763625e-02
1.564726372840722149e-02
1.493485265336326473e-02
1.422897205625779649e-02
1.352156814053319563e-02
1.291487815796638940e-02
1.226938618723996850e-02
1.166480669434584103e-02
1.105573375800444902e-02
1.044529239694073734e-02
9.854876612217476628e-03
9.373997597449770444e-03
8.835756720999017599e-03
8.332119713627383559e-03
7.880770784147082819e-03
7.380926724165115353e-03
6.954824960953292709e-03
6.477251422996112805e-03
6.075528679664723986e-03
5.719858161792859032e-03
5.314996215509722698e-03
4.973128311247129903e-03
4.632206923827556812e-03
4.318258513107448189e-03
3.948110682970676008e-03
3.580203906684958567e-03
3.339327393110494251e-03
3.050782829149824901e-03
2.769263626034100968e-03
2.524637246091821982e-03
2.282604215353592741e-03
2.075875878014231228e-03
1.845722998006085920e-03
1.656351389840513737e-03
1.470919083641497810e-03
1.299159033661703884e-03
1.115372889644155761e-03
9.583273015861963661e-04
8.410421128811981653e-04
7.159609930118629190e-04
6.104305920795054545e-04
4.695699231629861352e-04
3.845097240018149898e-04
2.985050357227821160e-04
2.318613113051580380e-04
1.651674590886944953e-04
1.150533113230814750e-04
7.348281100168995675e-05
3.853438690315344375e-05
1.363226727632751397e-05
3.479315614224184185e-06
1.651191100531222401e-07
0.000000000000000000e+00
0.000000000000000000e+00
0.000000000000000000e+00
0.000000000000000000e+00
0.000000000000000000e+00
0.000000000000000000e+00
0.000000000000000000e+00
0.000000000000000000e+00
0.000000000000000000e+00
0.000000000000000000e+00
0.000000000000000000e+00
0.000000000000000000e+00
0.000000000000000000e+00
0.000000000000000000e+00
0.000000000000000000e+00
0.000000000000000000e+00
0.000000000000000000e+00
0.000000000000000000e+00
0.000000000000000000e+00
0.000000000000000000e+00
0.000000000000000000e+00
0.000000000000000000e+00
0.000000000000000000e+00
0.000000000000000000e+00
0.000000000000000000e+00
0.000000000000000000e+00
0.000000000000000000e+00
0.000000000000000000e+00
0.000000000000000000e+00
0.000000000000000000e+00
0.000000000000000000e+00
0.000000000000000000e+00
0.000000000000000000e+00
0.000000000000000000e+00
0.000000000000000000e+00
0.000000000000000000e+00
0.000000000000000000e+00
0.000000000000000000e+00
0.000000000000000000e+00
0.000000000000000000e+00
0.000000000000000000e+00
0.000000000000000000e+00
0.000000000000000000e+00
0.000000000000000000e+00
0.000000000000000000e+00
0.000000000000000000e+00
0.000000000000000000e+00
0.000000000000000000e+00
0.000000000000000000e+00
0.000000000000000000e+00
0.000000000000000000e+00
0.000000000000000000e+00
0.000000000000000000e+00
0.000000000000000000e+00
0.000000000000000000e+00
0.000000000000000000e+00
0.000000000000000000e+00
0.000000000000000000e+00
0.000000000000000000e+00
0.000000000000000000e+00
0.000000000000000000e+00
