0.000000000000000000e+00
0.000000000000000000e+00
0.000000000000000000e+00
0.000000000000000000e+00
0.000000000000000000e+00
0.000000000000000000e+00
0.000000000000000000e+00
0.000000000000000000e+00
0.000000000000000000e+00
0.000000000000000000e+00
0.000000000000000000e+00
0.000000000000000000e+00
0.000000000000000000e+00
0.000000000000000000e+00
0.000000000000000000e+00
0.000000000000000000e+00
0.000000000000000000e+00
0.000000000000000000e+00
0.000000000000000000e+00
0.000000000000000000e+00
0.000000000000000000e+00
0.000000000000000000e+00
0.000000000000000000e+00
0.000000000000000000e+00
0.000000000000000000e+00
0.000000000000000000e+00
0.000000000000000000e+00
0.000000000000000000e+00
0.000000000000000000e+00
0.000000000000000000e+00
0.000000000000000000e+00
5.014819102962625626e-03
5.236234508157557727e-02
2.281191869619275947e-01
5.423798272529652964e-01
8.924420841553137862e-01
1.147056078934572509e+00
1.292381960695022425e+00
1.367119942408846489e+00
1.391891464470444317e+00
1.389146708327809066e+00
1.363725832121828185e+00
1.341221135651929908e+00
1.303118937510436171e+00
1.267655051714042802e+00
1.236944230308611781e+00
1.193654243182403096e+00
1.179315605731441563e+00
1.179162851194333284e+00
1.171243399117930961e+00
1.167438664724829600e+00
1.157608805159461296e+00
1.115611656171733745e+00
1.070580571033708850e+00
1.021641102315012928e+00
9.959837791341717983e-01
9.605210118849716316e-01
9.589408993369159528e-01
9.531961472065733076e-01
9.603471359043146416e-01
9.737280551802069972e-01
9.677266379599450685e-01
9.746690751345361559e-01
9.837900481743863113e-01
9.936135736763356263e-01
9.920773642697643391e-01
1.002962564964118508e+00
9.966779555282953007e-01
1.005153230897703809e+00
1.003708137477719697e+00
1.009063578211909507e+00
1.007541575288009472e+00
1.005229330260150489e+00
1.011975876695651477e+00
1.006076792336793924e+00
1.006615360771631273e+00
1.005609273516311575e+00
1.006471842427926644e+00
1.012747143621825385e+00
1.004453047737464688e+00
1.002002109311516120e+00
1.003940927699910057e+00
9.987687689663282686e-01
1.002677547120391699e+00
9.980637868723016837e-01
9.888442598101399028e-01
9.892382303885516315e-01
9.826919460836277542e-01
9.863384571260320755e-01
9.815870674945220697e-01
9.844579161832753833e-01
9.795021040542010171e-01
9.809469911100419104e-01
9.794302922472030160e-01
9.837016962315388025e-01
9.834724111542129110e-01
9.854798281230240375e-01
9.888891828311712207e-01
9.863451735350886596e-01
9.964715398519753409e-01
9.993303777176607561e-01
9.966813357794450656e-01
9.995471216308849938e-01
9.994468023926396105e-01
9.997748401735891965e-01
1.002454754697435391e+00
1.001262520170538073e+00
1.003291856805279103e+00
9.997464916774851940e-01
9.975938400803135986e-01
1.002564497798566157e+00
9.996103010812561473e-01
9.991060219676444198e-01
9.988416595115119367e-01
9.966147283965102188e-01
9.971876141701886409e-01
9.959377829450281050e-01
9.960773452762710090e-01
9.972801608153275543e-01
9.989042030139051453e-01
9.955746045489169971e-01
9.951829882742195821e-01
9.919079355545997734e-01
9.941208621279242763e-01
9.931569815887745234e-01
9.951589448678391792e-01
9.931776538148378020e-01
9.939507306143502419e-01
9.958716348961119680e-01
9.930205972381480617e-01
9.966387328416889124e-01
9.949813597101798690e-01
9.947687795708962666e-01
9.938892377125264632e-01
9.974061788771292347e-01
9.942095894896090247e-01
9.938849877632075502e-01
9.950015380310329727e-01
9.999810524031281789e-01
9.947959139122332095e-01
9.982305674774387683e-01
9.985894549561800115e-01
9.985498521646246628e-01
1.000055993812422050e+00
9.982527119187553089e-01
9.970176836596601477e-01
9.968585782456391708e-01
9.986496760177620002e-01
9.981701667204198047e-01
1.000820798085210406e+00
1.000454398492397923e+00
9.973413851865544633e-01
9.981073194627264611e-01
1.000004347259010107e+00
9.966743301869268601e-01
9.993365461230246938e-01
9.973071735786451786e-01
9.983199977812854398e-01
9.998335873968825505e-01
9.978043148153233899e-01
9.975486220680588323e-01
9.989837443235808356e-01
9.984495518236082834e-01
9.991973920070189585e-01
9.982637436058824365e-01
9.989001660865721721e-01
9.958880587552653152e-01
9.965482385238894070e-01
9.983233528053978567e-01
9.989281603216043637e-01
9.994462018847615203e-01
9.997636957103258615e-01
9.984246458949036507e-01
9.980893494989930836e-01
1.000168190742307228e+00
9.999361547664961103e-01
1.000293304318919496e+00
9.999725765990918891e-01
1.000610522884251896e+00
9.986229390657807015e-01
1.001574056585443628e+00
9.966416394934233258e-01
1.000790317131693419e+00
9.990734363478641633e-01
1.000310776835797943e+00
9.988869026855553557e-01
9.990689594105829352e-01
9.983019701365067888e-01
1.001071937630966024e+00
9.991501475188848680e-01
9.986225284117739021e-01
1.000001098365986385e+00
9.989509471752113789e-01
1.002154158492403191e+00
1.000448817237436394e+00
9.996611984295921127e-01
9.984585173560083238e-01
9.988126102587568944e-01
9.979388494643286478e-01
9.986994849595042245e-01
9.999573672641141053e-01
9.982193411420132723e-01
9.990236399551473134e-01
9.976603564402919400e-01
9.955674029366962108e-01
9.983669550626763645e-01
9.978074980261741889e-01
9.996169820801854566e-01
9.999459482905953545e-01
9.981183637148536292e-01
9.974098183199313628e-01
9.982568944011859235e-01
9.969538266395402415e-01
9.983493527790788802e-01
9.990577133043713198e-01
9.978956949777861851e-01
9.981243882605591589e-01
9.959089846460118522e-01
9.992322064997118947e-01
9.981761849440201617e-01
9.969817041616217956e-01
9.986617131296294803e-01
9.989379776196446459e-01
9.980185135875296876e-01
9.997961268899140386e-01
9.972892866626593689e-01
9.989040486314407774e-01
9.994462367211702780e-01
9.994082682433248488e-01
9.973836493636708544e-01
9.974902724961314249e-01
9.993968128088398517e-01
9.998602394337354760e-01
9.972712987165660570e-01
9.989787096339703965e-01
9.987678606465097975e-01
9.983244082170736888e-01
9.990688591576749600e-01
9.994308915463602228e-01
9.975023738103813153e-01
9.976628799681229731e-01
9.989487164122691221e-01
9.979802294814131836e-01
9.978785591438942282e-01
9.995420892137105717e-01
9.988819677365747829e-01
9.977986138570075214e-01
9.986722545811824725e-01
9.970226838794304935e-01
9.984915629816336624e-01
9.981669422220632581e-01
9.996751625927763341e-01
9.992576456081596614e-01
9.992926830798771753e-01
9.976828636677665951e-01
9.997783573678257207e-01
9.984958962256879067e-01
9.980019829393418362e-01
9.978615949648426131e-01
9.987283099374807405e-01
9.992876611640179041e-01
9.982927448788875280e-01
9.992272382910110107e-01
9.990429092343644513e-01
9.995383871276389831e-01
9.965526340223139767e-01
1.001041245332389362e+00
9.973614153246905811e-01
9.984611334646443792e-01
9.982633233443383158e-01
9.993466359677968258e-01
9.978836039485400322e-01
9.997443302038450108e-01
9.968683256037175200e-01
9.967928160886998512e-01
9.975768778721861851e-01
9.975282319166907108e-01
9.984274343204367907e-01
9.978175133348036185e-01
1.001126317265800036e+00
9.984028072547037613e-01
9.979953061742857789e-01
9.983469141207705899e-01
9.978467408844193809e-01
9.973437593601308659e-01
9.976078823869169998e-01
9.988433167002538360e-01
9.991399060863318526e-01
9.980304948084018912e-01
9.968647685418762228e-01
9.987950546465551582e-01
9.980447396319845899e-01
9.988009600817742140e-01
9.975522635185606335e-01
9.973757678612230615e-01
9.984011430529173836e-01
9.975220178111893210e-01
9.978884958183987797e-01
1.000535508532452544e+00
9.988563805576041732e-01
9.993862052986843825e-01
9.996844197178181846e-01
9.997980815105629304e-01
9.977772187323752373e-01
9.966403833725899775e-01
1.000035354550983024e+00
9.975786796753676189e-01
9.983812154371271008e-01
1.000136855858337004e+00
1.000152539658029971e+00
9.990117093663092307e-01
9.992018556419652864e-01
9.996941891430258798e-01
9.983906573410159524e-01
9.992370470747579114e-01
9.983287483679679220e-01
1.000362383347116024e+00
9.991038454595938534e-01
9.998227838802571377e-01
9.985586953042927538e-01
9.977441664776789398e-01
1.000360859997583729e+00
9.991125160958951312e-01
9.991815223254804090e-01
9.992192955069286731e-01
9.985272715789255127e-01
1.000726739986977698e+00
9.986319742444557113e-01
9.988700194704948077e-01
9.984735363052761326e-01
9.995167148607839724e-01
9.987745255868011318e-01
9.981556192727304433e-01
9.999427776604467022e-01
9.975161981196249972e-01
9.991798122415932459e-01
9.997098788023270899e-01
1.000300492100830940e+00
9.992417858077754511e-01
9.966422371487414500e-01
9.911574870455172048e-01
9.836446182752346390e-01
9.757699546603905150e-01
9.651691562835159610e-01
9.575333517738193745e-01
9.489997942184411617e-01
9.408726185644946671e-01
9.310885301652125356e-01
9.240789877693283971e-01
9.157004579025468383e-01
9.071867906898114509e-01
8.989342117393388509e-01
8.905487896993236063e-01
8.831596591320156620e-01
8.745401413214478614e-01
8.658269817321710971e-01
8.575037295436132023e-01
8.497070273991017553e-01
8.415174332701681470e-01
8.357929822478095128e-01
8.254338061281560890e-01
8.195112870521311654e-01
8.112382382474281339e-01
8.029047375246772811e-01
7.966144052461862080e-01
7.870761654023836762e-01
7.799103906029654087e-01
7.732436910880682301e-01
7.659305287016278108e-01
7.572841242066639111e-01
7.515028797976562869e-01
7.444022276315189757e-01
7.358861554911954039e-01
7.298979411753524493e-01
7.214756916337413672e-01
7.139513302714419751e-01
7.073387663882353404e-01
7.006725651291942913e-01
6.931141976277718220e-01
6.854354199987852114e-01
6.792886869852201581e-01
6.711076541111107296e-01
6.647269030394893363e-01
6.576536499498218946e-01
6.508631051136376522e-01
6.445951844221350369e-01
6.363470298696582983e-01
6.303306475951884202e-01
6.235790497421591638e-01
6.171549509962317437e-01
6.101375883573173509e-01
6.034961381622793164e-01
5.970357763617430980e-01
5.902161475507303745e-01
5.837313520862718041e-01
5.769761329041501741e-01
5.700894442240220794e-01
5.637548250349656564e-01
5.570313307690757387e-01
5.511012792846516906e-01
5.444610117197763444e-01
5.384140004866642126e-01
5.322963598196555068e-01
5.257583900670338428e-01
5.188876470295449295e-01
5.137281282125149007e-01
5.075274905151153648e-01
5.008599441970239541e-01
4.943344747750199053e-01
4.885884687143098870e-01
4.826277519669178173e-01
4.761904856076500381e-01
4.706744951905290630e-01
4.640457251612167267e-01
4.581854933738128688e-01
4.522350904773165259e-01
4.461511727991379073e-01
4.401603203880289361e-01
4.349201403918039333e-01
4.295431701100161370e-01
4.234505481034782082e-01
4.175267450769781785e-01
4.121656289072807566e-01
4.063749182834416884e-01
4.002037086294033541e-01
3.947096061232009401e-01
3.892430742533862231e-01
3.832461706539374569e-01
3.782202501313213228e-01
3.729935181241803011e-01
3.666096910442395718e-01
3.614154841005750018e-01
3.559742300546362426e-01
3.504946618293237615e-01
3.455258744791059877e-01
3.400235423074467467e-01
3.341182333617785938e-01
3.289350912906239266e-01
3.234616333532805976e-01
3.184941148267919075e-01
3.127856717797586339e-01
3.081183573665411402e-01
3.024316264893239792e-01
2.969921977328469076e-01
2.926587534969687376e-01
2.873890737489870895e-01
2.814655541908634984e-01
2.773229847252276503e-01
2.715709206471342840e-01
2.666853888499158276e-01
2.615738900335933814e-01
2.566492343500362816e-01
2.516858922974044011e-01
2.468897745088752260e-01
2.422261455945551867e-01
2.370107993782359646e-01
2.318818703956073979e-01
2.270504429791767309e-01
2.223179571999427673e-01
2.174836003559159070e-01
2.125903711052340439e-01
2.076340674716218859e-01
2.033277443091565662e-01
1.981409686836655970e-01
1.937731603829893900e-01
1.890775288854877334e-01
1.837579812639695831e-01
1.794701472894946470e-01
1.750939451287964188e-01
1.703150785836481385e-01
1.657232718725941689e-01
1.611446608476594378e-01
1.565574239906344922e-01
1.525302121127823096e-01
1.474664760115525775e-01
1.429375140611900685e-01
1.384268414360309007e-01
1.340043401442016502e-01
1.295418648788750626e-01
1.251293428988504153e-01
1.207900506719954969e-01
1.166801034772075030e-01
1.129294402068577174e-01
1.092785099959658751e-01
1.060756007551539454e-01
1.027675695175408327e-01
9.927507390192091830e-02
9.659376140053180237e-02
9.375665277782034568e-02
9.056281123109002906e-02
8.804682542095812470e-02
8.530879182086312240e-02
8.256913710390641203e-02
8.020067988571710771e-02
7.768577522809597125e-02
7.557397275647884105e-02
7.311215189455654018e-02
7.095860496861207400e-02
6.877615732628675205e-02
6.662802396260146531e-02
6.435286528179080812e-02
6.255358098146839019e-02
6.056807141052830690e-02
5.887557537130663071e-02
5.696273413926058321e-02
5.506903028974114572e-02
5.334745828404973550e-02
5.147644729828441956e-02
4.983695870455755877e-02
4.859399523072992222e-02
4.681013368780378991e-02
4.492243481410661959e-02
4.346265091905843203e-02
4.218243833776885027e-02
4.079472321052143857e-02
3.917357378172100363e-02
3.797033222239221129e-02
3.645784642035865969e-02
3.546715330030806440e-02
3.413155878000465049e-02
3.289062003412342866e-02
3.169322188049134015e-02
3.049007444084699675e-02
2.921176663758994971e-02
2.820038528951488918e-02
2.731454894606364855e-02
2.617131580902940999e-02
2.504415308614096544e-02
2.407912135169629556e-02
2.329807499386385428e-02
2.237559076121496682e-02
2.132036728326074451e-02
2.048088095248542378e-02
1.956192116902833247e-02
1.871395795505811921e-02
1.801500589542334371e-02
1.714187956758345469e-02
1.636045253583444034e-02
1.566577704990412129e-02
1.501268792435584906e-02
1.425526236421718711e-02
1.365723663728039654e-02
1.292611093917882259e-02
1.224732313555898858e-02
1.171214607148426436e-02
1.110161177492293566e-02
1.039970386233156005e-02
9.965223597865032271e-03
9.440678345211101982e-03
8.817587560507168451e-03
8.404313968434662385e-03
7.925710402443780431e-03
7.453136993290828023e-03
6.952930729206318987e-03
6.559715512057523804e-03
6.121274842468383583e-03
5.653064077135836960e-03
5.335399391419280019e-03
5.007501848206535530e-03
4.648108578612781573e-03
4.230798169597978914e-03
3.926552624380991174e-03
3.609979601498276673e-03
3.327511491905631256e-03
3.104999149393270538e-03
2.788166239799014321e-03
2.602591468466535548e-03
2.279239427858018724e-03
2.080616921424183023e-03
1.860094362239242361e-03
1.652175747618123093e-03
1.477223151793550333e-03
1.279398172175476734e-03
1.102594704239732428e-03
9.925230610181104158e-04
8.229353885775177180e-04
7.199175010215627104e-04
5.901660000714705400e-04
4.944645920430294165e-04
4.023152580551274371e-04
3.051959250870135785e-04
2.298865223385176818e-04
1.773443564304011866e-04
1.092006261122579580e-04
6.914718643704511713e-05
3.453902231172130036e-05
1.529837449880413450e-05
3.148700499687856645e-06
0.000000000000000000e+00
0.000000000000000000e+00
0.000000000000000000e+00
0.000000000000000000e+00
0.000000000000000000e+00
0.000000000000000000e+00
0.000000000000000000e+00
0.000000000000000000e+00
0.000000000000000000e+00
0.000000000000000000e+00
0.000000000000000000e+00
0.000000000000000000e+00
0.000000000000000000e+00
0.000000000000000000e+00
0.000000000000000000e+00
0.000000000000000000e+00
0.000000000000000000e+00
0.000000000000000000e+00
0.000000000000000000e+00
0.000000000000000000e+00
0.000000000000000000e+00
0.000000000000000000e+00
0.000000000000000000e+00
0.000000000000000000e+00
0.000000000000000000e+00
0.000000000000000000e+00
0.000000000000000000e+00
0.000000000000000000e+00
0.000000000000000000e+00
0.000000000000000000e+00
0.000000000000000000e+00
0.000000000000000000e+00
0.000000000000000000e+00
0.000000000000000000e+00
0.000000000000000000e+00
0.000000000000000000e+00
0.000000000000000000e+00
0.000000000000000000e+00
0.000000000000000000e+00
0.000000000000000000e+00
0.000000000000000000e+00
0.000000000000000000e+00
0.000000000000000000e+00
0.000000000000000000e+00
0.000000000000000000e+00
0.000000000000000000e+00
0.000000000000000000e+00
0.000000000000000000e+00
0.000000000000000000e+00
0.000000000000000000e+00
0.000000000000000000e+00
0.000000000000000000e+00
0.000000000000000000e+00
0.000000000000000000e+00
0.000000000000000000e+00
0.000000000000000000e+00
0.000000000000000000e+00
0.000000000000000000e+00
0.000000000000000000e+00
0.000000000000000000e+00
0.000000000000000000e+00
0.000000000000000000e+00
