0.000000000000000000e+00
0.000000000000000000e+00
0.000000000000000000e+00
0.000000000000000000e+00
0.000000000000000000e+00
0.000000000000000000e+00
0.000000000000000000e+00
0.000000000000000000e+00
0.000000000000000000e+00
0.000000000000000000e+00
0.000000000000000000e+00
0.000000000000000000e+00
0.000000000000000000e+00
0.000000000000000000e+00
0.000000000000000000e+00
0.000000000000000000e+00
0.000000000000000000e+00
0.000000000000000000e+00
0.000000000000000000e+00
0.000000000000000000e+00
0.000000000000000000e+00
0.000000000000000000e+00
0.000000000000000000e+00
0.000000000000000000e+00
0.000000000000000000e+00
0.000000000000000000e+00
0.000000000000000000e+00
0.000000000000000000e+00
0.000000000000000000e+00
0.000000000000000000e+00
2.458695858922645681e-04
4.379650073994247050e-03
5.186184045659893854e-02
2.315770013850635412e-01
5.409451050249922677e-01
8.907637254212742439e-01
1.161529906740390139e+00
1.300877854888368601e+00
1.366811668765615329e+00
1.392857704050035839e+00
1.393884108655284892e+00
1.363512650386634606e+00
1.329009049509988438e+00
1.295293913851483847e+00
1.264185892979708736e+00
1.230885188372345729e+00
1.196472035131088463e+00
1.176735415884226921e+00
1.179082476050587580e+00
1.179907923928826596e+00
1.167052783832142504e+00
1.166672289611664359e+00
1.129851392934339449e+00
1.078380274305332120e+00
1.028428172424580733e+00
9.951184565663708792e-01
9.786921725801358551e-01
9.654429084095482727e-01
9.647344456343731611e-01
9.629140183605053860e-01
9.665444256915862731e-01
9.773840735791279322e-01
9.800285639629557899e-01
9.870433204530365545e-01
9.991207789842467824e-01
9.960775647787976084e-01
9.992425972198082373e-01
1.006904922365463140e+00
1.006031598961056428e+00
1.008757252572465068e+00
1.010429816164410743e+00
1.007274766593679427e+00
1.010816471965599650e+00
1.011401570543590589e+00
1.008046992249779228e+00
1.012338984555061439e+00
1.016278504464283694e+00
1.012576392986828999e+00
1.011487982481534598e+00
1.005700144628447257e+00
1.005057048379610851e+00
1.005287529220093568e+00
1.008622687028429832e+00
1.002045878806453905e+00
1.001582691296292182e+00
9.945854244752038165e-01
9.896598080372627226e-01
9.874543279494709669e-01
9.843140301932065128e-01
9.845505456270566835e-01
9.852973467244067196e-01
9.832971056645340990e-01
9.824424758180296813e-01
9.857622275304892545e-01
9.834649286212294728e-01
9.882703045955213428e-01
9.840630506103523745e-01
9.874712888351279139e-01
9.934329089195892415e-01
9.992511701369516386e-01
9.993372767143048341e-01
1.002162341883207075e+00
1.003239646419698428e+00
9.993693955651264949e-01
9.999453504500765977e-01
1.003130359898140478e+00
9.996522604881666885e-01
1.004452549680829421e+00
1.002460833845437049e+00
1.002701403316261786e+00
1.008904283205986241e+00
9.987173302188130375e-01
1.005580294582040013e+00
1.000856592240915610e+00
9.984468368859470422e-01
1.002108589087761903e+00
1.000366150327089532e+00
9.988689655023138547e-01
9.967828008160739550e-01
9.984745747469676580e-01
9.944122745682837383e-01
9.948762686987379089e-01
9.940189350309311944e-01
9.976104189909998921e-01
9.934510225080707135e-01
9.914064422147825795e-01
9.945087585813567888e-01
9.949965930697347583e-01
9.925886909842389638e-01
9.945486264386823594e-01
9.958821997367420797e-01
9.944147615686765862e-01
9.980277004721784806e-01
9.945034069757640038e-01
9.972890542183175944e-01
9.997349394168733028e-01
9.970365015976662137e-01
9.946311349806267188e-01
9.993815356961353036e-01
9.976407566310445674e-01
9.975224983047327187e-01
9.982589893621309773e-01
1.000045323953144161e+00
1.000079971263301726e+00
9.998809390716402179e-01
9.988500521258170117e-01
9.994113243348758946e-01
1.000685678292106529e+00
9.949685015875471272e-01
9.973302736014262315e-01
9.982540342917377574e-01
9.973499549953581678e-01
9.973008359142356838e-01
9.981828114246100725e-01
9.987476487848115925e-01
9.957389720690371648e-01
9.995874259093608938e-01
9.943344906537002759e-01
9.940167206005503520e-01
9.959237440832422461e-01
1.000101478386530740e+00
9.968074817612743166e-01
9.983651512454930765e-01
9.972496585895108678e-01
9.980041347730878032e-01
9.969117849562014744e-01
9.974279511358008499e-01
9.956044458190664859e-01
9.985715809747635063e-01
9.981432829577743249e-01
9.999558798063918896e-01
9.977154958233482862e-01
9.990303722652085217e-01
9.987422778322836425e-01
9.960251384349279036e-01
9.975473239874607101e-01
9.981506236693900025e-01
9.981906126157039649e-01
9.985475426379152308e-01
9.985044648697576353e-01
9.984343904194603603e-01
9.963523276806995899e-01
9.997946864548816759e-01
9.952943252988919465e-01
9.971927182265590828e-01
9.984357141132050861e-01
9.947858297921647885e-01
9.978697657340501737e-01
9.992761662255456034e-01
1.000380810645056684e+00
9.980555903408294682e-01
9.963682672983346089e-01
9.981249781926657683e-01
9.962596335548616899e-01
9.983795356314105751e-01
9.983946490706943067e-01
9.960059022263868522e-01
9.984697729691657253e-01
9.974041078367424928e-01
9.993053124509087004e-01
9.971019071715688797e-01
9.973506034575835288e-01
9.989472852566154693e-01
9.981446265496143333e-01
9.983121610413410174e-01
9.979633518635074863e-01
9.986781380389598839e-01
9.976899036221654749e-01
9.998474741147296285e-01
9.972488549301992133e-01
9.982885874734428455e-01
9.989240646318067185e-01
9.963323727233527327e-01
9.969393698697113226e-01
9.968479549655588912e-01
9.981818587065577342e-01
9.984116232308223315e-01
9.978757191511584690e-01
9.970478583250214077e-01
9.971039780660065910e-01
9.976732147774345361e-01
9.985272303442227493e-01
9.991142376905161049e-01
1.000098398368598485e+00
9.972618851449517319e-01
9.983868830178810327e-01
9.989136791894682732e-01
9.980060134205139821e-01
9.998983784498064464e-01
9.958190553243317922e-01
9.993155709255837627e-01
9.983547136245292108e-01
9.994351885739179986e-01
1.001119243218528299e+00
9.979900405886780179e-01
9.987206837208014720e-01
9.995668936328064857e-01
9.995118716023818628e-01
9.987932926170595138e-01
1.000241133510291869e+00
9.984903827584993286e-01
1.000018951314358917e+00
1.000045310512532204e+00
1.000136845308158273e+00
9.995879079333994666e-01
9.993069418099591594e-01
9.997909955399816306e-01
1.001284846159638198e+00
1.000398882770339615e+00
1.000450302705615080e+00
1.000091734743916216e+00
1.000450378420389308e+00
1.001996293287986006e+00
1.001545918711497452e+00
1.001187327589929676e+00
1.001232015937762121e+00
9.991682414957619995e-01
9.993408426537678801e-01
1.000572847304266322e+00
9.997342812245236798e-01
1.000821476020274270e+00
1.000314085994471691e+00
1.000948879906217837e+00
9.993462028576827194e-01
9.997482571348534908e-01
1.000166208775641774e+00
9.994531021718329189e-01
1.001150541180523268e+00
1.001312482107619140e+00
1.000449250792284861e+00
9.988711362291921025e-01
1.001728145251887359e+00
9.991456784675465386e-01
1.000073170517263854e+00
1.001391720594204893e+00
1.000784261601455505e+00
1.000294763255340058e+00
9.986256265887695216e-01
9.996206317617757353e-01
1.001007744478269235e+00
1.000699130727414232e+00
1.000143032134611421e+00
1.001004963507964973e+00
9.997472976068678685e-01
9.988711292802734398e-01
9.996124305042819458e-01
9.998014280992398861e-01
1.000429915417198501e+00
1.000519320299707804e+00
1.000445790431431892e+00
1.001874220309748376e+00
9.990035734048550164e-01
9.997459815301583674e-01
9.996299351622885965e-01
1.000569117733879798e+00
1.000289982596671123e+00
9.998825634063190915e-01
9.983622000127009288e-01
9.990500641564807882e-01
9.998913757653601353e-01
9.986671924771749476e-01
9.994232411835183294e-01
9.984451690625911757e-01
9.989929329158734328e-01
9.999794720040763307e-01
9.986462696759236257e-01
9.986002572378079867e-01
9.988554591027070106e-01
9.987787324117798349e-01
9.985651321014151760e-01
9.973483482781446696e-01
9.988528752408444289e-01
9.992713257795043935e-01
9.982612892161562002e-01
9.987083308830667638e-01
9.994479251960071142e-01
9.993396227720110492e-01
9.994312554172892771e-01
1.000419210427658800e+00
9.991490091151561392e-01
9.996967038551818341e-01
9.992002827800603448e-01
9.989992367569152654e-01
9.998733441744235284e-01
1.000330512110637615e+00
9.990139131496086344e-01
9.996193787426326249e-01
1.000338520952896326e+00
9.983786613814893407e-01
9.991024545882157826e-01
9.997421562486045188e-01
9.993979579347195275e-01
9.994587802621038852e-01
9.981872450432683896e-01
9.995369237979764288e-01
9.995110649390402946e-01
9.987032504224166995e-01
9.989658210970874253e-01
9.999669544784285380e-01
9.988755329050923448e-01
9.920907576246253967e-01
9.832660974837612589e-01
9.753581097552742607e-01
9.656914870179703625e-01
9.562930034563255077e-01
9.496869568516805860e-01
9.384577152982065407e-01
9.310043162944211526e-01
9.227809022492469149e-01
9.136540391364005309e-01
9.060256557574064562e-01
8.975744956285395260e-01
8.904245573993850860e-01
8.809037636309953179e-01
8.737494607085675158e-01
8.650887656457990627e-01
8.564812124557219519e-01
8.497451448427907339e-01
8.414765702724398277e-01
8.337030843797662572e-01
8.255526406962251373e-01
8.169587666440253360e-01
8.102168954279085344e-01
8.030100428687481084e-01
7.955949371912925949e-01
7.865477237302285207e-01
7.794592099668022911e-01
7.718390791947461471e-01
7.639076921294363220e-01
7.567849799255580434e-01
7.494242396795846028e-01
7.428451877435903183e-01
7.342384655196650955e-01
7.274225211497598043e-01
7.207972465850144284e-01
7.131606258532119380e-01
7.054657671338990799e-01
6.988170394525284879e-01
6.902962813036683798e-01
6.849724564783729042e-01
6.773958171072343992e-01
6.694627930853048747e-01
6.626594617352523642e-01
6.564015907381358650e-01
6.492346970146850582e-01
6.427038951091207375e-01
6.365427449809988314e-01
6.299795462181971839e-01
6.223330786919566426e-01
6.153394751579740474e-01
6.092226484103899775e-01
6.026057893368911289e-01
5.956500743770087869e-01
5.893432906981597164e-01
5.822747918049382410e-01
5.754620892902735374e-01
5.691151051851860432e-01
5.627098980239133574e-01
5.563480518326024971e-01
5.500854104573200676e-01
5.438184076315950577e-01
5.365725117309853021e-01
5.315262981914152807e-01
5.248733601364720114e-01
5.184900313987131915e-01
5.123266637470882401e-01
5.062106727301796116e-01
5.012766347648779375e-01
4.937022216305554378e-01
4.877384850367806890e-01
4.823091563057326780e-01
4.759578896079835753e-01
4.699178837121476549e-01
4.640547491377450817e-01
4.578905128105733580e-01
4.522425811928556527e-01
4.464556466111805344e-01
4.401956241076551146e-01
4.343830525530757436e-01
4.289279156113340874e-01
4.228531510231060553e-01
4.174478520841723994e-01
4.116782358368785144e-01
4.060173806560850029e-01
4.004867918383394065e-01
3.949777483135255007e-01
3.890525226570724637e-01
3.837634806649575792e-01
3.782887350551986105e-01
3.719599065236996460e-01
3.669847612222499333e-01
3.611689962298282874e-01
3.556115275270419485e-01
3.500104494924649590e-01
3.450329269673953481e-01
3.396429978084819501e-01
3.333425566584948818e-01
3.282532146199742540e-01
3.232270007604195472e-01
3.181110424928869085e-01
3.126320487289263039e-01
3.073724652870671870e-01
3.018400131797774333e-01
2.974747666936185531e-01
2.923454361064708462e-01
2.865825825484147882e-01
2.813172704562325044e-01
2.768371356456215682e-01
2.715122548615926945e-01
2.669049979407527307e-01
2.614858299934224029e-01
2.558222208439726031e-01
2.511218395266953118e-01
2.464581589753429558e-01
2.416594730745359187e-01
2.363589171355399698e-01
2.317934033417898276e-01
2.272209707847211713e-01
2.225071891600261254e-01
2.171529787848411053e-01
2.124274903840068784e-01
2.074270028052975501e-01
2.027845245887988646e-01
1.982051580148456449e-01
1.936254033079438663e-01
1.887640719679385404e-01
1.842476788037773205e-01
1.793733306775756042e-01
1.748918991761200525e-01
1.701175100614686353e-01
1.656786430527296405e-01
1.606482244320665276e-01
1.565115564784832214e-01
1.516444576861257776e-01
1.469772201884104457e-01
1.424720451662555287e-01
1.382763698075479830e-01
1.338650037844867635e-01
1.293529001325814942e-01
1.247936638254219660e-01
1.204240420940825285e-01
1.165871101725430570e-01
1.125861316767451936e-01
1.093520572790712270e-01
1.058615956310702544e-01
1.026677436245667235e-01
9.992905672142396445e-02
9.659379800543316241e-02
9.347166134187585851e-02
9.096202238696851627e-02
8.787379360876333700e-02
8.541781797896218220e-02
8.289357744511455239e-02
8.023433755214587348e-02
7.765203417214203152e-02
7.557296622060148683e-02
7.342811333536074236e-02
7.103255810740634335e-02
6.888320266347892906e-02
6.659507588007630707e-02
6.461162032060524529e-02
6.263502673952958677e-02
6.017563177353454917e-02
5.868920370118246854e-02
5.685009777785283991e-02
5.489012541860838895e-02
5.326749713607464853e-02
5.174070238517196330e-02
4.975133266968499030e-02
4.829903433195242152e-02
4.661832666210070919e-02
4.523648936552862598e-02
4.340677399685732851e-02
4.202881796808991682e-02
4.066620521230648877e-02
3.931749728026971008e-02
3.783401235596088596e-02
3.670611606314147513e-02
3.514993968853864087e-02
3.414557159480872961e-02
3.267689702822264286e-02
3.167719079512863051e-02
3.042850640903197942e-02
2.933351905224742748e-02
2.825247359491244586e-02
2.712994447700870990e-02
2.619293816795838573e-02
2.518720676601223646e-02
2.413914183441677117e-02
2.315489696512407908e-02
2.215696575504348675e-02
2.130362197294370999e-02
2.046459283620152836e-02
1.958709551511327723e-02
1.876805851551512430e-02
1.782078881180441249e-02
1.711468285165653261e-02
1.652474586849971006e-02
1.553302942434576193e-02
1.491535845143389730e-02
1.432837791976655610e-02
1.356035553599123367e-02
1.292943782798387439e-02
1.228428911850119355e-02
1.183917580119523555e-02
1.113742208688745135e-02
1.055770950482094565e-02
9.949150500538767039e-03
9.463943575940145236e-03
8.822736508184261459e-03
8.427656021753123991e-03
7.827247934481180655e-03
7.397293606716372552e-03
6.971139175418907159e-03
6.512112714962604333e-03
6.115088892412946786e-03
5.734538384273250335e-03
5.313438901613206158e-03
4.937115447298369084e-03
4.620258514021491521e-03
4.248473394163644438e-03
3.959474040341289490e-03
3.615027914668555564e-03
3.398704240213884162e-03
3.062039472731682699e-03
2.769576773824089597e-03
2.515865370034389356e-03
2.285586105305694327e-03
2.088405158615752252e-03
1.811487715238628820e-03
1.671610685290238858e-03
1.460915562153740571e-03
1.285354663575668643e-03
1.135697374428211708e-03
9.889792711410170471e-04
8.384386944754893206e-04
7.092390762605686782e-04
5.936170660547425730e-04
4.866498013703601214e-04
3.775218607810990339e-04
3.064760845813055802e-04
2.215415300054049462e-04
1.688725866826771898e-04
1.113563792827513605e-04
7.448593509407946858e-05
4.036870909242634790e-05
1.778816051650619761e-05
3.147901644153804241e-06
3.302329141592001556e-07
0.000000000000000000e+00
0.000000000000000000e+00
0.000000000000000000e+00
0.000000000000000000e+00
0.000000000000000000e+00
0.000000000000000000e+00
0.000000000000000000e+00
0.000000000000000000e+00
0.000000000000000000e+00
0.000000000000000000e+00
0.000000000000000000e+00
0.000000000000000000e+00
0.000000000000000000e+00
0.000000000000000000e+00
0.000000000000000000e+00
0.000000000000000000e+00
0.000000000000000000e+00
0.000000000000000000e+00
0.000000000000000000e+00
0.000000000000000000e+00
0.000000000000000000e+00
0.000000000000000000e+00
0.000000000000000000e+00
0.000000000000000000e+00
0.000000000000000000e+00
0.000000000000000000e+00
0.000000000000000000e+00
0.000000000000000000e+00
0.000000000000000000e+00
0.000000000000000000e+00
0.000000000000000000e+00
0.000000000000000000e+00
0.000000000000000000e+00
0.000000000000000000e+00
0.000000000000000000e+00
0.000000000000000000e+00
0.000000000000000000e+00
0.000000000000000000e+00
0.000000000000000000e+00
0.000000000000000000e+00
0.000000000000000000e+00
0.000000000000000000e+00
0.000000000000000000e+00
0.000000000000000000e+00
0.000000000000000000e+00
0.000000000000000000e+00
0.000000000000000000e+00
0.000000000000000000e+00
0.000000000000000000e+00
0.000000000000000000e+00
0.000000000000000000e+00
0.000000000000000000e+00
0.000000000000000000e+00
0.000000000000000000e+00
0.000000000000000000e+00
0.000000000000000000e+00
0.000000000000000000e+00
0.000000000000000000e+00
0.000000000000000000e+00
0.000000000000000000e+00
0.000000000000000000e+00
