0.000000000000000000e+00
0.000000000000000000e+00
0.000000000000000000e+00
0.000000000000000000e+00
0.000000000000000000e+00
0.000000000000000000e+00
0.000000000000000000e+00
0.000000000000000000e+00
0.000000000000000000e+00
0.000000000000000000e+00
0.000000000000000000e+00
0.000000000000000000e+00
0.000000000000000000e+00
0.000000000000000000e+00
0.000000000000000000e+00
0.000000000000000000e+00
0.000000000000000000e+00
0.000000000000000000e+00
0.000000000000000000e+00
0.000000000000000000e+00
0.000000000000000000e+00
0.000000000000000000e+00
0.000000000000000000e+00
0.000000000000000000e+00
0.000000000000000000e+00
0.000000000000000000e+00
0.000000000000000000e+00
0.000000000000000000e+00
0.000000000000000000e+00
0.000000000000000000e+00
1.229234297242962288e-04
4.494488546207557091e-03
5.607922797183489960e-02
2.300781235966835037e-01
5.464193434053216114e-01
8.934942586283958210e-01
1.137431884592271958e+00
1.303034505993083236e+00
1.362365015469814367e+00
1.388258153438710396e+00
1.387097256818682123e+00
1.346953072348627156e+00
1.334425869113980534e+00
1.303181585425763123e+00
1.267909264949900416e+00
1.240879852396185257e+00
1.199032245529723539e+00
1.185825773927128290e+00
1.168326704549779160e+00
1.169251191879726592e+00
1.163693929642370728e+00
1.161584476038501679e+00
1.118565451933653199e+00
1.072866919501198169e+00
1.018688698975056761e+00
9.948408459840312190e-01
9.669233287823671974e-01
9.670138981565946645e-01
9.619218904778246149e-01
9.706582427066362539e-01
9.684390151442255901e-01
9.869236557315257397e-01
9.813139243898193476e-01
9.886537266832593485e-01
1.000127952347157123e+00
1.007593841233754395e+00
1.009235477696526218e+00
1.016311852093190637e+00
1.016930209066890800e+00
1.012274498917411725e+00
1.015570846053299947e+00
1.019932211982620629e+00
1.019229856630913922e+00
1.020675183568862332e+00
1.017040234833172629e+00
1.014713030132872618e+00
1.023473316436414704e+00
1.022126488231060781e+00
1.013361621625566755e+00
1.010944898621718879e+00
1.011793615958221704e+00
1.011297965271442001e+00
1.004102139710878250e+00
1.005438668150288484e+00
1.003347971096714808e+00
1.000993398382114874e+00
9.899580721469534161e-01
9.930763129383479715e-01
9.890194700164979258e-01
9.882570977248323896e-01
9.867491592168533554e-01
9.852824220982120407e-01
9.866687257251000043e-01
9.883919896222087553e-01
9.880481288870759382e-01
9.903670095577865595e-01
9.895412807198817884e-01
9.928896852842312715e-01
9.977081039319650735e-01
9.956703735092753416e-01
9.961142682963177730e-01
9.975685070001741872e-01
1.001960466419542062e+00
1.001679013677085006e+00
1.006513233010156938e+00
1.004167844037910706e+00
1.002992971623677620e+00
1.001935221463467585e+00
1.001979602189451812e+00
1.005207733991196228e+00
1.001220031456343085e+00
1.001274205773489578e+00
1.000431830463359040e+00
9.990019449320834966e-01
9.978093680079033190e-01
1.001480181155331106e+00
9.976152972198264468e-01
9.987807786964998380e-01
1.000229202374381732e+00
9.959838269536896993e-01
9.962341862884634969e-01
9.990372624255974277e-01
9.937327254098490270e-01
9.956849817144125536e-01
9.965427547380193429e-01
9.935075603113856513e-01
9.944382725624077990e-01
9.911199098143039787e-01
9.944015155623994184e-01
9.968706837999656845e-01
9.992416899062106506e-01
9.938301524386594643e-01
9.950042060226375051e-01
9.991950984174626793e-01
9.999309617974349029e-01
9.970109338765580365e-01
9.988470311305269744e-01
9.929967659868700336e-01
9.978464228975740813e-01
9.984417784944061847e-01
9.997330926977643362e-01
9.978011743137586986e-01
9.985900084522700837e-01
9.971635702516720157e-01
9.979427975561719899e-01
9.969615978251253896e-01
9.959514009391979839e-01
9.968874273300036837e-01
9.974746371264541223e-01
9.980004745094444019e-01
9.962734659643801560e-01
9.980724040909090267e-01
9.986764844570069632e-01
9.985758963851182335e-01
9.976157119221876757e-01
9.941193195013684480e-01
9.979541929515952647e-01
9.931799525569093845e-01
9.982584547327613134e-01
9.940403448272008280e-01
9.939448506679743334e-01
9.958800837312696830e-01
9.967267844427656343e-01
9.968601619022793292e-01
9.962320102735801042e-01
9.966839439112579191e-01
9.962797085013018750e-01
9.980660811907993146e-01
9.975911414595074467e-01
9.960170097747342854e-01
9.962934373448824044e-01
9.965307020037657004e-01
9.975967495456143919e-01
9.984505119239069915e-01
9.988906206539129862e-01
9.987397947290803657e-01
9.977389859540609640e-01
9.948515454849509165e-01
9.960720260656270586e-01
9.974201396655544283e-01
9.962027049423997083e-01
9.979282942974815329e-01
9.979769015183654890e-01
9.977002714422900098e-01
9.963160928697921692e-01
9.969658709160709176e-01
9.979455815192093127e-01
9.949832952783328466e-01
9.965752299289737381e-01
9.973521486026379890e-01
9.976293050832797382e-01
9.971898673413441827e-01
9.983907068561124198e-01
9.962622293746524749e-01
9.973063004348926563e-01
9.973927605328127832e-01
9.960737725535599996e-01
9.973586721192372329e-01
9.976863193290220755e-01
9.964272436742369621e-01
9.969599590645104037e-01
9.982428105190208623e-01
9.990933947566268403e-01
9.953806230913102571e-01
9.959597791197973837e-01
9.969151830178836216e-01
9.979167091070137996e-01
9.982776329718544561e-01
9.989264058299188731e-01
9.995954989607478414e-01
9.984105259926402409e-01
9.973911238386363731e-01
9.953311005808765932e-01
9.975747897067654968e-01
9.979998179036314587e-01
9.971255213560521469e-01
9.991818112958439357e-01
9.999676308713404405e-01
9.974814783685300723e-01
9.989142353497371118e-01
9.975139621508191112e-01
9.973498960836163496e-01
9.979881604321376720e-01
9.972106260323332361e-01
9.976972543114845937e-01
9.967641899733271638e-01
9.992337364305609038e-01
9.968133939216836659e-01
9.977919900917653351e-01
9.996830022461421494e-01
9.998291126499195824e-01
9.992077429119351484e-01
9.978333512137679273e-01
9.986303304873688225e-01
9.981317522748369697e-01
9.957003147962046885e-01
9.981986645966335336e-01
9.970565167872701418e-01
9.976173322712019731e-01
9.981759040864111032e-01
9.974332338572797774e-01
9.976235302005468375e-01
9.992051422197986144e-01
9.981667669308186275e-01
9.988871791767031105e-01
9.989043403646502561e-01
9.960755718628596656e-01
9.970757686239746231e-01
9.979044857003761537e-01
9.970740211951200083e-01
9.982615809011343710e-01
9.981828885160153320e-01
9.985449717428278582e-01
9.972624392919889891e-01
9.964750414775568332e-01
9.984749422849649170e-01
9.975949451402769119e-01
9.983886984570002898e-01
9.970866545564942562e-01
9.965043822455958988e-01
9.979837396319956033e-01
9.997834661630050634e-01
9.999078745455434181e-01
9.970368770416888626e-01
9.983971768325274887e-01
9.992934116997512772e-01
9.995950030902246430e-01
9.992856224114188279e-01
9.995075215771789257e-01
9.976099817317903851e-01
9.986920653003877879e-01
9.979920116309614064e-01
1.000311559646174908e+00
9.974337064496804350e-01
9.989087697611453986e-01
9.994411871867663333e-01
9.981410480818694309e-01
9.981256691031430428e-01
9.983671250249368523e-01
9.996284569692565070e-01
9.998203041271429559e-01
9.977076075728592564e-01
9.971845765867048961e-01
9.982305904152576348e-01
9.986558793006587997e-01
9.979037665764091125e-01
9.982105921161281703e-01
9.987947764945699358e-01
9.987004304467587135e-01
9.990652219502308418e-01
9.986851450325801016e-01
1.000725434410799197e+00
9.983576798167114186e-01
9.983719321633185428e-01
9.981895775737906762e-01
9.976679186450150283e-01
9.990577691618398593e-01
9.994205408827998571e-01
1.000096794606882611e+00
9.986980689468719641e-01
9.983564222158421986e-01
9.989031242624406559e-01
9.990764833643870357e-01
9.975355363511198004e-01
9.995651277902466436e-01
9.997247576034401506e-01
9.988116800412722984e-01
9.995444271579189133e-01
9.982820715435557490e-01
9.981731742170337762e-01
9.988017496862257039e-01
9.996892644939051609e-01
9.996298117627013813e-01
9.986414321707016706e-01
9.984766956987598530e-01
1.000642861837411912e+00
9.991724741127960829e-01
1.000021246858365132e+00
9.992715506961825644e-01
9.996476087989540904e-01
9.999605587614283086e-01
9.998779760159137719e-01
9.978419858877013437e-01
9.985898158082021636e-01
1.000409099028578108e+00
9.996323374717321908e-01
9.996691230038233789e-01
9.987629328381427696e-01
9.988194310334629344e-01
9.997590181677722398e-01
9.989838807516704389e-01
1.000488282568089415e+00
9.993963950458307766e-01
9.993535070575169099e-01
9.996049986874496751e-01
9.994105493221708825e-01
9.989028148780150218e-01
1.000182674646459713e+00
1.000393514544921425e+00
9.977791110324536472e-01
9.921613132152065084e-01
9.834860612667988278e-01
9.748180467849090203e-01
9.650972650931057828e-01
9.563019335870565074e-01
9.476189368293732596e-01
9.398430647027555818e-01
9.318610283364783253e-01
9.228128363695266012e-01
9.147393961475376312e-01
9.063938547434620130e-01
8.981065899149969223e-01
8.897081292251391993e-01
8.829299385083083651e-01
8.753176140457520349e-01
8.654327419445413394e-01
8.578282543691037043e-01
8.500280953730141587e-01
8.416937603630003650e-01
8.333495036260066824e-01
8.270809376800588586e-01
8.175667037935151482e-01
8.098661272565714775e-01
8.021997155147201353e-01
7.955377523116126115e-01
7.865238155749821880e-01
7.785345021048670766e-01
7.719201519398797284e-01
7.649828495348658386e-01
7.569554233939678189e-01
7.490433892193322230e-01
7.414010153808059389e-01
7.346939500436131532e-01
7.284017191846613448e-01
7.209556708871701636e-01
7.138923840799288323e-01
7.058765458235713997e-01
6.996255537790996293e-01
6.920756442287059329e-01
6.849671083364492485e-01
6.778537374239187452e-01
6.707508297175454048e-01
6.635987171005649499e-01
6.561651856810624128e-01
6.499478352097531886e-01
6.418576460651262972e-01
6.362488833823862766e-01
6.293447806371501585e-01
6.230582473340909866e-01
6.151246757227498696e-01
6.096230542891184490e-01
6.025694878801511889e-01
5.965129007331634314e-01
5.885469362819278905e-01
5.825501683164520106e-01
5.769727322878566156e-01
5.697797386462268854e-01
5.636219427007673755e-01
5.569508732999597367e-01
5.501176829087395248e-01
5.438216132555920845e-01
5.378275336387601246e-01
5.316352885633850445e-01
5.248582086705689820e-01
5.190250165527706683e-01
5.131559738981887886e-01
5.068345009764116949e-01
4.998653354859111109e-01
4.945135710849767330e-01
4.882948994188303637e-01
4.817963056351959317e-01
4.759118693598483607e-01
4.704272389261358045e-01
4.644659973253097429e-01
4.579989507531274651e-01
4.527002409515578640e-01
4.463342818481685348e-01
4.404150732284320413e-01
4.348907290760767874e-01
4.291839475727802777e-01
4.230514252405426778e-01
4.169219915658771702e-01
4.116481913183010488e-01
4.054509402710009258e-01
4.001581631620792501e-01
3.946955289757910212e-01
3.896081565457630291e-01
3.834723894366152130e-01
3.778221456663954925e-01
3.721220448329259911e-01
3.665926369560725817e-01
3.615010627086887585e-01
3.556312347369721127e-01
3.500200868181916891e-01
3.450634268273372607e-01
3.392606742370373185e-01
3.343297041289696181e-01
3.287570124345330358e-01
3.237431037115721666e-01
3.186316491088724834e-01
3.125091481899081591e-01
3.074572858953677490e-01
3.026557666282094217e-01
2.968277731396475327e-01
2.925331490659726086e-01
2.864820504338109197e-01
2.822867984172076627e-01
2.766493637804069983e-01
2.719087181287955235e-01
2.668435373656174447e-01
2.617932718742043141e-01
2.568734373387736025e-01
2.519796871762714496e-01
2.470328602463091883e-01
2.416731205477548328e-01
2.370847503903348585e-01
2.322675186252657342e-01
2.271614486440187153e-01
2.226400285810048174e-01
2.178941665035899755e-01
2.126791126167183188e-01
2.074749478263638314e-01
2.032244892367893185e-01
1.986230743990379799e-01
1.936265870791005206e-01
1.889046870699234437e-01
1.844844630393786544e-01
1.793546576739396547e-01
1.747136963734314818e-01
1.702812911994429079e-01
1.655713742127085941e-01
1.609914048478705006e-01
1.563206246141182754e-01
1.516105478630877246e-01
1.472953104949887015e-01
1.427057026076520574e-01
1.384731158168214515e-01
1.338716896826088187e-01
1.293816504526686395e-01
1.248487788617743538e-01
1.203108749235175245e-01
1.166574758174864085e-01
1.129316158844341084e-01
1.090494121989474818e-01
1.062780891898694596e-01
1.025968796427594587e-01
9.948423476222659212e-02
9.658077937524221779e-02
9.344600881965178796e-02
9.062525004166700759e-02
8.807885660971558062e-02
8.532376419648328436e-02
8.266549979103980650e-02
8.021166028769702305e-02
7.783847239339862500e-02
7.526904265673936556e-02
7.292238996263343542e-02
7.090193251843361633e-02
6.850246619324240616e-02
6.657012774139804689e-02
6.473644260613355128e-02
6.261832424338223402e-02
6.045109314368656006e-02
5.851596917233695822e-02
5.675048683988470621e-02
5.513880631996555953e-02
5.323894747229861862e-02
5.176677912331736908e-02
5.000568530887333774e-02
4.826461323345351134e-02
4.667150237951685904e-02
4.530311839267947560e-02
4.379766680767362141e-02
4.236495611052312066e-02
4.084281404467692694e-02
3.936378295587164566e-02
3.807657713798218851e-02
3.670677993881608231e-02
3.565544343252314424e-02
3.413860173753476696e-02
3.300080532542622180e-02
3.178464364666564596e-02
3.062697070677350072e-02
2.947393872260669137e-02
2.824882288124267241e-02
2.721978585041815238e-02
2.632005771194812979e-02
2.524077288485993692e-02
2.412421815145302656e-02
2.330387928636464337e-02
2.234712219331828550e-02
2.151540005301654998e-02
2.056695564692846007e-02
1.961160257992982520e-02
1.891102955179527201e-02
1.802073453155519575e-02
1.715501749965145720e-02
1.642584258039586284e-02
1.570984801468042896e-02
1.501240308957238825e-02
1.432724923341042317e-02
1.359439805536001057e-02
1.292221982661547613e-02
1.231102810997952539e-02
1.175206488119370438e-02
1.108239682696915938e-02
1.050772158631457613e-02
9.912369017624529308e-03
9.438551104204965722e-03
8.894827869851578903e-03
8.436688448128103548e-03
7.974478481367871033e-03
7.448122191753222404e-03
7.036005929474945485e-03
6.566371570784342200e-03
6.156216117732905835e-03
5.803800156531996150e-03
5.311659956003076874e-03
4.966539356444296671e-03
4.645221161074890998e-03
4.293400836458352403e-03
3.976518699269898996e-03
3.584875525329594883e-03
3.363455387068005689e-03
3.053681714066990363e-03
2.764493058048364538e-03
2.490688519604326596e-03
2.298513261602923644e-03
2.095289007177990586e-03
1.879901507023295972e-03
1.693592338859034856e-03
1.460605455888998013e-03
1.303902915225789048e-03
1.116468827898865366e-03
9.675786056033443532e-04
8.228231993477370812e-04
7.005712203474345106e-04
5.990486175213379123e-04
4.819916412010346782e-04
3.851490823562861193e-04
2.954183518126254015e-04
2.287923539908632751e-04
1.649810187357479501e-04
1.103384293980153269e-04
7.615273666166394602e-05
4.036497769478325514e-05
1.496062119103302737e-05
3.313274394120136562e-06
0.000000000000000000e+00
0.000000000000000000e+00
0.000000000000000000e+00
0.000000000000000000e+00
0.000000000000000000e+00
0.000000000000000000e+00
0.000000000000000000e+00
0.000000000000000000e+00
0.000000000000000000e+00
0.000000000000000000e+00
0.000000000000000000e+00
0.000000000000000000e+00
0.000000000000000000e+00
0.000000000000000000e+00
0.000000000000000000e+00
0.000000000000000000e+00
0.000000000000000000e+00
0.000000000000000000e+00
0.000000000000000000e+00
0.000000000000000000e+00
0.000000000000000000e+00
0.000000000000000000e+00
0.000000000000000000e+00
0.000000000000000000e+00
0.000000000000000000e+00
0.000000000000000000e+00
0.000000000000000000e+00
0.000000000000000000e+00
0.000000000000000000e+00
0.000000000000000000e+00
0.000000000000000000e+00
0.000000000000000000e+00
0.000000000000000000e+00
0.000000000000000000e+00
0.000000000000000000e+00
0.000000000000000000e+00
0.000000000000000000e+00
0.000000000000000000e+00
0.000000000000000000e+00
0.000000000000000000e+00
0.000000000000000000e+00
0.000000000000000000e+00
0.000000000000000000e+00
0.000000000000000000e+00
0.000000000000000000e+00
0.000000000000000000e+00
0.000000000000000000e+00
0.000000000000000000e+00
0.000000000000000000e+00
0.000000000000000000e+00
0.000000000000000000e+00
0.000000000000000000e+00
0.000000000000000000e+00
0.000000000000000000e+00
0.000000000000000000e+00
0.000000000000000000e+00
0.000000000000000000e+00
0.000000000000000000e+00
0.000000000000000000e+00
0.000000000000000000e+00
0.000000000000000000e+00
0.000000000000000000e+00
