0.000000000000000000e+00
0.000000000000000000e+00
0.000000000000000000e+00
0.000000000000000000e+00
0.000000000000000000e+00
0.000000000000000000e+00
0.000000000000000000e+00
0.000000000000000000e+00
0.000000000000000000e+00
0.000000000000000000e+00
0.000000000000000000e+00
0.000000000000000000e+00
0.000000000000000000e+00
0.000000000000000000e+00
0.000000000000000000e+00
0.000000000000000000e+00
0.000000000000000000e+00
0.000000000000000000e+00
0.000000000000000000e+00
0.000000000000000000e+00
0.000000000000000000e+00
0.000000000000000000e+00
0.000000000000000000e+00
0.000000000000000000e+00
0.000000000000000000e+00
0.000000000000000000e+00
0.000000000000000000e+00
0.000000000000000000e+00
0.000000000000000000e+00
0.000000000000000000e+00
6.147271618454875578e-05
4.380029111925335013e-03
4.959243969640435984e-02
2.276224405527456918e-01
5.505049230693874751e-01
8.845334169610925557e-01
1.145190240402658821e+00
1.287001295180799643e+00
1.376961057474408001e+00
1.378390554413272628e+00
1.375107947308698009e+00
1.351444412706175990e+00
1.324058326892116000e+00
1.296796227853969752e+00
1.252194986327187953e+00
1.222014036682442795e+00
1.198797244270443985e+00
1.173288748976529794e+00
1.168122523494766085e+00
1.164395760387305634e+00
1.182581887797284681e+00
1.158967746552762135e+00
1.121234755196766297e+00
1.066265674226832605e+00
1.019525667077227027e+00
9.952788441884812265e-01
9.749251847555535644e-01
9.581578804468657840e-01
9.658038792825356378e-01
9.657758212200489023e-01
9.733933939775974986e-01
9.761531930806186530e-01
9.791324768245275312e-01
9.823916610263624394e-01
1.004458419850135176e+00
9.993096491144363158e-01
1.003066457749610674e+00
1.006665718795168418e+00
1.001048461919789023e+00
1.010099573129181971e+00
1.013566431998623729e+00
1.010203362134809657e+00
1.007770447021532068e+00
1.006820593588904078e+00
1.009144016792467902e+00
1.014934789475453458e+00
1.010708360172168252e+00
1.010521658671201584e+00
1.007260045515297131e+00
1.004837081054903436e+00
1.006008899071375140e+00
1.008431062148032353e+00
1.001105729182788728e+00
9.979329539622289191e-01
9.926267085642187515e-01
9.937405416715314743e-01
9.866804737357850463e-01
9.867853529615703279e-01
9.863780051972976803e-01
9.817799367206612171e-01
9.821706069421116680e-01
9.809094392278745467e-01
9.825341855038063343e-01
9.824654583147758302e-01
9.870274307922546342e-01
9.879795976826297732e-01
9.855177333047223653e-01
9.898428304138461309e-01
9.903417662607300054e-01
9.978126321458674619e-01
9.945259607949643588e-01
9.966090743920494877e-01
9.998590297614753375e-01
9.998829836105675994e-01
1.003849686090789728e+00
9.991939487119896324e-01
9.965470739959770841e-01
9.988433980808070212e-01
9.980053524138344789e-01
9.971361052529614799e-01
9.976990841118338338e-01
9.975755347494561498e-01
9.978047925491370096e-01
9.955049193994846002e-01
9.930237678419924219e-01
9.980840760700924186e-01
9.965508154176427880e-01
9.922614394048623332e-01
9.946901767191177468e-01
9.983206989832599243e-01
9.971017659493892626e-01
9.950475997670863437e-01
9.928739885456407954e-01
9.944458560640213607e-01
9.942380260473676623e-01
9.926432839533957386e-01
9.918679725592723928e-01
9.931055776773516364e-01
9.934815853930145657e-01
9.934343110513784714e-01
9.976810362234319607e-01
9.956715909207021209e-01
9.970977286160384034e-01
9.948237263555268495e-01
9.970781966977384503e-01
9.939966481640065687e-01
1.000416258477398568e+00
9.980748750905711342e-01
9.977477623822690322e-01
9.953496047896843724e-01
9.974958414585619604e-01
9.976541553973009568e-01
9.972197481316225076e-01
9.966338577818694144e-01
9.980940345816123882e-01
9.992066405905228876e-01
9.979709605647720805e-01
9.987429533317394581e-01
9.988331684771402097e-01
9.990311929761379606e-01
9.982268073645829132e-01
9.953756426401845214e-01
9.977240470239839842e-01
9.990386167179015064e-01
9.974277123883054097e-01
9.991198025926336657e-01
9.970143463394600669e-01
9.988839245516466514e-01
9.985873844262480592e-01
9.963808581633502026e-01
9.985185288735920484e-01
1.000259509004431724e+00
9.958742854484574636e-01
1.000367440648226136e+00
9.981665907706926966e-01
9.976787402401117166e-01
9.994163246474075946e-01
9.977004761200629623e-01
9.997175140305152308e-01
9.989422962842516851e-01
9.979098661711420792e-01
9.984687816148514194e-01
9.969604082632049780e-01
9.992960789631214480e-01
9.977847661669617674e-01
9.956524493645912965e-01
9.980369043480533664e-01
9.980392108220480507e-01
9.996660371759789054e-01
9.982802609869664279e-01
9.964354360336964422e-01
9.966711903025684549e-01
1.001859306637773450e+00
9.980181258209493977e-01
1.000492992980692719e+00
1.000125957995443127e+00
9.983724870692476383e-01
9.993941623548182607e-01
9.989667061140664606e-01
9.977313345849138093e-01
9.986746231986848299e-01
9.993613865794429563e-01
9.978116389405142783e-01
9.981191881116702191e-01
9.986806095575190279e-01
9.999085513538993331e-01
9.984708062274052498e-01
9.986162989714609806e-01
9.974788169104442659e-01
9.993788652534865147e-01
9.980389331116430451e-01
9.977186279434996363e-01
9.969821865044350417e-01
9.986135461210339237e-01
9.997059087636129826e-01
1.000976239142440827e+00
9.991870337400952096e-01
1.000358391429701177e+00
9.991407282867286188e-01
9.970576181720662845e-01
1.000108357425103511e+00
9.995768905738426913e-01
9.980713721032943297e-01
9.965526451862196655e-01
9.986731623089450949e-01
9.967338285594455893e-01
9.964347992382200925e-01
9.976876531068016307e-01
9.979271520046446575e-01
9.956222440032879151e-01
9.980900875099342207e-01
9.997396780108476211e-01
9.971686952498252099e-01
9.965155674955571419e-01
9.957698020288541230e-01
9.973351172004425447e-01
9.990826231411435998e-01
9.979454227275922351e-01
9.970253134868894973e-01
9.979747977482926746e-01
9.972169410220176333e-01
9.993812601592642064e-01
9.979812769103726389e-01
9.976059572099327255e-01
9.985527333092180102e-01
9.977779910717228251e-01
9.987178252553505775e-01
9.982498938463627569e-01
9.984031686786282167e-01
9.977912489356277614e-01
9.977551391108115952e-01
9.978099442396467511e-01
9.963594690105890272e-01
9.977300538731712631e-01
9.980232032132838604e-01
9.973257885299638970e-01
9.992252641626326870e-01
9.973102571007802508e-01
9.971254964832901857e-01
9.990265247017703354e-01
9.982652772952176345e-01
9.975740361745646378e-01
9.987488223210259086e-01
9.961852277711215065e-01
9.959832327084748860e-01
9.984250098556262110e-01
9.973562684102319498e-01
9.980248836819257674e-01
1.000822054270162464e+00
9.979685458694408373e-01
9.988171996022585652e-01
9.980965725000153776e-01
9.986036982655996930e-01
9.980563200198702134e-01
9.983707009648316033e-01
9.987080178436312794e-01
9.985757262432537473e-01
9.984015105976848936e-01
9.983346622254405389e-01
9.976050812665260281e-01
9.975843081576077909e-01
9.984623685873491583e-01
9.981361956381323841e-01
9.980487998126256199e-01
9.987270491111407411e-01
9.997218029867098732e-01
9.980354513120685001e-01
9.987187369073159404e-01
9.998619864126981893e-01
9.997092868359893636e-01
1.000361973182350761e+00
9.999928683393278783e-01
9.979850859323782242e-01
9.974593295168613372e-01
9.983103575211009773e-01
9.984605647950413054e-01
9.993368341343371597e-01
9.996350141975561820e-01
9.988414012697673927e-01
9.990011236761280333e-01
9.994839867593433569e-01
9.969322534410051118e-01
9.986038940027931465e-01
9.988454082106015264e-01
9.983939648978321646e-01
9.981752789061221209e-01
9.998084161636409117e-01
9.996369097285942029e-01
9.986179143546792814e-01
9.976609872856472272e-01
9.997428874216989225e-01
9.989498036557795668e-01
9.999921704963381508e-01
1.000360874145502565e+00
9.992086602536753848e-01
9.989048864084324464e-01
9.990817789031437579e-01
9.992195203790064095e-01
9.978352102481052865e-01
9.988736499438135574e-01
9.984970760907266873e-01
9.997797947376372285e-01
9.994122712165992573e-01
9.995865410178411681e-01
9.996846166740469553e-01
9.991092614814872652e-01
9.989128562315715554e-01
9.990400624308419797e-01
9.985748806349608042e-01
1.000039433991082305e+00
9.994480560124479052e-01
9.997343764717872006e-01
9.987799668546438747e-01
9.985013307478176614e-01
9.995546204592336004e-01
1.000047151256171052e+00
1.000014904061391041e+00
9.990355510355776181e-01
1.000043311945080005e+00
9.997214728759123981e-01
9.991307556024688896e-01
9.991035039862766753e-01
9.976866416902763213e-01
9.982258131528015666e-01
9.991736376359793281e-01
9.984599675529641782e-01
9.990083782332463969e-01
1.000749307993806569e+00
9.994605445657143150e-01
9.989877823129126311e-01
9.924202947265065022e-01
9.816652427903861389e-01
9.750876020190691884e-01
9.654808540794678207e-01
9.570349829657827101e-01
9.483625153100134764e-01
9.391086332655955715e-01
9.318994811248570986e-01
9.224496817010480187e-01
9.144330623686679482e-01
9.064136432702298851e-01
8.966963256834831197e-01
8.890614684737891960e-01
8.807470533202202967e-01
8.738910662493241110e-01
8.649898658090140469e-01
8.577253075238138180e-01
8.498173438282864423e-01
8.423984216141421344e-01
8.337584220522827883e-01
8.260408235232561402e-01
8.180981556725990256e-01
8.097577934013071577e-01
8.025575531770455795e-01
7.961205026940714191e-01
7.873153122684302119e-01
7.795092119851038115e-01
7.723915797078758638e-01
7.650982983337129006e-01
7.573401492853917283e-01
7.496636642521660177e-01
7.425493776840123017e-01
7.351613685818954025e-01
7.294594245563166268e-01
7.199922977587570605e-01
7.136940624700193192e-01
7.070837391572419861e-01
7.004382379111245838e-01
6.915831595400360188e-01
6.851512639470914712e-01
6.773035475264482796e-01
6.711549897334633252e-01
6.644617579788274497e-01
6.577886792253369030e-01
6.497949338601652913e-01
6.425863433629812604e-01
6.367525036756457313e-01
6.300832002522859243e-01
6.227870700512786462e-01
6.156460531452537799e-01
6.103213629030780352e-01
6.032023349776092225e-01
5.963178645405344813e-01
5.892598542763701763e-01
5.841493263665076263e-01
5.770661356693763677e-01
5.697998765488120343e-01
5.635335291137525404e-01
5.570314774640537925e-01
5.500244427439893169e-01
5.447176177678451081e-01
5.377290319535747987e-01
5.314282705323851719e-01
5.248682034142373443e-01
5.200025782016259868e-01
5.135973727295262137e-01
5.065908905640930104e-01
5.000746606030579411e-01
4.933998324025575255e-01
4.884672220806065002e-01
4.831151960682069091e-01
4.767775696823624565e-01
4.703612047116085826e-01
4.640775179305885456e-01
4.582576829154443310e-01
4.523307482196523011e-01
4.464184591495429788e-01
4.408741744904701165e-01
4.356190301122817576e-01
4.292877425863271257e-01
4.240208037488596982e-01
4.187693406664700913e-01
4.124004420705866258e-01
4.058733144732896703e-01
4.003602282868687356e-01
3.952077771498801462e-01
3.897693847857541249e-01
3.839929012923272711e-01
3.779663959691086372e-01
3.729106971748433197e-01
3.669980069261058464e-01
3.615786700474954984e-01
3.554937156409904708e-01
3.501399523185230733e-01
3.460924445024122220e-01
3.395921827423185602e-01
3.344756931977657111e-01
3.290522003441340715e-01
3.241023464083224170e-01
3.186300594659145502e-01
3.131277312436668292e-01
3.085180926439349824e-01
3.028112904055721422e-01
2.975127236119139429e-01
2.920587074461222232e-01
2.878104298915136749e-01
2.830180573989232728e-01
2.771349701796221865e-01
2.726454245335334647e-01
2.673523875462134325e-01
2.621464411943906225e-01
2.570756808874520849e-01
2.526004443500126095e-01
2.469321993209968868e-01
2.421122820146281718e-01
2.371903091312352885e-01
2.324196905256720735e-01
2.272307991697420371e-01
2.229127512326739557e-01
2.176373859463088256e-01
2.132953920234690326e-01
2.084964808016338267e-01
2.037260727207000632e-01
1.987414176136061694e-01
1.937855598403582513e-01
1.894315129521457752e-01
1.848407229498287008e-01
1.797067863133296473e-01
1.750644112637284588e-01
1.705548730355910259e-01
1.655532166237333180e-01
1.611475608086096745e-01
1.563411764398265347e-01
1.520412260438180341e-01
1.475716200226552255e-01
1.429495345347256141e-01
1.386016766512983833e-01
1.341121156046099772e-01
1.295724111874559659e-01
1.247634222162758572e-01
1.207029759926957213e-01
1.166813170108162018e-01
1.130184026421193894e-01
1.093502677302248677e-01
1.058960951158289948e-01
1.025283828295543154e-01
9.966296908406399591e-02
9.651071374575968809e-02
9.362809909275793263e-02
9.074911601717183807e-02
8.800191635066241524e-02
8.520101659729750754e-02
8.267581664450562862e-02
8.019384656400828371e-02
7.767255335342443390e-02
7.506611941545499045e-02
7.314099200996375394e-02
7.092178661321610345e-02
6.851242638140345176e-02
6.647453991960858288e-02
6.434416109639388981e-02
6.224637373376738086e-02
6.025444888423686640e-02
5.857088466137855970e-02
5.671413246690479998e-02
5.488995208942196169e-02
5.302020009709221271e-02
5.143542199282691990e-02
4.972467370508378698e-02
4.820165188152934765e-02
4.664255036733573612e-02
4.491273850209186874e-02
4.339136975267001567e-02
4.204134786150284103e-02
4.045130023212914483e-02
3.914227528637754389e-02
3.784050238006565064e-02
3.659739245758663467e-02
3.511277627999825901e-02
3.406800124807318753e-02
3.275445293580740713e-02
3.150833819238253730e-02
3.053483381218134382e-02
2.935379580083604181e-02
2.821396473428469664e-02
2.705545917398728337e-02
2.613001050841606138e-02
2.512402795321957635e-02
2.426101163257299298e-02
2.318851790908008428e-02
2.218916197414549582e-02
2.131842239704077879e-02
2.042663126964914394e-02
1.946481481259170268e-02
1.874165729513871045e-02
1.794119452174605320e-02
1.714119929733197781e-02
1.646164305627078814e-02
1.561720584636527159e-02
1.491959663802919916e-02
1.422253589483305804e-02
1.358103313169070278e-02
1.286293284611671021e-02
1.225592395333095254e-02
1.165309049894540025e-02
1.104094552082585112e-02
1.052109166568318196e-02
9.900597282628589499e-03
9.433207090107897583e-03
8.857781908048603658e-03
8.330064926288722679e-03
7.920812740154849901e-03
7.439713107880646832e-03
7.004970602823434520e-03
6.556944798909895150e-03
6.165843365616695618e-03
5.698470511249097495e-03
5.340579571718506550e-03
5.024266003097178218e-03
4.610062211238446714e-03
4.304181597290313369e-03
3.986844322385572903e-03
3.625462720164832151e-03
3.365498291908256435e-03
3.083481992127289073e-03
2.800933982101579990e-03
2.551724201310434474e-03
2.296083435468387456e-03
2.046470891763978520e-03
1.839681426280377879e-03
1.643113761515851545e-03
1.465244419315863810e-03
1.269761828440372619e-03
1.108322345389504233e-03
9.878519239146688231e-04
8.246972333565191077e-04
7.118816091292584636e-04
5.844084477842441654e-04
4.983123717140353071e-04
3.830041253299706796e-04
3.126122951829066903e-04
2.320467824645042621e-04
1.766405064773240725e-04
1.101902065184252861e-04
7.064221346580612656e-05
3.453324786039531743e-05
1.978480653915168071e-05
3.645254198014374297e-06
3.302614942508615794e-07
0.000000000000000000e+00
0.000000000000000000e+00
0.000000000000000000e+00
0.000000000000000000e+00
0.000000000000000000e+00
0.000000000000000000e+00
0.000000000000000000e+00
0.000000000000000000e+00
0.000000000000000000e+00
0.000000000000000000e+00
0.000000000000000000e+00
0.000000000000000000e+00
0.000000000000000000e+00
0.000000000000000000e+00
0.000000000000000000e+00
0.000000000000000000e+00
0.000000000000000000e+00
0.000000000000000000e+00
0.000000000000000000e+00
0.000000000000000000e+00
0.000000000000000000e+00
0.000000000000000000e+00
0.000000000000000000e+00
0.000000000000000000e+00
0.000000000000000000e+00
0.000000000000000000e+00
0.000000000000000000e+00
0.000000000000000000e+00
0.000000000000000000e+00
0.000000000000000000e+00
0.000000000000000000e+00
0.000000000000000000e+00
0.000000000000000000e+00
0.000000000000000000e+00
0.000000000000000000e+00
0.000000000000000000e+00
0.000000000000000000e+00
0.000000000000000000e+00
0.000000000000000000e+00
0.000000000000000000e+00
0.000000000000000000e+00
0.000000000000000000e+00
0.000000000000000000e+00
0.000000000000000000e+00
0.000000000000000000e+00
0.000000000000000000e+00
0.000000000000000000e+00
0.000000000000000000e+00
0.000000000000000000e+00
0.000000000000000000e+00
0.000000000000000000e+00
0.000000000000000000e+00
0.000000000000000000e+00
0.000000000000000000e+00
0.000000000000000000e+00
0.000000000000000000e+00
0.000000000000000000e+00
0.000000000000000000e+00
0.000000000000000000e+00
0.000000000000000000e+00
0.000000000000000000e+00
