0.000000000000000000e+00
0.000000000000000000e+00
0.000000000000000000e+00
0.000000000000000000e+00
0.000000000000000000e+00
0.000000000000000000e+00
0.000000000000000000e+00
0.000000000000000000e+00
0.000000000000000000e+00
0.000000000000000000e+00
0.000000000000000000e+00
0.000000000000000000e+00
0.000000000000000000e+00
0.000000000000000000e+00
0.000000000000000000e+00
0.000000000000000000e+00
0.000000000000000000e+00
0.000000000000000000e+00
0.000000000000000000e+00
0.000000000000000000e+00
0.000000000000000000e+00
0.000000000000000000e+00
0.000000000000000000e+00
0.000000000000000000e+00
0.000000000000000000e+00
0.000000000000000000e+00
0.000000000000000000e+00
0.000000000000000000e+00
0.000000000000000000e+00
0.000000000000000000e+00
6.146497580385356589e-05
4.264228186991288888e-03
5.326726649070956388e-02
2.274409292247195902e-01
5.487542263604888726e-01
8.836053575641704683e-01
1.148951706212966606e+00
1.288099732414400789e+00
1.374203065228772003e+00
1.387782091249570415e+00
1.386647943112524928e+00
1.360504078530383909e+00
1.331710861738274687e+00
1.299503670272636136e+00
1.280046452664709733e+00
1.238459875662946574e+00
1.199254531979576210e+00
1.176308925063234589e+00
1.181685725264834730e+00
1.186699137195415421e+00
1.171648124293469984e+00
1.169278159979528997e+00
1.126943948632168180e+00
1.087787271417588020e+00
1.026193018046382521e+00
9.917377703725391846e-01
9.721155398473946274e-01
9.695210893832416632e-01
9.610372365977282172e-01
9.734071005498510232e-01
9.756297994862703771e-01
9.832266494771748633e-01
9.911006013617637000e-01
9.906206294466324280e-01
9.932948748746196488e-01
1.018336609555394734e+00
1.011409623746356123e+00
1.013190572235273867e+00
1.018409979200088245e+00
1.011499525909585584e+00
1.014715845884198053e+00
1.014740426360746461e+00
1.012256189641332238e+00
1.007032534424067816e+00
1.014127043920470594e+00
1.012660251415455237e+00
1.020703810833725411e+00
1.013993143161852739e+00
1.009963440565265991e+00
1.010618542784268437e+00
1.009473623291127442e+00
1.010637085816782577e+00
1.004844330879525183e+00
1.005770860881535667e+00
9.988043618659603329e-01
9.969633172727990766e-01
9.946113151221847026e-01
9.908883897491471693e-01
9.867721671002641637e-01
9.844046930389424022e-01
9.875764876551470506e-01
9.862635757436951645e-01
9.879106684443000885e-01
9.888957537949828458e-01
9.871848903447824064e-01
9.866200395326280015e-01
9.911043593681192476e-01
9.929303340189702398e-01
9.993051955984243451e-01
9.984205257789966481e-01
9.997225330596277715e-01
1.000973925598707570e+00
9.986228191498214279e-01
1.001438566763879212e+00
1.003236303150101927e+00
1.005063683845154099e+00
1.004946850417301585e+00
1.008421025674281157e+00
1.002732229094309258e+00
1.004922461749296003e+00
1.004827669306006310e+00
1.000453418757011992e+00
1.000751479313189085e+00
1.005438033782898311e+00
1.004601084658285126e+00
9.992443420924156383e-01
1.001683404030293545e+00
1.003501566380496479e+00
1.001512069514004954e+00
1.003236424033624230e+00
9.969722770457940531e-01
1.003448032870352558e+00
9.969901517454965445e-01
1.007453827250644807e+00
9.978573140154423093e-01
1.000251439521261609e+00
9.981394866979115266e-01
9.981900626760202844e-01
9.998496955633437988e-01
1.002778142812261519e+00
1.001668606918478144e+00
1.001445616209969858e+00
1.004639416220894033e+00
1.000204244503294593e+00
1.002430601743252936e+00
1.001869476487943889e+00
1.000253462170622276e+00
1.000102672547025673e+00
1.002242710982467644e+00
1.002341163117949296e+00
1.003169545234653182e+00
1.000587264627103234e+00
1.000000308787955650e+00
1.000301615659837440e+00
1.001060240152825687e+00
9.985271019065363740e-01
1.001631325008593310e+00
1.000872306681174218e+00
9.970867402406976554e-01
1.001778574052700543e+00
9.982121971027591023e-01
1.000853416127626128e+00
1.000499814243361651e+00
1.002524016994362999e+00
1.001283548259648049e+00
9.988308229078266542e-01
9.991488224603037871e-01
9.979352022381322573e-01
1.002720376621430765e+00
9.992201496430054286e-01
9.989610697751590829e-01
9.984673363787127665e-01
9.987134587821774323e-01
1.001358084606936316e+00
9.975020491562187619e-01
1.001156494381211015e+00
9.983746426888084891e-01
1.001530892190897859e+00
9.979240198287258057e-01
9.995489561114732080e-01
9.979730508271528189e-01
9.974526235593306200e-01
9.993407795380042646e-01
9.984123045501235305e-01
1.002149206731060449e+00
9.958222754049099734e-01
9.980599186239064169e-01
9.972274849538752539e-01
9.990232936576739498e-01
9.972334685144588207e-01
9.987460979220759150e-01
9.969709767430463554e-01
9.990634112949969836e-01
9.974271483085687118e-01
9.972240014516405848e-01
9.992671748825131539e-01
9.992973062478428536e-01
9.985152384204556419e-01
9.964848751610168032e-01
9.973525160305309889e-01
9.969526836425697258e-01
9.982765860330125030e-01
9.943173356116894457e-01
9.968679434499017056e-01
9.976690843144697673e-01
9.964462580914837941e-01
9.964938961895097869e-01
9.955615083843857294e-01
9.995446168711054069e-01
9.984872428579720793e-01
9.995974437075606511e-01
9.968198069653863014e-01
9.972485024339533544e-01
9.984035750592548109e-01
9.987008258327650934e-01
9.973309671403807197e-01
9.963188971284959727e-01
9.999097034241798410e-01
9.977547806063294944e-01
9.987339269521415819e-01
9.987628963868031562e-01
9.987249337522907666e-01
9.988853176792676924e-01
9.976904423717768422e-01
9.981770510202219171e-01
9.982299726818493202e-01
9.996117955834323832e-01
9.969044526262428318e-01
9.989381528271856769e-01
9.988794071801719854e-01
9.974775022747505160e-01
9.974098050433859441e-01
9.971309208059662144e-01
9.976710653826337261e-01
9.979952566255604340e-01
9.987164122606815297e-01
9.961814041438018519e-01
9.988008713363984992e-01
9.977978358398273961e-01
9.981020995468393719e-01
9.965381697514594794e-01
9.972633369760882660e-01
9.959070753304107848e-01
9.976691265931784125e-01
9.954259288253771709e-01
9.975533734144649278e-01
9.984969916186555716e-01
9.964889912876501166e-01
9.977828541664522932e-01
9.960885045233749402e-01
9.982582772411253691e-01
9.971126941041563718e-01
9.991093802623510767e-01
9.973228123419737301e-01
9.984561619841583191e-01
9.978785828436488314e-01
9.970290446896090675e-01
9.980070954221672563e-01
9.967906657847686036e-01
9.986490362257867126e-01
9.972474401383354392e-01
9.983226368372025705e-01
9.994526946295426706e-01
9.978750571483082643e-01
9.976738587848006379e-01
9.990377261611295134e-01
9.997764040925833928e-01
9.969764432811173416e-01
9.993576489770368276e-01
9.985145738416816297e-01
9.985810448919135718e-01
9.977166845100049475e-01
1.000258847463382006e+00
9.978820579702903926e-01
9.968415799081140616e-01
1.000110596549145248e+00
9.979950858166831695e-01
9.982941761859160934e-01
9.977615970638393783e-01
9.979636655426432634e-01
9.970069872489409901e-01
9.986678950600988980e-01
9.966536431740161683e-01
9.990109473159296538e-01
9.992144800373502500e-01
9.981237888832141802e-01
9.972762649646100819e-01
9.998442200436401528e-01
9.980094459970422216e-01
9.985322772048003115e-01
9.996647665789076820e-01
9.972611808255408272e-01
9.995059892490734121e-01
9.981903497666031466e-01
9.985449605554695962e-01
9.986119519830313207e-01
9.970040047580522868e-01
9.997575061368946248e-01
9.985287599201575492e-01
9.976908790566810792e-01
9.989841006538799917e-01
9.984177883999446612e-01
1.000248654737377674e+00
9.986924213038215203e-01
9.991570127905811116e-01
9.984444757632444656e-01
9.996903300234184497e-01
9.987712685126545198e-01
9.972278921527885087e-01
9.975997524157083074e-01
9.986291301174479162e-01
9.978835772251744007e-01
9.973991243351494340e-01
9.978628536478162392e-01
9.974380395242408159e-01
9.990401161459008250e-01
9.978256186118770188e-01
9.990701177048325610e-01
9.997914621026977589e-01
9.993358808204131360e-01
9.974247297894577313e-01
9.977209432010201162e-01
9.986944358745329930e-01
9.989358730799050567e-01
9.983429357349778988e-01
9.989392237546624864e-01
9.976328280087246592e-01
9.992500826650064782e-01
9.979361785135688612e-01
9.989096785730866568e-01
9.978302927731715899e-01
1.000030607016183515e+00
9.987405237189871388e-01
1.000029035614697248e+00
9.991116220155304983e-01
9.984839702817192020e-01
9.986053493040469853e-01
9.972346228504613830e-01
9.984956648452127936e-01
1.000584716177378874e+00
9.984657364579349048e-01
9.986498781358920107e-01
9.995063146561171674e-01
9.976800753264555288e-01
9.993278880436987643e-01
9.976580709566700289e-01
9.990982245995757571e-01
1.000299496968838575e+00
9.985172442706120588e-01
9.979903118383547378e-01
9.912955970300086905e-01
9.826404553890520921e-01
9.737378698175113145e-01
9.652294033706894094e-01
9.562794344950518166e-01
9.488318391705997668e-01
9.392104246628054653e-01
9.319654001975483659e-01
9.221136550543811428e-01
9.137121534539598411e-01
9.067677724990333976e-01
8.978876539805084045e-01
8.897323239380364734e-01
8.823791564656658926e-01
8.740085412298275180e-01
8.669070967097031177e-01
8.580694881569187471e-01
8.501206212234241333e-01
8.411591241318955303e-01
8.329879877970358670e-01
8.257049305096323399e-01
8.181447938495939320e-01
8.096353796053641361e-01
8.018276836978687205e-01
7.937895021118214212e-01
7.865291617744456509e-01
7.798410308047594164e-01
7.718074129264065331e-01
7.637571722016315290e-01
7.567438683159873891e-01
7.504107443551011336e-01
7.418695993773314346e-01
7.352480682020339220e-01
7.281198187117974285e-01
7.202579870085566993e-01
7.138244117137282352e-01
7.056287932197309321e-01
6.982064799055796023e-01
6.911168874770839965e-01
6.848628954529131230e-01
6.778991810700280007e-01
6.704104164750617212e-01
6.639602798372149506e-01
6.562719289905309950e-01
6.493665521249982753e-01
6.433123242220462057e-01
6.351878447824419460e-01
6.291424422999188915e-01
6.221680116125496429e-01
6.149925972871650437e-01
6.085682919721069339e-01
6.026805511527831838e-01
5.952539502874212296e-01
5.883746794790027934e-01
5.827320892112519690e-01
5.763844307938753575e-01
5.697994209649125397e-01
5.627619277968515243e-01
5.555721164871421092e-01
5.500748542839593025e-01
5.441224769484114265e-01
5.377751909784247442e-01
5.313860630658550077e-01
5.248375874620401227e-01
5.189347776125708966e-01
5.126292124267306516e-01
5.066229600142443390e-01
4.999951641374636435e-01
4.942122112795037658e-01
4.876483486002663459e-01
4.818564811018882788e-01
4.765983290744271739e-01
4.699255904720848753e-01
4.644993356289094932e-01
4.579966244953272425e-01
4.516146535228727221e-01
4.468141805080301232e-01
4.414423033489043857e-01
4.344857692481239320e-01
4.287238588474400203e-01
4.226211170318880939e-01
4.176074714355700324e-01
4.110790025825389327e-01
4.056985025821536750e-01
4.005849414853143720e-01
3.943150376383954270e-01
3.887218976203958842e-01
3.829160759673302383e-01
3.777802164351857783e-01
3.720115948897379510e-01
3.675546948141409365e-01
3.611891700613693024e-01
3.559506052965890621e-01
3.503715510777527520e-01
3.454421751098916693e-01
3.398078097215720406e-01
3.345593285073850676e-01
3.288094090388276047e-01
3.239009460271035645e-01
3.186899999846378728e-01
3.126698351810263676e-01
3.081940969554159415e-01
3.025757439297477314e-01
2.972598366045829943e-01
2.922847224225534890e-01
2.870020332524300111e-01
2.817960958802494531e-01
2.770441070073317857e-01
2.726670966956872277e-01
2.670671249262835945e-01
2.618302658718639764e-01
2.567490544981652079e-01
2.522323932917303058e-01
2.465196320575785693e-01
2.421706556752638573e-01
2.370510273888254138e-01
2.320013256301064197e-01
2.272661165181259768e-01
2.223042102348056492e-01
2.171907387581152871e-01
2.128306166967427748e-01
2.077651818438377151e-01
2.024688454042669894e-01
1.982564431944469630e-01
1.937680499685696667e-01
1.890516698025814790e-01
1.838341925713019298e-01
1.792173939781590841e-01
1.746046883864581789e-01
1.701580241180560837e-01
1.654853578404240355e-01
1.609358989977837939e-01
1.564364935449686911e-01
1.515122357278509690e-01
1.472566477468551516e-01
1.427547512219906056e-01
1.382374283726213460e-01
1.339412404707244486e-01
1.294102430742600229e-01
1.251195302832958101e-01
1.203680312398116292e-01
1.167492513112324964e-01
1.127293181466926808e-01
1.093279374837977380e-01
1.061192974396203692e-01
1.028599624191807865e-01
9.970550519763043962e-02
9.631064372255990214e-02
9.386935668938227451e-02
9.116129235941948517e-02
8.830742199494248656e-02
8.562228668478501226e-02
8.303718590233352681e-02
8.031828736010339365e-02
7.802126205768210310e-02
7.532008297866364666e-02
7.328673687926257063e-02
7.108728875604286568e-02
6.908989021054541546e-02
6.679643214200280121e-02
6.448169848401177906e-02
6.256048527178673102e-02
6.067895008800484880e-02
5.893072567459981675e-02
5.709252385757708492e-02
5.516209589076448427e-02
5.328167098462533585e-02
5.157814358012894479e-02
4.999307917899339926e-02
4.848943789189980730e-02
4.686575100221091611e-02
4.506029532454527975e-02
4.367241248506707058e-02
4.224164022575663258e-02
4.098085805082724714e-02
3.949153858110543425e-02
3.810732038049997883e-02
3.667691248610512045e-02
3.546739358122551200e-02
3.401815681712327261e-02
3.318555315706740727e-02
3.187379836454563159e-02
3.062964294761790982e-02
2.945547144145737456e-02
2.846712176928625423e-02
2.741504913670533491e-02
2.645677767152346607e-02
2.538678720673789510e-02
2.431712303767526173e-02
2.336854569575840673e-02
2.249846286374835094e-02
2.152767484342455601e-02
2.063963734092180008e-02
1.977437407651655779e-02
1.898248816308328521e-02
1.810643995409067300e-02
1.716943707097480162e-02
1.653735633866676435e-02
1.571068152377942326e-02
1.501536070015961621e-02
1.440141107412882399e-02
1.367975607664830007e-02
1.303462636173425594e-02
1.239898719483830368e-02
1.169617674920323674e-02
1.122518769750637316e-02
1.056533519215113563e-02
1.003097825916209745e-02
9.511468440022850107e-03
8.989420936597221357e-03
8.417512189473942003e-03
7.949332560838337502e-03
7.444770812176068446e-03
6.975530924052803644e-03
6.624001381800144472e-03
6.197310869444524334e-03
5.716586700162203452e-03
5.338987196517988414e-03
5.024000017499987390e-03
4.674512067901864278e-03
4.314924765050576205e-03
3.952426031731149161e-03
3.654826041257815215e-03
3.296101840460318594e-03
3.058329928216645729e-03
2.821860139405151739e-03
2.526100907968198764e-03
2.310886551217536736e-03
2.080714858366134682e-03
1.851967842878037484e-03
1.652745685409859246e-03
1.504802823829138117e-03
1.289316803227338578e-03
1.136000368862839652e-03
9.991623769012908298e-04
8.320174939950562322e-04
7.143727986357777462e-04
5.958226654898593749e-04
5.011543738367882058e-04
3.717175312234067674e-04
2.928886434823686183e-04
2.255914216824439836e-04
1.683603496163157910e-04
1.108481387418178187e-04
6.745314539347096420e-05
3.786502514545339137e-05
1.878488765793854886e-05
4.141812730959571550e-06
3.302199091403746831e-07
0.000000000000000000e+00
0.000000000000000000e+00
0.000000000000000000e+00
0.000000000000000000e+00
0.000000000000000000e+00
0.000000000000000000e+00
0.000000000000000000e+00
0.000000000000000000e+00
0.000000000000000000e+00
0.000000000000000000e+00
0.000000000000000000e+00
0.000000000000000000e+00
0.000000000000000000e+00
0.000000000000000000e+00
0.000000000000000000e+00
0.000000000000000000e+00
0.000000000000000000e+00
0.000000000000000000e+00
0.000000000000000000e+00
0.000000000000000000e+00
0.000000000000000000e+00
0.000000000000000000e+00
0.000000000000000000e+00
0.000000000000000000e+00
0.000000000000000000e+00
0.000000000000000000e+00
0.000000000000000000e+00
0.000000000000000000e+00
0.000000000000000000e+00
0.000000000000000000e+00
0.000000000000000000e+00
0.000000000000000000e+00
0.000000000000000000e+00
0.000000000000000000e+00
0.000000000000000000e+00
0.000000000000000000e+00
0.000000000000000000e+00
0.000000000000000000e+00
0.000000000000000000e+00
0.000000000000000000e+00
0.000000000000000000e+00
0.000000000000000000e+00
0.000000000000000000e+00
0.000000000000000000e+00
0.000000000000000000e+00
0.000000000000000000e+00
0.000000000000000000e+00
0.000000000000000000e+00
0.000000000000000000e+00
0.000000000000000000e+00
0.000000000000000000e+00
0.000000000000000000e+00
0.000000000000000000e+00
0.000000000000000000e+00
0.000000000000000000e+00
0.000000000000000000e+00
0.000000000000000000e+00
0.000000000000000000e+00
0.000000000000000000e+00
0.000000000000000000e+00
0.000000000000000000e+00
