0.000000000000000000e+00
0.000000000000000000e+00
0.000000000000000000e+00
0.000000000000000000e+00
0.000000000000000000e+00
0.000000000000000000e+00
0.000000000000000000e+00
0.000000000000000000e+00
0.000000000000000000e+00
0.000000000000000000e+00
0.000000000000000000e+00
0.000000000000000000e+00
0.000000000000000000e+00
0.000000000000000000e+00
0.000000000000000000e+00
0.000000000000000000e+00
0.000000000000000000e+00
0.000000000000000000e+00
0.000000000000000000e+00
0.000000000000000000e+00
0.000000000000000000e+00
0.000000000000000000e+00
0.000000000000000000e+00
0.000000000000000000e+00
0.000000000000000000e+00
0.000000000000000000e+00
0.000000000000000000e+00
0.000000000000000000e+00
0.000000000000000000e+00
0.000000000000000000e+00
6.147490313783619234e-05
4.553086972777406830e-03
5.316758550768772851e-02
2.314014495398335203e-01
5.446627527302421168e-01
8.856539713182653983e-01
1.145059276455884678e+00
1.300833385905633799e+00
1.369988026081772947e+00
1.384414162021223582e+00
1.390114457874932485e+00
1.350131037338395901e+00
1.321667456500535076e+00
1.303854118440703536e+00
1.250766651198510049e+00
1.217057456585789010e+00
1.190243877917556592e+00
1.170238108825051304e+00
1.161405081839833819e+00
1.169712151431188785e+00
1.176008477153897669e+00
1.147408106729369104e+00
1.115485572910630552e+00
1.072697513072472297e+00
1.020101062480637921e+00
9.903754645489042385e-01
9.752286007405186474e-01
9.599909346298196589e-01
9.633148098070015708e-01
9.622238908983433703e-01
9.677718284845333585e-01
9.643785251748347997e-01
9.745993563613911670e-01
9.839442331957231058e-01
9.830625630179381513e-01
9.998250974043602080e-01
1.003929827554682852e+00
1.008044620722120088e+00
9.998286674735953339e-01
1.002380172166608574e+00
1.011289643250051773e+00
1.013136758372910062e+00
1.004759726609852022e+00
1.010201766693513248e+00
1.012291808634466994e+00
1.012623145762961530e+00
1.015601268659048761e+00
1.012281086334434699e+00
1.013170705123449089e+00
1.008420003349442817e+00
1.010351530562642486e+00
1.005324196787196867e+00
1.003393290738297861e+00
1.005145843134561234e+00
9.934389661892517598e-01
9.954501169208505029e-01
9.946267279517679860e-01
9.892631207141489025e-01
9.898012514493729208e-01
9.858202904751102169e-01
9.832739299686691359e-01
9.841481166572586536e-01
9.821614045928240833e-01
9.897096701622351000e-01
9.780581596552561097e-01
9.894131433753302618e-01
9.884884545087704311e-01
9.918453475850459444e-01
9.963424149538988583e-01
9.957742625373293688e-01
9.964186100316870798e-01
9.977825623436927804e-01
1.000357305737381575e+00
9.975907919891496833e-01
9.973545898841271740e-01
1.001911743027518176e+00
1.001972812222246212e+00
1.004298074466733359e+00
1.002724146017350604e+00
1.002141768289124935e+00
1.002872831939081166e+00
9.993453281502581165e-01
1.003380408268844004e+00
9.981774460997999698e-01
1.000296270866885440e+00
9.975193814231534395e-01
9.972309919827944125e-01
9.988335383162173509e-01
9.960777460966899755e-01
9.986926318074512698e-01
9.987245603262192573e-01
9.985581521034121444e-01
9.993273733953779159e-01
9.978597423614754547e-01
9.992766802676583682e-01
9.984666845925488365e-01
9.994586704463227500e-01
9.961383686592989450e-01
1.000731612559102590e+00
9.997378159718534052e-01
9.999497673254069685e-01
9.980750901443453671e-01
1.000218183090449298e+00
9.961844417819240016e-01
9.991370132805097448e-01
1.000592167692890389e+00
9.993498948471538634e-01
1.002644896706478939e+00
9.975000156332107792e-01
1.000974820535536880e+00
1.000863135040469531e+00
1.001782894806909185e+00
1.003313449320692774e+00
1.001685211158773292e+00
9.991402500067367853e-01
1.002216565663011982e+00
1.002952274865916316e+00
1.002017115386314217e+00
1.003324291173291360e+00
1.002733630744892634e+00
9.990879961450148672e-01
9.975215912811149499e-01
9.984776306712311866e-01
1.001037820175512572e+00
9.982610485938958611e-01
9.981264703973666830e-01
1.000821009477540935e+00
9.995212084453993784e-01
1.000589846054731558e+00
9.981810558290598046e-01
9.995597862286367263e-01
1.000398153693163428e+00
9.987902948941195236e-01
9.982443374645673106e-01
9.998083653934688453e-01
9.985139535364150332e-01
9.996581834089701690e-01
1.000082255752496430e+00
1.001100681423413796e+00
1.003395095770772683e+00
1.001045945634725820e+00
1.001152706090833178e+00
1.000101854132882329e+00
9.986343577382849057e-01
1.000877990893227043e+00
1.001100640744420289e+00
1.001309078596586799e+00
1.001383934013387655e+00
1.000290353709251345e+00
1.001061751692969848e+00
1.002163710568926058e+00
1.000357727885772929e+00
9.998807254493955465e-01
1.001542331609414083e+00
9.986888452521318627e-01
9.984529374216588593e-01
1.002217819014326494e+00
9.998689514832800329e-01
1.000132170877394699e+00
9.984755536610770976e-01
1.000675375466041350e+00
9.999131492312113290e-01
9.997856273763592316e-01
1.001961159803653301e+00
9.986465955094626645e-01
9.980646705184972323e-01
1.000716261354074765e+00
9.998057466440389840e-01
9.998308836351839091e-01
9.994445956656110575e-01
9.969149563332229125e-01
9.970610951572377312e-01
9.989242306586002540e-01
1.000436140515497785e+00
9.987992199160842244e-01
9.988558189321252723e-01
9.999817033895063156e-01
9.982022689308602814e-01
1.001911403716424287e+00
1.001302003745385694e+00
9.988299862003018337e-01
9.991240486075413374e-01
9.972671656844813715e-01
9.996771698297078901e-01
9.977789058525874388e-01
9.997581849054416603e-01
9.980174222462065980e-01
9.977316096633449538e-01
9.975757216644813852e-01
9.992650894583224863e-01
9.997265413581215565e-01
9.978879701924846524e-01
9.980093792087031401e-01
9.982134644776238241e-01
9.994069475433199345e-01
9.979228336410118638e-01
9.994815932756430099e-01
9.977345045869371321e-01
9.968931910872907975e-01
1.000419805802085449e+00
1.000633547711301530e+00
9.990518418707232673e-01
1.000943237279442011e+00
9.991729404776205081e-01
9.999694310675568687e-01
9.983590067066131502e-01
1.000530502300188251e+00
9.998397643933111256e-01
9.987302673975225753e-01
1.000530794711387506e+00
9.986676951718134188e-01
9.994987706816981232e-01
9.991248658294467067e-01
9.992075950230520087e-01
9.992010148105392453e-01
9.975301784118152382e-01
9.998453248157315176e-01
1.000187776752207158e+00
1.000479378900043681e+00
9.998723987199222840e-01
9.994774397938467336e-01
9.990878771449482887e-01
9.988641906058238762e-01
9.997654559247584061e-01
9.996221854813615026e-01
9.986077147553301669e-01
9.995023692825750761e-01
1.000453949917049501e+00
1.000118175924591624e+00
9.990113195110400524e-01
9.993364961764572563e-01
9.997077803569770493e-01
1.001211389862325385e+00
9.981626659853036765e-01
9.994297214666427731e-01
1.001207610056812802e+00
1.000271718230653084e+00
9.997494154880227635e-01
9.993110542227099380e-01
9.996099637005048111e-01
9.991955649546743201e-01
9.989672991414585423e-01
9.988125108745934400e-01
1.000163191547292163e+00
1.000267709681852635e+00
9.997121581000963930e-01
9.992559097181018535e-01
9.996009386295005017e-01
9.985363721527131808e-01
9.995281499243752199e-01
9.983193761341141448e-01
9.993261936444433058e-01
9.995219442453465719e-01
1.000078598548862274e+00
9.987012914197047619e-01
9.997674853009367313e-01
9.974221394447663203e-01
1.000857232074847225e+00
9.985368024282540445e-01
9.989486345697227154e-01
1.000883774123719094e+00
9.989505783906188485e-01
9.993560240507159964e-01
9.988543860860326085e-01
9.987842544197640393e-01
1.000030950117586359e+00
9.974922148952435341e-01
9.995761900894616359e-01
1.000121398820552843e+00
9.990430728836582341e-01
9.996277158259723183e-01
9.998680543828045719e-01
9.982720999367832304e-01
9.990869939546277445e-01
9.999319671565410905e-01
9.997070271769612493e-01
9.994765146061443950e-01
9.982619091950288848e-01
1.000631393299302729e+00
9.985431908106451315e-01
1.000312246598457078e+00
9.988275061469076288e-01
9.995573423202380736e-01
9.997978412138937010e-01
9.986452663641566252e-01
9.982846855969713662e-01
1.000161635953735972e+00
9.988361839256348906e-01
9.998067678629373178e-01
9.985320385182315794e-01
9.984068088107344030e-01
9.985343858281090501e-01
9.974308737928511137e-01
1.000081799512927194e+00
9.992089008099908076e-01
9.989637203703853885e-01
1.000804799586880955e+00
9.994582167348866619e-01
1.000631136110269326e+00
9.997217450322283261e-01
1.001366435140675470e+00
9.983896173010397002e-01
1.000179886146979502e+00
1.000519756710759989e+00
1.000125155549697720e+00
9.997830197059660584e-01
9.985923713972959526e-01
1.000725663076416971e+00
9.999048936428076573e-01
9.996356328244956346e-01
9.919894424720682169e-01
9.840011458134804156e-01
9.766575718863218514e-01
9.656770954134802354e-01
9.570314421763349566e-01
9.497799392036599953e-01
9.397965531469755218e-01
9.325203920412137304e-01
9.250173644523163041e-01
9.153458312543664155e-01
9.074584465533810373e-01
8.988246924565652662e-01
8.888606585734154519e-01
8.823747576131467651e-01
8.741132964028544006e-01
8.661103549219572040e-01
8.595436907634440571e-01
8.503075974169703732e-01
8.436316647458964590e-01
8.339872203453754240e-01
8.261353416888704837e-01
8.187504633442164170e-01
8.100738540131176002e-01
8.035595619942429435e-01
7.962469722310198117e-01
7.879790739727637883e-01
7.790792271950778280e-01
7.722454360771952020e-01
7.642578997679658759e-01
7.574114955032613672e-01
7.508698388235162113e-01
7.422678962779437617e-01
7.339452215874073815e-01
7.274375620494055728e-01
7.204354852806381659e-01
7.141218250493619468e-01
7.072597903999956470e-01
6.986298785430439251e-01
6.923211565046548666e-01
6.845358920268813652e-01
6.775377976805018188e-01
6.706955273265946538e-01
6.630527231728544635e-01
6.566878549246433217e-01
6.500590590138523028e-01
6.431637676742035792e-01
6.360048474264868856e-01
6.295160075906264252e-01
6.222158285580078330e-01
6.152849410761646043e-01
6.094980784116142969e-01
6.028704302245073698e-01
5.957317275481623930e-01
5.895737181508245994e-01
5.832951210984861357e-01
5.765075055794400827e-01
5.692428142621960285e-01
5.633888850661467051e-01
5.559261958245129698e-01
5.497992600500448690e-01
5.445886681773922655e-01
5.376321475431389274e-01
5.308689230315785101e-01
5.243097287855237321e-01
5.175029784336498961e-01
5.123474929040635617e-01
5.063368699743214796e-01
4.991456567494657048e-01
4.936682639402252271e-01
4.875995539419196723e-01
4.816855276396439511e-01
4.753297057759490185e-01
4.689030642281900030e-01
4.632969345066587641e-01
4.573742123862988840e-01
4.512188346611305523e-01
4.461771824715016210e-01
4.394540371039134530e-01
4.329790499034760765e-01
4.271255703898061973e-01
4.224956301881954146e-01
4.165495055962856186e-01
4.107641293105487867e-01
4.052292634038492936e-01
3.997028934285408730e-01
3.941714998406947723e-01
3.883583391481895131e-01
3.831268819678135817e-01
3.767887308609152441e-01
3.721277954722566061e-01
3.662732108299893707e-01
3.609357318976125772e-01
3.553064033121234311e-01
3.495784249755832240e-01
3.443416460410831936e-01
3.390904221723485823e-01
3.334481026849661633e-01
3.279493838906278880e-01
3.226127050163545285e-01
3.176779298384079797e-01
3.124026014962729692e-01
3.070966411205201529e-01
3.019087124876006500e-01
2.971185566377625431e-01
2.917819506536943885e-01
2.863484353899975465e-01
2.812509328704488332e-01
2.761166885391292403e-01
2.711564598171352647e-01
2.667564358190449014e-01
2.611810083738042021e-01
2.563228344328751795e-01
2.509321256268225997e-01
2.461275778530211678e-01
2.415807312549948516e-01
2.365399416364434571e-01
2.314929263199918819e-01
2.266574153069319808e-01
2.219265906135496624e-01
2.168585143014033212e-01
2.120844867062511852e-01
2.073610344806635086e-01
2.025381762614252290e-01
1.978404197509638918e-01
1.928819295898522856e-01
1.888911150231959990e-01
1.841563855342153166e-01
1.788844342163312673e-01
1.747347702965124372e-01
1.697830891732316771e-01
1.655826166576418734e-01
1.607043744607895008e-01
1.560867232617426936e-01
1.517818498906883806e-01
1.470007580709455641e-01
1.430019218169623352e-01
1.378794018860946824e-01
1.335412186108032584e-01
1.293979225204858474e-01
1.248218390481514589e-01
1.207342708818621851e-01
1.164188009948139285e-01
1.127585801726655318e-01
1.092264512330197029e-01
1.057587948739111272e-01
1.026269016177233234e-01
9.941134181629375510e-02
9.648262197540895257e-02
9.341596991495546010e-02
9.100248970793557712e-02
8.808515737055648553e-02
8.532360625294858891e-02
8.244815613102152163e-02
8.020938060531170033e-02
7.775086171765323295e-02
7.558755319909532533e-02
7.311830550332552858e-02
7.071865432299684340e-02
6.874754274239976148e-02
6.653260691901416446e-02
6.460809538769228533e-02
6.260515465859177453e-02
6.058818540648580608e-02
5.874871006975607851e-02
5.676670889531033187e-02
5.514772821731146052e-02
5.343250886396813670e-02
5.149565281444503512e-02
4.990648676486804380e-02
4.828268080692112857e-02
4.669490374863933396e-02
4.522343306138910946e-02
4.370537778261007755e-02
4.199122181776528129e-02
4.074355017357512987e-02
3.925902475773384442e-02
3.809889694974637891e-02
3.673622571810977733e-02
3.517720772253359746e-02
3.410206034085173921e-02
3.295679956567363483e-02
3.172206675593108177e-02
3.049297462826134480e-02
2.945188123007901407e-02
2.836174277477870875e-02
2.722438396195410448e-02
2.620377077183568687e-02
2.527722516080445694e-02
2.424303677019661388e-02
2.321014962812625523e-02
2.228038408475883914e-02
2.139449430008435668e-02
2.054232463387979310e-02
1.965901298614019382e-02
1.874692840251760903e-02
1.798391513114877202e-02
1.727652739914365895e-02
1.635117264282536301e-02
1.566450408442502176e-02
1.493172067353506528e-02
1.421012109224216793e-02
1.343796166060245816e-02
1.292887921183260777e-02
1.236691368068144371e-02
1.162418370776515004e-02
1.098079623076094434e-02
1.054080689411033937e-02
9.863553593461539190e-03
9.358262923992116331e-03
8.862453442601449585e-03
8.379240177706550469e-03
7.812220614459925577e-03
7.437542131855401709e-03
6.979084414618219080e-03
6.468637935992004560e-03
6.046333348417898788e-03
5.741332956098782643e-03
5.350522213813818130e-03
4.945052542051965073e-03
4.613149402586765556e-03
4.279758289607906059e-03
3.957780790890886788e-03
3.622338102524740554e-03
3.328154223837579383e-03
3.084130120617270543e-03
2.755607594315278609e-03
2.506370968579120073e-03
2.312858046016736963e-03
2.073972514393498598e-03
1.853324993193642724e-03
1.645983761734259388e-03
1.466522296829250033e-03
1.275739863661286928e-03
1.127141673355131976e-03
9.372883966622598843e-04
8.166105449534376845e-04
6.965915574077762799e-04
5.736255291803829147e-04
4.771391077815781640e-04
3.908518180251465378e-04
3.004036088595801344e-04
2.213994492919984613e-04
1.629937467067619637e-04
1.179211538183828201e-04
6.645961249608620699e-05
4.137463841046379673e-05
1.562889057075978334e-05
4.142481683606766424e-06
3.302732436334396303e-07
0.000000000000000000e+00
0.000000000000000000e+00
0.000000000000000000e+00
0.000000000000000000e+00
0.000000000000000000e+00
0.000000000000000000e+00
0.000000000000000000e+00
0.000000000000000000e+00
0.000000000000000000e+00
0.000000000000000000e+00
0.000000000000000000e+00
0.000000000000000000e+00
0.000000000000000000e+00
0.000000000000000000e+00
0.000000000000000000e+00
0.000000000000000000e+00
0.000000000000000000e+00
0.000000000000000000e+00
0.000000000000000000e+00
0.000000000000000000e+00
0.000000000000000000e+00
0.000000000000000000e+00
0.000000000000000000e+00
0.000000000000000000e+00
0.000000000000000000e+00
0.000000000000000000e+00
0.000000000000000000e+00
0.000000000000000000e+00
0.000000000000000000e+00
0.000000000000000000e+00
0.000000000000000000e+00
0.000000000000000000e+00
0.000000000000000000e+00
0.000000000000000000e+00
0.000000000000000000e+00
0.000000000000000000e+00
0.000000000000000000e+00
0.000000000000000000e+00
0.000000000000000000e+00
0.000000000000000000e+00
0.000000000000000000e+00
0.000000000000000000e+00
0.000000000000000000e+00
0.000000000000000000e+00
0.000000000000000000e+00
0.000000000000000000e+00
0.000000000000000000e+00
0.000000000000000000e+00
0.000000000000000000e+00
0.000000000000000000e+00
0.000000000000000000e+00
0.000000000000000000e+00
0.000000000000000000e+00
0.000000000000000000e+00
0.000000000000000000e+00
0.000000000000000000e+00
0.000000000000000000e+00
0.000000000000000000e+00
0.000000000000000000e+00
0.000000000000000000e+00
0.000000000000000000e+00
