0.000000000000000000e+00
0.000000000000000000e+00
0.000000000000000000e+00
0.000000000000000000e+00
0.000000000000000000e+00
0.000000000000000000e+00
0.000000000000000000e+00
0.000000000000000000e+00
0.000000000000000000e+00
0.000000000000000000e+00
0.000000000000000000e+00
0.000000000000000000e+00
0.000000000000000000e+00
0.000000000000000000e+00
0.000000000000000000e+00
0.000000000000000000e+00
0.000000000000000000e+00
0.000000000000000000e+00
0.000000000000000000e+00
0.000000000000000000e+00
0.000000000000000000e+00
0.000000000000000000e+00
0.000000000000000000e+00
0.000000000000000000e+00
0.000000000000000000e+00
0.000000000000000000e+00
5.749176810103872812e-05
1.958893077957074135e-03
2.832897845005778389e-02
1.927962908279741705e-01
7.354846675178623450e-01
1.544383242946590906e+00
2.062349764127157314e+00
2.126610940016989915e+00
1.917099586920165466e+00
1.652310825620487700e+00
1.430341795735861066e+00
1.265625722184808621e+00
1.167832914836252733e+00
1.097926066993268668e+00
1.016904379191984731e+00
9.490600658898804554e-01
9.129405744056725558e-01
9.023478382433425260e-01
9.069460118513317237e-01
9.204579520994573549e-01
9.348972013240459678e-01
9.501821380469177569e-01
9.571355508818620850e-01
9.655218371032179281e-01
9.697547371835766317e-01
9.753171138243269533e-01
9.804784073259549260e-01
9.852693472048762446e-01
9.841328165913134640e-01
9.818871871351401159e-01
9.756760020546186851e-01
9.697191080518239303e-01
9.637746427742635014e-01
9.568837673890521200e-01
9.516313587975233634e-01
9.501617534120051500e-01
9.532757161311177230e-01
9.568645869505351120e-01
9.653087646966602708e-01
9.768312346749576935e-01
9.869286808460716598e-01
9.978358196625362053e-01
1.009295909125723201e+00
1.018557587903832662e+00
1.025745297087211627e+00
1.031160724317847555e+00
1.034165455489062690e+00
1.035315164047243330e+00
1.034033096062266788e+00
1.033396816497852422e+00
1.029269611686573160e+00
1.024764309540838081e+00
1.018859202721192236e+00
1.013276927347305678e+00
1.008034506885967740e+00
1.002650117715172540e+00
9.969542805008593245e-01
9.922965017810336796e-01
9.907354359242673825e-01
9.862813194359904001e-01
9.853832285992407680e-01
9.857161960634871489e-01
9.860002942158664352e-01
9.876646864748657162e-01
9.900231463268612808e-01
9.927324276485606225e-01
9.930950424538815824e-01
9.960943568269452486e-01
9.976886906922142195e-01
9.997010805018359259e-01
9.996474564046110567e-01
1.002465153167995116e+00
1.002299123897427924e+00
1.002495663229066247e+00
1.002803001137965389e+00
1.003850343950160928e+00
1.004753627264859839e+00
1.005177855690015054e+00
1.005627173933916430e+00
1.004325670375367796e+00
1.004227747851432095e+00
1.004254750767643367e+00
1.004420432231063698e+00
1.003415257114689485e+00
1.002289415110351412e+00
1.002687772461035465e+00
1.001402635329914581e+00
1.000481179729948211e+00
1.001013543105312209e+00
9.999635796452698289e-01
9.993102795756975132e-01
9.990069337915825631e-01
9.998548028485875205e-01
9.991100628940032813e-01
9.987318079139898552e-01
9.988666413916831299e-01
9.982121981433333957e-01
9.990365050251985846e-01
9.984315899354273549e-01
9.989280770700263989e-01
9.987721094263194432e-01
9.996229230461211035e-01
9.997959303190095959e-01
9.990205880834921448e-01
9.998255926037346031e-01
1.000013411226990501e+00
1.000218793514339621e+00
1.000418233757579101e+00
1.000953430361065433e+00
1.000308623582095713e+00
1.000953984740129421e+00
1.000200298683202593e+00
1.001085972721482698e+00
1.000745284147883440e+00
1.001119381959967081e+00
1.000722442969172343e+00
1.000919283186877173e+00
1.000090205433795454e+00
1.000431857262793045e+00
1.000025584707345594e+00
1.000032661658536659e+00
1.000737247569950306e+00
1.000038250745540092e+00
9.994711009406653801e-01
1.000212938141361585e+00
1.000154756128105449e+00
9.998989566212095337e-01
9.996831509615461409e-01
9.997085837053357738e-01
1.000037321389899647e+00
9.992109183240424075e-01
9.995279629725852821e-01
9.998295640403992435e-01
9.997493431473825076e-01
1.000258335499440099e+00
9.998119898873872868e-01
9.992688445894104543e-01
1.000119424535984125e+00
9.995767754014190931e-01
1.000171892430708365e+00
1.000340374259852894e+00
1.000509824311157869e+00
1.000386114081983191e+00
1.000171774062680985e+00
1.000042351274790242e+00
1.000611437360619416e+00
1.000669156266832394e+00
1.000191961141837504e+00
9.995389728134453922e-01
1.000946341924064287e+00
1.000550294817568187e+00
1.000386981395074537e+00
1.000537189575664065e+00
1.000101308567440395e+00
1.000237318753982585e+00
1.000052123979359386e+00
1.000093481219566316e+00
1.000234858310127928e+00
1.000294162788448959e+00
1.000562322117046543e+00
1.000493526487627793e+00
1.000656319990748999e+00
1.000167996721811114e+00
9.999167125365637787e-01
1.000297623979311767e+00
1.000173018345508869e+00
1.000120724280688655e+00
1.000564665285657462e+00
1.000097914661191023e+00
1.000492258140536661e+00
1.000177872057526729e+00
1.000138486925256753e+00
1.000198584973785776e+00
1.000416917540851269e+00
1.000451341359355428e+00
1.000711735892406251e+00
1.000262251837020111e+00
1.000735084358016502e+00
1.000125026490102709e+00
1.000483153345118614e+00
1.000400166766011845e+00
1.000609046490787524e+00
1.000341070991708881e+00
9.999633928044315834e-01
1.000924571650649408e+00
1.000271500215839104e+00
1.000015504295028723e+00
1.000309688847401457e+00
1.000145634802606986e+00
1.000146666996623690e+00
1.000462243434117715e+00
1.000174083745970055e+00
1.000758529519272910e+00
1.000461853169001269e+00
1.000285191717638078e+00
1.000396585490005430e+00
1.000356654068701001e+00
9.998008351267358984e-01
1.000587699492158533e+00
1.000128142090986216e+00
1.001118814502326204e+00
1.000658947580460589e+00
1.000429086595534978e+00
1.000360125725305416e+00
1.000465274520158765e+00
1.000014595083684066e+00
1.000668707685399506e+00
1.000084609318795170e+00
1.000720077885530968e+00
1.000253473742009014e+00
1.000346155963745209e+00
1.000162445809849920e+00
1.000300092542072194e+00
1.000074376015824607e+00
1.000824156683372435e+00
1.000476769799256704e+00
1.000277105421118362e+00
9.998516756286175422e-01
9.999933915489467307e-01
1.000338128084591549e+00
1.000072769043298004e+00
9.999296244092700237e-01
1.000046106961938852e+00
1.000456814236465375e+00
1.000435789766176864e+00
1.000292276501236088e+00
9.999721334439326537e-01
1.000086422954604037e+00
1.000342213005968039e+00
1.000283930048840420e+00
1.000237972837424882e+00
9.998053269872689830e-01
1.000321129967569389e+00
1.000353696035503281e+00
9.999039272821013125e-01
1.000304405800329866e+00
1.000387279304040256e+00
9.998578621748980266e-01
1.000242128190566016e+00
1.000066485048040077e+00
1.000464843888768218e+00
1.000124986914640024e+00
1.000417478337501942e+00
1.000251003277764283e+00
9.999364950830712528e-01
1.000463874721801760e+00
1.000456368398084273e+00
9.999292591043821288e-01
9.998661681443864468e-01
1.000479872761497413e+00
1.000009894313587555e+00
1.000105143993714751e+00
9.997035874121622534e-01
1.000223669350397415e+00
1.000322684181994992e+00
1.000140781563855885e+00
1.000295142005893867e+00
1.000052912333750044e+00
1.000152079509077030e+00
1.000147013921162564e+00
1.000238473896516211e+00
1.000150507893872387e+00
9.998913125219437426e-01
9.998676519648653782e-01
1.000090698680813128e+00
1.000133156446410432e+00
1.000380624830006671e+00
9.998947896511883870e-01
9.998368347200314865e-01
1.000045415963992212e+00
1.000518297247480648e+00
1.000209188645246883e+00
1.000096001724026129e+00
1.000284640116059887e+00
1.000384540283361101e+00
1.000264023358839127e+00
1.000204017719839467e+00
9.998031814545585982e-01
9.999784890283769379e-01
1.000213579381641349e+00
1.000509124465060351e+00
1.000105625051989966e+00
1.000157781137438917e+00
1.000000802784573262e+00
1.000072069267619490e+00
1.000149115124743027e+00
1.000206126172427767e+00
1.000087771901504441e+00
1.000190705178678030e+00
1.000503461020669560e+00
1.000320097542118036e+00
1.000123904715808143e+00
1.000089018134396435e+00
9.997873857978218926e-01
1.000100164071874520e+00
1.000407290821456296e+00
1.000334987435836931e+00
1.000121762920052060e+00
1.000371428091435533e+00
1.000113415642340575e+00
1.000144647268758957e+00
1.000298429243738019e+00
1.000533667965429085e+00
1.000184013385931214e+00
1.000408454825463700e+00
1.000527535457027550e+00
9.998962927367984754e-01
9.998434725237926868e-01
1.000004619820300089e+00
1.000391452226014888e+00
1.000203303908105301e+00
1.000303612922921914e+00
1.000257658448496345e+00
9.994276792036297374e-01
9.928252094763251323e-01
9.841705934977562631e-01
9.751349201726354776e-01
9.668848479172235111e-01
9.580299537445667868e-01
9.493634352597110082e-01
9.410341802831294622e-01
9.325741783116393568e-01
9.241118874368021707e-01
9.155676390561503508e-01
9.075043791878989463e-01
8.992068012758498430e-01
8.908241097459815849e-01
8.826260157705413389e-01
8.745222319146257473e-01
8.663970543846375438e-01
8.585592320242078079e-01
8.507772222346488000e-01
8.425095712023508154e-01
8.344805803840830150e-01
8.265684084894105998e-01
8.190653052921424981e-01
8.108897728763967416e-01
8.035462805577098244e-01
7.955038804418053111e-01
7.881002142871985638e-01
7.807182247889539184e-01
7.730651685109600768e-01
7.655616401261257087e-01
7.578138234088778180e-01
7.501556513058171838e-01
7.428936642683183766e-01
7.355405925676331558e-01
7.284193612016619523e-01
7.208872330133956341e-01
7.136917991248411530e-01
7.065216290235880603e-01
6.993131772788854228e-01
6.921394385995578435e-01
6.850657708075474916e-01
6.779373962433132839e-01
6.710408599614346992e-01
6.641177908025341914e-01
6.570037547542137979e-01
6.500344188549513902e-01
6.433144554359843115e-01
6.364020974053176127e-01
6.296819427414587222e-01
6.228928711498190607e-01
6.161419538872685564e-01
6.095261738672647089e-01
6.027506374717900295e-01
5.962391980607573139e-01
5.895200125200301677e-01
5.828677930235246496e-01
5.764888707295935388e-01
5.698424948708787907e-01
5.634845129969117128e-01
5.572444307196271485e-01
5.507585048944800832e-01
5.443487243013697130e-01
5.379876426954854907e-01
5.314923674176700308e-01
5.254230241983560701e-01
5.191497737442652971e-01
5.129454249617703132e-01
5.067876863305642576e-01
5.006051123470881548e-01
4.945045887857559275e-01
4.882842605550236081e-01
4.822594241662607750e-01
4.762912210656436440e-01
4.703141845641962138e-01
4.642532277429674004e-01
4.582794008274150288e-01
4.525255852618120800e-01
4.464761827494345137e-01
4.407426155291385705e-01
4.349090965294069022e-01
4.291040987147392016e-01
4.232982188291051218e-01
4.175558447066980428e-01
4.118464295202726722e-01
4.061939269026070831e-01
4.004252202283286044e-01
3.948620685397014052e-01
3.891474621170214476e-01
3.836363117938087486e-01
3.780281146013320104e-01
3.724933519728511055e-01
3.669885639674133615e-01
3.615481607975055134e-01
3.561486451061953717e-01
3.506119299830538494e-01
3.452262008698813167e-01
3.398639123172262910e-01
3.344609110223323856e-01
3.291712069277240582e-01
3.238047474558713446e-01
3.186164708360289533e-01
3.132263503910313052e-01
3.081125701875500056e-01
3.029118803341935284e-01
2.976263534685192336e-01
2.924054398553721512e-01
2.873999831304261399e-01
2.821555893544286930e-01
2.770394329263048405e-01
2.718832073244588088e-01
2.669057045245006310e-01
2.620516389856990536e-01
2.568185066617113543e-01
2.519077154110246353e-01
2.469236539959326626e-01
2.419224336153062149e-01
2.371136931094655620e-01
2.321559371724203624e-01
2.274037565099746860e-01
2.224385125349115921e-01
2.175996715826458427e-01
2.129345764436652855e-01
2.079765639257007137e-01
2.031835591321767831e-01
1.984531709901972418e-01
1.937165178157789491e-01
1.890006587544746930e-01
1.843086114750278337e-01
1.795926340225348361e-01
1.749824157687016601e-01
1.703825946364553034e-01
1.657365343368906452e-01
1.611883220034316944e-01
1.566142592141851198e-01
1.519978934050242869e-01
1.475193308494898992e-01
1.428918099269626540e-01
1.383774303168119890e-01
1.341217447919492156e-01
1.295552912436108151e-01
1.250979852143853654e-01
1.206841575249338328e-01
1.166815631503532597e-01
1.130028224372022633e-01
1.093538449840239929e-01
1.060472350008170722e-01
1.027515472589154710e-01
9.961779217346457271e-02
9.659864575405097131e-02
9.364200528249325139e-02
9.085536881749466109e-02
8.808465244220330115e-02
8.543206450421916842e-02
8.283533341682780549e-02
8.030227620517937925e-02
7.786048488592035854e-02
7.556964119962936155e-02
7.316422866415094040e-02
7.098343484521441038e-02
6.881199658016116938e-02
6.666550243921741392e-02
6.460182123605327786e-02
6.258818868191258489e-02
6.057223354682602506e-02
5.872245919328944463e-02
5.688826392526103587e-02
5.507008989548457106e-02
5.332029967120491959e-02
5.164390448114471871e-02
4.991212551722151031e-02
4.831086120008896284e-02
4.674034071829095277e-02
4.514586797016595376e-02
4.366893121028276453e-02
4.219878728900617465e-02
4.078866150671064950e-02
3.938255717203567596e-02
3.802819561969947998e-02
3.667301498486901651e-02
3.540729818162296344e-02
3.414166611189613926e-02
3.290043960323459082e-02
3.167794117066100729e-02
3.056164405699374545e-02
2.943272640864370501e-02
2.832421226029975189e-02
2.727957909541168374e-02
2.620381180952371589e-02
2.517447524543158302e-02
2.419419068516065127e-02
2.326487315838364142e-02
2.231398706300469562e-02
2.143824435193758537e-02
2.053699694581194099e-02
1.966620520927684149e-02
1.883497254871484977e-02
1.800083750958423115e-02
1.724661764193149982e-02
1.645074838868631692e-02
1.575820171658556118e-02
1.500883104390231433e-02
1.430052087590106755e-02
1.361766319068811668e-02
1.297068211459127644e-02
1.233300313040773706e-02
1.170698838737046707e-02
1.110883710888679182e-02
1.054468331817421702e-02
9.990075456046295516e-03
9.432139210633577395e-03
8.918116640272378756e-03
8.417182412558732452e-03
7.936189469619438566e-03
7.454011183979513018e-03
6.997374408342660682e-03
6.565961918422233597e-03
6.154064928245446542e-03
5.755644462118432794e-03
5.356422821661298468e-03
5.000528889688918635e-03
4.640614065283957430e-03
4.293179727866770594e-03
3.967202344698618141e-03
3.658307418086866741e-03
3.358317888138743525e-03
3.087623759729338745e-03
2.810293902545895825e-03
2.557335911724906066e-03
2.308929083372521056e-03
2.079753359687186876e-03
1.866517614278691544e-03
1.665059974478911610e-03
1.481822597706566142e-03
1.302706672689420489e-03
1.137824355479364648e-03
9.805651749388215408e-04
8.391148159825784518e-04
7.093305053708458523e-04
5.912520125027293308e-04
4.862174909032404178e-04
3.911159085089262232e-04
3.059940337840677451e-04
2.301352376277647060e-04
1.687367386330069499e-04
1.141889340609687878e-04
7.160480465119540639e-05
4.015609204578311141e-05
1.765290635344024333e-05
4.508452234601275084e-06
3.677023551740910622e-07
0.000000000000000000e+00
0.000000000000000000e+00
0.000000000000000000e+00
0.000000000000000000e+00
0.000000000000000000e+00
0.000000000000000000e+00
0.000000000000000000e+00
0.000000000000000000e+00
0.000000000000000000e+00
0.000000000000000000e+00
0.000000000000000000e+00
0.000000000000000000e+00
0.000000000000000000e+00
0.000000000000000000e+00
0.000000000000000000e+00
0.000000000000000000e+00
0.000000000000000000e+00
0.000000000000000000e+00
0.000000000000000000e+00
0.000000000000000000e+00
0.000000000000000000e+00
0.000000000000000000e+00
0.000000000000000000e+00
0.000000000000000000e+00
0.000000000000000000e+00
0.000000000000000000e+00
0.000000000000000000e+00
0.000000000000000000e+00
0.000000000000000000e+00
0.000000000000000000e+00
0.000000000000000000e+00
0.000000000000000000e+00
0.000000000000000000e+00
0.000000000000000000e+00
0.000000000000000000e+00
0.000000000000000000e+00
0.000000000000000000e+00
0.000000000000000000e+00
0.000000000000000000e+00
0.000000000000000000e+00
0.000000000000000000e+00
0.000000000000000000e+00
0.000000000000000000e+00
0.000000000000000000e+00
0.000000000000000000e+00
0.000000000000000000e+00
0.000000000000000000e+00
0.000000000000000000e+00
0.000000000000000000e+00
0.000000000000000000e+00
0.000000000000000000e+00
0.000000000000000000e+00
0.000000000000000000e+00
0.000000000000000000e+00
0.000000000000000000e+00
0.000000000000000000e+00
0.000000000000000000e+00
0.000000000000000000e+00
0.000000000000000000e+00
0.000000000000000000e+00
0.000000000000000000e+00
