0.000000000000000000e+00
0.000000000000000000e+00
0.000000000000000000e+00
0.000000000000000000e+00
0.000000000000000000e+00
0.000000000000000000e+00
0.000000000000000000e+00
0.000000000000000000e+00
0.000000000000000000e+00
0.000000000000000000e+00
0.000000000000000000e+00
0.000000000000000000e+00
0.000000000000000000e+00
0.000000000000000000e+00
0.000000000000000000e+00
0.000000000000000000e+00
0.000000000000000000e+00
0.000000000000000000e+00
0.000000000000000000e+00
0.000000000000000000e+00
0.000000000000000000e+00
0.000000000000000000e+00
0.000000000000000000e+00
0.000000000000000000e+00
0.000000000000000000e+00
0.000000000000000000e+00
1.769209411249716960e-05
2.008436699236492221e-03
2.838622995035090454e-02
1.924896282048113860e-01
7.363824710477494540e-01
1.543621552983062806e+00
2.065484472671242688e+00
2.120728553268662164e+00
1.916252246302454498e+00
1.655021811944256349e+00
1.427451647568050319e+00
1.267353344632413670e+00
1.169685593740524832e+00
1.095897966058573259e+00
1.017613416164471651e+00
9.499871088861260304e-01
9.123947281420011768e-01
9.046215539928336158e-01
9.084704263471511387e-01
9.202380309225141053e-01
9.385768305705164405e-01
9.495453666505249135e-01
9.598876685202478720e-01
9.638190479705001090e-01
9.713082201294717111e-01
9.761430285770953397e-01
9.830999216483439218e-01
9.835578890974204791e-01
9.855513438113305824e-01
9.834721595079843892e-01
9.788954393556651423e-01
9.715580925677925750e-01
9.635352022630077062e-01
9.590896395129663299e-01
9.537768249269303888e-01
9.508300311673413274e-01
9.535907606010990412e-01
9.586610002523412444e-01
9.685840753586958396e-01
9.767232654423232407e-01
9.885381246778786046e-01
9.998995049373577970e-01
1.010682773551954572e+00
1.020703423282853128e+00
1.027957893523238520e+00
1.033789049908812707e+00
1.034658593799299586e+00
1.036066748429501860e+00
1.035371990667597553e+00
1.033893067062979121e+00
1.030222527188150217e+00
1.026388184149066518e+00
1.020891733212502261e+00
1.014056099466381200e+00
1.010604714629828926e+00
1.003483551973731736e+00
9.989347963792744034e-01
9.942212276682196315e-01
9.910397885789817840e-01
9.875124947811477760e-01
9.863464981153667877e-01
9.870005591196607808e-01
9.877699771126967621e-01
9.888683957486867904e-01
9.902333561335482370e-01
9.920767309286557811e-01
9.961957799851943740e-01
9.969015085348305050e-01
9.986783452760106261e-01
9.987970511365302784e-01
1.001561855669228729e+00
1.002705402945648361e+00
1.001841094953688671e+00
1.002785241316166642e+00
1.003218354868885998e+00
1.005347275637319404e+00
1.004638769738194437e+00
1.005510025870068214e+00
1.006124557712680945e+00
1.005961119679366300e+00
1.005645826263052101e+00
1.005194993923950841e+00
1.004406990294149038e+00
1.004596082901199727e+00
1.003187618814218585e+00
1.002751770941270770e+00
1.002176259768701616e+00
1.001965144625423632e+00
1.000748850086640607e+00
1.000539914498298488e+00
1.000681371795160812e+00
9.999326169519643370e-01
1.000667471177762335e+00
9.997426865270274687e-01
9.977368014272179897e-01
9.989224796375977267e-01
9.989322199414801817e-01
9.989774652783275366e-01
9.995745700335152417e-01
9.986543310784254945e-01
1.000329093624229060e+00
1.000594974848488139e+00
9.998145131803906072e-01
1.000063106788393830e+00
1.000456655213119772e+00
1.001275731723360485e+00
1.001484655775751076e+00
1.001725053994011239e+00
1.001241615996155909e+00
1.001077123785341971e+00
1.001412163774540121e+00
1.001442148428207002e+00
1.001122003185326959e+00
1.000832434539482785e+00
1.001646411936762515e+00
1.001734892028813162e+00
1.001196455740252844e+00
1.000646736006393089e+00
1.001722266050075083e+00
1.000769025121020395e+00
1.000734482181452778e+00
1.000573607444007918e+00
1.000961177155309079e+00
9.998389781420780054e-01
1.000758673315967906e+00
1.000496751086513481e+00
1.000507446468876127e+00
9.998498163048631371e-01
9.994437761038145185e-01
9.998270929821456710e-01
9.996737204028481871e-01
9.993803800672226290e-01
1.000064890997353961e+00
1.000673992491297071e+00
1.000326893522993643e+00
1.000726046768271704e+00
9.996972525738087034e-01
1.000695035514358455e+00
9.998787625206401186e-01
9.995971389244128202e-01
1.000539098614337874e+00
1.000232993077177612e+00
9.999503066337569468e-01
9.999309605560616765e-01
1.000568739882755631e+00
9.998621004990995154e-01
1.000075534140749012e+00
1.000391618704070673e+00
9.999309809389956838e-01
1.000344848420511745e+00
1.000929076170975929e+00
9.997440556914505283e-01
1.000620597497722697e+00
1.000183358310862580e+00
1.000031599265990501e+00
1.000194651348950359e+00
9.998414561760413655e-01
1.000377346780009891e+00
1.000150900281205679e+00
1.000152480430360535e+00
9.999345079169925654e-01
1.000577836520173625e+00
1.000155313903947851e+00
1.000180770706442512e+00
1.000148434743578063e+00
9.994463990209792037e-01
1.000307765126779991e+00
9.996586099737864162e-01
1.000583610286881475e+00
1.000639688423519136e+00
1.000237162130208413e+00
1.000706914775115974e+00
1.000082088334326658e+00
1.000421718733335519e+00
1.000115080993695837e+00
1.000322449992836038e+00
1.000051514005510400e+00
1.000559340485972060e+00
1.000272420648251614e+00
1.000601601247986583e+00
1.000036104366957002e+00
1.000390967245138540e+00
1.000430208857300052e+00
1.000256932109278019e+00
1.000323261684200382e+00
1.000366673630743941e+00
1.000339030504611149e+00
1.000541906256247948e+00
1.000384317323439687e+00
1.000199935517453342e+00
1.000614489633668835e+00
1.000021275361700823e+00
1.000561998248455486e+00
1.000441507319564494e+00
9.999946540670602291e-01
1.000467914075868991e+00
1.000740247455100151e+00
1.000653238221866248e+00
1.000387782341309872e+00
1.000150895908864079e+00
1.000478947267155139e+00
1.000784742465575583e+00
1.000733684684207203e+00
1.000612602809674456e+00
1.000075844678884884e+00
1.000250506603310274e+00
1.000407695742366876e+00
1.000633645986118925e+00
1.000331795076733199e+00
1.000573937416214587e+00
1.000003229094164947e+00
1.000153583183361450e+00
1.000326879393253154e+00
1.000143053611345145e+00
1.000239835306439451e+00
1.000593455033532031e+00
9.998049392510978128e-01
1.000423382227013658e+00
1.000585735199375881e+00
1.000294917094033176e+00
1.000734764514888075e+00
1.000142270555525847e+00
1.000262188089795279e+00
1.000007121302497692e+00
1.000539135585523320e+00
1.000501905829258575e+00
1.000643341011445697e+00
1.000340569741919650e+00
9.998820115653035412e-01
9.997884637600303881e-01
1.000853170624024235e+00
1.000072978888467246e+00
1.000347173023450997e+00
1.000005050393071748e+00
9.997615079339736699e-01
1.000019213214689451e+00
1.000424354227827495e+00
9.998712863693367536e-01
1.000467715085686438e+00
1.000488062718479565e+00
1.000175378415603999e+00
1.000297008172362778e+00
1.000340735609349663e+00
1.000120091561400137e+00
1.000357776109147556e+00
1.000685315535176034e+00
1.000878577456040475e+00
1.000207828248369291e+00
1.000677870603455588e+00
1.000747785926295208e+00
1.001006718479112712e+00
1.000394239616980929e+00
1.000162795436595919e+00
1.000491361213925678e+00
1.000381664187417030e+00
1.000008631505566514e+00
1.000297644926661178e+00
1.000290086775624809e+00
1.000276685287942557e+00
1.000362140074834816e+00
1.000192650507676362e+00
1.000454029171733428e+00
1.000093731853772594e+00
1.000566396668002955e+00
1.000506880172937318e+00
1.000580074096567573e+00
1.000323815066168853e+00
1.000188307970838242e+00
1.000259726305211094e+00
1.000453805224648329e+00
1.000161101917173001e+00
1.000331797471974316e+00
1.000409670962669750e+00
1.000288898773967761e+00
1.000369117655539153e+00
1.000577824835628959e+00
1.000336207177914938e+00
1.000530817596683386e+00
1.000127788826362663e+00
1.000336629621952245e+00
1.000111684702245318e+00
1.000189638365713840e+00
1.000339047384268154e+00
1.000091700582970367e+00
1.000235152271648387e+00
1.000208308532481993e+00
1.000181840421400903e+00
1.000053113573566188e+00
1.000362951744048878e+00
1.000267820635198923e+00
1.000330865421935167e+00
1.000536780969397022e+00
1.000379531221330387e+00
1.000281513613413553e+00
1.000432606487481779e+00
1.000146942945254303e+00
9.999841356716395735e-01
9.997809528683108127e-01
9.999786836272960278e-01
1.000346837434034297e+00
1.000411133816471843e+00
1.000051817734379345e+00
1.000275882761648694e+00
9.999672234022058959e-01
1.000159697774708478e+00
1.000443143156126258e+00
1.000245319309907455e+00
9.998092168844946448e-01
1.000075262443052670e+00
1.000153297824500465e+00
1.000325332741771156e+00
9.999477968381540460e-01
1.000007568263003632e+00
9.992818688661910809e-01
9.929263618524934998e-01
9.841427381251766082e-01
9.753380835558946860e-01
9.668743715275874839e-01
9.582700762218648860e-01
9.494081184834090026e-01
9.409644912728779564e-01
9.326207145012416211e-01
9.241157500196076624e-01
9.159476123357807031e-01
9.074812277962557294e-01
8.990630115545855672e-01
8.910472819640515851e-01
8.826497091919548454e-01
8.743412523433489181e-01
8.665434132138480905e-01
8.583671484029778975e-01
8.503788319553963193e-01
8.427795092413220557e-01
8.344798799163171132e-01
8.266954722605958095e-01
8.189170609395780565e-01
8.109639858721313654e-01
8.031314505594796538e-01
7.955400697188547143e-01
7.878221159359344306e-01
7.805086978783527529e-01
7.726164553374869071e-01
7.648580457067394311e-01
7.574923690156590839e-01
7.502408111302285576e-01
7.429892421199301156e-01
7.352820275835267871e-01
7.281455721219384225e-01
7.208744136075662112e-01
7.137316809324258937e-01
7.065094221576317945e-01
6.993657141948058653e-01
6.921523846287338522e-01
6.850573628099199119e-01
6.780457201616408858e-01
6.709835953032948774e-01
6.638182424503351609e-01
6.569599109887355182e-01
6.499811332735268010e-01
6.432237778109249904e-01
6.364712499844394911e-01
6.294861432715349592e-01
6.229739008072759932e-01
6.162608015419279717e-01
6.092234536188951832e-01
6.027710306198431622e-01
5.958716193432436192e-01
5.894697508982589262e-01
5.827979834430249140e-01
5.763157929948752312e-01
5.699536041034873879e-01
5.635502326513209814e-01
5.571040735362194907e-01
5.505554767278713069e-01
5.441928249590820554e-01
5.379391835810540812e-01
5.318069327550835057e-01
5.251609914562649362e-01
5.191084253941334881e-01
5.129935019074319813e-01
5.068790780746658120e-01
5.004968453983069665e-01
4.944756564184141778e-01
4.885990504449576610e-01
4.825330854185189144e-01
4.762550806166804263e-01
4.703415256369703479e-01
4.643180567979920403e-01
4.583596097168836647e-01
4.524985103343005521e-01
4.464936408338418539e-01
4.407914905832442387e-01
4.347404365714675478e-01
4.291179758051139048e-01
4.234867625130492308e-01
4.175003997317291438e-01
4.119368500433574498e-01
4.060089423461256120e-01
4.006363342760158597e-01
3.948718537437150289e-01
3.893108703872795728e-01
3.835645670089405379e-01
3.780891825403349116e-01
3.726034864389894397e-01
3.671383559530813634e-01
3.617534777572221638e-01
3.561439247268403108e-01
3.508275175639688492e-01
3.451107531966647324e-01
3.399239009558844282e-01
3.345658859527539941e-01
3.292024035012335315e-01
3.238607238414539791e-01
3.185792169743714153e-01
3.134233475275109981e-01
3.081756449840065692e-01
3.028933712341192463e-01
2.975938787239298944e-01
2.925242916343885335e-01
2.872728654319263164e-01
2.823058630209943631e-01
2.771147846108080182e-01
2.720849302549169790e-01
2.671173062968748013e-01
2.620231945458025846e-01
2.570232017268819225e-01
2.519312913423125133e-01
2.470989927965679123e-01
2.420004245503654394e-01
2.371012420086054950e-01
2.321847354792182794e-01
2.274010387459836358e-01
2.226594069506276363e-01
2.176655566017938193e-01
2.129512440604702239e-01
2.080831181462283186e-01
2.032782361164280627e-01
1.985569696220253477e-01
1.939085685875755194e-01
1.891089019240356772e-01
1.843944703655978623e-01
1.796289299254411886e-01
1.750534773799058419e-01
1.704502553609308357e-01
1.658963885693686136e-01
1.612713152549277162e-01
1.566687436482683826e-01
1.521885217371868049e-01
1.475361610728723183e-01
1.430395280936874736e-01
1.385515841940870851e-01
1.340614936571702664e-01
1.296567075719406437e-01
1.251860352985739999e-01
1.208715285099663667e-01
1.168107789255199147e-01
1.130302745100420364e-01
1.095141543761776332e-01
1.060376229541173110e-01
1.028436847617151262e-01
9.967223596986954370e-02
9.668526728843154783e-02
9.372724675432282659e-02
9.086298963320085798e-02
8.822317517953980059e-02
8.542602128801721206e-02
8.289265804825839135e-02
8.036637660104592462e-02
7.796373500446088234e-02
7.557129975440325664e-02
7.323721963524013057e-02
7.102937769718618843e-02
6.887949651211000557e-02
6.675026653468542348e-02
6.466670302822800920e-02
6.267406101656797235e-02
6.074212413925210441e-02
5.876829149442640982e-02
5.693637763108662375e-02
5.525520093394400284e-02
5.339300533151362244e-02
5.169907710123516908e-02
5.000638228197690216e-02
4.839019205753072178e-02
4.677368188404575772e-02
4.521591470502123178e-02
4.369839345026409194e-02
4.223478560564903478e-02
4.081201116555596697e-02
3.943696952969408254e-02
3.804044769192561903e-02
3.671380504521622179e-02
3.545898029936671997e-02
3.419899830040968453e-02
3.295659204994055846e-02
3.179608908488729818e-02
3.062849515345206566e-02
2.947634920992732444e-02
2.838789774423631021e-02
2.732148134141857906e-02
2.625376511581707303e-02
2.523106136215213721e-02
2.425590758959918561e-02
2.329399410597864095e-02
2.235683721676439209e-02
2.145892449671921512e-02
2.058045412662930923e-02
1.969736805015794359e-02
1.889513648375352670e-02
1.805615949727641667e-02
1.726394521267096693e-02
1.648680757326328669e-02
1.574462752398330181e-02
1.503758765479463848e-02
1.431199775685440892e-02
1.365223745346712605e-02
1.302028181167324758e-02
1.237435072739400017e-02
1.173068366469512055e-02
1.112171422635383627e-02
1.055617576955770326e-02
1.001572843078008847e-02
9.477806289050594302e-03
8.938452267656360126e-03
8.454203968603517250e-03
7.940099958276519709e-03
7.466386146354335104e-03
7.027869481324655436e-03
6.567297634638780482e-03
6.171955261275253839e-03
5.759478517370170310e-03
5.381042581246535221e-03
5.003395410337765394e-03
4.644001060820356595e-03
4.316593919380623361e-03
3.974245087969261597e-03
3.668310395742931194e-03
3.371564219670974624e-03
3.083680780846506913e-03
2.820978607714401832e-03
2.557448571420666353e-03
2.324703401467041915e-03
2.085975696576013779e-03
1.872020657581641113e-03
1.673467423184797848e-03
1.479420354422577829e-03
1.306336899038784347e-03
1.137217947114895888e-03
9.883551128568740258e-04
8.423575284537852467e-04
7.138819382360856976e-04
5.972069663315534866e-04
4.871352108252561554e-04
3.936092654941288570e-04
3.036373553732803297e-04
2.324896643031925357e-04
1.681729252812477142e-04
1.153170216882340069e-04
7.225068255902023060e-05
4.063256418051595112e-05
1.717658824657415867e-05
4.833046453450652008e-06
3.767200907200347663e-07
0.000000000000000000e+00
0.000000000000000000e+00
0.000000000000000000e+00
0.000000000000000000e+00
0.000000000000000000e+00
0.000000000000000000e+00
0.000000000000000000e+00
0.000000000000000000e+00
0.000000000000000000e+00
0.000000000000000000e+00
0.000000000000000000e+00
0.000000000000000000e+00
0.000000000000000000e+00
0.000000000000000000e+00
0.000000000000000000e+00
0.000000000000000000e+00
0.000000000000000000e+00
0.000000000000000000e+00
0.000000000000000000e+00
0.000000000000000000e+00
0.000000000000000000e+00
0.000000000000000000e+00
0.000000000000000000e+00
0.000000000000000000e+00
0.000000000000000000e+00
0.000000000000000000e+00
0.000000000000000000e+00
0.000000000000000000e+00
0.000000000000000000e+00
0.000000000000000000e+00
0.000000000000000000e+00
0.000000000000000000e+00
0.000000000000000000e+00
0.000000000000000000e+00
0.000000000000000000e+00
0.000000000000000000e+00
0.000000000000000000e+00
0.000000000000000000e+00
0.000000000000000000e+00
0.000000000000000000e+00
0.000000000000000000e+00
0.000000000000000000e+00
0.000000000000000000e+00
0.000000000000000000e+00
0.000000000000000000e+00
0.000000000000000000e+00
0.000000000000000000e+00
0.000000000000000000e+00
0.000000000000000000e+00
0.000000000000000000e+00
0.000000000000000000e+00
0.000000000000000000e+00
0.000000000000000000e+00
0.000000000000000000e+00
0.000000000000000000e+00
0.000000000000000000e+00
0.000000000000000000e+00
0.000000000000000000e+00
0.000000000000000000e+00
0.000000000000000000e+00
0.000000000000000000e+00
