0.000000000000000000e+00
0.000000000000000000e+00
0.000000000000000000e+00
0.000000000000000000e+00
0.000000000000000000e+00
0.000000000000000000e+00
0.000000000000000000e+00
0.000000000000000000e+00
0.000000000000000000e+00
0.000000000000000000e+00
0.000000000000000000e+00
0.000000000000000000e+00
0.000000000000000000e+00
0.000000000000000000e+00
0.000000000000000000e+00
0.000000000000000000e+00
0.000000000000000000e+00
0.000000000000000000e+00
0.000000000000000000e+00
0.000000000000000000e+00
0.000000000000000000e+00
0.000000000000000000e+00
0.000000000000000000e+00
0.000000000000000000e+00
0.000000000000000000e+00
0.000000000000000000e+00
1.768829149989188280e-05
1.856070079991517996e-03
2.815455592133422197e-02
1.921948936056941670e-01
7.368985429720802394e-01
1.534047584758271965e+00
2.063055936832705051e+00
2.117646625278938988e+00
1.911321316947111715e+00
1.650930299054068184e+00
1.428091257813788317e+00
1.264790821236757790e+00
1.166459020816878578e+00
1.093582398833484959e+00
1.016868338821822926e+00
9.484791876002027777e-01
9.130239257998860047e-01
9.020276312768182869e-01
9.087095870256548524e-01
9.199052298175889320e-01
9.364030534237135495e-01
9.488801615724620220e-01
9.572308933388831154e-01
9.626638102184282841e-01
9.693275703254957687e-01
9.744988006116984680e-01
9.797268887870643761e-01
9.808606451080715827e-01
9.801219914989184323e-01
9.808520518469437954e-01
9.733127785524203768e-01
9.698669952169136632e-01
9.629669216787171138e-01
9.553569412619471457e-01
9.506326453166047408e-01
9.489169050141953443e-01
9.501697851043747756e-01
9.568629152327187137e-01
9.641580606819153410e-01
9.743575634693005805e-01
9.858395417704407526e-01
9.978489429788089948e-01
1.009068974384785600e+00
1.018129477025588425e+00
1.025572431873962964e+00
1.029443716735904513e+00
1.032134212150148000e+00
1.034666680653463011e+00
1.034795810463456034e+00
1.031231056274815261e+00
1.028105477235646603e+00
1.023509259032319596e+00
1.018758650867119586e+00
1.011000349416550703e+00
1.006596070944536514e+00
1.000598501736590373e+00
9.959343457194086424e-01
9.914034836851945975e-01
9.873131635883751756e-01
9.849559431598350345e-01
9.841275865673887457e-01
9.829282827377205933e-01
9.857776416541064179e-01
9.859445270698085073e-01
9.890994471813716604e-01
9.904902210758258496e-01
9.915823594752769532e-01
9.944267456555875295e-01
9.962104459164015102e-01
9.976360372218650019e-01
9.991844327973317119e-01
1.000115394703044558e+00
1.000027800269359890e+00
1.000851555753946132e+00
1.000022212723682857e+00
1.003508721229397160e+00
1.003425454275410855e+00
1.001858301952273989e+00
1.002641093517607995e+00
1.002156496262696317e+00
1.003593436216056123e+00
1.002402971912008001e+00
1.003384878318888562e+00
1.002149976252437957e+00
1.001107827112040383e+00
1.000417075645984255e+00
1.000100293268497698e+00
9.992463370650407350e-01
9.988430384064972412e-01
9.991568554867316099e-01
9.978171172033891700e-01
9.981389819259181007e-01
9.987049158652820946e-01
9.974817029070239816e-01
9.974389374854598644e-01
9.981132311759947084e-01
9.971770843065421719e-01
9.975780570468862907e-01
9.977006824183906053e-01
9.974872717088797414e-01
9.984152879074131848e-01
9.978284440581978165e-01
9.987022530696801903e-01
9.987736633558302879e-01
9.992655965145630370e-01
9.994376245059136687e-01
9.998159682173773932e-01
9.999910503064044498e-01
1.000398749985031088e+00
9.997208298541963023e-01
1.000286315879694632e+00
1.000326041425478207e+00
1.000245112022984495e+00
1.001192662221497498e+00
1.000714324514411002e+00
1.000338383664479469e+00
1.000318857282849638e+00
9.997917279729822138e-01
1.000204732397137919e+00
1.000608354084340901e+00
9.996796515019261697e-01
9.996326552408256738e-01
9.995363946554801649e-01
9.998297384843238822e-01
9.994015212722505703e-01
9.991717317226581629e-01
9.992578306992414561e-01
9.996908034763094530e-01
9.991218822483960427e-01
9.996332617531279441e-01
9.994593648817997611e-01
9.994357633851562728e-01
1.000475367226132395e+00
9.993454183113071876e-01
9.997239153942036882e-01
9.997007675427042050e-01
1.000005181475273064e+00
1.000141868727149719e+00
1.000006794509045838e+00
1.000521967929018485e+00
9.999923251777156352e-01
9.996938875105734201e-01
1.000137493257269083e+00
1.000428858547080413e+00
9.992194029216739937e-01
1.000603563126684303e+00
1.000489956534517777e+00
9.998110572322024270e-01
9.997234065114100066e-01
1.000586122385316079e+00
1.000339484691101566e+00
9.995713683697468044e-01
9.995983438197751925e-01
1.000015135950279577e+00
9.998936834148488551e-01
9.995303430792579213e-01
1.000337764504406035e+00
9.997249542197347294e-01
1.000378895073197105e+00
1.000203231027373185e+00
9.999579083237584154e-01
1.000441138512677908e+00
9.999241773830624957e-01
1.000116631928926303e+00
1.000343574933867385e+00
1.000163680056187943e+00
1.000137521767971993e+00
9.998390809657973222e-01
1.000513371659366824e+00
9.999136576660402342e-01
9.999710218520468930e-01
1.000075087488366599e+00
9.998946466829062851e-01
1.000217776011997461e+00
1.000071480076418329e+00
9.999676962338807096e-01
1.000072875018469976e+00
1.000298539688153854e+00
9.999938587495835751e-01
1.000060226282468712e+00
1.000056851331622809e+00
1.000169674796981045e+00
1.000204395711827399e+00
1.000576975739578156e+00
9.999476100563666758e-01
9.998322141809035113e-01
1.000196310601800587e+00
1.000569623236517547e+00
1.000256041350660929e+00
1.000399193010874210e+00
1.000266506768845876e+00
1.000203337322869590e+00
1.000110933275020653e+00
9.999531634417782033e-01
1.000397550266213020e+00
1.000431836848548306e+00
1.000033440233672577e+00
1.000027128290901457e+00
9.999938774649076434e-01
9.997710235868503270e-01
1.000400123204440384e+00
1.000362734998997194e+00
1.000356799162871013e+00
1.000077410792439725e+00
9.998619477070747052e-01
1.000098049820660639e+00
1.000284487225749031e+00
1.000285168996157159e+00
1.000526937446243991e+00
1.000457160885739993e+00
1.000034503396020957e+00
1.000154510096047833e+00
9.997721011439877348e-01
1.000509552011441983e+00
1.000046382805818368e+00
1.000104201094207612e+00
9.997927465752705078e-01
1.000088773400407804e+00
1.000412238853694680e+00
1.000159020375193553e+00
1.000335307699496745e+00
1.000014056845894839e+00
1.000441000546051562e+00
1.000453400370584944e+00
1.000511322889495069e+00
1.000717090309607649e+00
1.000247300665939143e+00
1.000234450129640296e+00
1.000143492164837333e+00
1.000434890051329795e+00
1.000047842264071951e+00
1.000379215743130379e+00
1.000078855252933829e+00
1.000696753031284914e+00
1.000205168809677359e+00
1.000490174512961516e+00
9.999674720104396730e-01
1.000042274440197776e+00
1.000328860567136546e+00
1.000602017268043431e+00
1.000629556239057694e+00
1.000270164052626809e+00
1.000646011932369905e+00
1.000189281872364111e+00
1.000349179988409443e+00
1.000509588189135268e+00
1.000269004422348784e+00
1.000294076008514610e+00
1.000332626464568664e+00
1.000265859235385468e+00
1.000290923955411193e+00
1.000196241838196443e+00
1.000814461667399069e+00
1.000370823267581644e+00
9.999610725495859942e-01
1.000254061374624248e+00
9.998556491585656181e-01
1.000146077399002964e+00
1.000219896969633204e+00
1.000187518298973899e+00
1.000202278102148901e+00
1.000045114369406685e+00
1.000246811308100892e+00
1.000084567885626718e+00
1.000216871809161967e+00
1.000241805291248509e+00
1.000398021612511235e+00
1.000147547188125596e+00
1.000075139867907303e+00
1.000295220495792670e+00
9.998507487490033707e-01
1.000199116597556115e+00
1.000337560478424592e+00
1.000056868882930994e+00
1.000390906576009931e+00
1.000532777789124639e+00
1.000289682602929719e+00
1.000509239879021628e+00
1.000058436017130736e+00
1.000317427253397451e+00
1.000112182317798082e+00
1.000397454614852633e+00
1.000147439579069264e+00
1.000165892517168365e+00
1.000182946550749907e+00
1.000324033099018850e+00
1.000260410610528838e+00
1.000394432583830318e+00
1.000442597011384382e+00
1.000183001242591629e+00
1.000706430602097852e+00
1.000203178667921078e+00
1.000244241114055743e+00
1.000155816891923344e+00
1.000581098368493072e+00
1.000382328893394179e+00
1.000092425426149179e+00
1.000192489572838905e+00
1.000480380549772397e+00
1.000616586441412936e+00
1.000466885438927367e+00
1.000274667212617485e+00
1.000179207162745110e+00
1.000515364154613840e+00
1.000027727122774657e+00
1.000279466960437791e+00
1.000154894467241373e+00
1.000558428031764091e+00
1.000288080543172864e+00
1.000269381295372240e+00
1.000476415320338042e+00
1.000387940645711682e+00
1.000226993492080663e+00
9.995298556196122730e-01
9.929539578332845506e-01
9.840197882006469499e-01
9.752632127352370839e-01
9.664838852330691621e-01
9.580935266608449075e-01
9.494618451370018253e-01
9.410144080716299486e-01
9.325317054085453528e-01
9.243113438643143498e-01
9.157548640631379966e-01
9.073628319922357743e-01
8.992486423926173700e-01
8.910240569790852661e-01
8.826417037364046037e-01
8.746558791809369016e-01
8.663645124089566218e-01
8.582059700880846353e-01
8.503431733564915662e-01
8.424035241319312028e-01
8.347709047549853878e-01
8.267888373488340159e-01
8.187574946716882351e-01
8.109503764090486566e-01
8.034823108437262329e-01
7.957459062849038256e-01
7.879730578157317922e-01
7.804263064517313886e-01
7.728759605224020390e-01
7.650699109902915351e-01
7.577572865034600813e-01
7.503914707688131847e-01
7.428797547561617476e-01
7.357043575286450476e-01
7.284483596421319485e-01
7.210191329560567963e-01
7.138040279725980097e-01
7.067398308199970280e-01
6.993652741828584318e-01
6.921364882803741070e-01
6.851033636047957343e-01
6.779776406240272113e-01
6.710909690300217445e-01
6.641299482596436654e-01
6.570850822099942867e-01
6.502063958313983871e-01
6.433228958012531251e-01
6.364929807794256211e-01
6.296282540609986489e-01
6.227507186408669515e-01
6.160626736082492894e-01
6.095397909522374258e-01
6.026845546138228649e-01
5.961625111880518579e-01
5.894258924554939272e-01
5.828903219406373903e-01
5.764923142849761595e-01
5.698782778788187287e-01
5.635500307644107920e-01
5.570916453025307469e-01
5.507087428164454401e-01
5.442336072200602004e-01
5.378908213483217793e-01
5.316558031155775854e-01
5.255063359544535073e-01
5.191549303613024469e-01
5.129676345703934048e-01
5.068331535355560247e-01
5.006186844703162109e-01
4.944138777964144360e-01
4.884318784415536130e-01
4.822729515543640599e-01
4.761842096960781645e-01
4.704037931681567253e-01
4.642068524231193205e-01
4.584446442962037960e-01
4.524336172228145547e-01
4.466911853384968878e-01
4.407281094693758505e-01
4.347729528505698271e-01
4.288978816757864077e-01
4.232656231172825523e-01
4.175862473847014589e-01
4.118592202263862689e-01
4.061751751051554948e-01
4.003727546236544033e-01
3.946216508590374983e-01
3.891122707462820185e-01
3.835621513283460904e-01
3.780222794267283914e-01
3.725979016406876787e-01
3.670615573620406025e-01
3.614320572432869194e-01
3.560251884771178932e-01
3.505324214294626151e-01
3.451971053449114368e-01
3.397918722183063123e-01
3.344367946492880495e-01
3.291220412600839862e-01
3.238766410524787642e-01
3.184843265059740247e-01
3.132269758649955937e-01
3.079978584011624498e-01
3.027633803663871137e-01
2.976728785497017027e-01
2.923478014726504925e-01
2.871960828114321629e-01
2.821820932235562518e-01
2.770633812516595795e-01
2.718878000791634109e-01
2.668508448053020232e-01
2.618718142927234926e-01
2.568130151064195177e-01
2.517997552643434500e-01
2.469317927571882398e-01
2.419257530741238116e-01
2.369837140987973989e-01
2.320445461172885304e-01
2.271762091487891377e-01
2.223812275857970366e-01
2.175063631032402578e-01
2.126295930394114797e-01
2.079403867033858266e-01
2.031359589273648569e-01
1.983807999231307628e-01
1.936756023163537510e-01
1.889157413721594680e-01
1.842499005372308096e-01
1.796294003165601894e-01
1.748846133833797389e-01
1.703349015558952850e-01
1.656038052738489086e-01
1.611174861199106689e-01
1.564926333479737253e-01
1.518836923538249006e-01
1.473931590801142166e-01
1.428623146350481155e-01
1.384071367891846760e-01
1.339038208371886585e-01
1.293972390935839989e-01
1.250124315731538094e-01
1.206441211413985387e-01
1.165516034414989105e-01
1.128625294394437484e-01
1.092943104677101540e-01
1.059740021711612357e-01
1.026782230930527035e-01
9.956810453529675586e-02
9.647768787000610136e-02
9.355554350795598773e-02
9.075919585460716366e-02
8.800069057413628659e-02
8.532716602448035814e-02
8.278558276861683329e-02
8.030336007253210950e-02
7.791025956905542338e-02
7.548118249722450546e-02
7.323004575973589281e-02
7.097188631719809904e-02
6.878976684720308765e-02
6.664045633326136364e-02
6.458876699613699812e-02
6.258811479276878142e-02
6.064092852641073811e-02
5.870810203418813655e-02
5.688193189076973938e-02
5.507624085810503001e-02
5.333321332038853252e-02
5.157386678288521792e-02
4.987435697822094338e-02
4.829720311324701976e-02
4.672538609539775983e-02
4.515971050408211507e-02
4.366267998214026780e-02
4.219641495668344927e-02
4.076861609993562285e-02
3.934960440607702947e-02
3.800594893911608124e-02
3.666817717114393554e-02
3.541749896887319560e-02
3.415918388660878907e-02
3.292491880202128712e-02
3.174037810008203953e-02
3.058030939284196378e-02
2.944357444562533885e-02
2.834064570674743599e-02
2.724863519073496970e-02
2.624750609981390398e-02
2.518946382666387152e-02
2.423136878241282863e-02
2.323032164775827232e-02
2.231216016166582758e-02
2.142085700432381709e-02
2.054782694743043786e-02
1.965982042104407954e-02
1.884222055866831974e-02
1.803099662448714308e-02
1.725089030791390754e-02
1.646740763310747951e-02
1.573228975762386295e-02
1.500465948676841382e-02
1.429572845959913366e-02
1.361162790158386600e-02
1.298336597651304422e-02
1.232996081598871502e-02
1.170682383414074421e-02
1.111676671663466322e-02
1.053432571213364262e-02
9.991859108762548083e-03
9.434548521620645181e-03
8.914797425860576316e-03
8.418413565925210798e-03
7.917439927500213859e-03
7.461749433455783578e-03
7.006590702304868815e-03
6.577360884412574403e-03
6.153750199489989130e-03
5.743639027877863248e-03
5.359401149947135186e-03
4.986886872364660814e-03
4.623120613539630219e-03
4.293669932197426847e-03
3.962919538949208689e-03
3.662506101001388945e-03
3.357997166935308177e-03
3.077920665206234328e-03
2.813263181729613437e-03
2.547085769835472861e-03
2.311310308192328442e-03
2.083788002950925575e-03
1.866801598859381753e-03
1.665559699015267811e-03
1.475393853424654704e-03
1.302483729615993820e-03
1.130750695899225208e-03
9.867029549183651931e-04
8.363156575223559168e-04
7.073086175367878986e-04
5.921336830306405145e-04
4.803765293622005278e-04
3.914900386179831406e-04
3.037564231272942396e-04
2.283065353247724178e-04
1.668187056675742345e-04
1.145624808378087702e-04
7.063518031594369882e-05
3.806898694699272764e-05
1.687494397135187564e-05
4.121153657701254717e-06
3.318011305711461796e-07
0.000000000000000000e+00
0.000000000000000000e+00
0.000000000000000000e+00
0.000000000000000000e+00
0.000000000000000000e+00
0.000000000000000000e+00
0.000000000000000000e+00
0.000000000000000000e+00
0.000000000000000000e+00
0.000000000000000000e+00
0.000000000000000000e+00
0.000000000000000000e+00
0.000000000000000000e+00
0.000000000000000000e+00
0.000000000000000000e+00
0.000000000000000000e+00
0.000000000000000000e+00
0.000000000000000000e+00
0.000000000000000000e+00
0.000000000000000000e+00
0.000000000000000000e+00
0.000000000000000000e+00
0.000000000000000000e+00
0.000000000000000000e+00
0.000000000000000000e+00
0.000000000000000000e+00
0.000000000000000000e+00
0.000000000000000000e+00
0.000000000000000000e+00
0.000000000000000000e+00
0.000000000000000000e+00
0.000000000000000000e+00
0.000000000000000000e+00
0.000000000000000000e+00
0.000000000000000000e+00
0.000000000000000000e+00
0.000000000000000000e+00
0.000000000000000000e+00
0.000000000000000000e+00
0.000000000000000000e+00
0.000000000000000000e+00
0.000000000000000000e+00
0.000000000000000000e+00
0.000000000000000000e+00
0.000000000000000000e+00
0.000000000000000000e+00
0.000000000000000000e+00
0.000000000000000000e+00
0.000000000000000000e+00
0.000000000000000000e+00
0.000000000000000000e+00
0.000000000000000000e+00
0.000000000000000000e+00
0.000000000000000000e+00
0.000000000000000000e+00
0.000000000000000000e+00
0.000000000000000000e+00
0.000000000000000000e+00
0.000000000000000000e+00
0.000000000000000000e+00
0.000000000000000000e+00
