0.000000000000000000e+00
0.000000000000000000e+00
0.000000000000000000e+00
0.000000000000000000e+00
0.000000000000000000e+00
0.000000000000000000e+00
0.000000000000000000e+00
0.000000000000000000e+00
0.000000000000000000e+00
0.000000000000000000e+00
0.000000000000000000e+00
0.000000000000000000e+00
0.000000000000000000e+00
0.000000000000000000e+00
0.000000000000000000e+00
0.000000000000000000e+00
0.000000000000000000e+00
0.000000000000000000e+00
0.000000000000000000e+00
0.000000000000000000e+00
0.000000000000000000e+00
0.000000000000000000e+00
0.000000000000000000e+00
0.000000000000000000e+00
0.000000000000000000e+00
0.000000000000000000e+00
2.653559036504770340e-05
1.987709462846425947e-03
2.851350811934106125e-02
1.933383706838983085e-01
7.365854675715927113e-01
1.537685561117898114e+00
2.061360386610888717e+00
2.122273817714722455e+00
1.913589063379687705e+00
1.652620005122890090e+00
1.426356257436279140e+00
1.267668847008823985e+00
1.168785280571748464e+00
1.097709663524534474e+00
1.018693425154885368e+00
9.527993486126987710e-01
9.140386492858274536e-01
9.041652808032980548e-01
9.088065986370204019e-01
9.238208335107244151e-01
9.364482577149620957e-01
9.492118108230686024e-01
9.600515729293747080e-01
9.661514007689141481e-01
9.682102157835899003e-01
9.770469774842784894e-01
9.817838577366168051e-01
9.839071884747755403e-01
9.839737826118829522e-01
9.813618834732581453e-01
9.767317798644790106e-01
9.686557493625732596e-01
9.635315344171578866e-01
9.576200019556874166e-01
9.518971610783056869e-01
9.498476121952160733e-01
9.503351834874526061e-01
9.565221471664774322e-01
9.654791598149027321e-01
9.763759895081544071e-01
9.882689188674889103e-01
9.991359934518270203e-01
1.008646746688963258e+00
1.019623379947338204e+00
1.026698582434309559e+00
1.029923311361567562e+00
1.034122444941551588e+00
1.035105869748949692e+00
1.033843734572158946e+00
1.031860369133894562e+00
1.028329030958027523e+00
1.024227159732013170e+00
1.018599971134392934e+00
1.014479568768967610e+00
1.006527322991345175e+00
1.000739391372711617e+00
9.962425483303557483e-01
9.930961262212658625e-01
9.886902937280340753e-01
9.875293245545799792e-01
9.847115611377403877e-01
9.849299542052039058e-01
9.859281041117214928e-01
9.885523204406950759e-01
9.900797728448507140e-01
9.906498539825694394e-01
9.941767360440858514e-01
9.956108189647093765e-01
9.972359471409791842e-01
9.985406385301943688e-01
1.001029635963257780e+00
1.000666530866738846e+00
1.001676288895441136e+00
1.002955534862513876e+00
1.003114546445593502e+00
1.004531267791340943e+00
1.004662237079106069e+00
1.004448394050055704e+00
1.004933624512464263e+00
1.005114010005355052e+00
1.004580271326882102e+00
1.004067327146339172e+00
1.003759000358190878e+00
1.003694125282192262e+00
1.003460053773767457e+00
1.001967568756175986e+00
1.001296055423076536e+00
1.001660995239466168e+00
1.000656687396642042e+00
1.000065847915821760e+00
9.998292696331536611e-01
9.992704572794913753e-01
9.999963946068378684e-01
9.982447305421614514e-01
9.988155158306837311e-01
9.976546931323023726e-01
9.984160175396308290e-01
9.990223709883180314e-01
9.988306261318755652e-01
9.992028274205255745e-01
9.987942348482546917e-01
1.000133850781821376e+00
1.000590679590300347e+00
9.999058609586304325e-01
9.998806285714414432e-01
1.000360938812454581e+00
1.001185816590566269e+00
1.001330919316407719e+00
1.000487589615082440e+00
1.001249046720977365e+00
1.001580306759961569e+00
1.001525789931280608e+00
1.001304291431277971e+00
1.001613314103789953e+00
1.001721017210325915e+00
1.000789249969171513e+00
1.001548406901024535e+00
1.000388855445541791e+00
1.002018705964317080e+00
1.000014054283333120e+00
1.000042749409173259e+00
1.001183714043129225e+00
1.000375220334190240e+00
1.000314062596317166e+00
1.000529187424204602e+00
1.000038306644844832e+00
9.997187657004690253e-01
1.000415085535560022e+00
9.999943046115050693e-01
1.000454076862496100e+00
1.000017194392550657e+00
1.000014202570014055e+00
1.000139019350400726e+00
1.000190890155693957e+00
1.000584038242245510e+00
9.993801308584171483e-01
1.000394802989608367e+00
1.000452561989336742e+00
1.000375179359254130e+00
1.000936397459040839e+00
1.000547017846831643e+00
1.000399568938799888e+00
1.000263023047341715e+00
1.000338657924621177e+00
1.000826985202234010e+00
1.000504397116051436e+00
1.000604157414382245e+00
1.000862779089155330e+00
1.001409036695472210e+00
1.000969555187501303e+00
1.000481397607833944e+00
1.000024665654692280e+00
1.000470802027601636e+00
1.000292560773323070e+00
1.000625151687924097e+00
1.000366109746045673e+00
1.000197102945049155e+00
1.000173172035557334e+00
1.000177679458096769e+00
1.000414619485182399e+00
1.000232397039169330e+00
9.999842398719637204e-01
1.000749776717250406e+00
9.999814439368376329e-01
1.000186166931465781e+00
1.000597622673617959e+00
1.000321507867113491e+00
1.000080430710910351e+00
9.997819717435458831e-01
1.000497753942221957e+00
9.999340380063664879e-01
1.000466913685627679e+00
9.997381951783607112e-01
1.000684323567359479e+00
1.000641564831152408e+00
9.997823625555224414e-01
1.000425102569612257e+00
1.000433841308293603e+00
1.000126661432462649e+00
1.000937324144992813e+00
1.000092440086278289e+00
9.993402380712012034e-01
1.000046673499304539e+00
1.000856108601012151e+00
9.998323811569798103e-01
1.000148586287925578e+00
1.000378251006266428e+00
1.000187880885102354e+00
9.998848597523104509e-01
9.999208688032782399e-01
1.000447802960328536e+00
9.996266641303406253e-01
1.000400309943540123e+00
9.998163138057171162e-01
1.000027329512263252e+00
1.000124208444276297e+00
1.000350549701520597e+00
9.998739872609457846e-01
9.997494119096167475e-01
1.000090374935859394e+00
1.000207563428541446e+00
1.000407199953261994e+00
9.999791143023243345e-01
9.997098490254849867e-01
9.995836932273427511e-01
9.996530799243563692e-01
9.998797751851044024e-01
9.996223572923745859e-01
1.000117873206609831e+00
1.000222654314461890e+00
1.000240979938594954e+00
9.999900477795619080e-01
9.998605529274033898e-01
9.999654237102425514e-01
1.000206793635514790e+00
9.998267597636303350e-01
9.999972884808943085e-01
9.994715887927375642e-01
1.000052167956034355e+00
9.999131535697917128e-01
1.000253236924979916e+00
1.000308548334753800e+00
1.000262821559996462e+00
9.999661888921180797e-01
9.999764778483075656e-01
1.000130248388985121e+00
1.000385803784704652e+00
9.999804596079509000e-01
9.993466737805545286e-01
9.999722878444273766e-01
9.996052517829855377e-01
9.993319346023352701e-01
1.000312007650564050e+00
1.000287302847804094e+00
9.999845842184982292e-01
9.997105582335461538e-01
9.998362171394293840e-01
9.998490845309772057e-01
1.000013832505845413e+00
9.997633138770326555e-01
1.000269226561490532e+00
1.000224996234105435e+00
9.998375982943440432e-01
9.997671493534561193e-01
9.999803444011283737e-01
1.000210684040000464e+00
1.000117780455640482e+00
9.997689872037331948e-01
9.998210884568800028e-01
9.999383328535081938e-01
1.000477485507012876e+00
1.000074863121258817e+00
1.000331772485938631e+00
9.999152809785463170e-01
9.996685476973752316e-01
9.996403607982196071e-01
9.999579695351433761e-01
1.000280200282172682e+00
1.000417279705263285e+00
1.000174796109788655e+00
1.000247577813209388e+00
1.000132957110339671e+00
9.999300945717117806e-01
9.999821236187829143e-01
1.000075035018952896e+00
1.000163059325466008e+00
9.999691000326474954e-01
1.000290239212721310e+00
1.000035333909247592e+00
1.000058698101521815e+00
9.997983510672961982e-01
1.000095021129004502e+00
9.999643519475358566e-01
1.000342587725406851e+00
1.000489945479660969e+00
1.000064400280415766e+00
9.998508486310815346e-01
9.998198432840467165e-01
1.000203580535661718e+00
9.996998935890505367e-01
9.998973175996654916e-01
9.999380574023899459e-01
1.000051872105452322e+00
1.000210884844467296e+00
1.000205444573451619e+00
1.000205035103841400e+00
1.000515478412338455e+00
1.000100094057754019e+00
1.000091535093159401e+00
9.998111671959328817e-01
1.000192389372677626e+00
1.000043617211787250e+00
9.998915354769630781e-01
9.999821066342086118e-01
1.000109232259981606e+00
9.999468941694901192e-01
1.000144558247366700e+00
9.999686015303193010e-01
9.999962226680131350e-01
9.998902047512810976e-01
9.999733373041551632e-01
9.999658592957890724e-01
9.999485743079217226e-01
9.997448832276669695e-01
9.999477702266854617e-01
1.000010851375205512e+00
9.999899318910674406e-01
1.000187266337733583e+00
1.000089873680242158e+00
1.000085035960525559e+00
9.999861669797832642e-01
1.000094270545881514e+00
1.000242442117375230e+00
9.994161516704025416e-01
9.925557011162248200e-01
9.838664456365713296e-01
9.752603288517016633e-01
9.666453636177269049e-01
9.577236175623438097e-01
9.493973198983081119e-01
9.408185538745797993e-01
9.324253021315721535e-01
9.241546468293796446e-01
9.154763860971455447e-01
9.073082390874304126e-01
8.991453867875911499e-01
8.904368315527522171e-01
8.826223636203895939e-01
8.745458026089444337e-01
8.663812034427776920e-01
8.584363915654825705e-01
8.505856743866432312e-01
8.425704842928052329e-01
8.348174027843866529e-01
8.268559742810576152e-01
8.190653857664058624e-01
8.113235467654330568e-01
8.033263574414145625e-01
7.956916655702160890e-01
7.880672120716721851e-01
7.804886898418701424e-01
7.732461410085876841e-01
7.654822370119573893e-01
7.580473383524014563e-01
7.507317716465699009e-01
7.430420841159692813e-01
7.358991497920562841e-01
7.284278742400777107e-01
7.212479998865856112e-01
7.141561599474379740e-01
7.067460306599951947e-01
6.995930064916201507e-01
6.923819599116102230e-01
6.855886732351837987e-01
6.783032821951616720e-01
6.712738451640343218e-01
6.641736522803186604e-01
6.573596477100759339e-01
6.502919863629453845e-01
6.435535993563962220e-01
6.367439707565319962e-01
6.299834989011163788e-01
6.230571531872418634e-01
6.163468724950578181e-01
6.095800042612365965e-01
6.031237125024356827e-01
5.963442319317616702e-01
5.898318446519353886e-01
5.832290514984891372e-01
5.765290722772686838e-01
5.702336728656802745e-01
5.636692745174411989e-01
5.573067782256067026e-01
5.507195203531689565e-01
5.445020609140138745e-01
5.383212517506692496e-01
5.317598618140723099e-01
5.256117890100518997e-01
5.192928277771056145e-01
5.130189049274505031e-01
5.068218048179757851e-01
5.007655318860160243e-01
4.945437202803276699e-01
4.886150284466885818e-01
4.824255630988897314e-01
4.764307824896665822e-01
4.705429552582454100e-01
4.643027115709238983e-01
4.584061281091550977e-01
4.524655421985925297e-01
4.467129172978069884e-01
4.409299062757259247e-01
4.349346665592543348e-01
4.290515953804336369e-01
4.233542192742866250e-01
4.176884458669405387e-01
4.117873175990171553e-01
4.061427401119526159e-01
4.004310219538042004e-01
3.948501976958285753e-01
3.891603399706440314e-01
3.837014501546348599e-01
3.781860443167475161e-01
3.725101869596385562e-01
3.670950726764614647e-01
3.615178336001371173e-01
3.561099750333910907e-01
3.505963099977344455e-01
3.453250160531765589e-01
3.398440120438621093e-01
3.344550525319898160e-01
3.290896698732911907e-01
3.237585170500281162e-01
3.184897727347626439e-01
3.133030504363856772e-01
3.080470178566481754e-01
3.028825004240867647e-01
2.975779711335280742e-01
2.924106058743293768e-01
2.873496100290429678e-01
2.821819274141096900e-01
2.771597466874537452e-01
2.719860937042440363e-01
2.670204539946003375e-01
2.619254945923428224e-01
2.568930251863009717e-01
2.519308170424188198e-01
2.470474674401595960e-01
2.420703914607436058e-01
2.371418982971393863e-01
2.322301178653023157e-01
2.273757532460927988e-01
2.224389055382100799e-01
2.175494972814325800e-01
2.128636463689979885e-01
2.080550963194801040e-01
2.032794623968422754e-01
1.984579873589053522e-01
1.937100781373497504e-01
1.891444076203243618e-01
1.843121467600292718e-01
1.796615344393729663e-01
1.750227123256290762e-01
1.703484930893713889e-01
1.657887756614937202e-01
1.611954273175480457e-01
1.565781240552064912e-01
1.520870556534020535e-01
1.475421496529736309e-01
1.430107363890714689e-01
1.385308794890480755e-01
1.340427908447778538e-01
1.295159093597569588e-01
1.251366755136613662e-01
1.207102139334303020e-01
1.167739751806599335e-01
1.130344334877320250e-01
1.094015438562563752e-01
1.060463661096353316e-01
1.027771878600310801e-01
9.968559579012528649e-02
9.660175024210997108e-02
9.367016820841594926e-02
9.085849502379225728e-02
8.809576390653234279e-02
8.544397631563077633e-02
8.286920827456947802e-02
8.036714607565284552e-02
7.793253845314394856e-02
7.553883467875475988e-02
7.329202264075039552e-02
7.100592207142351897e-02
6.883005286748945795e-02
6.670993834387012322e-02
6.466991116830869690e-02
6.265152448706082233e-02
6.069010688910991824e-02
5.880252439047814472e-02
5.691416125976821866e-02
5.518589037502080741e-02
5.336515923116237625e-02
5.163263787262963034e-02
4.995881072366053360e-02
4.832821397202045205e-02
4.675766068260686636e-02
4.521034579215763710e-02
4.366583480689749386e-02
4.223731100160290491e-02
4.077788479960489654e-02
3.940437814694770086e-02
3.801192099221655657e-02
3.672426390324960710e-02
3.543564181265971419e-02
3.415026085506990550e-02
3.294730193276577263e-02
3.175449774115286089e-02
3.060966815690703904e-02
2.947464940099813954e-02
2.836451803614745484e-02
2.727560669374404917e-02
2.625919741648860203e-02
2.521559796492751221e-02
2.425437683826466712e-02
2.328321344829350006e-02
2.232865210002997133e-02
2.144151221174155075e-02
2.054953491877301724e-02
1.970005831142360164e-02
1.885948541889309257e-02
1.804485946500476723e-02
1.728722495140988177e-02
1.649408201481175271e-02
1.572536526286582789e-02
1.499969806179160536e-02
1.433187617815663215e-02
1.364068167879088633e-02
1.300052898689727648e-02
1.234718853969556107e-02
1.173285629357372593e-02
1.110667873522210199e-02
1.055795877185980447e-02
9.984818946174553109e-03
9.460056101085429631e-03
8.909972743502855147e-03
8.420438968189966275e-03
7.944402140136310256e-03
7.459960029248829776e-03
7.007676834975567863e-03
6.583941222285263385e-03
6.169298513639277955e-03
5.762204655434641394e-03
5.368063087661251696e-03
4.994778764909273139e-03
4.644040888669294723e-03
4.295139241815609105e-03
3.969636613556785584e-03
3.660428219645110118e-03
3.356703925213317362e-03
3.088024187410557536e-03
2.813655788242071416e-03
2.551434197681604586e-03
2.308305784700671708e-03
2.085179326059660547e-03
1.866515864229003913e-03
1.669813637513233419e-03
1.479135502378402895e-03
1.296923901436422858e-03
1.134945974241229841e-03
9.802983190933874536e-04
8.401664162359825765e-04
7.099254183843819663e-04
5.892795877503878088e-04
4.847680357087806092e-04
3.898254233735203261e-04
3.014604774902417670e-04
2.302718900627405158e-04
1.659139382747738844e-04
1.136911618306244825e-04
7.158003382748725477e-05
3.987661166138748304e-05
1.725620667958819687e-05
4.733590473005702589e-06
3.228718979890645745e-07
0.000000000000000000e+00
0.000000000000000000e+00
0.000000000000000000e+00
0.000000000000000000e+00
0.000000000000000000e+00
0.000000000000000000e+00
0.000000000000000000e+00
0.000000000000000000e+00
0.000000000000000000e+00
0.000000000000000000e+00
0.000000000000000000e+00
0.000000000000000000e+00
0.000000000000000000e+00
0.000000000000000000e+00
0.000000000000000000e+00
0.000000000000000000e+00
0.000000000000000000e+00
0.000000000000000000e+00
0.000000000000000000e+00
0.000000000000000000e+00
0.000000000000000000e+00
0.000000000000000000e+00
0.000000000000000000e+00
0.000000000000000000e+00
0.000000000000000000e+00
0.000000000000000000e+00
0.000000000000000000e+00
0.000000000000000000e+00
0.000000000000000000e+00
0.000000000000000000e+00
0.000000000000000000e+00
0.000000000000000000e+00
0.000000000000000000e+00
0.000000000000000000e+00
0.000000000000000000e+00
0.000000000000000000e+00
0.000000000000000000e+00
0.000000000000000000e+00
0.000000000000000000e+00
0.000000000000000000e+00
0.000000000000000000e+00
0.000000000000000000e+00
0.000000000000000000e+00
0.000000000000000000e+00
0.000000000000000000e+00
0.000000000000000000e+00
0.000000000000000000e+00
0.000000000000000000e+00
0.000000000000000000e+00
0.000000000000000000e+00
0.000000000000000000e+00
0.000000000000000000e+00
0.000000000000000000e+00
0.000000000000000000e+00
0.000000000000000000e+00
0.000000000000000000e+00
0.000000000000000000e+00
0.000000000000000000e+00
0.000000000000000000e+00
0.000000000000000000e+00
0.000000000000000000e+00
