0.000000000000000000e+00
0.000000000000000000e+00
0.000000000000000000e+00
0.000000000000000000e+00
0.000000000000000000e+00
0.000000000000000000e+00
0.000000000000000000e+00
0.000000000000000000e+00
0.000000000000000000e+00
0.000000000000000000e+00
0.000000000000000000e+00
0.000000000000000000e+00
0.000000000000000000e+00
0.000000000000000000e+00
0.000000000000000000e+00
0.000000000000000000e+00
0.000000000000000000e+00
0.000000000000000000e+00
0.000000000000000000e+00
0.000000000000000000e+00
0.000000000000000000e+00
0.000000000000000000e+00
0.000000000000000000e+00
0.000000000000000000e+00
0.000000000000000000e+00
0.000000000000000000e+00
3.538028471769264958e-05
1.991788015182155858e-03
2.831044872286233444e-02
1.924255668947634224e-01
7.387384782816587281e-01
1.545251066614057978e+00
2.059869710540081389e+00
2.121576704342785558e+00
1.918120566975073604e+00
1.657042498397374164e+00
1.429949546649767145e+00
1.267538204082499842e+00
1.169271580966325219e+00
1.097672177895139933e+00
1.018752808311205849e+00
9.488218961065841839e-01
9.150849166649431821e-01
9.027588841487391713e-01
9.094822513444299483e-01
9.210156804238507355e-01
9.355659042220205723e-01
9.488996065787623779e-01
9.551021678573831108e-01
9.622942535549924292e-01
9.690575336925735250e-01
9.756102405931905697e-01
9.816053891608457205e-01
9.846539144669825827e-01
9.850651201964829573e-01
9.818188528644918867e-01
9.766089351055484702e-01
9.713682418581308653e-01
9.647204154640521834e-01
9.566992281285878752e-01
9.523715782067803115e-01
9.496115753819388550e-01
9.514969095262999499e-01
9.581007676248354255e-01
9.658551730893312204e-01
9.764417614341176499e-01
9.883904411847800331e-01
9.975150164285576659e-01
1.009719346431011688e+00
1.018335039621144134e+00
1.025226048422965164e+00
1.030516254407227716e+00
1.035843894640915863e+00
1.035295279146938308e+00
1.035037279203480542e+00
1.032842332379025896e+00
1.028668434487596706e+00
1.025351866577077553e+00
1.019653577843394388e+00
1.014925646001854309e+00
1.009038039118086427e+00
1.001756284240967299e+00
9.981323077607291427e-01
9.917869884509625811e-01
9.904219361589475801e-01
9.867815142450793164e-01
9.868948273708580965e-01
9.853597917359707692e-01
9.864244929560479491e-01
9.880582341910624233e-01
9.895965942195213971e-01
9.908275903929811834e-01
9.938308204263816004e-01
9.952406764065752087e-01
9.977442020806869261e-01
9.986592799885457561e-01
1.001226221785708859e+00
1.002735611353643641e+00
1.002088809416467052e+00
1.003362639965153180e+00
1.002550448630215918e+00
1.004660815390070683e+00
1.004312418473459312e+00
1.005334440217806380e+00
1.006058504505903395e+00
1.005554892718001581e+00
1.004418400508628961e+00
1.004336898697176350e+00
1.004104105707505301e+00
1.003158404649662883e+00
1.002435396853136762e+00
1.002093250408949476e+00
1.001712545099691987e+00
1.001114394005795827e+00
1.000593434919780034e+00
1.000397638722774873e+00
9.998976878483352149e-01
1.000088228219119024e+00
9.978664635127106886e-01
9.982964597435601828e-01
9.993361153949740228e-01
9.984970913956451311e-01
9.979034180221361128e-01
9.991969649700704892e-01
9.986827825604718267e-01
9.982248816858473317e-01
9.990174386183581223e-01
9.994522413055184629e-01
9.994463203830775688e-01
9.988146442829279881e-01
9.999884456859746695e-01
1.000312784205995786e+00
1.000808732792315636e+00
1.001591540754687371e+00
1.001104032721673809e+00
1.001912370730243085e+00
1.000981117355575378e+00
1.000785083472298886e+00
1.000688683652550370e+00
1.001675544324418077e+00
1.000831939283062910e+00
1.001877867631832730e+00
1.001633915227476690e+00
1.000204957034414921e+00
1.001293567150134400e+00
1.000464659671964185e+00
1.000271103813750617e+00
1.000237796669025458e+00
1.000163259334351018e+00
1.000049844799411725e+00
9.993418115752510378e-01
9.996677865791340212e-01
9.993905715233833975e-01
9.999878724964622601e-01
1.000388692050087958e+00
9.993097190817042952e-01
1.000034317644594495e+00
9.994981448290912729e-01
1.000033200248161336e+00
1.000310989264849848e+00
1.000371721740244801e+00
1.000248857642243250e+00
1.000111113432881726e+00
1.000400940801166927e+00
1.000085721116813264e+00
1.000686649252785942e+00
1.000210685567725966e+00
1.000239115607747253e+00
9.999049773063258817e-01
1.000833768001007318e+00
1.000241458752927359e+00
9.998092470763738637e-01
1.000143600742104288e+00
1.000284869116534470e+00
1.000557658712601494e+00
1.000581705732007887e+00
1.000392110873193907e+00
9.996344561886245650e-01
1.000027563796777930e+00
1.000347861421467588e+00
1.000153994275168046e+00
9.995602546998129112e-01
9.996670873276368718e-01
9.999741103986853341e-01
9.999421097758239840e-01
1.000448615005893993e+00
9.996592585110795071e-01
1.000343763653261053e+00
9.995733696513591227e-01
1.000007636947660705e+00
9.998238684435175605e-01
9.999827311278607356e-01
1.000375113580381781e+00
9.997867474827915046e-01
1.000052517349362846e+00
1.000107193461061250e+00
9.997552516405239231e-01
1.000017605149732036e+00
1.000101673620118037e+00
9.999559514947125027e-01
1.000251149763004888e+00
9.996540262643278663e-01
1.000330452738040332e+00
1.000020462601633575e+00
1.000141127952081321e+00
1.000132728204379040e+00
1.000163534337808358e+00
1.000113457339053546e+00
9.998795692297992588e-01
1.000115659678838531e+00
9.995733982755831137e-01
9.996789438697095687e-01
1.000063796778722480e+00
1.000418036416814926e+00
1.000223123092201405e+00
1.000254864860279369e+00
9.996379265811542458e-01
9.999482495757209266e-01
9.998738246482163916e-01
1.000135157771266936e+00
1.000086340154707321e+00
1.000089557021703435e+00
1.000142975077972674e+00
1.000158630911728075e+00
1.000200817562622468e+00
1.000165598451797644e+00
1.000293985282981080e+00
9.997167578823225043e-01
1.000272237396454544e+00
1.000412933224433809e+00
1.000489803763744634e+00
9.998535597652420392e-01
9.997035379862653226e-01
1.000291906286469468e+00
1.000803963906938376e+00
1.000458907786071050e+00
1.000475897060644215e+00
1.000464065887532339e+00
9.997728003529435803e-01
1.000180551015891650e+00
1.000174116686616710e+00
1.000442170061234481e+00
1.000343260757309949e+00
1.000343925477543694e+00
9.999724987471338977e-01
1.000347523667738825e+00
9.997500306174307294e-01
1.000489411045831778e+00
1.000263706787259954e+00
9.997803933751995276e-01
1.000288873398675893e+00
1.000426349052788488e+00
1.000145009124956186e+00
1.000659667247587592e+00
1.000950357185939277e+00
1.000197419139102317e+00
1.000287507046568214e+00
1.000470495385503700e+00
1.000602218761408535e+00
1.000579462311252499e+00
1.000136169333977643e+00
1.000261507850754850e+00
1.000376060667980127e+00
1.000381599119956721e+00
1.000685357571811762e+00
1.000212406538210530e+00
1.000502206773458802e+00
9.999154464023986000e-01
1.000712629958674604e+00
1.000071129390812663e+00
1.000132421247336811e+00
1.000383067537746307e+00
1.000555711421778904e+00
1.000539759897955516e+00
1.000072566214100567e+00
1.000198441984020636e+00
1.000282362090511690e+00
1.000331554923754362e+00
1.000132592531278064e+00
1.000297094763137329e+00
1.000466006725459600e+00
1.000230863530229941e+00
1.000357960188748008e+00
1.000112144534086589e+00
1.000258053434110117e+00
1.000356042358864661e+00
1.000489936841201022e+00
1.000027438862630458e+00
1.000190595204652144e+00
1.000252440308299073e+00
1.000199813657022263e+00
1.000255411644998649e+00
1.000251944447805075e+00
1.000318618425084294e+00
1.000261976633963545e+00
1.000241134379508345e+00
1.000131605283308911e+00
1.000268504881866916e+00
1.000723866065034384e+00
1.000155244784318720e+00
1.000168431593808860e+00
9.999784766201539332e-01
9.998474441459386242e-01
9.999311198337103024e-01
1.000047070533729654e+00
1.000193193677104908e+00
1.000091817201843813e+00
1.000090961047213289e+00
1.000264788134640481e+00
1.000234295164871945e+00
1.000090786870710069e+00
1.000284879465916488e+00
1.000331774102379168e+00
1.000510551947968896e+00
1.000474237160688951e+00
9.999663464336507879e-01
1.000329440445450357e+00
1.000082043519449959e+00
1.000365101805301693e+00
1.000252772447568050e+00
1.000094032036720870e+00
1.000351087816784279e+00
1.000206718841499143e+00
1.000331754258235506e+00
1.000265699151861254e+00
9.999457201684628371e-01
1.000452604599882722e+00
1.000094805984571122e+00
1.000022595645684298e+00
1.000127665230700957e+00
1.000255439360462795e+00
1.000222091137478397e+00
1.000122977785379064e+00
1.000400611193379197e+00
1.000107845629411019e+00
1.000185518462582746e+00
1.000539133017611881e+00
1.000489455572759478e+00
9.999957057234266644e-01
9.996106214626016007e-01
9.925524561588489059e-01
9.840295886106122936e-01
9.753627464028852279e-01
9.666224755334811292e-01
9.580894578519577598e-01
9.494757686620912684e-01
9.411871740774402362e-01
9.328360366332524301e-01
9.240761032758249005e-01
9.159054846998859745e-01
9.076555695032860749e-01
8.990377150494313074e-01
8.911338398528036997e-01
8.828427326710468481e-01
8.745324194212892310e-01
8.663347130320449008e-01
8.583579695820516831e-01
8.504472920083503418e-01
8.424779197041901702e-01
8.346364481826559212e-01
8.265843879296002061e-01
8.189583247372428376e-01
8.108706219163406281e-01
8.031841776174729608e-01
7.954458315709636018e-01
7.880900369341177214e-01
7.804643792407403025e-01
7.730278057418141779e-01
7.651868615367040105e-01
7.580747938268187491e-01
7.501944086886274121e-01
7.428590694748891110e-01
7.357164897606579546e-01
7.284173518526645408e-01
7.210272523795668853e-01
7.137935546015903299e-01
7.066136151053722392e-01
6.995174433989509444e-01
6.920065614211482474e-01
6.851689692127157505e-01
6.780115317405652764e-01
6.710234094917426617e-01
6.642497564437669366e-01
6.572027507256773537e-01
6.500006742695338957e-01
6.434301322897361120e-01
6.366933426487150216e-01
6.297694121906821652e-01
6.228885063711184777e-01
6.161923460814352493e-01
6.095731809546415247e-01
6.029795734857045231e-01
5.964543163186443175e-01
5.896045568178458485e-01
5.831068879488882084e-01
5.765360164044721625e-01
5.699955801415670376e-01
5.635964967311997142e-01
5.571920691526365266e-01
5.506150139552886680e-01
5.445253313288959118e-01
5.381242383486016800e-01
5.315038517491128545e-01
5.252851730988651324e-01
5.191665784337456957e-01
5.129340193963058958e-01
5.068858865444687556e-01
5.007004349166696011e-01
4.945958327546102207e-01
4.884916368886136895e-01
4.822426619039634765e-01
4.766346148849427977e-01
4.702111083382169987e-01
4.644950376613675158e-01
4.583254237056843539e-01
4.525243547499069874e-01
4.466258918130960320e-01
4.407632135641906812e-01
4.349109505325602365e-01
4.291064664120391448e-01
4.234014685842614756e-01
4.175317048509328832e-01
4.118235964258377679e-01
4.060655861423603796e-01
4.006027721040152922e-01
3.948572344548594848e-01
3.893944869083971749e-01
3.836430083107932321e-01
3.780580792580308658e-01
3.724236036036828734e-01
3.672007590428855717e-01
3.614700434191896461e-01
3.559925012751453677e-01
3.505211012015501670e-01
3.452015875404284007e-01
3.398167001692660727e-01
3.344651216906385782e-01
3.290888425114370519e-01
3.238896599657877795e-01
3.184463353710050293e-01
3.131509644156464378e-01
3.079767838418470682e-01
3.027819261342645785e-01
2.975855100568583489e-01
2.925297977428352736e-01
2.873108956099666433e-01
2.821806311485423047e-01
2.770895495491030314e-01
2.719891181923205226e-01
2.669225647317569061e-01
2.619089803091280144e-01
2.568449003502091266e-01
2.517470080992013637e-01
2.469079426024308743e-01
2.420966810202436204e-01
2.370395753727384813e-01
2.320828374121315651e-01
2.272436097378159325e-01
2.223119003164755469e-01
2.175966166871026453e-01
2.128119508245583935e-01
2.079920856343721036e-01
2.032020112827001290e-01
1.983662220967074841e-01
1.936548825281617647e-01
1.890000275216820458e-01
1.842591461658478480e-01
1.797302272042455851e-01
1.750039104535150991e-01
1.703091695516221471e-01
1.657268307682129849e-01
1.612376522340840668e-01
1.565924287847106355e-01
1.519856459971873630e-01
1.474290684681689445e-01
1.430139533152970377e-01
1.384217014492017117e-01
1.340073887615809700e-01
1.295489617819869932e-01
1.250347665280146514e-01
1.207435051449611690e-01
1.166790707012853590e-01
1.129823689925752717e-01
1.093620962158539517e-01
1.060679633126482280e-01
1.027878517240179007e-01
9.957591152373383714e-02
9.658870718785469989e-02
9.362658732268212824e-02
9.075593697541610438e-02
8.805970669809154439e-02
8.546060959978835081e-02
8.284153655252020354e-02
8.035136341635330803e-02
7.791007920595843794e-02
7.549586163282162588e-02
7.324436125313359136e-02
7.093058272013436083e-02
6.877549111681362237e-02
6.668241184191595061e-02
6.459176833754956548e-02
6.263129443368191385e-02
6.067663645981857118e-02
5.877510198460989682e-02
5.686800401977883807e-02
5.506229986433283652e-02
5.332769136995933745e-02
5.165753185697541383e-02
4.993288707940581744e-02
4.825440730162516845e-02
4.673109770303919552e-02
4.516123046924577084e-02
4.366688214008630081e-02
4.223285924156043591e-02
4.077497066745891519e-02
3.938941839535928247e-02
3.804649720254922596e-02
3.665694786612772038e-02
3.539931091459455614e-02
3.414586278166697325e-02
3.294017290551015664e-02
3.175485769590709328e-02
3.057683072417963915e-02
2.942159599511721263e-02
2.832877513189226495e-02
2.726997786571448007e-02
2.623745629065570018e-02
2.520816272631486513e-02
2.423277000125032693e-02
2.325615028906365123e-02
2.234058587838976331e-02
2.140705625490358852e-02
2.050071659623267303e-02
1.966699579042596735e-02
1.887017681794735460e-02
1.803957731717521426e-02
1.724533571012152461e-02
1.648197844396678824e-02
1.573516774744329605e-02
1.500160871244207370e-02
1.431255596014155418e-02
1.362554129530309938e-02
1.293914201608854786e-02
1.235289116750753168e-02
1.170487440930799601e-02
1.110806586279540660e-02
1.052752398284732306e-02
9.977703484955042362e-03
9.425056549976211506e-03
8.919659794967090341e-03
8.390688279645312428e-03
7.913233726031235551e-03
7.441304404080423783e-03
6.978976246751923164e-03
6.554218283758120843e-03
6.145898615075363371e-03
5.745654203413217039e-03
5.347839629576935788e-03
4.977839137437738669e-03
4.632871835574157819e-03
4.288631942163989401e-03
3.960004305262420851e-03
3.651992700942266641e-03
3.350591431217568583e-03
3.068690327076712288e-03
2.803660101119132952e-03
2.551194713659810619e-03
2.310192273902111036e-03
2.079421756802298047e-03
1.861432730590313394e-03
1.663071369951396464e-03
1.468158939113067265e-03
1.294867963581204954e-03
1.134712649252270830e-03
9.761718036776780797e-04
8.405858867282997582e-04
7.106723456293092189e-04
5.902398181811086908e-04
4.806773892777323827e-04
3.882752588375206902e-04
3.050417785430060871e-04
2.302135054590303978e-04
1.651792423609895930e-04
1.146474515508335646e-04
7.186086028227515164e-05
3.925085857578038915e-05
1.703021644664602839e-05
4.580538660403117879e-06
4.125526776555081517e-07
0.000000000000000000e+00
0.000000000000000000e+00
0.000000000000000000e+00
0.000000000000000000e+00
0.000000000000000000e+00
0.000000000000000000e+00
0.000000000000000000e+00
0.000000000000000000e+00
0.000000000000000000e+00
0.000000000000000000e+00
0.000000000000000000e+00
0.000000000000000000e+00
0.000000000000000000e+00
0.000000000000000000e+00
0.000000000000000000e+00
0.000000000000000000e+00
0.000000000000000000e+00
0.000000000000000000e+00
0.000000000000000000e+00
0.000000000000000000e+00
0.000000000000000000e+00
0.000000000000000000e+00
0.000000000000000000e+00
0.000000000000000000e+00
0.000000000000000000e+00
0.000000000000000000e+00
0.000000000000000000e+00
0.000000000000000000e+00
0.000000000000000000e+00
0.000000000000000000e+00
0.000000000000000000e+00
0.000000000000000000e+00
0.000000000000000000e+00
0.000000000000000000e+00
0.000000000000000000e+00
0.000000000000000000e+00
0.000000000000000000e+00
0.000000000000000000e+00
0.000000000000000000e+00
0.000000000000000000e+00
0.000000000000000000e+00
0.000000000000000000e+00
0.000000000000000000e+00
0.000000000000000000e+00
0.000000000000000000e+00
0.000000000000000000e+00
0.000000000000000000e+00
0.000000000000000000e+00
0.000000000000000000e+00
0.000000000000000000e+00
0.000000000000000000e+00
0.000000000000000000e+00
0.000000000000000000e+00
0.000000000000000000e+00
0.000000000000000000e+00
0.000000000000000000e+00
0.000000000000000000e+00
0.000000000000000000e+00
0.000000000000000000e+00
0.000000000000000000e+00
0.000000000000000000e+00
