0.000000000000000000e+00
0.000000000000000000e+00
0.000000000000000000e+00
0.000000000000000000e+00
0.000000000000000000e+00
0.000000000000000000e+00
0.000000000000000000e+00
0.000000000000000000e+00
0.000000000000000000e+00
0.000000000000000000e+00
0.000000000000000000e+00
0.000000000000000000e+00
0.000000000000000000e+00
0.000000000000000000e+00
0.000000000000000000e+00
0.000000000000000000e+00
0.000000000000000000e+00
0.000000000000000000e+00
0.000000000000000000e+00
0.000000000000000000e+00
0.000000000000000000e+00
0.000000000000000000e+00
0.000000000000000000e+00
0.000000000000000000e+00
0.000000000000000000e+00
0.000000000000000000e+00
3.538209884227840475e-05
1.823503554635420463e-03
2.826601395521922619e-02
1.937595469097131151e-01
7.402788444334045259e-01
1.539191875159997114e+00
2.064794973209909568e+00
2.119169672031908203e+00
1.913954887745344724e+00
1.654455806002046003e+00
1.427740388894457313e+00
1.265690410583143688e+00
1.167495863242512311e+00
1.098009158594392964e+00
1.017329874328806616e+00
9.486108408503655109e-01
9.121860844984774896e-01
9.019269739418326326e-01
9.083179638444094373e-01
9.196000506973895927e-01
9.340509323848880108e-01
9.496187055405267419e-01
9.581777240652986638e-01
9.645341567308173270e-01
9.695603104625548641e-01
9.743380480606563809e-01
9.808048727607450168e-01
9.834889593217120973e-01
9.832133934287867749e-01
9.792533678966869326e-01
9.738313697918170586e-01
9.691341586433105393e-01
9.621522420255445018e-01
9.567491602847778553e-01
9.528693341387166615e-01
9.485827825044435002e-01
9.505159343754159273e-01
9.560861628506431842e-01
9.645973382003657504e-01
9.748809014824196817e-01
9.860501463194795146e-01
9.970378123370636780e-01
1.007892406890991133e+00
1.016567360236695361e+00
1.025382985018002735e+00
1.028852016711396145e+00
1.031653954799965911e+00
1.035120670394698017e+00
1.031347400254548852e+00
1.032748161667656817e+00
1.028221192451397981e+00
1.024280129123754657e+00
1.018365535847975289e+00
1.012468732621099043e+00
1.007960942597009080e+00
1.001592532645909639e+00
9.950691709221365366e-01
9.927043618600421837e-01
9.893903674322153119e-01
9.852161685071711972e-01
9.852109545196813256e-01
9.842913670171948848e-01
9.844084225331318772e-01
9.866512288825338706e-01
9.876065458802872898e-01
9.903478449776808024e-01
9.927621773891098789e-01
9.946258532368102978e-01
9.954718453712070314e-01
9.961574572346018064e-01
9.991994597863859129e-01
1.000358574501541087e+00
9.998462788179552918e-01
1.000969328631888589e+00
1.001237915873224971e+00
1.001711704857735752e+00
1.002568399799717236e+00
1.002998957151420845e+00
1.004109860557919731e+00
1.002605226238129976e+00
1.003474133645352540e+00
1.003046047334396063e+00
1.001744170307555803e+00
1.001725409806734080e+00
1.000481142894947162e+00
1.001543736744296975e+00
9.996276786450875029e-01
9.991800612721102315e-01
1.000625311963379227e+00
9.990357871237671716e-01
9.992527454987504276e-01
9.978457594509096973e-01
9.982620474302101865e-01
9.973344407745252660e-01
9.974025658925752547e-01
9.973019864337138163e-01
9.967916810873362898e-01
9.977847153763598209e-01
9.973776886727894198e-01
9.973106822687549666e-01
9.978176079880530791e-01
9.979754247914173204e-01
9.979510557469786214e-01
9.985733912144590940e-01
9.988953717482236261e-01
9.992250298435819689e-01
9.989100966057951059e-01
9.999278843539682882e-01
9.998737364633685232e-01
9.996071959535575147e-01
1.000026329319335661e+00
1.000597018044602882e+00
9.998318735263402868e-01
1.000531193748390724e+00
1.000069728127569002e+00
1.000384360466004097e+00
9.994999490904873385e-01
9.996619127013619543e-01
9.999163225016629575e-01
1.000171444188542091e+00
9.989604790771738907e-01
9.994302942038446602e-01
9.995323661385483449e-01
9.994808538100893314e-01
9.991961206426929198e-01
9.991961102203528178e-01
9.991717450097500341e-01
9.996079266515048856e-01
9.983853598264004203e-01
9.981787231258248960e-01
9.991245104676214073e-01
9.991501921889256455e-01
9.996687821366874172e-01
9.987320069407871204e-01
9.995153889892471888e-01
9.990750238520722526e-01
9.996085784758952375e-01
9.993926234822053667e-01
9.999364625402674678e-01
9.999991133701403578e-01
9.996913069848201161e-01
9.997534357402168004e-01
9.998152248477489845e-01
9.993431131803459655e-01
9.994002027224569984e-01
9.994546508705824950e-01
9.994472443962145736e-01
1.000377950601540666e+00
9.995830428212237884e-01
1.000107171933400707e+00
9.998245949208960370e-01
1.000046261199093012e+00
1.000210354003164825e+00
9.993910302479189767e-01
9.996411423327546952e-01
9.995932141941230586e-01
9.998522711489141734e-01
9.998392247429616075e-01
9.993597269275358297e-01
9.996703230058597844e-01
9.998796606571392909e-01
9.998833899195356256e-01
9.997959669189696585e-01
9.995668988333378246e-01
9.997452875491043001e-01
9.997352580851163184e-01
9.998638571147100418e-01
9.998305450719978671e-01
9.998378403586157814e-01
9.996796990012593032e-01
9.997687843762030901e-01
9.995414611655690784e-01
9.999546068722188208e-01
1.000286004257836536e+00
1.000059348294940254e+00
9.999443595017559749e-01
1.000222516982050669e+00
1.000645474326305351e+00
9.995015677141686483e-01
9.999428966360390802e-01
9.999262812317614157e-01
9.995422081323407371e-01
9.997521326890584925e-01
9.994057055325640260e-01
9.999919170277232761e-01
9.999149152118494976e-01
9.997850948240845081e-01
1.000117154366854555e+00
9.999537271539340466e-01
9.996675161022932077e-01
9.997755997744304235e-01
9.998880926263044033e-01
1.000143574323886897e+00
9.998584092441817894e-01
9.998331296256111056e-01
9.999095564783558876e-01
9.998926442912746682e-01
9.998619304312896805e-01
1.000035529413917823e+00
9.997952039457873585e-01
9.999901613795518784e-01
9.997338087536555840e-01
1.000072348129611655e+00
1.000320388436170882e+00
9.995258044645823903e-01
1.000240767949590381e+00
9.996003940048696634e-01
9.994462840352570376e-01
9.999384353764145805e-01
1.000233131982194212e+00
9.997259797999491493e-01
1.000125033983515044e+00
1.000083945110704420e+00
1.000083076072292743e+00
1.000029972013414925e+00
1.000034312407142911e+00
9.998023687344692600e-01
1.000186658364651704e+00
1.000053130386908684e+00
9.998717819583591293e-01
9.999025642382991519e-01
1.000017139714366232e+00
1.000032802233069340e+00
9.999014663699986594e-01
1.000037806329607815e+00
9.998567619219915770e-01
9.998860868533843149e-01
1.000128320945945060e+00
9.997160717414537157e-01
9.999845218158380789e-01
1.000185496191559498e+00
1.000263152184476034e+00
1.000077572303177398e+00
9.997867227264548573e-01
1.000429459599818438e+00
9.998193013077238955e-01
9.999621810452844484e-01
9.999580461429344869e-01
1.000539797200216352e+00
9.999308150501213799e-01
1.000226928654099900e+00
1.000088698905686746e+00
9.999995754106812962e-01
1.000318884201451430e+00
9.999796345502018902e-01
1.000263652190429786e+00
1.000109010983121882e+00
1.000040841009511183e+00
1.000744350851227704e+00
1.000023818824844257e+00
1.000032055565799771e+00
1.000317620980925692e+00
1.000387440759192170e+00
1.000106907839762638e+00
1.000258833912409884e+00
1.000247811690469835e+00
9.999612957419939940e-01
1.000101742623627610e+00
1.000412806279914912e+00
9.998343712158107577e-01
1.000147857511400007e+00
9.999360227177445104e-01
1.000168433693326975e+00
1.000129977422946181e+00
1.000147962434122517e+00
1.000277564577877198e+00
9.998943845661352192e-01
1.000314233837054090e+00
1.000419277703754384e+00
9.997755804408074987e-01
1.000267016189821279e+00
1.000129290419331074e+00
1.000381171944868974e+00
1.000480064041928685e+00
1.000368801098382665e+00
1.000489457402812921e+00
1.000397238993077087e+00
1.000159333003515894e+00
1.000106890797274994e+00
1.000336670724416344e+00
1.000143559841010221e+00
9.998885995159110252e-01
1.000434031171775873e+00
1.000518412571069105e+00
1.000066673863606370e+00
1.000182700872518593e+00
1.000144060756086972e+00
1.000433313938364988e+00
1.000311513179193090e+00
9.999628532308677542e-01
1.000072408917026978e+00
1.000037614238087791e+00
1.000258208078083744e+00
1.000211159161001451e+00
1.000061456607150623e+00
1.000213473438406275e+00
1.000118470490364508e+00
1.000375477463173679e+00
1.000412859505230179e+00
1.000489241865424095e+00
1.000387697684705923e+00
1.000549947363074788e+00
1.000245775667172321e+00
1.000209531433761789e+00
1.000067737504456877e+00
1.000206979919768591e+00
9.999663164124098502e-01
1.000129865237580962e+00
1.000127616769640904e+00
1.000287939010090277e+00
1.000216858995241820e+00
1.000357935972035595e+00
1.000478209065363888e+00
9.993074584935675020e-01
9.928657752514586932e-01
9.842954964756134295e-01
9.753603545295040922e-01
9.666789628238187104e-01
9.580720514279164046e-01
9.495763148680462784e-01
9.410677828628285502e-01
9.324605649112996941e-01
9.239833037514522118e-01
9.159287980911917648e-01
9.077854990219927922e-01
8.990397155628728765e-01
8.909602936859413180e-01
8.829614295519501166e-01
8.748577797163972214e-01
8.664776700198182358e-01
8.587005766064653711e-01
8.504917979669341932e-01
8.425881625156709243e-01
8.348034795738361602e-01
8.268646870858770148e-01
8.189542990889779883e-01
8.113713069775994047e-01
8.036951578570661336e-01
7.954783883629997776e-01
7.883622230181497326e-01
7.805267366682909769e-01
7.730931564035341541e-01
7.655121487287304127e-01
7.582390242233728594e-01
7.502969368543096484e-01
7.434403227357415656e-01
7.358991207378764443e-01
7.284409183892061046e-01
7.211670780111055779e-01
7.139591847540447400e-01
7.067613632254766687e-01
6.994743613416346539e-01
6.923909118852286104e-01
6.852376828843759204e-01
6.782497539913107110e-01
6.712719253014466370e-01
6.640184263373385409e-01
6.574498722972788034e-01
6.504487785680186374e-01
6.434334224343264408e-01
6.365657091017072888e-01
6.297213561105076129e-01
6.230643639861160876e-01
6.164296526412076371e-01
6.097547686541309186e-01
6.030487336607854854e-01
5.964956867810214947e-01
5.898671324127754412e-01
5.830651732341793902e-01
5.765803727850242755e-01
5.701549350452829179e-01
5.637480479235873476e-01
5.572623226143342823e-01
5.508123386863926774e-01
5.446606342883482110e-01
5.382060159009309785e-01
5.319520046753184461e-01
5.255446196516641022e-01
5.193715202999396041e-01
5.130177676262185349e-01
5.069055985365885642e-01
5.007963307450147283e-01
4.944102530797585549e-01
4.884846567442321374e-01
4.827499254595355449e-01
4.764635059627627678e-01
4.705057800912753052e-01
4.646420275999035288e-01
4.583985888705908174e-01
4.526958351960759241e-01
4.466295790661609089e-01
4.408903853209321655e-01
4.349448496764251049e-01
4.290631596355521382e-01
4.234729993244676916e-01
4.176714981567021256e-01
4.120064583515076206e-01
4.061331345805420101e-01
4.005914231264845471e-01
3.950138948800456795e-01
3.894870794292431548e-01
3.838722658418865508e-01
3.782044466101497360e-01
3.726975038895616321e-01
3.671656850758718837e-01
3.617465475886005311e-01
3.561641110059035609e-01
3.508423731139186930e-01
3.454941756446267553e-01
3.401133688595406324e-01
3.345936536623708157e-01
3.293149029718275833e-01
3.239512096435256394e-01
3.187139327423409996e-01
3.133994455607410634e-01
3.081058155189689840e-01
3.029733026888364322e-01
2.977891726614910195e-01
2.926575201573814455e-01
2.873571015827347530e-01
2.823488838853375760e-01
2.771519356866913864e-01
2.721024510409197905e-01
2.671621056508076131e-01
2.620493533942110376e-01
2.571161520584016036e-01
2.521279069496019654e-01
2.470886914140485169e-01
2.422004158584100952e-01
2.371739553959225089e-01
2.324049419652837456e-01
2.273865128469773900e-01
2.224720349723068313e-01
2.177198042801336275e-01
2.128230678318470681e-01
2.081518775482116557e-01
2.031962534519636543e-01
1.985026923964674783e-01
1.937653304826891520e-01
1.891349632948609860e-01
1.844070479444770427e-01
1.797895564966269788e-01
1.751086078455242334e-01
1.705126363180627103e-01
1.657832193970925072e-01
1.611894848720705486e-01
1.566811418380253951e-01
1.521623277127333862e-01
1.476143663085668356e-01
1.430333074445945540e-01
1.385590674280646195e-01
1.341474300968601707e-01
1.295998588417092423e-01
1.252291576261965744e-01
1.208361648334138894e-01
1.168013357815062270e-01
1.131349046299927191e-01
1.094716785651156932e-01
1.060988087739752617e-01
1.028058655555705997e-01
9.970798026547927906e-02
9.673719844993065864e-02
9.376309303024453479e-02
9.093354015273448498e-02
8.814447652061292715e-02
8.550766889448573049e-02
8.299674512468244170e-02
8.038512482231133238e-02
7.800534464893967013e-02
7.559357045865545965e-02
7.327563701320889689e-02
7.107258561692497700e-02
6.888982916285649183e-02
6.682832005356767469e-02
6.470759966696840171e-02
6.268938043045940711e-02
6.077634048749828294e-02
5.886170475155675513e-02
5.695657000606393905e-02
5.518762024927107573e-02
5.341943276943990349e-02
5.169246650696270734e-02
4.998844915416960494e-02
4.839334161328514433e-02
4.682703532308045424e-02
4.523595703844221494e-02
4.373689770353635792e-02
4.227156718067364566e-02
4.081260531980855644e-02
3.943416158511755393e-02
3.804189255727688512e-02
3.674443878226688748e-02
3.546644180935637491e-02
3.416041244608546829e-02
3.297404574118657089e-02
3.177183659878729527e-02
3.060321386867183302e-02
2.947536808943002073e-02
2.837277348714807232e-02
2.734878772313974887e-02
2.624446050827932211e-02
2.524969890047039367e-02
2.427175746565988015e-02
2.329514466771821432e-02
2.232808919101923403e-02
2.143080542668868507e-02
2.057372870538299800e-02
1.971632962317794793e-02
1.889288998352194049e-02
1.804461854354344821e-02
1.725874934337958203e-02
1.650211222668439282e-02
1.574821823725669825e-02
1.501446952015878834e-02
1.434382707791591847e-02
1.364768120733900192e-02
1.299389723507829615e-02
1.236313590042428454e-02
1.172968714975976962e-02
1.113390757045091932e-02
1.055005055083059473e-02
9.991665739916909261e-03
9.454459708099778592e-03
8.929478592932849762e-03
8.436464329982936231e-03
7.939437063796723690e-03
7.467054439057214943e-03
7.005117950441615109e-03
6.577931795170103776e-03
6.163024419584797915e-03
5.772839582340288933e-03
5.375078128974514376e-03
5.002631921704152676e-03
4.639509626772960783e-03
4.302031850183232406e-03
3.971793649247401872e-03
3.675309497335984329e-03
3.367892353815763948e-03
3.084181043732747100e-03
2.814731440878373743e-03
2.564082637792070539e-03
2.319685729684115797e-03
2.090850326394435785e-03
1.868510127360864786e-03
1.671163968617232678e-03
1.480702511903500681e-03
1.302250853173531195e-03
1.135535820235006018e-03
9.805793599588041691e-04
8.418107134393004948e-04
7.112789076106211831e-04
5.976746541879796905e-04
4.848045712543949995e-04
3.906353538788515318e-04
3.072973710043618847e-04
2.303906618093145935e-04
1.703326628324864430e-04
1.152098553759036130e-04
7.143721276104639814e-05
4.083857117649388992e-05
1.681436318548663406e-05
4.238790435153216511e-06
3.946358386345260744e-07
1.787718596873252811e-08
0.000000000000000000e+00
0.000000000000000000e+00
0.000000000000000000e+00
0.000000000000000000e+00
0.000000000000000000e+00
0.000000000000000000e+00
0.000000000000000000e+00
0.000000000000000000e+00
0.000000000000000000e+00
0.000000000000000000e+00
0.000000000000000000e+00
0.000000000000000000e+00
0.000000000000000000e+00
0.000000000000000000e+00
0.000000000000000000e+00
0.000000000000000000e+00
0.000000000000000000e+00
0.000000000000000000e+00
0.000000000000000000e+00
0.000000000000000000e+00
0.000000000000000000e+00
0.000000000000000000e+00
0.000000000000000000e+00
0.000000000000000000e+00
0.000000000000000000e+00
0.000000000000000000e+00
0.000000000000000000e+00
0.000000000000000000e+00
0.000000000000000000e+00
0.000000000000000000e+00
0.000000000000000000e+00
0.000000000000000000e+00
0.000000000000000000e+00
0.000000000000000000e+00
0.000000000000000000e+00
0.000000000000000000e+00
0.000000000000000000e+00
0.000000000000000000e+00
0.000000000000000000e+00
0.000000000000000000e+00
0.000000000000000000e+00
0.000000000000000000e+00
0.000000000000000000e+00
0.000000000000000000e+00
0.000000000000000000e+00
0.000000000000000000e+00
0.000000000000000000e+00
0.000000000000000000e+00
0.000000000000000000e+00
0.000000000000000000e+00
0.000000000000000000e+00
0.000000000000000000e+00
0.000000000000000000e+00
0.000000000000000000e+00
0.000000000000000000e+00
0.000000000000000000e+00
0.000000000000000000e+00
0.000000000000000000e+00
0.000000000000000000e+00
0.000000000000000000e+00
