0.000000000000000000e+00
0.000000000000000000e+00
0.000000000000000000e+00
0.000000000000000000e+00
0.000000000000000000e+00
0.000000000000000000e+00
0.000000000000000000e+00
0.000000000000000000e+00
0.000000000000000000e+00
0.000000000000000000e+00
0.000000000000000000e+00
0.000000000000000000e+00
0.000000000000000000e+00
0.000000000000000000e+00
0.000000000000000000e+00
0.000000000000000000e+00
0.000000000000000000e+00
0.000000000000000000e+00
0.000000000000000000e+00
0.000000000000000000e+00
0.000000000000000000e+00
0.000000000000000000e+00
0.000000000000000000e+00
0.000000000000000000e+00
0.000000000000000000e+00
0.000000000000000000e+00
0.000000000000000000e+00
0.000000000000000000e+00
0.000000000000000000e+00
0.000000000000000000e+00
0.000000000000000000e+00
3.853032453971888451e-03
5.544552276908194105e-02
2.517887059259830140e-01
6.041704179225675375e-01
9.797521514022924372e-01
1.253438026327619692e+00
1.417713365992818275e+00
1.501078611841670574e+00
1.507350542524070969e+00
1.511286441291738392e+00
1.444480594203739754e+00
1.409443427914269575e+00
1.378176590531233758e+00
1.345456782014327723e+00
1.278825368438227361e+00
1.241615666324589418e+00
1.198824276496081254e+00
1.193563875185101653e+00
1.165403703267697821e+00
1.194531921683732456e+00
1.186992025342568091e+00
1.156581376777701342e+00
1.119153918758920785e+00
1.054063181577261865e+00
1.006887013043428425e+00
9.862605127907443370e-01
9.891025364102998818e-01
9.752297835411276594e-01
9.717374001691106988e-01
9.732589769187796058e-01
9.796824680913996941e-01
9.765686789117169475e-01
9.863953899454606100e-01
9.960252230144565067e-01
1.010282847733557698e+00
1.010859566885814909e+00
1.011416624385364171e+00
1.010658658848563318e+00
1.014094678176877373e+00
1.009622458920533594e+00
1.022883463555176897e+00
1.022006534957287771e+00
1.018482055532406116e+00
1.020037777697466952e+00
1.013288227563217792e+00
1.014796380298947032e+00
1.014558765321899259e+00
1.024269649037889973e+00
1.020772470865165982e+00
1.013001764059317855e+00
1.009279788362310137e+00
1.007124777078249878e+00
1.003112802286829863e+00
9.982529854803668945e-01
1.007918158575137335e+00
1.001472383166796432e+00
9.922869529342808192e-01
1.001720222451940590e+00
9.919578055986137954e-01
9.846928081257776411e-01
9.841078349585914431e-01
9.873396038564221655e-01
9.864514531476101800e-01
9.979125973252128690e-01
9.906912306350169617e-01
9.944151268687615453e-01
9.934640448672049651e-01
1.006479535160661021e+00
1.002167200660239788e+00
9.993405542444079304e-01
1.008087019630026893e+00
1.000555666350721129e+00
1.004125520254105508e+00
1.003095051524306003e+00
1.002734993248769024e+00
9.987792346845730806e-01
1.007669783782789041e+00
1.003132001191629374e+00
9.969677484483103758e-01
9.952309839768104238e-01
1.005320191139957853e+00
9.970847630928630911e-01
9.958491140837189004e-01
9.991175448012157290e-01
9.963005508964813961e-01
9.935094641637346458e-01
9.943192039322100717e-01
9.931656298285849171e-01
9.924954217811209345e-01
9.930750481100714122e-01
9.947962238354032261e-01
9.966070283120861406e-01
9.972034567172392006e-01
9.913060197525710437e-01
9.989973188801833937e-01
9.987200546168328863e-01
9.949181464485372661e-01
9.980281946571842866e-01
9.965506083607674759e-01
9.904494876075506937e-01
9.933427544550468280e-01
1.000124580347734105e+00
9.988010189504834546e-01
9.970026064302691671e-01
9.977419148486066369e-01
9.948361109625406540e-01
9.982057994550123103e-01
1.001338555315133050e+00
9.924459903477481637e-01
9.964525229817290386e-01
1.001505672660557344e+00
9.885344287756903103e-01
9.988246687561991299e-01
1.001361837138954547e+00
9.969295660078789645e-01
9.999420608245591646e-01
1.000001580741758378e+00
1.001261303767187361e+00
9.963327079866769465e-01
9.957891545235452169e-01
9.970206558419020260e-01
9.969535879099640230e-01
1.000875170279591497e+00
1.002442342867174263e+00
9.968500270837359345e-01
9.951146368863046376e-01
9.923339341359337373e-01
9.965034242130375031e-01
1.000299384326384766e+00
1.000638066097808476e+00
9.947214414673297700e-01
9.962258335316055424e-01
9.966374153062764751e-01
9.953854533565605900e-01
9.926568873973855567e-01
9.965169969324524368e-01
1.001471923139132691e+00
9.991693936004255594e-01
9.998880164110216517e-01
1.000156403436996522e+00
9.962261319649043934e-01
1.000753349450353324e+00
9.990250605504406023e-01
1.004656042868738330e+00
9.960552965859198471e-01
9.946974872285510028e-01
9.969917802689098885e-01
1.002559651359690829e+00
9.953092584299624290e-01
1.001338744785041479e+00
9.947245475632995326e-01
1.000055488564324024e+00
9.994978299046931580e-01
1.001196081082465827e+00
9.988450463806596291e-01
1.001163595059026523e+00
9.985560838902847181e-01
1.001327705759033959e+00
1.000132965945059293e+00
9.951965722220450505e-01
9.994739606971342338e-01
1.004912813642954372e+00
1.002081775631339822e+00
1.001295448418856981e+00
1.001036583010703085e+00
1.000087462971032126e+00
9.977650660368512225e-01
9.997038137055644924e-01
1.002322182994648037e+00
1.000139363400950332e+00
1.003412213263571662e+00
9.992820032765191707e-01
9.975008956449475939e-01
1.000007959578495642e+00
1.001254441184798782e+00
9.997848390876367120e-01
9.988580570794159952e-01
9.966197117224843138e-01
9.988767706310202055e-01
1.001320614168581757e+00
1.001156062758559173e+00
1.002289614941041851e+00
1.001989266306454462e+00
9.993052303671763337e-01
9.998985443583434662e-01
1.000056374788548696e+00
1.002895012898707083e+00
9.995715755092843269e-01
9.989723176467011356e-01
9.974098347683174604e-01
9.974394587504843424e-01
9.973545353039947603e-01
9.957142531319037593e-01
9.992222003308409706e-01
9.974851429808936354e-01
1.002311810074230758e+00
9.991811594504456107e-01
9.988628410344432274e-01
1.003468233258626885e+00
9.992126039078679245e-01
9.975256115543513769e-01
1.000129164982656249e+00
1.000101546072005076e+00
9.979773982756883210e-01
1.000265413255837954e+00
9.995521080758785759e-01
9.997797176916167761e-01
9.980618385397420633e-01
1.001258261380960635e+00
9.994002870827767282e-01
1.000518594359262048e+00
1.000006330433580670e+00
9.991550818050642935e-01
9.999472099615037690e-01
9.987843636616857701e-01
9.987458126038188944e-01
9.974184035275835969e-01
9.985369333455028640e-01
9.998456225857070834e-01
9.985701901175134676e-01
1.001303196285599828e+00
1.000706911585229619e+00
9.991044295540186804e-01
9.996105866452861255e-01
9.979297581634711811e-01
9.997896916555494284e-01
9.979840635382681846e-01
9.986602129310396814e-01
9.994847219179068265e-01
9.996166500292053003e-01
9.991429480536825336e-01
9.989803664145533446e-01
9.989491622160777684e-01
1.000290956564179101e+00
9.992469206604803755e-01
9.988510604965732398e-01
1.001306435112376159e+00
1.001004803561239997e+00
9.981843020796036248e-01
1.001313727371780038e+00
9.988788533016711435e-01
9.992846609038920080e-01
9.984938179681770443e-01
1.000197420269374637e+00
9.964621682395181645e-01
9.985150998595665461e-01
9.998490862434551429e-01
1.000979109239929832e+00
1.000454476438321416e+00
9.998919876009298990e-01
1.000011860930727137e+00
9.995365994607353644e-01
9.992874956690687149e-01
1.001248131153477106e+00
1.000749589052560173e+00
9.969305694135336404e-01
1.001721181638969060e+00
9.992845021770423442e-01
1.000897039922295617e+00
9.982316223537965882e-01
9.984466894577413987e-01
1.001302651935150223e+00
9.976868700169311266e-01
9.983512121328729227e-01
9.975288040061076611e-01
9.975507633410656272e-01
9.972003575063589365e-01
1.001162383501464026e+00
9.994596379979172607e-01
9.976495666820125452e-01
9.990763951357746198e-01
1.000198584249964773e+00
9.982579304108117890e-01
9.981561920471010430e-01
9.999952360097924542e-01
9.975506743042849012e-01
1.000406490222611522e+00
9.995612860080496098e-01
9.994862613771081650e-01
1.000357692241868879e+00
9.975470774893631098e-01
9.956684188440563243e-01
9.964582583555906536e-01
9.976466672740579300e-01
9.979811487639990153e-01
9.966571575889378032e-01
9.989074232191406111e-01
9.978478127764045524e-01
9.951491474626439349e-01
9.991714731247938186e-01
9.963434245551155977e-01
9.986645122055649582e-01
9.965055211025439785e-01
9.965558621071295420e-01
9.980122345627836511e-01
9.983919560537843907e-01
9.972787599252614932e-01
9.980175253963107229e-01
9.966351701454893020e-01
9.971685079219548831e-01
9.966160926856543201e-01
9.984464376515309603e-01
9.975024054364562964e-01
9.968065334712742365e-01
9.984326881040034296e-01
9.975784470729355258e-01
9.972874234049445841e-01
9.970567429639674017e-01
9.970240780800369018e-01
9.974362903566101890e-01
9.972617826417166098e-01
9.990042446081077721e-01
9.977239010227956229e-01
9.952744423971660037e-01
9.968462220430951426e-01
9.956764028164714064e-01
9.952087382583073571e-01
9.977536853562062324e-01
9.972995262449366738e-01
9.958652367961983165e-01
9.958757337147702282e-01
9.899298793927990836e-01
9.802495676804856561e-01
9.726457178518869151e-01
9.628303757647416194e-01
9.542009451627118111e-01
9.471446009836143043e-01
9.360465803591456746e-01
9.299036697049012368e-01
9.259019344860944800e-01
9.149229151814469718e-01
9.073347452848760097e-01
8.983679556319170700e-01
8.905597267180663801e-01
8.846356152230966385e-01
8.752913687185848168e-01
8.692166438793200722e-01
8.596944620529444192e-01
8.522750099094033027e-01
8.455446709894710589e-01
8.359188382159848940e-01
8.275664229111852066e-01
8.218851557318579415e-01
8.143084171703530716e-01
8.058835797036846271e-01
8.004865117011902287e-01
7.910619127070337431e-01
7.844794001365584801e-01
7.775533471294108212e-01
7.691142395204332294e-01
7.615839224370052341e-01
7.555198778105204349e-01
7.474123109296220147e-01
7.414665513220575210e-01
7.347174654485139067e-01
7.272801281504335247e-01
7.185242371456616040e-01
7.116600170159741445e-01
7.068385662933953650e-01
7.002677575476350391e-01
6.930937121804856549e-01
6.848306480324456436e-01
6.796853482376362665e-01
6.707317932710943342e-01
6.636343783551654774e-01
6.574423168332133027e-01
6.502855563103716596e-01
6.446839456093146348e-01
6.363316273263944778e-01
6.313863737908695928e-01
6.246873655926973301e-01
6.180524179026325449e-01
6.103162309470963054e-01
6.045342748416046019e-01
6.003122459776489839e-01
5.925494653036330606e-01
5.872292563520418174e-01
5.789888676337473505e-01
5.734450103462073178e-01
5.666827550274838865e-01
5.603067868298321486e-01
5.541074553062982355e-01
5.494607314243118434e-01
5.425237518390790825e-01
5.357367037874363191e-01
5.301165622630269469e-01
5.253925589503748439e-01
5.186664225995778477e-01
5.116981484209520703e-01
5.062625851331180593e-01
5.025034973482238598e-01
4.933668678373596128e-01
4.889000846622302277e-01
4.826287213360061501e-01
4.766844224469611313e-01
4.712567515881561087e-01
4.657880519870596370e-01
4.597442837422859307e-01
4.545600344041398344e-01
4.480854445723780888e-01
4.439910639431576822e-01
4.378160001222073938e-01
4.319668719230642107e-01
4.260472162227424420e-01
4.202497056273106768e-01
4.160715209873794285e-01
4.098913875368796478e-01
4.041880485656415001e-01
3.989165052601152950e-01
3.935184339726703895e-01
3.880287041891699595e-01
3.821425052989187998e-01
3.760341278790585995e-01
3.713208444190025936e-01
3.657152027491094026e-01
3.613938903836579897e-01
3.560764870698487350e-01
3.507700296125953465e-01
3.451012216031787427e-01
3.407235009879456822e-01
3.357042075541069037e-01
3.288585685698250383e-01
3.244226002462684000e-01
3.196960069212441691e-01
3.140285391908906876e-01
3.093958757521341196e-01
3.037303651529262849e-01
2.987197499038201642e-01
2.941284661038159887e-01
2.887103915214020433e-01
2.833038243158669811e-01
2.797482273264137453e-01
2.742370249658641623e-01
2.691218359230073687e-01
2.652895865107393059e-01
2.603472747632107898e-01
2.547330768851849836e-01
2.501525615254940327e-01
2.449424899258297317e-01
2.409748041362294313e-01
2.356782749968557855e-01
2.312814574869059281e-01
2.257847913577590016e-01
2.223300536942468264e-01
2.169791536483171301e-01
2.126425107633735656e-01
2.075391422029207456e-01
2.029964859999570659e-01
1.988322993173342323e-01
1.938022003266672288e-01
1.901322215501545509e-01
1.850270408106542142e-01
1.805140555563428117e-01
1.758197853782334785e-01
1.720134924739137039e-01
1.672016183100552278e-01
1.622931811932047663e-01
1.576514503363246611e-01
1.537976920852306417e-01
1.487763298238709286e-01
1.449089200453109738e-01
1.410078922804767765e-01
1.364479110172669429e-01
1.320593742274822902e-01
1.275883196814540099e-01
1.235060959906529032e-01
1.191937153854140674e-01
1.151247199580301139e-01
1.121057102466279931e-01
1.082148935960557390e-01
1.053748360659570171e-01
1.022956481259516548e-01
9.909815820028207434e-02
9.559743078477993261e-02
9.352740001671233649e-02
9.036532154408155604e-02
8.812892760582184681e-02
8.557939196841293783e-02
8.296280848310026712e-02
8.056878097193774513e-02
7.762619829948241845e-02
7.582154301868763990e-02
7.345691905026782709e-02
7.126175085971402090e-02
6.927728565581951770e-02
6.720340411145624138e-02
6.526767280726686327e-02
6.317181697147092323e-02
6.152756779031020445e-02
5.928476901639113256e-02
5.796230809807916690e-02
5.617971841731852350e-02
5.413001118601084433e-02
5.257311664055946965e-02
5.098990857119665987e-02
4.937131584257265643e-02
4.798509766088164541e-02
4.615291682539225671e-02
4.472350419855265768e-02
4.331070669643226345e-02
4.179378404434146849e-02
4.071759133259837682e-02
3.947147687677514394e-02
3.805797727490967813e-02
3.657838680851475260e-02
3.541024882012636793e-02
3.423610515119683562e-02
3.309799992593975143e-02
3.191315570397775664e-02
3.091353142810429958e-02
2.985586893297971500e-02
2.864575545069927495e-02
2.758377748905727761e-02
2.650184947601879476e-02
2.571150920500729284e-02
2.456365799059420998e-02
2.371158852559045183e-02
2.285516575173949030e-02
2.199618081646053519e-02
2.099417451242942267e-02
2.005356824859787224e-02
1.929612397011173583e-02
1.865520577312433301e-02
1.775368283495595834e-02
1.708944030616409149e-02
1.640965055318797938e-02
1.555848376266289954e-02
1.482696595050795110e-02
1.433153057563386033e-02
1.352309997424950422e-02
1.293476338942331841e-02
1.223682073547474082e-02
1.179661322231938606e-02
1.108620352428732816e-02
1.059214881064562443e-02
1.013671107275640644e-02
9.548964725906826032e-03
8.991636943848718699e-03
8.543189581194453319e-03
8.029478826208262879e-03
7.546445969290683023e-03
7.121352548387543772e-03
6.685965321961077901e-03
6.431018332180578334e-03
5.978399024132755382e-03
5.495411599109428259e-03
5.090771336293388981e-03
4.860786882736727217e-03
4.436734099495648169e-03
4.070240648938068355e-03
3.846039730113465661e-03
3.569059121628044735e-03
3.225552347740505681e-03
3.008498154665277188e-03
2.747786264879291136e-03
2.509548469414035320e-03
2.242703868283305035e-03
2.040885780059372226e-03
1.825919707732847220e-03
1.661740688816146358e-03
1.482764911659614250e-03
1.286174516453002063e-03
1.112115589210746274e-03
1.002653725077389240e-03
8.552032916382876476e-04
7.204578683172405693e-04
6.046210197280382781e-04
4.798499426768986376e-04
3.897571872065556660e-04
3.311068605136243434e-04
2.521886322208122472e-04
1.790585099645346093e-04
1.274072609880225161e-04
8.751100667911953384e-05
4.882546602732705385e-05
2.456853162651492453e-05
8.947434020461713676e-06
2.346855270300774710e-06
0.000000000000000000e+00
0.000000000000000000e+00
0.000000000000000000e+00
0.000000000000000000e+00
0.000000000000000000e+00
0.000000000000000000e+00
0.000000000000000000e+00
0.000000000000000000e+00
0.000000000000000000e+00
0.000000000000000000e+00
0.000000000000000000e+00
0.000000000000000000e+00
0.000000000000000000e+00
0.000000000000000000e+00
0.000000000000000000e+00
0.000000000000000000e+00
0.000000000000000000e+00
0.000000000000000000e+00
0.000000000000000000e+00
0.000000000000000000e+00
0.000000000000000000e+00
0.000000000000000000e+00
0.000000000000000000e+00
0.000000000000000000e+00
0.000000000000000000e+00
0.000000000000000000e+00
0.000000000000000000e+00
0.000000000000000000e+00
0.000000000000000000e+00
0.000000000000000000e+00
0.000000000000000000e+00
0.000000000000000000e+00
0.000000000000000000e+00
0.000000000000000000e+00
0.000000000000000000e+00
0.000000000000000000e+00
0.000000000000000000e+00
0.000000000000000000e+00
0.000000000000000000e+00
0.000000000000000000e+00
0.000000000000000000e+00
