0.000000000000000000e+00
0.000000000000000000e+00
0.000000000000000000e+00
0.000000000000000000e+00
0.000000000000000000e+00
0.000000000000000000e+00
0.000000000000000000e+00
0.000000000000000000e+00
0.000000000000000000e+00
0.000000000000000000e+00
0.000000000000000000e+00
0.000000000000000000e+00
0.000000000000000000e+00
0.000000000000000000e+00
0.000000000000000000e+00
0.000000000000000000e+00
0.000000000000000000e+00
0.000000000000000000e+00
0.000000000000000000e+00
0.000000000000000000e+00
0.000000000000000000e+00
0.000000000000000000e+00
0.000000000000000000e+00
0.000000000000000000e+00
0.000000000000000000e+00
0.000000000000000000e+00
0.000000000000000000e+00
0.000000000000000000e+00
0.000000000000000000e+00
0.000000000000000000e+00
1.868182063762011754e-04
4.378649764830168899e-03
5.544810347637885856e-02
2.423540379874382922e-01
5.960218550354462463e-01
9.843485386678929583e-01
1.240190442897112888e+00
1.413577427088405614e+00
1.503962473291299284e+00
1.505638485875585353e+00
1.504575598200140751e+00
1.458574523069072093e+00
1.400656901815729549e+00
1.372362595090346638e+00
1.317083668950954189e+00
1.291897045529561971e+00
1.238217219609685449e+00
1.196877320471197992e+00
1.208618175676094086e+00
1.186595215962277461e+00
1.202833575614819628e+00
1.173155249386703458e+00
1.149699055749022314e+00
1.107244009691003006e+00
1.046973653151161532e+00
1.012632652568532965e+00
9.915874803914316304e-01
9.571879888348479026e-01
9.772050056014978114e-01
9.672661354451331794e-01
9.772453570395409628e-01
9.723299050105662644e-01
9.993498882126138350e-01
9.998461449834399328e-01
9.992465793742352220e-01
1.015272142488320650e+00
1.008194831373994793e+00
1.006886251447643987e+00
1.014224483230645957e+00
1.009428287284741099e+00
1.013655817216522426e+00
1.019395401686728153e+00
1.015011156118622138e+00
1.029918305229420072e+00
1.013039602569446362e+00
1.017969872082549410e+00
1.018288593990664515e+00
1.020364382525454250e+00
1.012104938510609120e+00
1.021259967542986313e+00
1.012941633732840740e+00
1.000221001887399819e+00
1.002856152135949808e+00
1.007397176001324945e+00
1.009885788482288271e+00
1.002520596113645635e+00
9.934122582868976092e-01
9.959198304336939200e-01
9.860781809226354389e-01
9.870786721118136597e-01
9.899376701360285136e-01
9.828458086013307504e-01
9.931543985782573802e-01
9.903939734028911479e-01
9.861650013358991274e-01
9.920141393287883469e-01
9.966637361563199793e-01
9.942050352216877940e-01
9.937361090738573433e-01
1.000704091667376394e+00
1.001658480931511441e+00
1.002111252498626870e+00
1.006640325558215476e+00
1.007887688055638442e+00
9.998631354375407954e-01
1.007528708761298741e+00
1.007560065509080838e+00
1.000572852102406873e+00
1.003665894007829573e+00
9.956950820104395472e-01
1.006920807351030955e+00
9.951895914291104539e-01
9.961012341861019692e-01
1.006000669330354480e+00
1.004652431350771202e+00
1.000033960948103928e+00
1.003019117956844619e+00
9.972231097396192512e-01
1.005935503784012086e+00
9.990164876084111079e-01
1.000530479656334792e+00
9.983274599496233526e-01
9.994794208977760830e-01
9.996770464986579618e-01
9.976089408232514666e-01
9.977417000417804216e-01
1.000211068438008111e+00
9.972738004535002254e-01
9.948432702110319159e-01
9.958922590950233245e-01
1.001803290964889515e+00
9.958012012310912819e-01
9.953301562735062946e-01
9.970238860553397586e-01
1.002419614444148399e+00
9.954407287263321580e-01
9.993039078622252269e-01
9.989141465122930441e-01
9.965921118849909721e-01
9.965379957464141070e-01
1.003128669914703508e+00
9.970818471315088249e-01
1.001170823032836221e+00
9.999852640404885973e-01
9.981122303901840409e-01
9.990694549922514156e-01
9.952512395375658905e-01
9.981787873078739048e-01
9.993927278012296744e-01
9.963868585243835785e-01
9.965184287270205665e-01
9.979303104996375406e-01
9.952213287596267666e-01
9.952714982563888313e-01
9.988193076252799285e-01
9.975720778271600642e-01
9.973536891584124930e-01
9.997788853539527620e-01
9.961969743700879176e-01
1.004233235934076873e+00
9.963126290960505616e-01
9.996455230693488403e-01
9.981019642359271193e-01
9.987838237300151745e-01
9.959456077736350554e-01
9.979570993705279003e-01
9.959552451067040790e-01
9.984830875201742284e-01
9.944962359532013574e-01
9.965408051047783822e-01
1.000352423480903585e+00
9.978857113852515059e-01
9.975523995468218441e-01
9.988521577694977616e-01
9.979904783523806389e-01
9.990811091611793149e-01
9.959209837165028389e-01
9.987207033113740806e-01
9.969769440409760319e-01
9.981443909520449909e-01
9.948291226369061491e-01
9.956941440350198791e-01
9.969345140149692419e-01
9.966486923673210097e-01
9.964534393226531783e-01
9.981136987083251144e-01
9.977573488865060236e-01
9.958686822949340822e-01
9.997699300494307106e-01
9.967480125049745787e-01
9.972400076633147759e-01
9.965726023489173135e-01
9.968313962652075588e-01
9.961543046030812976e-01
9.998810720817407072e-01
9.973588542718790917e-01
9.943139144874567625e-01
9.983105530399675187e-01
9.920355274840699789e-01
9.982290355437113405e-01
1.000047565142853090e+00
9.989899485769508924e-01
9.970185607060615407e-01
9.990414187757856723e-01
9.992274708626495139e-01
9.972101370359588435e-01
1.000006634986478682e+00
9.983636381914581248e-01
1.003366778764400280e+00
9.955414722104963809e-01
9.947069718194138099e-01
9.998971656074336911e-01
9.984680998218623538e-01
9.957369087189635870e-01
1.000220563800356288e+00
9.990169431805389078e-01
9.999546018244892531e-01
9.989223426698551345e-01
9.970989144884033761e-01
9.986725093717262469e-01
1.000870099573534899e+00
9.984423588762726398e-01
9.996723972429665261e-01
9.989337941361207118e-01
1.001561930607383299e+00
9.960550223250161928e-01
9.958944970605814184e-01
9.980321808552659046e-01
9.989925524436024107e-01
1.004630282521202567e+00
9.985263496393311788e-01
1.001434526920293333e+00
1.000278603071133476e+00
1.001324373006643453e+00
9.999518234503662617e-01
9.986322381473161647e-01
9.999559812386509261e-01
1.002448414061062776e+00
1.000897952469812058e+00
1.001650287636191905e+00
9.995820236432449990e-01
9.984701914565796699e-01
9.990952876597958277e-01
1.000693615559020921e+00
9.977027493841973405e-01
1.000760065550919009e+00
9.974708047895531893e-01
1.000066641518242871e+00
1.002498408103305039e+00
1.000486857255505901e+00
1.000508412838744254e+00
1.001234395294285706e+00
1.000251895478327713e+00
9.991536373765913526e-01
9.994478100536015042e-01
9.984501162265903007e-01
1.002258660077322228e+00
9.967723310687129912e-01
9.997548883304273604e-01
1.000013883754845345e+00
9.988973813048224182e-01
9.986328341410886100e-01
1.000265318589712571e+00
1.001158425360423099e+00
9.998282313310089542e-01
9.964776790558792507e-01
1.002406783242065780e+00
9.996406660756532725e-01
1.000537885961799933e+00
1.000176258243716809e+00
1.002013547370784075e+00
9.974139591462948262e-01
9.996635354905130111e-01
1.002325273914193460e+00
9.994020647666614909e-01
9.990663525341051399e-01
9.989253122752891345e-01
1.001520663298552050e+00
9.988812352754389279e-01
1.001186285195542647e+00
9.997772720236778321e-01
9.991657281902589505e-01
9.991954722417495383e-01
9.977748625613627187e-01
9.991259608297392569e-01
9.997833338138113479e-01
1.001906337432323379e+00
9.956594022770641761e-01
9.970653500828473570e-01
9.995915297218822548e-01
9.984428462074039778e-01
1.000847428232860326e+00
1.000595590439652183e+00
1.002644214414096568e+00
1.000020879370680627e+00
1.001237587037835386e+00
9.991353048758923050e-01
9.986056784564666389e-01
1.001778558355614912e+00
1.000225006697835095e+00
9.962678571069742972e-01
9.998723921954010274e-01
9.998386759896403797e-01
9.986647847682308399e-01
9.981782827936045432e-01
9.988722958381131001e-01
1.000279757839640515e+00
1.000370339937160402e+00
9.980336307293318221e-01
9.977963893558248198e-01
9.979020443487168768e-01
9.977314297545607502e-01
9.993365397582327780e-01
1.001992006557349102e+00
9.990514023673802146e-01
9.979822022040488738e-01
9.973906235427816291e-01
1.000072877531799964e+00
9.985453192186175553e-01
1.000781736703826974e+00
9.984802657781911561e-01
9.984513116494198037e-01
9.982915531563554268e-01
9.994200490185771724e-01
9.973978106252742171e-01
9.990888716617591925e-01
9.986617893321879658e-01
9.986150540031637490e-01
9.969897103086209356e-01
9.970433471889509347e-01
9.996732670314707470e-01
9.968870640567035757e-01
9.969098274826663220e-01
9.983739210204393144e-01
9.993429262377218070e-01
9.961707465896207925e-01
9.984583438684400125e-01
9.983378468945964812e-01
9.962006303705654986e-01
9.998194201578135543e-01
9.979684161055083491e-01
9.998789815324292674e-01
9.980343530569114607e-01
9.958215554195878338e-01
9.965553114324617878e-01
9.968271001687618593e-01
9.979289012171811413e-01
9.968397168311713408e-01
9.974366414390229973e-01
9.971552818109826744e-01
9.968962592025069069e-01
9.960627583988129752e-01
9.890583774009794604e-01
9.800768306909911631e-01
9.715029848178317051e-01
9.611231357217230320e-01
9.562159761956463555e-01
9.470540561376464828e-01
9.387352847073467954e-01
9.295421653212837532e-01
9.231566436867255643e-01
9.158938172332522498e-01
9.066720102620053900e-01
8.964774882584833904e-01
8.901668670504847558e-01
8.841173534948570945e-01
8.762883206459415320e-01
8.674811875758703383e-01
8.587310198657954752e-01
8.524738040623435209e-01
8.446306247764404640e-01
8.363179146450208101e-01
8.298658461771241113e-01
8.226335620625127021e-01
8.146263863321376864e-01
8.069676041831050917e-01
7.991958988706131528e-01
7.920963796571873772e-01
7.846796931608820413e-01
7.769656246015063106e-01
7.694177407763030940e-01
7.643014902609209793e-01
7.566111224398686108e-01
7.478063521554701998e-01
7.402737215300583262e-01
7.335610883862216935e-01
7.261830777766049572e-01
7.195357528150706505e-01
7.139628080417191880e-01
7.057315688069000226e-01
7.016407155547110808e-01
6.916416312592091886e-01
6.846109393791975917e-01
6.781949381915125530e-01
6.712945946943308373e-01
6.654919636182330400e-01
6.592163407876017178e-01
6.523100806320599743e-01
6.441152813626481732e-01
6.372128356942169392e-01
6.308967369167933770e-01
6.256566041504530995e-01
6.185349868392174821e-01
6.113673091784330715e-01
6.062046277706886199e-01
5.996489081001824539e-01
5.941358248946075893e-01
5.850355932014709159e-01
5.805749929836446777e-01
5.746035083351873629e-01
5.671144752705284953e-01
5.608655693886781535e-01
5.544876832609977324e-01
5.481323306554958252e-01
5.440239152717276649e-01
5.375536293381757424e-01
5.299929542079738765e-01
5.233669478704031652e-01
5.177180569117706410e-01
5.122167672819197826e-01
5.054545845887701283e-01
5.014458888154168514e-01
4.957986487705269840e-01
4.887862029908888739e-01
4.810481864054121370e-01
4.761373464386176035e-01
4.704932854162666711e-01
4.649661856783741110e-01
4.597079413074792731e-01
4.531914847911536204e-01
4.481391237514933956e-01
4.417798252085152755e-01
4.365996809157335345e-01
4.302130824713112367e-01
4.265678610921648795e-01
4.195416508987702131e-01
4.145884969716236990e-01
4.075459488148647225e-01
4.032351734177746505e-01
3.975476008603241462e-01
3.917229444176076880e-01
3.872772678768856003e-01
3.819330592954362502e-01
3.751953930927260372e-01
3.701233192333979183e-01
3.650876995953478699e-01
3.608144032433293624e-01
3.547347913925402718e-01
3.489761971388820605e-01
3.438123646056152616e-01
3.388578865995174327e-01
3.341774909684029904e-01
3.287058070348550798e-01
3.240362826654945572e-01
3.179734468663295566e-01
3.133529030180590147e-01
3.084411462610819887e-01
3.034048779875832547e-01
2.981863393364783676e-01
2.942359970300640337e-01
2.885058177347956665e-01
2.837258492998340764e-01
2.792501730143552852e-01
2.739164739279589256e-01
2.696056020620109517e-01
2.639560424327910271e-01
2.594449429428671849e-01
2.542956267805350223e-01
2.497271081814089744e-01
2.448506008868842343e-01
2.408007309787437433e-01
2.357596063889743632e-01
2.309162109674777197e-01
2.257433616273516186e-01
2.216811627787524108e-01
2.166810044407840585e-01
2.114819947629254238e-01
2.070373165210061539e-01
2.023083299939062718e-01
1.984976067362182184e-01
1.934897817261816422e-01
1.888636485330370540e-01
1.840292940032657865e-01
1.798176460292523759e-01
1.749602127969534793e-01
1.717811196983573818e-01
1.663414213030753597e-01
1.627000366974487022e-01
1.577709511058311975e-01
1.544409893050990856e-01
1.494276381786517893e-01
1.448782525603212745e-01
1.405967081194993418e-01
1.366148325020460907e-01
1.323690168807172551e-01
1.280154572200009888e-01
1.237656621103256083e-01
1.197146906727522275e-01
1.152881434404665062e-01
1.123498637470095179e-01
1.087930292758071543e-01
1.063707207815327710e-01
1.023596043227392310e-01
9.959090429147718360e-02
9.667124803986895665e-02
9.367390806668861314e-02
9.155647872884625782e-02
8.848595846971460399e-02
8.586568444409473089e-02
8.378215605999118909e-02
8.092332482580935626e-02
7.868671784683023418e-02
7.623070241540784442e-02
7.415111535181628799e-02
7.174437028819535822e-02
6.970824837644863659e-02
6.768669043252309447e-02
6.515129681952107343e-02
6.367061320156544579e-02
6.193808421916993656e-02
5.985335684979600779e-02
5.797523108284425436e-02
5.655094033428485767e-02
5.458661581165534515e-02
5.299948880288378461e-02
5.142466522554835218e-02
4.966453737670751406e-02
4.796297112078284908e-02
4.643259027394742305e-02
4.506653405780487731e-02
4.361718507918658366e-02
4.204244429382890391e-02
4.063980424439592870e-02
3.974871496830418433e-02
3.821974794349767418e-02
3.694435076576762372e-02
3.554111765320601413e-02
3.434237535415141096e-02
3.328953692646186707e-02
3.209617107138424547e-02
3.076147821797541385e-02
2.984481113229434449e-02
2.864000214058608218e-02
2.779570173315523696e-02
2.669594994132572924e-02
2.576410448955768553e-02
2.480688785152102352e-02
2.377009385998812493e-02
2.300932075851876146e-02
2.186654298123372198e-02
2.100490139988088131e-02
2.037907656353892677e-02
1.949288471739835799e-02
1.842347592177841220e-02
1.764315134147659628e-02
1.686550501867619886e-02
1.623924453041886498e-02
1.557598396026276845e-02
1.495191172799266791e-02
1.420727532718602491e-02
1.367199528763209278e-02
1.304341281069666333e-02
1.230165884315450979e-02
1.184751903999589628e-02
1.115871475766076759e-02
1.062362081486654085e-02
1.012905927453600953e-02
9.680008617794666481e-03
8.966780259606290174e-03
8.533405440823328345e-03
8.029852557639806376e-03
7.627682366575802911e-03
7.285541074406163067e-03
6.616523220007222532e-03
6.307567589634325775e-03
5.884219119885138703e-03
5.490960844723408001e-03
5.213475984380032749e-03
4.783112276257540235e-03
4.403817522953118284e-03
4.178741086369198825e-03
3.864208541395117592e-03
3.595861252468854526e-03
3.282875874993537463e-03
2.982692877654126787e-03
2.805204621641968748e-03
2.605160894661504196e-03
2.280574446736535841e-03
2.067076420865028314e-03
1.895523909643550458e-03
1.690727886228021249e-03
1.498730303935520832e-03
1.328316722530963620e-03
1.111180513717246066e-03
9.766370679332686371e-04
8.572035396343950699e-04
7.634766517140828936e-04
6.095175125025095730e-04
4.837539539143115427e-04
3.907425128605505438e-04
3.282303742844256030e-04
2.517199886622042623e-04
1.795456325817046590e-04
1.426836859678026097e-04
8.608820356947126363e-05
4.882773860462742943e-05
2.267970015396805438e-05
8.476910979197945048e-06
1.408178702691782135e-06
0.000000000000000000e+00
0.000000000000000000e+00
0.000000000000000000e+00
0.000000000000000000e+00
0.000000000000000000e+00
0.000000000000000000e+00
0.000000000000000000e+00
0.000000000000000000e+00
0.000000000000000000e+00
0.000000000000000000e+00
0.000000000000000000e+00
0.000000000000000000e+00
0.000000000000000000e+00
0.000000000000000000e+00
0.000000000000000000e+00
0.000000000000000000e+00
0.000000000000000000e+00
0.000000000000000000e+00
0.000000000000000000e+00
0.000000000000000000e+00
0.000000000000000000e+00
0.000000000000000000e+00
0.000000000000000000e+00
0.000000000000000000e+00
0.000000000000000000e+00
0.000000000000000000e+00
0.000000000000000000e+00
0.000000000000000000e+00
0.000000000000000000e+00
0.000000000000000000e+00
0.000000000000000000e+00
0.000000000000000000e+00
0.000000000000000000e+00
0.000000000000000000e+00
0.000000000000000000e+00
0.000000000000000000e+00
0.000000000000000000e+00
0.000000000000000000e+00
0.000000000000000000e+00
0.000000000000000000e+00
0.000000000000000000e+00
