0.000000000000000000e+00
0.000000000000000000e+00
0.000000000000000000e+00
0.000000000000000000e+00
0.000000000000000000e+00
0.000000000000000000e+00
0.000000000000000000e+00
0.000000000000000000e+00
0.000000000000000000e+00
0.000000000000000000e+00
0.000000000000000000e+00
0.000000000000000000e+00
0.000000000000000000e+00
0.000000000000000000e+00
0.000000000000000000e+00
0.000000000000000000e+00
0.000000000000000000e+00
0.000000000000000000e+00
0.000000000000000000e+00
0.000000000000000000e+00
0.000000000000000000e+00
0.000000000000000000e+00
0.000000000000000000e+00
0.000000000000000000e+00
0.000000000000000000e+00
0.000000000000000000e+00
0.000000000000000000e+00
0.000000000000000000e+00
0.000000000000000000e+00
0.000000000000000000e+00
0.000000000000000000e+00
4.204324836355886191e-03
5.891483201251289381e-02
2.411622640568215903e-01
5.789054682391022721e-01
9.427481693949864017e-01
1.214728969666951208e+00
1.407920248487996462e+00
1.473178987943551510e+00
1.483316295073063396e+00
1.436620473589751645e+00
1.438774116704477635e+00
1.373887728671359554e+00
1.332945443595025647e+00
1.296185527188320474e+00
1.242945442125663602e+00
1.204935064147643953e+00
1.152810751163845460e+00
1.151212345539529114e+00
1.149226518715323442e+00
1.157195145064179531e+00
1.156212600762357212e+00
1.124317909760462086e+00
1.073814384844816283e+00
1.033424908437268419e+00
9.771638273277264419e-01
9.653706965937352003e-01
9.553770277264111987e-01
9.468173383379543395e-01
9.526262907171688665e-01
9.523128853572718766e-01
9.604322708849807322e-01
9.689726536455839367e-01
9.775376005167560889e-01
9.870317847917390308e-01
9.956569889176994925e-01
9.871649425424671165e-01
1.001359995375563861e+00
9.872300478562325843e-01
9.961297149154035857e-01
1.011895215485617339e+00
1.001062618487313705e+00
1.006147704028865553e+00
1.010490798762422759e+00
1.006190448685199801e+00
9.964860805805251243e-01
9.955263757402630365e-01
1.004500706980635982e+00
1.005532319385476381e+00
1.002728932752803503e+00
1.008525530927582015e+00
9.970926437043997614e-01
1.005427304510654096e+00
9.867504445591774864e-01
9.859320102684705489e-01
9.858090867727988815e-01
9.839878318507259136e-01
9.846483295703599703e-01
9.867368806512721857e-01
9.780265891451872529e-01
9.735121131283107632e-01
9.831623656559980162e-01
9.842871049999052380e-01
9.758331069152352821e-01
9.882263553145786972e-01
9.909880422361271313e-01
9.895594548380368671e-01
1.000927496392384874e+00
9.859571280917925895e-01
9.970541981586262814e-01
9.882402071400886445e-01
1.001378946510429246e+00
9.902579194813462271e-01
9.906072613723853060e-01
9.953146738759676149e-01
9.920134733197903953e-01
9.993273494721430783e-01
9.943451072412633485e-01
9.987822330710024454e-01
9.941642942627130219e-01
9.980485892835589956e-01
9.957055811503807696e-01
9.951008390790856417e-01
9.953208210592208172e-01
9.923051314550398461e-01
9.965675999977712252e-01
9.930709416861355221e-01
9.886670693055173986e-01
9.866466483442628554e-01
9.929059132030150225e-01
9.918187575173765813e-01
9.900086133069251337e-01
9.876270247241577538e-01
9.879392192763505331e-01
9.880018402227920271e-01
9.899788768080135526e-01
9.966151676845170782e-01
9.889779544030764535e-01
9.868680834917389344e-01
9.881569828015119850e-01
9.921079022618098930e-01
9.890592458058534708e-01
9.934254164930903519e-01
9.863625485507513391e-01
9.867214762562366293e-01
9.947356983538298003e-01
9.898333598617773399e-01
9.933258264147569738e-01
9.969227096161470403e-01
9.911853185131226374e-01
9.908110111077981230e-01
9.934651357920574188e-01
9.904514417040027885e-01
9.958246005037697524e-01
9.924128056003154175e-01
9.962181880171691040e-01
9.969764717849566305e-01
9.965679775355971159e-01
9.976014371039421125e-01
9.908181067827417365e-01
9.958688468890225520e-01
9.935657864383665716e-01
9.924482156132887756e-01
9.956060800490480478e-01
9.967713763149912420e-01
9.973643366472112470e-01
9.996068086516162188e-01
9.953210089147490613e-01
9.918038474633323887e-01
9.973502661848250295e-01
9.976139497783743648e-01
9.915029435249822498e-01
9.960915624719888228e-01
9.936205411650574915e-01
9.953756809561260521e-01
9.964574699482079412e-01
9.934408606671841779e-01
9.954747851931615710e-01
9.952537754467996045e-01
9.983993858443629410e-01
9.962482854335701354e-01
9.942093478778830651e-01
9.962925860212537010e-01
9.929027966776091674e-01
9.937952888267328477e-01
9.937112714039035843e-01
9.946200136350890064e-01
9.930616816610182696e-01
9.922450195046136345e-01
9.902950202765903320e-01
9.910163698582787895e-01
9.915245404567875065e-01
9.926406089223887008e-01
9.938129132277435662e-01
9.958105595127436649e-01
9.904782317457453411e-01
9.989018318332169022e-01
9.918552725756053512e-01
9.896325377072748841e-01
9.924649032103625146e-01
9.924434312026202409e-01
9.941269245734174476e-01
9.944600413820933182e-01
9.955549631738128680e-01
9.927516615573036551e-01
9.929826351372655902e-01
9.910550098964088228e-01
9.913169920821504055e-01
9.937822707540800993e-01
9.924795356426580062e-01
9.931727186614177638e-01
9.898300952860867863e-01
9.930884911027638706e-01
9.961218553894704009e-01
9.924392886061138563e-01
9.919630327813651061e-01
9.941440873264283384e-01
9.987080316962049231e-01
9.947294158947530551e-01
9.949002182532317162e-01
9.973179412368329277e-01
9.928836405823765476e-01
9.975736709454389173e-01
9.919689741107066139e-01
9.943141099059161769e-01
9.950608298556485876e-01
9.952395533026333618e-01
1.000436681832157504e+00
9.925929469807461825e-01
9.964393590379410082e-01
9.978727651121701570e-01
9.947008989190078143e-01
9.953449620990560964e-01
9.964283867862483435e-01
9.958526582091099533e-01
9.972683237862602912e-01
9.970784606009875928e-01
9.962488142946602787e-01
9.977060886693940311e-01
9.972585242828370111e-01
9.955640060413055714e-01
9.972057359483421646e-01
9.972870764531801546e-01
9.984431865451378618e-01
9.978552495063757188e-01
9.980436887189794160e-01
9.975934245988586913e-01
9.977255510974082364e-01
9.952716170651231264e-01
9.936935805375227693e-01
9.975802744113106968e-01
9.944267683029267557e-01
9.964851040887849898e-01
9.977519828658814038e-01
9.984675834001798256e-01
9.985356222674762749e-01
9.988443444742106658e-01
9.987153465965741272e-01
9.996511332588207122e-01
9.996406593243440941e-01
9.981634764680137328e-01
9.955568214719523468e-01
9.976852406586360633e-01
9.981531382182481371e-01
9.961190683987161121e-01
9.972630793002725813e-01
9.949426265937985070e-01
9.995441870127287354e-01
9.970547180873379212e-01
9.991740444151149259e-01
9.978680060315437972e-01
9.979610269407117595e-01
9.970523906348934817e-01
9.960336349059735195e-01
9.979362972090687345e-01
9.984084628902946124e-01
9.974723264898991415e-01
9.959100542353839236e-01
9.980181810456444369e-01
9.987823691541655169e-01
9.980944049915684291e-01
9.994765702385617345e-01
9.961318598334492069e-01
1.001568235153150965e+00
9.979385054634652974e-01
1.000938023065010896e+00
9.965396697989044039e-01
9.963571265327695325e-01
9.962366716592793159e-01
9.966264889322439258e-01
9.992699640167519437e-01
9.956425023188626433e-01
9.967397280084278055e-01
9.985212949333113208e-01
9.976394535649025785e-01
9.981700892442126882e-01
9.996284020645331836e-01
9.969159639675795326e-01
9.997288031399894637e-01
9.991375617339128823e-01
9.955706524170856442e-01
9.958036052731203958e-01
9.970382182749649713e-01
9.991087356237887684e-01
9.953657065325999254e-01
9.978118950692701494e-01
9.975073084935912604e-01
9.989107249175906977e-01
9.988624156235140772e-01
9.989649582004891393e-01
9.984145073400767512e-01
1.000255105683928170e+00
9.980278596304944516e-01
9.970858558515451886e-01
9.979682863764549605e-01
9.971675507841766262e-01
9.997553089955798500e-01
1.000187019471043381e+00
9.986267628669597274e-01
1.000141786071584660e+00
9.966274387853469863e-01
9.967582316201321069e-01
9.986933153692453269e-01
9.979091106353432661e-01
9.976278667308033921e-01
9.986940702511293289e-01
1.000244045418747563e+00
9.993939152404738291e-01
9.962110084530794163e-01
9.998021856507322003e-01
9.969491158790418917e-01
9.996554310008634037e-01
9.999874730364171072e-01
9.956170153343992801e-01
9.976850790923070811e-01
9.994448144327909844e-01
9.986106192422673500e-01
9.984454397222093380e-01
9.969444246233468698e-01
9.959539771462587732e-01
1.000342790270893678e+00
9.991983476309146406e-01
9.959614278044016666e-01
9.975061119375415730e-01
9.972573842962041413e-01
1.000337500028329663e+00
9.968786502186998133e-01
9.988457092164216844e-01
9.985404486862833329e-01
9.988006013113379655e-01
9.994528032549534480e-01
9.989041655772664674e-01
9.988442888194434266e-01
9.990746213448203905e-01
9.987288454074139121e-01
9.981329534354009825e-01
9.992633148006221377e-01
9.991909029166049505e-01
1.000651553967345286e+00
9.971721615586793819e-01
9.974121932515217503e-01
9.960153147408272734e-01
9.914396362352472236e-01
9.838017028664297614e-01
9.730815588617747203e-01
9.657551362006340234e-01
9.588798414818475724e-01
9.486182453040871154e-01
9.423312135231048936e-01
9.328658119189391362e-01
9.239201630760703887e-01
9.171821261927021185e-01
9.073160916554934285e-01
9.010046967679741226e-01
8.912762620861468532e-01
8.844631153673838675e-01
8.769668025168886327e-01
8.685426228086154943e-01
8.596156488188860800e-01
8.534373701634363485e-01
8.442763867781299947e-01
8.368704802535086307e-01
8.293251084253088212e-01
8.221163542051143081e-01
8.142054301615355705e-01
8.083766055448842192e-01
8.001650704441077844e-01
7.929146997478021541e-01
7.849737196369750425e-01
7.776774506232150275e-01
7.711673565742053205e-01
7.632217323366574657e-01
7.564689957255010810e-01
7.497407615774486223e-01
7.433837960408835599e-01
7.360064442887457314e-01
7.286756082907924759e-01
7.197098718427155095e-01
7.136438662810211664e-01
7.063094240307387084e-01
6.990075947639279308e-01
6.907979380218576271e-01
6.855762938232490278e-01
6.791301191597685083e-01
6.728051970385139358e-01
6.639304838375321705e-01
6.592433754428633774e-01
6.533022452391838986e-01
6.464753294947692686e-01
6.390724015167732475e-01
6.318349641687230900e-01
6.273392263184679463e-01
6.206816788441116284e-01
6.127060567611306574e-01
6.078317045069769886e-01
5.998622423186877883e-01
5.941003863424864084e-01
5.871880966741923613e-01
5.825916498130965238e-01
5.764759860220123322e-01
5.700343260213011076e-01
5.626063949982181844e-01
5.560804215291809127e-01
5.501294352044546754e-01
5.438316983229112278e-01
5.381731711110299132e-01
5.319193021258387111e-01
5.261030673315041373e-01
5.195740064294054328e-01
5.140662494158012574e-01
5.084545269795077704e-01
5.018530315782976370e-01
4.971108482795934536e-01
4.911972136120890675e-01
4.852584735788730841e-01
4.799586477993724731e-01
4.735267136748714245e-01
4.675843352534891362e-01
4.612017829857918971e-01
4.553776954109439723e-01
4.498418688033301027e-01
4.447566756647424735e-01
4.386449190686158572e-01
4.328428468714359822e-01
4.276336697823479027e-01
4.213522519693494450e-01
4.168454948015129502e-01
4.119150299732095011e-01
4.051826542306902756e-01
3.998013635876990213e-01
3.947719938502658454e-01
3.884266746397333492e-01
3.832221739582563624e-01
3.770407030522460179e-01
3.729961143662395284e-01
3.669755965854918367e-01
3.611953002654135769e-01
3.560723359659751508e-01
3.507416635322356813e-01
3.456191800116301671e-01
3.403759276717940874e-01
3.352191756107869014e-01
3.312465316217068079e-01
3.254038047829816982e-01
3.206115092669047928e-01
3.145242593157741018e-01
3.109230240863059547e-01
3.047979877170910457e-01
2.995469832471229776e-01
2.952304136250115674e-01
2.903721862453245706e-01
2.859768591986281971e-01
2.800881408138845008e-01
2.744150242556628316e-01
2.702085536950171174e-01
2.649261626065562147e-01
2.603455451320948466e-01
2.556314407472120576e-01
2.505647153705637398e-01
2.463518653029313221e-01
2.408469808340326646e-01
2.362568420618183784e-01
2.315040300849185717e-01
2.271683688716159832e-01
2.223985011216773333e-01
2.179334976024373538e-01
2.129488986017619434e-01
2.087268765290855588e-01
2.040303203023487444e-01
1.988115904003938117e-01
1.945726450929712303e-01
1.900050055546468331e-01
1.852726585964065698e-01
1.813072849114624463e-01
1.761081759088766185e-01
1.718626110821456776e-01
1.680419041776806677e-01
1.631077892900452686e-01
1.588544113262096436e-01
1.544573714709519818e-01
1.498159300594914534e-01
1.451994314121664575e-01
1.406456712303392476e-01
1.372817834174711316e-01
1.329244944034304321e-01
1.279441693764064025e-01
1.229718207499635729e-01
1.198455345253327253e-01
1.162179649447851598e-01
1.124407862002584774e-01
1.088337104776052472e-01
1.062815979613201400e-01
1.024553271603942106e-01
9.920304260882753522e-02
9.614236538296626333e-02
9.418542233095297811e-02
9.114001051068713888e-02
8.862878260115879259e-02
8.589859152396971120e-02
8.327015965589308621e-02
8.048287701347164869e-02
7.838382416673879416e-02
7.605431989405547766e-02
7.407264244679631626e-02
7.195145585997124449e-02
7.000904134611568574e-02
6.765429736242094261e-02
6.543794929538872263e-02
6.366106498912187106e-02
6.197143864738675206e-02
5.984002337675405070e-02
5.827419333442505206e-02
5.615573895219591605e-02
5.439556402620557285e-02
5.318677436369907002e-02
5.127481642731047951e-02
4.976391539473121878e-02
4.831407102098200096e-02
4.664579902463904248e-02
4.498977310070198521e-02
4.373750691796999407e-02
4.244756966042449037e-02
4.092239338735689791e-02
3.969051646477630979e-02
3.813107332612591938e-02
3.686790997049271823e-02
3.562838555662731915e-02
3.447363686800879873e-02
3.317314693541124210e-02
3.223562815235544304e-02
3.081330539603843385e-02
2.983522653453343429e-02
2.891375933017443015e-02
2.779995402122836454e-02
2.646193923732108322e-02
2.567274584629320594e-02
2.468309973290748471e-02
2.374979991268273694e-02
2.283180322890450420e-02
2.209303988628705598e-02
2.107841283333601601e-02
2.030646995872496113e-02
1.930079135596268758e-02
1.867560598725295437e-02
1.771274684225319224e-02
1.702033909943373793e-02
1.636141679693579529e-02
1.561426292932455509e-02
1.485674585476062619e-02
1.432611201618133254e-02
1.360826513591054630e-02
1.294947084194179691e-02
1.237548514564619680e-02
1.157829162345581052e-02
1.108179325384514927e-02
1.043706765189395501e-02
1.008336993916336341e-02
9.514030146245239586e-03
9.023932872689308105e-03
8.393571433019660771e-03
7.995101492494055204e-03
7.591915251364645539e-03
7.138456250449743898e-03
6.841386893039664435e-03
6.299319053881238285e-03
5.847577825357925738e-03
5.605535406552773249e-03
5.085226570288686049e-03
4.728985864376172854e-03
4.449195549925510917e-03
4.183684250482452502e-03
3.917915075181827890e-03
3.559163461918276369e-03
3.195187387829556604e-03
2.995487422433350255e-03
2.787497163274394764e-03
2.499542787287625280e-03
2.239217157402429142e-03
2.073001490309315381e-03
1.810353815294567324e-03
1.647186341597792507e-03
1.442878001764106091e-03
1.279553055973475318e-03
1.111891074209682070e-03
9.546942713695049558e-04
8.191348771212022834e-04
7.152579283908400750e-04
6.188882415205711760e-04
4.862749664104849216e-04
4.208074098627259912e-04
3.090114039477573913e-04
2.498472546731326073e-04
1.776651753793849248e-04
1.288699670390152871e-04
8.943504736829423717e-05
5.025972096363996559e-05
2.221154409067863043e-05
5.181346351827147105e-06
1.408453759466214365e-06
0.000000000000000000e+00
0.000000000000000000e+00
0.000000000000000000e+00
0.000000000000000000e+00
0.000000000000000000e+00
0.000000000000000000e+00
0.000000000000000000e+00
0.000000000000000000e+00
0.000000000000000000e+00
0.000000000000000000e+00
0.000000000000000000e+00
0.000000000000000000e+00
0.000000000000000000e+00
0.000000000000000000e+00
0.000000000000000000e+00
0.000000000000000000e+00
0.000000000000000000e+00
0.000000000000000000e+00
0.000000000000000000e+00
0.000000000000000000e+00
0.000000000000000000e+00
0.000000000000000000e+00
0.000000000000000000e+00
0.000000000000000000e+00
0.000000000000000000e+00
0.000000000000000000e+00
0.000000000000000000e+00
0.000000000000000000e+00
0.000000000000000000e+00
0.000000000000000000e+00
0.000000000000000000e+00
0.000000000000000000e+00
0.000000000000000000e+00
0.000000000000000000e+00
0.000000000000000000e+00
0.000000000000000000e+00
0.000000000000000000e+00
0.000000000000000000e+00
0.000000000000000000e+00
0.000000000000000000e+00
0.000000000000000000e+00
