0.000000000000000000e+00
0.000000000000000000e+00
0.000000000000000000e+00
0.000000000000000000e+00
0.000000000000000000e+00
0.000000000000000000e+00
0.000000000000000000e+00
0.000000000000000000e+00
0.000000000000000000e+00
0.000000000000000000e+00
0.000000000000000000e+00
0.000000000000000000e+00
0.000000000000000000e+00
0.000000000000000000e+00
0.000000000000000000e+00
0.000000000000000000e+00
0.000000000000000000e+00
0.000000000000000000e+00
0.000000000000000000e+00
0.000000000000000000e+00
0.000000000000000000e+00
0.000000000000000000e+00
0.000000000000000000e+00
0.000000000000000000e+00
0.000000000000000000e+00
0.000000000000000000e+00
1.332312524029392599e-05
1.744436892138915294e-03
2.670682231731342018e-02
1.854288639325044064e-01
7.099274996449980168e-01
1.499023190222567248e+00
2.020072967254978202e+00
2.084843659531507409e+00
1.886024146043496108e+00
1.628110159781166910e+00
1.407650667327760896e+00
1.243427477146216154e+00
1.149492938027875777e+00
1.061206134484099950e+00
9.788829591330312496e-01
9.213855299025850432e-01
8.970499537220804065e-01
8.940062799435249952e-01
9.061160757616011363e-01
9.174686820225469441e-01
9.368771412018522815e-01
9.537515512319112432e-01
9.657073723158607903e-01
9.777461285839728067e-01
9.818259258493630126e-01
9.882732341882850546e-01
9.948336982120548067e-01
9.972575450290850352e-01
9.948013978289214077e-01
9.921359361318646819e-01
9.844821521870018577e-01
9.794219796585903470e-01
9.714978600880223025e-01
9.661467890662240876e-01
9.578484485371951962e-01
9.550555836896167383e-01
9.557978487530481848e-01
9.585691634768963576e-01
9.679887650780381048e-01
9.758846802832255030e-01
9.855914670834969860e-01
9.972993784343948676e-01
1.007862666894248971e+00
1.015683412045536471e+00
1.023720771992417733e+00
1.028218213493871547e+00
1.029998673742540172e+00
1.032756323139659260e+00
1.030963099326573706e+00
1.030843011377769125e+00
1.025847162292362613e+00
1.021878922796231937e+00
1.015674065131070725e+00
1.011697553776762071e+00
1.004920359328354440e+00
9.984395987665412031e-01
9.956967264596935374e-01
9.911520264532948099e-01
9.896422351348094226e-01
9.865714917872338008e-01
9.865219876871286209e-01
9.854647795126311172e-01
9.878965838302229407e-01
9.883896679056449752e-01
9.916245609889752233e-01
9.935002959194590977e-01
9.957279368410618670e-01
9.988033855771837333e-01
9.979449396755601942e-01
1.000839916532042295e+00
1.001142340669519903e+00
1.001741087484169679e+00
1.003435852948144413e+00
1.001112482677206872e+00
1.003317371179520689e+00
1.002971688932847050e+00
1.002563329451888974e+00
1.004039213741120928e+00
1.003552101680861730e+00
1.003376690355355372e+00
1.003552271004479968e+00
1.003270373626623746e+00
1.003920455543799273e+00
1.002882742028211149e+00
1.002098856037774155e+00
1.000940027931338294e+00
1.001796846447716716e+00
1.002351259864568300e+00
1.001903493042669790e+00
1.000194750628183193e+00
1.000279639921136443e+00
9.999842933560428859e-01
9.994644499376981184e-01
9.990990569889056649e-01
1.000420525834491370e+00
9.988085487921332106e-01
9.992800190808537319e-01
9.995197267756537052e-01
9.991936093773395866e-01
1.000316378061840261e+00
9.992551032980657721e-01
9.995144521136817284e-01
9.995707756442070435e-01
9.997622722399196471e-01
9.998525125214411391e-01
1.000068704526809071e+00
1.000791017152207196e+00
1.001502399369043728e+00
1.000936086744574460e+00
1.000799978155457737e+00
1.001225574930704854e+00
1.002298867681495897e+00
1.001435413503142247e+00
1.001246131646309045e+00
1.002068538815101162e+00
1.000905409634937460e+00
1.001792139788398428e+00
1.001276284840145081e+00
1.001067688532540467e+00
1.001334647959219781e+00
1.000402808778664276e+00
1.000851156382665863e+00
9.999952723203343607e-01
1.000837528353636152e+00
1.001287221319803633e+00
1.000735667974223864e+00
1.000352429403358334e+00
1.000349310562030913e+00
1.001291076131345159e+00
1.000569911941364021e+00
1.000143528549894523e+00
1.000299281926525508e+00
1.000784748840015226e+00
1.000767858098283059e+00
1.000346404883403206e+00
1.000747623752045401e+00
1.000088926054929273e+00
1.000828796506836982e+00
1.000993396762632770e+00
1.000642473676631061e+00
1.000533547437336912e+00
1.000826143212320440e+00
1.000706161410382267e+00
1.001460748601219253e+00
1.001206157123519791e+00
1.000953175606600576e+00
1.000831358431714113e+00
1.000925913051025518e+00
1.000784787332071879e+00
9.999431258691277025e-01
1.000065932767274512e+00
1.000999980855094673e+00
1.000512384195488824e+00
1.000253012871726854e+00
1.000978647074935113e+00
1.000854847467988806e+00
1.000910062333733475e+00
9.994780711454663846e-01
1.000087177930563787e+00
1.001036663298344953e+00
1.000223841116281820e+00
1.000693391073747884e+00
1.001349384066386072e+00
1.000095665093446717e+00
1.000531809974175346e+00
1.000742300393729911e+00
1.000153170390946977e+00
1.000200742447239444e+00
9.996181410206840257e-01
1.000934957768831346e+00
1.000443686634734375e+00
1.000817327263813450e+00
1.000198073232905882e+00
1.000675296029777561e+00
1.000894478996107395e+00
1.000998612232819607e+00
1.000327712977733929e+00
1.000841776119364201e+00
1.000892871232678338e+00
1.000682085486921835e+00
1.000461234961778967e+00
1.000370271526323185e+00
9.998922411917017250e-01
1.000766601145219203e+00
1.000480928437222028e+00
1.000567992964008335e+00
1.000972780917910088e+00
1.000109081374587872e+00
1.000723309191926536e+00
9.999302861675545273e-01
1.000337124971259817e+00
1.000076291575312082e+00
1.000556516067309776e+00
1.000224304195420855e+00
1.000182775232484778e+00
1.000210981532788201e+00
1.000274541849170307e+00
1.000052930934234308e+00
1.000432748223415658e+00
1.000723910231807290e+00
9.998296052241718579e-01
1.001042352804014657e+00
1.000339928580697313e+00
1.000122917928153887e+00
1.000030516270070668e+00
1.000647319540181934e+00
1.000648585803548096e+00
9.998190258116168572e-01
1.000488952655812280e+00
1.000314013871448360e+00
1.000854736495982555e+00
1.000201199128707419e+00
1.000585847345032642e+00
1.000298054857658103e+00
1.000547067102350418e+00
1.000476167886711343e+00
9.997527931600359574e-01
1.000132204986562412e+00
1.000251740420025959e+00
9.999379147293990799e-01
1.000387412277978783e+00
9.998058546760830723e-01
9.998069768697996906e-01
1.000423599217608484e+00
1.000452081735080379e+00
1.000591533142971112e+00
1.000217397315944279e+00
1.000216839870913699e+00
9.998742209054756191e-01
1.000120092946235273e+00
1.000161714081979181e+00
1.000477064313149533e+00
9.996081554437570293e-01
1.000240844533817786e+00
1.000665736822055729e+00
1.000037568671645838e+00
9.998195040156951929e-01
1.000829821167072087e+00
1.000124215864799160e+00
1.000091167892888544e+00
9.999041020007566338e-01
1.000344734555119297e+00
1.000621604230362838e+00
9.999588021178650310e-01
1.000118690779954189e+00
1.000311933618690308e+00
1.000514661245218928e+00
1.000191000710887179e+00
1.000289820489922654e+00
1.000190289708256408e+00
1.000019335363583783e+00
1.000585049634623802e+00
9.997469169084783891e-01
1.000168465155061304e+00
1.000121005207111891e+00
1.000098747690249201e+00
1.000085978001258757e+00
1.000163179243011680e+00
1.000408689552960029e+00
1.000054528196663517e+00
1.000527595082769672e+00
9.999733891726122481e-01
1.000122603923630393e+00
1.000577939598974231e+00
1.000452735045624042e+00
1.000031107151906129e+00
1.000189718003091199e+00
1.000695919269969814e+00
1.001014296468728526e+00
1.000715801510233760e+00
1.000732079342632197e+00
1.000706970629267056e+00
1.000293802951715216e+00
9.999651237962621231e-01
1.000630752508764987e+00
1.000036230912420221e+00
1.000434624273978779e+00
1.000394133137578745e+00
1.000663507933792884e+00
1.000503125096752433e+00
1.000478964223671330e+00
9.997893804759282466e-01
1.000494795097872869e+00
1.000561411572880477e+00
9.999701607029591877e-01
1.000157787683645605e+00
1.000156100927451996e+00
1.000254806790694451e+00
1.000682967864607642e+00
1.000263821244700368e+00
1.000568030689802601e+00
1.000164685498808881e+00
1.000338958937293521e+00
1.000099999546018026e+00
9.999025226488776896e-01
1.000378882787215318e+00
1.000195974328609072e+00
1.000355154184158435e+00
1.000348753803800061e+00
1.000258458439966747e+00
1.000470623898747302e+00
1.000315765915427590e+00
1.000337398994968208e+00
1.000392571696618660e+00
1.000145551291633517e+00
1.000249144988245353e+00
1.000076270897572561e+00
9.998111736167391017e-01
1.000127180359257961e+00
1.000079658500331314e+00
1.000193202825254923e+00
1.000074872840653883e+00
1.000292657882455583e+00
9.999184250033876786e-01
9.998871264329062258e-01
1.000076984930480251e+00
1.000153814770260219e+00
1.000181355610870071e+00
1.000498860759837738e+00
1.000092360715921114e+00
1.000160946292986575e+00
9.999909876706111200e-01
9.999438008720950011e-01
9.997397511992065500e-01
1.000043918140173238e+00
9.986279982143968503e-01
9.919414943677919982e-01
9.831602415982131360e-01
9.748757650499847438e-01
9.665576045363951652e-01
9.582372351760942708e-01
9.497507911876055253e-01
9.416727136550199218e-01
9.332480610878981508e-01
9.249663094343560932e-01
9.171181551101790230e-01
9.092329558686466084e-01
9.011507814682736539e-01
8.933680909610580700e-01
8.852628950652940976e-01
8.770650586539671112e-01
8.695399298928918608e-01
8.618779017110387297e-01
8.539758761891971250e-01
8.460936608755402766e-01
8.384604108359997587e-01
8.308089867655513716e-01
8.232477663151367420e-01
8.160314651893773030e-01
8.082120749447188057e-01
8.008941008587148191e-01
7.935290538990150688e-01
7.863753948130929317e-01
7.787967141537947002e-01
7.715037345531355895e-01
7.645960168897869558e-01
7.567594299803248603e-01
7.494090933536601273e-01
7.426346488993376127e-01
7.357877155773749900e-01
7.283848262042273980e-01
7.215319092141212476e-01
7.143966257019052080e-01
7.076273607592414860e-01
7.002797394389113084e-01
6.934458449405230818e-01
6.865929986089692738e-01
6.799659856896504984e-01
6.729626746811001592e-01
6.661967762274615401e-01
6.595914623426681889e-01
6.529649521361139408e-01
6.460098474237147004e-01
6.394902840699721036e-01
6.330331531730015726e-01
6.263921406547514614e-01
6.200387907865496651e-01
6.135065640199145465e-01
6.071235769117138137e-01
6.005929690416160760e-01
5.940719682298377657e-01
5.879430039357581572e-01
5.813976293854878907e-01
5.750885555344656952e-01
5.689492623022558426e-01
5.626208814366921995e-01
5.564387494433589154e-01
5.502901475645731733e-01
5.441326799323363828e-01
5.380322441918479193e-01
5.318031610673716880e-01
5.257295372811191525e-01
5.198064483296717109e-01
5.139251011082819343e-01
5.077861849139924111e-01
5.018401135265245783e-01
4.958500673932774161e-01
4.901267728738460949e-01
4.840778105651502572e-01
4.783795036895103214e-01
4.724339302976293120e-01
4.667168154176233874e-01
4.609613781511017194e-01
4.553070215869469139e-01
4.497103407482696547e-01
4.438948869437629452e-01
4.382208162497737702e-01
4.326664175203357443e-01
4.270074285721932039e-01
4.214184893503236107e-01
4.160136874196650458e-01
4.102328508235481563e-01
4.049980247157718982e-01
3.994113903368904928e-01
3.938810191506381675e-01
3.883749000017048814e-01
3.831336319365074572e-01
3.778966709482434183e-01
3.723528251601583849e-01
3.668375181276436470e-01
3.618438546925384913e-01
3.565606407048148019e-01
3.510965141549629021e-01
3.459748643894297593e-01
3.407839942792523780e-01
3.354355788465191446e-01
3.306062681910297840e-01
3.252701290370012543e-01
3.201487009134989514e-01
3.151596220425676442e-01
3.099673196658171981e-01
3.049683035970216505e-01
3.000774933713571402e-01
2.948259782477243296e-01
2.897706678291816496e-01
2.850396474506394773e-01
2.800246104896384480e-01
2.750627842288927982e-01
2.703153439382895984e-01
2.653525033492930563e-01
2.603952239922912582e-01
2.555392387387955822e-01
2.509013058007221186e-01
2.460187214787659116e-01
2.414269256988056389e-01
2.364890154734447247e-01
2.317318416396412228e-01
2.270566926554739018e-01
2.222743918469280711e-01
2.177023301304576997e-01
2.129742318758527098e-01
2.084307727339993754e-01
2.037460060413136542e-01
1.992699262018233497e-01
1.946684056203628888e-01
1.899430610964110422e-01
1.854266625248678080e-01
1.809264311604679987e-01
1.765698017349945081e-01
1.719232194198146713e-01
1.674501609292036175e-01
1.631590833406377505e-01
1.586013580453694838e-01
1.542206303873138451e-01
1.499262334748057146e-01
1.455164410583731915e-01
1.410323445326868708e-01
1.367980802876897217e-01
1.325077565275708524e-01
1.281031384098500758e-01
1.239008618458250777e-01
1.197810562759871744e-01
1.159105078032299369e-01
1.123028449572199411e-01
1.088420712678482283e-01
1.056980718071375558e-01
1.025055052212705403e-01
9.954766649491197938e-02
9.658035540480564007e-02
9.375702270620288326e-02
9.098854962396547841e-02
8.833348265873998406e-02
8.574001237944200993e-02
8.323371720496880455e-02
8.080591363809648542e-02
7.845094682595736557e-02
7.612304308713940815e-02
7.388741347216817856e-02
7.175987956038176740e-02
6.962748930702505890e-02
6.751945990471040770e-02
6.544348843951494632e-02
6.357931920065061637e-02
6.162010015964557164e-02
5.978343942469346167e-02
5.794307587120009484e-02
5.619403392044170636e-02
5.447331955414472932e-02
5.274923520582891490e-02
5.112749229749010554e-02
4.946981185872907638e-02
4.796525812236001468e-02
4.642718700033614254e-02
4.493474104270782366e-02
4.348806923351115905e-02
4.207322211796560296e-02
4.069685149339900138e-02
3.930994753826762278e-02
3.804950019319083138e-02
3.677754589054745699e-02
3.546262402013872217e-02
3.431035726551132092e-02
3.308512901720758737e-02
3.192741253859821687e-02
3.083451440093305101e-02
2.972079133244438787e-02
2.864873313955671949e-02
2.759610882214118613e-02
2.659629146093957230e-02
2.557347268577548141e-02
2.462918543476513150e-02
2.366965950864710275e-02
2.279930492988385335e-02
2.185250554162321973e-02
2.103604493211942705e-02
2.016244238675732672e-02
1.934230454360134216e-02
1.852213816933774224e-02
1.775145901146599203e-02
1.703604113569488765e-02
1.628086801341800324e-02
1.559127179842547881e-02
1.486024763938360860e-02
1.422992384002339655e-02
1.352983499552559525e-02
1.291067640074366508e-02
1.230637426387462020e-02
1.170518629139740384e-02
1.112846808656724716e-02
1.056245310938272973e-02
1.003861639252589220e-02
9.505851405307866320e-03
8.979346350893887760e-03
8.501023488320843743e-03
8.034635595425368773e-03
7.572803623025578523e-03
7.141368512388528676e-03
6.706506838763968102e-03
6.299037270201493510e-03
5.894370976690294084e-03
5.527580977938304808e-03
5.148760305543941332e-03
4.806271804112854408e-03
4.474724581237109026e-03
4.146431076170512507e-03
3.831325761701647511e-03
3.550265315554488720e-03
3.262972400946218769e-03
2.993960788696764519e-03
2.751878511108744874e-03
2.500533735491057476e-03
2.275919158079642204e-03
2.036834272128813794e-03
1.840554912850192243e-03
1.649309040404265281e-03
1.462300150635847040e-03
1.285286023208295379e-03
1.143618040553403626e-03
9.882012237154883753e-04
8.469880058248668636e-04
7.262287555116530083e-04
6.001130722071140863e-04
5.037927156144573169e-04
4.106756808472479862e-04
3.210040568405078372e-04
2.523447843682804993e-04
1.852347237256841408e-04
1.335845788402919827e-04
8.529652033558449294e-05
5.284406674545615799e-05
2.522205108693250546e-05
9.038914176772666571e-06
1.667907893168548219e-06
1.259423748186254612e-08
0.000000000000000000e+00
0.000000000000000000e+00
0.000000000000000000e+00
0.000000000000000000e+00
0.000000000000000000e+00
0.000000000000000000e+00
0.000000000000000000e+00
0.000000000000000000e+00
0.000000000000000000e+00
0.000000000000000000e+00
0.000000000000000000e+00
0.000000000000000000e+00
0.000000000000000000e+00
0.000000000000000000e+00
0.000000000000000000e+00
0.000000000000000000e+00
0.000000000000000000e+00
0.000000000000000000e+00
0.000000000000000000e+00
0.000000000000000000e+00
0.000000000000000000e+00
0.000000000000000000e+00
0.000000000000000000e+00
0.000000000000000000e+00
0.000000000000000000e+00
0.000000000000000000e+00
0.000000000000000000e+00
0.000000000000000000e+00
0.000000000000000000e+00
0.000000000000000000e+00
0.000000000000000000e+00
0.000000000000000000e+00
0.000000000000000000e+00
0.000000000000000000e+00
0.000000000000000000e+00
0.000000000000000000e+00
0.000000000000000000e+00
0.000000000000000000e+00
0.000000000000000000e+00
0.000000000000000000e+00
