0.000000000000000000e+00
0.000000000000000000e+00
0.000000000000000000e+00
0.000000000000000000e+00
0.000000000000000000e+00
0.000000000000000000e+00
0.000000000000000000e+00
0.000000000000000000e+00
0.000000000000000000e+00
0.000000000000000000e+00
0.000000000000000000e+00
0.000000000000000000e+00
0.000000000000000000e+00
0.000000000000000000e+00
0.000000000000000000e+00
0.000000000000000000e+00
0.000000000000000000e+00
0.000000000000000000e+00
0.000000000000000000e+00
0.000000000000000000e+00
0.000000000000000000e+00
0.000000000000000000e+00
0.000000000000000000e+00
0.000000000000000000e+00
0.000000000000000000e+00
0.000000000000000000e+00
4.662509467338289768e-05
1.874106879460791684e-03
2.698565584139578366e-02
1.843789993860195375e-01
7.150076877325639568e-01
1.501748708011926503e+00
2.021958818597810126e+00
2.085641101888589866e+00
1.894347409735836818e+00
1.632579231415865584e+00
1.411382198376353037e+00
1.248094958765561424e+00
1.146884152168196946e+00
1.063138844773795277e+00
9.825818214363926106e-01
9.222668775719966572e-01
9.007808084353408073e-01
8.980721068493753290e-01
9.067348225263924810e-01
9.183795494038767826e-01
9.406647206444489484e-01
9.572914003700576657e-01
9.683406817875760408e-01
9.750691587717411624e-01
9.844763326031953365e-01
9.897879094992475535e-01
9.921666214329415423e-01
9.972862001040121438e-01
9.969698221914543579e-01
9.930184913507802413e-01
9.893865731897285576e-01
9.784078692673133792e-01
9.727266301074583010e-01
9.637609048143321866e-01
9.572133634837072247e-01
9.541121790196740449e-01
9.555918466583631643e-01
9.579606212389325526e-01
9.664855207307918583e-01
9.766412232556261896e-01
9.891026392384020260e-01
9.971107432085932754e-01
1.007609750724856923e+00
1.017532784225831488e+00
1.023778838515313261e+00
1.028940358286466239e+00
1.029935455789809495e+00
1.032497011068686854e+00
1.031905153240337158e+00
1.029474628082923893e+00
1.024892879277059077e+00
1.020153435943433440e+00
1.015073841565543367e+00
1.009616750897713633e+00
1.006428049594719987e+00
9.993448360576722145e-01
9.947966642850569752e-01
9.896288978457004060e-01
9.886940261645469352e-01
9.866430337648250948e-01
9.856674854674321029e-01
9.851237661705322113e-01
9.868404380715883883e-01
9.892498489593721800e-01
9.904367795371270544e-01
9.946793595650377240e-01
9.958278631011111548e-01
9.976074764944650175e-01
9.999157570943918438e-01
9.994075598117254655e-01
1.001308243153050892e+00
1.000751427159390250e+00
1.000535289530169125e+00
1.000948279680435649e+00
1.003123090663433192e+00
1.002749280764036799e+00
1.003339342557205249e+00
1.003543943922611037e+00
1.003348374007775323e+00
1.001891287422962407e+00
1.003436407050350532e+00
1.003009037023514516e+00
1.003036452074019591e+00
1.002027089198083587e+00
1.002668642621713735e+00
1.002553387365878068e+00
1.001232932942756060e+00
1.000700109513259495e+00
1.001037888944106280e+00
1.000096761068510531e+00
1.000037787155309665e+00
9.997563113163489001e-01
9.989997308514708685e-01
9.980336778877121340e-01
9.992384301508746569e-01
9.986459875655263607e-01
9.980870877058675150e-01
9.981489181264141530e-01
9.980959829277994411e-01
9.993662163761773964e-01
9.987027769918451758e-01
9.988263215241048876e-01
9.989247947150922124e-01
1.000151643722440253e+00
9.994319225612836588e-01
1.000124631927578944e+00
1.000694111793197116e+00
1.000655854185587446e+00
9.996790448183180411e-01
9.999802545200697779e-01
1.000954482379102561e+00
1.000154951050747476e+00
9.999534951846638098e-01
9.999278475934828547e-01
1.001287240363884834e+00
1.000082324785876775e+00
1.001024775854259197e+00
1.000161008603768442e+00
1.000304168515899761e+00
9.994641473271361765e-01
1.000028960079632379e+00
1.000297197064021759e+00
1.000240341601042804e+00
1.000091305429581467e+00
9.991222249365399044e-01
1.000843016180943623e+00
9.987978849609703280e-01
9.992705632678811067e-01
9.991834792736371540e-01
9.992003489212366585e-01
9.988423932742922506e-01
9.997249110578134701e-01
1.000275552532086998e+00
9.998307838149192994e-01
9.991430723249623558e-01
9.994949534159078830e-01
9.996542824289053053e-01
9.995799009880572683e-01
9.991864011775587473e-01
9.989632097040361813e-01
1.000227098014642380e+00
1.000646532505293562e+00
1.000662973053143778e+00
9.999878612983047477e-01
9.998982349892774346e-01
1.000193921865064617e+00
9.996710105927719692e-01
9.995946927312070462e-01
1.000337826306817224e+00
1.000524375943997679e+00
1.000193037769575577e+00
9.994593780521240367e-01
1.000076917201296434e+00
9.993626607735502931e-01
1.000362145919715617e+00
9.995987609810370600e-01
9.998409117076861863e-01
1.000382280312972050e+00
1.000056261764990406e+00
1.000032577463378036e+00
9.993679186374110346e-01
1.000431595929008877e+00
1.000112324469492719e+00
9.999855773407568815e-01
9.995048555491446995e-01
9.998230623213387736e-01
9.999557498435313052e-01
1.000529807263888848e+00
1.000068502892371258e+00
9.997919151977425756e-01
9.999218966896222804e-01
9.997949468318179100e-01
9.998476279776253861e-01
1.000186466546159503e+00
1.000329060334927966e+00
9.998058057677863264e-01
1.000070932989187922e+00
1.000301554009146443e+00
1.000029608863655994e+00
1.000322394192949105e+00
1.000121168276404404e+00
1.000566510394228059e+00
1.000339421691653463e+00
1.000566791353540319e+00
1.000205845817953687e+00
1.000540385515349406e+00
9.999037820580116698e-01
1.000502024753648245e+00
1.000249159593647130e+00
9.997734482360440822e-01
9.999423940572684799e-01
1.000128568322492528e+00
9.992579498546644290e-01
9.995636760516788399e-01
1.000007113996547625e+00
9.995594058100147894e-01
9.998406671604271878e-01
9.996380401699412888e-01
1.000265237289930331e+00
9.994964764055742634e-01
1.000509207420873015e+00
1.000156306071972034e+00
1.000593293709643783e+00
1.000030358815340081e+00
9.997795497083370453e-01
1.000131125668785703e+00
9.998971546193092808e-01
1.000084638819201066e+00
1.000151408341906301e+00
1.000073688763553736e+00
1.000349011412025702e+00
9.996204612240167098e-01
9.997478396118064659e-01
1.000180692552630202e+00
1.000037426431939158e+00
1.000011741932917975e+00
1.000065430183875614e+00
1.000621802648827829e+00
9.997712747542052414e-01
1.000169802269121222e+00
9.997888699297697856e-01
9.999306682827839854e-01
1.000401583915880188e+00
9.999875627163303804e-01
1.000170450426480562e+00
1.000474646853964922e+00
9.999608601361419380e-01
9.996519520833763162e-01
9.997552750931635313e-01
9.998861224921331559e-01
9.996344295410265479e-01
1.000188429572183235e+00
9.994284214755307927e-01
9.997964268270099764e-01
9.995171121220105537e-01
1.000110431007128708e+00
9.997276111229530526e-01
9.997604664062956781e-01
9.998228215837564603e-01
1.000091599679428844e+00
1.000143240538422740e+00
1.000060576188803507e+00
9.995552431412945138e-01
1.000226578352540363e+00
9.999161265859827230e-01
9.999725778237644747e-01
1.000117755034313216e+00
9.992499027511168030e-01
9.998102774758687028e-01
9.995618290484846735e-01
9.995865402081285378e-01
1.000105735747977675e+00
9.994457572386817867e-01
1.000001867516637555e+00
1.000206921319877207e+00
9.998124301646968970e-01
1.000137733430308984e+00
9.997933232667051140e-01
9.999808729459314094e-01
1.000505937424922109e+00
9.998704745274883399e-01
9.997366367961529887e-01
1.000057185412378313e+00
9.999274223447156551e-01
1.000510291451870870e+00
1.000031638882544760e+00
1.000141418169169905e+00
9.997640695983838199e-01
1.000030861952548200e+00
1.000208951478662511e+00
1.000609224415738518e+00
1.000270985412475389e+00
1.000307789061398722e+00
1.000041117466819562e+00
1.000101895074508640e+00
9.998862584946878185e-01
1.000243150758690414e+00
1.000252971790930312e+00
1.000385486016153402e+00
1.000348723095614067e+00
9.998460552637435939e-01
1.000143440104565240e+00
9.996002620787355353e-01
1.000180707336794317e+00
1.000085857315514026e+00
9.999256143618973081e-01
1.000259022734437009e+00
1.000107181560292657e+00
9.997363665348824036e-01
1.000340931880242756e+00
1.000227728565292518e+00
9.999050475715224318e-01
9.999165699409310326e-01
1.000497190831882710e+00
1.000149474734899790e+00
1.000070808294060809e+00
1.000286844132074471e+00
1.000349411832774704e+00
1.000646548415809800e+00
1.000573316523034162e+00
1.000326465519761676e+00
1.000112467843294439e+00
1.000548135570734631e+00
1.000006222617349838e+00
1.000326217430300035e+00
1.000396921670516859e+00
9.999129885276137886e-01
1.000071363068271157e+00
9.999986695247546908e-01
1.000257264794956580e+00
9.998889727264667071e-01
1.000357199743576286e+00
1.000336245876440211e+00
1.000142367475823857e+00
1.000082676694226569e+00
9.999949797397404971e-01
9.998102605910778040e-01
1.000046777721412150e+00
1.000219122939194571e+00
1.000137466427722499e+00
1.000345134935684221e+00
1.000380675551532539e+00
1.000222116345773626e+00
1.000224009269832459e+00
9.998984513085530379e-01
9.987790248392180992e-01
9.917010039070854877e-01
9.832672640125835750e-01
9.747180837151057098e-01
9.665939426648872956e-01
9.578146608754547486e-01
9.500229068687040535e-01
9.416204782106608606e-01
9.338055949504556752e-01
9.249466483510184744e-01
9.170165765792704926e-01
9.087672150400708526e-01
9.010152636655998082e-01
8.933053955993927042e-01
8.851753131572611677e-01
8.773347968633498084e-01
8.697787939727115170e-01
8.615638821863279562e-01
8.538857844868716906e-01
8.459252658470515218e-01
8.385445779286782031e-01
8.313380910235204091e-01
8.233903016142463116e-01
8.157170310393718760e-01
8.084380888336509807e-01
8.007854845022387424e-01
7.937769202516775646e-01
7.863788585860708169e-01
7.789234047600424038e-01
7.711764131448906046e-01
7.643860627484780901e-01
7.571501254962551553e-01
7.499535624242193999e-01
7.427761820287689387e-01
7.357244059701555372e-01
7.286043891347054879e-01
7.213695528881622909e-01
7.144322546070043245e-01
7.075021427754952796e-01
7.006795427335876791e-01
6.934984563894922571e-01
6.867200337178219760e-01
6.798236739989683697e-01
6.730912467827605550e-01
6.662981149799861447e-01
6.598802812176384203e-01
6.530835026325017001e-01
6.461358359051901923e-01
6.396330259345599512e-01
6.329201668749633303e-01
6.265491671029778109e-01
6.201814109625878313e-01
6.136077954877015017e-01
6.071172841332431735e-01
6.008035703962257834e-01
5.941296445990288388e-01
5.880370573888796804e-01
5.816125642517026018e-01
5.753124458250916673e-01
5.689375941480797616e-01
5.628689910971097499e-01
5.564646649731679329e-01
5.501641687081454402e-01
5.438826076261663589e-01
5.378668363051879453e-01
5.319440559228159060e-01
5.257418872933966592e-01
5.198224792208034906e-01
5.137579813895115644e-01
5.079757658518010421e-01
5.018482919692328625e-01
4.960175775391763020e-01
4.899640189170481053e-01
4.841421719056957507e-01
4.783312075360199866e-01
4.724270866916480127e-01
4.666515956181684910e-01
4.608746178566220930e-01
4.551304196345506425e-01
4.495346919848597356e-01
4.438316463693651737e-01
4.382683855502405579e-01
4.324748094734908177e-01
4.270567255258211348e-01
4.212666713008002550e-01
4.157874025609516466e-01
4.102086925802172490e-01
4.047747539534311545e-01
3.993299257639447153e-01
3.938798039890815117e-01
3.887054229950615558e-01
3.831587974193005897e-01
3.776922708322518196e-01
3.723490650632126364e-01
3.671392830514765837e-01
3.618804963194475199e-01
3.565400886608314779e-01
3.511112144577426264e-01
3.458941620935105932e-01
3.408670040530751288e-01
3.355172109702823091e-01
3.302285308417211573e-01
3.254617201903909351e-01
3.200823789581103140e-01
3.149942473720702130e-01
3.099812288466325949e-01
3.049799715465469352e-01
2.998739710110389090e-01
2.948317927417318796e-01
2.899197026528070875e-01
2.849839173624824640e-01
2.800513220938954384e-01
2.752063711876189811e-01
2.701563436240211891e-01
2.653187967036426675e-01
2.605544024506700751e-01
2.556262660927001162e-01
2.506588429909349380e-01
2.460497754460474751e-01
2.413148889343053327e-01
2.364940576518186344e-01
2.317328702004858298e-01
2.271159771307250108e-01
2.222418412944393296e-01
2.176576271305615540e-01
2.130026978152638195e-01
2.084226257986035724e-01
2.038397524048263521e-01
1.992614754912208352e-01
1.945726482231669163e-01
1.900444607192902646e-01
1.855297775102346391e-01
1.810077358212679732e-01
1.764297169592495551e-01
1.719813784376695853e-01
1.675238513643680649e-01
1.630976346881202188e-01
1.586412342883849746e-01
1.542225845605269818e-01
1.498987925064857174e-01
1.455417765945745123e-01
1.411820192739416668e-01
1.367097508908972636e-01
1.324319795596544114e-01
1.281655095589107618e-01
1.238761310941079996e-01
1.197265997960958867e-01
1.158426886854383026e-01
1.123642764148321677e-01
1.090339666432875998e-01
1.056665417790856182e-01
1.026015395663712609e-01
9.944833339117235826e-02
9.651522627549193045e-02
9.377886707736385330e-02
9.098766877495739758e-02
8.834339145075316424e-02
8.571461326828141991e-02
8.328962150152091626e-02
8.080854996266736978e-02
7.849890452131114138e-02
7.613692440607278122e-02
7.386169022477111212e-02
7.175143464188074582e-02
6.960714523502836704e-02
6.757996662051667103e-02
6.553833118736956953e-02
6.355955391541305566e-02
6.167488376467706451e-02
5.979081462862743251e-02
5.790758759162722286e-02
5.616905114946378619e-02
5.441192056828969559e-02
5.277782493341109937e-02
5.115938700167597941e-02
4.952578341003234519e-02
4.799579657368938795e-02
4.640627850471004678e-02
4.490117881727870991e-02
4.348765601309786955e-02
4.204103973726662502e-02
4.070772132505137003e-02
3.933809053946685924e-02
3.800001302800494474e-02
3.675791233432204597e-02
3.552926922508189284e-02
3.431679306013852432e-02
3.309358211834333152e-02
3.197235207315337474e-02
3.084648718407041398e-02
2.972518735520156621e-02
2.864631919806887028e-02
2.758637920123185178e-02
2.657650138007780841e-02
2.561210100043129559e-02
2.460954281377907005e-02
2.368691889733832295e-02
2.279229611023707650e-02
2.187075976433679528e-02
2.100889551079765036e-02
2.019104605494558349e-02
1.936029350706303456e-02
1.853956070418769086e-02
1.774950830845611199e-02
1.700344995717515892e-02
1.626319356628330715e-02
1.557757789726856371e-02
1.487810708740003492e-02
1.420164500458774744e-02
1.354006688149556221e-02
1.291940031545914767e-02
1.230481727618142063e-02
1.172848479256818205e-02
1.115238245149613623e-02
1.057234950565212432e-02
1.003253342703128680e-02
9.515365500394085130e-03
8.998355128197190259e-03
8.499136009956153107e-03
8.058451237385046845e-03
7.567428828367324563e-03
7.134150655948387314e-03
6.686123688684412862e-03
6.293712291023945311e-03
5.906485637612300145e-03
5.523439759307189820e-03
5.156923952912052973e-03
4.814993101818814715e-03
4.475556842428728664e-03
4.136110575305629658e-03
3.831551192619439376e-03
3.537853200668487994e-03
3.256229406142435463e-03
2.997953632398640648e-03
2.739948046910950681e-03
2.497160446135698268e-03
2.264005105461725214e-03
2.047520019591547290e-03
1.842491579714724496e-03
1.643574935709296147e-03
1.471556639744345772e-03
1.293226945102453947e-03
1.137099953333633095e-03
9.830211818190150771e-04
8.472116564267623967e-04
7.199058200761956038e-04
6.034185840983736062e-04
5.025019603372034554e-04
4.074872953812243054e-04
3.218330172978647397e-04
2.496625412103833084e-04
1.844254055173597331e-04
1.326558933239498843e-04
8.554186791728530907e-05
5.195703305010308408e-05
2.582933245110901002e-05
8.758915817017634588e-06
1.276042321251434145e-06
2.518531840969829806e-08
0.000000000000000000e+00
0.000000000000000000e+00
0.000000000000000000e+00
0.000000000000000000e+00
0.000000000000000000e+00
0.000000000000000000e+00
0.000000000000000000e+00
0.000000000000000000e+00
0.000000000000000000e+00
0.000000000000000000e+00
0.000000000000000000e+00
0.000000000000000000e+00
0.000000000000000000e+00
0.000000000000000000e+00
0.000000000000000000e+00
0.000000000000000000e+00
0.000000000000000000e+00
0.000000000000000000e+00
0.000000000000000000e+00
0.000000000000000000e+00
0.000000000000000000e+00
0.000000000000000000e+00
0.000000000000000000e+00
0.000000000000000000e+00
0.000000000000000000e+00
0.000000000000000000e+00
0.000000000000000000e+00
0.000000000000000000e+00
0.000000000000000000e+00
0.000000000000000000e+00
0.000000000000000000e+00
0.000000000000000000e+00
0.000000000000000000e+00
0.000000000000000000e+00
0.000000000000000000e+00
0.000000000000000000e+00
0.000000000000000000e+00
0.000000000000000000e+00
0.000000000000000000e+00
0.000000000000000000e+00
