0.000000000000000000e+00
0.000000000000000000e+00
0.000000000000000000e+00
0.000000000000000000e+00
0.000000000000000000e+00
0.000000000000000000e+00
0.000000000000000000e+00
0.000000000000000000e+00
0.000000000000000000e+00
0.000000000000000000e+00
0.000000000000000000e+00
0.000000000000000000e+00
0.000000000000000000e+00
0.000000000000000000e+00
0.000000000000000000e+00
0.000000000000000000e+00
0.000000000000000000e+00
0.000000000000000000e+00
0.000000000000000000e+00
0.000000000000000000e+00
0.000000000000000000e+00
0.000000000000000000e+00
0.000000000000000000e+00
0.000000000000000000e+00
0.000000000000000000e+00
0.000000000000000000e+00
1.998184580365225187e-05
1.843149880163358952e-03
2.620777734808547865e-02
1.870257196441009462e-01
7.153676990192360252e-01
1.501426344641763722e+00
2.019015130215563669e+00
2.076873739969358201e+00
1.891363995902355599e+00
1.626475602971207302e+00
1.406811460446761641e+00
1.244035668346263890e+00
1.147082525251585494e+00
1.062128523826387783e+00
9.803578932950578473e-01
9.199426378927888504e-01
8.974921301886052971e-01
8.946454821085250142e-01
9.061572948823195528e-01
9.191842400177633321e-01
9.346346002267638120e-01
9.575613358278218801e-01
9.675785758179142881e-01
9.732180224881924469e-01
9.810039543129773776e-01
9.869933273320791178e-01
9.949383111623048004e-01
9.951643437765115285e-01
9.949213584867793170e-01
9.922241600980916676e-01
9.876626917699324881e-01
9.810328662233531727e-01
9.702265453172059795e-01
9.651346668213417468e-01
9.576035997285107237e-01
9.554763214835254592e-01
9.543027205154093195e-01
9.604526046750702095e-01
9.690002654581740815e-01
9.749815615245260858e-01
9.876938538139320434e-01
9.989686436493190325e-01
1.009479932048220174e+00
1.017975608813554089e+00
1.024337541692002418e+00
1.028406892211985113e+00
1.030006160446334862e+00
1.034954356249846441e+00
1.033212642135987069e+00
1.030140834135711447e+00
1.026925055973016088e+00
1.021827839268642846e+00
1.018238177069041184e+00
1.011216911906335891e+00
1.007449818558388888e+00
1.001969653917786252e+00
9.973455352659371664e-01
9.931681242773812146e-01
9.895499773337483873e-01
9.868778485371667575e-01
9.872794832253316555e-01
9.872407113999734918e-01
9.879424397833679317e-01
9.898515818884452422e-01
9.933095315917421786e-01
9.959303380390355231e-01
9.958678966847163139e-01
9.974220657954495639e-01
9.998794803842639967e-01
1.002631794594227799e+00
1.003093223809077283e+00
1.004229341614479631e+00
1.002537624836742802e+00
1.002526549252577448e+00
1.003885623359134671e+00
1.004255739992391483e+00
1.003206624019211457e+00
1.004172852563687712e+00
1.003623571137401971e+00
1.003864013725381366e+00
1.003286648564312378e+00
1.003364503223299176e+00
1.003473698239645939e+00
1.003409219529960428e+00
1.003124849153000042e+00
1.001797068054329776e+00
1.003092551616814543e+00
1.002863438618496250e+00
1.001923718562794496e+00
1.002411426669461925e+00
1.001335804998859214e+00
9.997651699190795993e-01
1.000281072691141082e+00
9.998034438306747651e-01
9.997189724137304223e-01
1.000903085683500615e+00
9.991269990912978738e-01
9.990245655088826338e-01
9.975992595783155226e-01
9.999896794969903580e-01
9.989016424706856911e-01
1.000483938123288397e+00
1.000792439356518182e+00
1.000804487581941515e+00
1.000974146115449104e+00
1.001871542673723026e+00
1.000193321413309189e+00
1.001103795370643867e+00
1.000920967989257893e+00
1.000562362376778314e+00
1.001643069300137467e+00
1.000718767478127269e+00
1.001746105835933820e+00
1.001862638142007267e+00
1.001158469813832941e+00
1.001308846849589651e+00
1.001285688442985267e+00
1.001094818281544896e+00
1.000725483764355994e+00
1.001208156155015461e+00
1.000384778090930293e+00
1.000355551399500609e+00
1.000612276273910251e+00
1.001159011024894463e+00
1.000412471355158761e+00
9.996641705108422205e-01
1.000382149370232510e+00
1.000680954672438450e+00
1.001172393699079954e+00
1.000251568888121501e+00
1.000497698677826897e+00
9.999961691211882719e-01
9.999551328696030250e-01
1.000877269097476763e+00
9.999740618381801616e-01
9.998407193972822515e-01
9.998526332276119755e-01
1.000928482290943444e+00
1.000030593579609661e+00
1.001260353159207250e+00
1.000189948478696245e+00
1.000519246584001598e+00
1.000268760873278096e+00
1.001037133041962068e+00
1.000298281677100443e+00
1.000555874428598280e+00
1.001010364279810938e+00
1.000223965940899129e+00
1.000882889171981649e+00
1.000147817457032184e+00
1.000643900240164808e+00
1.000661933980141916e+00
9.998256975278401182e-01
1.000843088179490081e+00
1.000747705658203035e+00
1.000149464827988499e+00
1.000138632518476012e+00
1.000400108982934411e+00
1.000295523439966416e+00
9.997954467767110609e-01
1.000222814967175244e+00
1.000548552569644256e+00
1.000567537203389756e+00
9.995726660146607712e-01
9.998250516494386897e-01
1.000605340688643263e+00
1.000190196947319032e+00
1.000040261226260441e+00
1.000112938989440758e+00
9.997788165124045223e-01
1.000103085541303560e+00
1.000258847321864986e+00
9.999531377564122581e-01
1.000053088774232046e+00
9.995939442900027005e-01
9.996317602110363909e-01
9.995495768654321100e-01
1.000150906833014774e+00
9.999823981880235912e-01
9.992949120808766184e-01
1.000673735653648366e+00
1.000097847192143119e+00
1.000793735075640623e+00
1.000515245795464025e+00
1.000283855970447000e+00
1.000304495756534573e+00
9.997532496414371916e-01
1.000080667341248564e+00
9.997188142979578362e-01
1.000423494276742709e+00
9.997857752061092285e-01
9.998900643801585941e-01
9.996687649529145681e-01
1.000249934340809332e+00
1.000141081482376793e+00
9.994328671574107537e-01
1.000350285049188548e+00
1.000788012906606017e+00
1.000488823382701398e+00
9.999224519953126000e-01
1.000250846102775926e+00
1.000122866619336470e+00
1.000936022197492115e+00
1.001002784087856590e+00
9.997157278836313887e-01
1.000230669316307441e+00
1.000057058755684070e+00
9.995916412333110124e-01
9.998269849426439926e-01
1.000701969470392472e+00
9.998005168967425416e-01
1.000529191489569536e+00
1.000128739677154988e+00
1.000232787852454397e+00
9.999936780820189997e-01
1.000126548360697143e+00
1.000097136941731302e+00
9.999418474530961110e-01
9.995722099058346188e-01
1.000238125871641293e+00
1.000083932538404108e+00
1.000525932155901243e+00
1.000060681809912255e+00
1.000631290303669152e+00
1.000264927251803382e+00
1.000724728264310803e+00
1.000072880129150743e+00
1.000803856935135849e+00
1.000136770333685421e+00
1.000308788858174536e+00
9.998539537111140740e-01
1.000069936636986512e+00
9.999990260300509748e-01
9.998847772565853109e-01
1.000689013008273953e+00
1.000752106858002977e+00
9.997531498184837329e-01
1.000389022188346244e+00
1.000358977350723766e+00
1.000265230764431301e+00
1.000170340306630212e+00
1.000405200683068152e+00
1.000071673793639038e+00
1.000495778272526781e+00
1.000584077934280058e+00
1.000875000243162560e+00
1.000104888450516816e+00
1.000370080961970443e+00
9.996214765091198107e-01
1.000169653016926619e+00
9.999981509348209174e-01
1.000026267194930263e+00
1.000416787622203207e+00
1.000242881181166776e+00
9.999366818449463290e-01
1.000480387430060070e+00
1.000642463361588685e+00
1.000209582710422707e+00
1.000600361049292841e+00
1.000268822575350658e+00
1.000457231251509205e+00
1.000161019503732929e+00
1.000004205174813476e+00
1.000562571670468248e+00
1.000021877042043483e+00
1.000310265794697839e+00
1.000501080520049824e+00
1.000092340660973855e+00
1.000138127913858588e+00
1.000416734742675340e+00
1.000242450198195465e+00
1.000307943290237089e+00
1.000235393737344047e+00
1.000165967052577098e+00
1.000229169096753745e+00
1.000600940924087690e+00
1.000490141146199052e+00
1.000356635883306256e+00
1.000405817002167908e+00
9.998671829528511523e-01
1.000289328196279470e+00
1.000323492689922267e+00
1.000249882287151504e+00
9.999394573965272315e-01
1.000085796376907421e+00
9.999263642004911912e-01
1.000034417137237508e+00
9.997058400454443827e-01
1.000426299517533479e+00
1.000141545200140092e+00
1.000033137656662685e+00
9.999436537575132622e-01
1.000327111090461907e+00
1.000535598429809436e+00
1.000571043149276695e+00
1.000325730183092121e+00
1.000624682453826741e+00
1.000481092694541774e+00
1.000163000369442612e+00
1.000109145566386415e+00
1.000029023025468256e+00
1.000656238785545549e+00
1.000340751088330205e+00
1.000341303936836290e+00
9.999173229088943460e-01
1.000335406540349359e+00
1.000025656017227149e+00
9.999417876253925419e-01
1.000387190573923446e+00
9.999590880507132074e-01
1.000083642247918680e+00
1.000101688777890852e+00
1.000532701970161975e+00
1.000198077234593086e+00
9.999460256958054849e-01
1.000285623210289021e+00
1.000645326440524174e+00
1.000702442145284143e+00
1.000586967972418417e+00
1.000363263486894194e+00
1.000280425230768877e+00
9.998137572345048296e-01
9.997696280871244401e-01
1.000228899946761452e+00
1.000263294826762017e+00
9.990062849612711959e-01
9.915739774114538108e-01
9.828967392617641297e-01
9.745573336182229429e-01
9.663997164213417035e-01
9.581890065493452457e-01
9.498643631325544012e-01
9.417147089053724551e-01
9.334354951464729488e-01
9.251023940678491098e-01
9.169527569667050848e-01
9.090115213265558269e-01
9.010930452064506158e-01
8.929826395816233831e-01
8.853171993088763125e-01
8.770074403246675976e-01
8.695410689279395866e-01
8.618248860274874135e-01
8.536121896779419460e-01
8.463104072513996101e-01
8.385297993933472638e-01
8.310907801388807137e-01
8.231949406187770713e-01
8.156776988187240951e-01
8.081188023170844392e-01
8.007125852351990591e-01
7.934029100708863691e-01
7.859490474958543693e-01
7.789768629360963592e-01
7.711654832112528890e-01
7.640188498310824805e-01
7.569322522824993849e-01
7.499363106280368951e-01
7.427249651617362503e-01
7.356174460872809684e-01
7.280235466668321109e-01
7.211938992116514457e-01
7.143164158780990203e-01
7.074252193840659952e-01
7.003536308596873816e-01
6.936561588933706224e-01
6.864655686459324446e-01
6.797849973212459762e-01
6.729830263234704013e-01
6.663708341389715795e-01
6.592827051130432103e-01
6.530679084854785765e-01
6.462980127171984446e-01
6.397566365537171729e-01
6.328737464424538661e-01
6.263724453986689866e-01
6.198174991382292554e-01
6.135696148370072267e-01
6.069276211998589909e-01
6.003725360290989022e-01
5.940626183591043441e-01
5.877673005688488495e-01
5.812519851735237220e-01
5.750306784972016860e-01
5.685263664524826677e-01
5.625425829656522936e-01
5.564007456657434902e-01
5.501109610724315147e-01
5.440521939500962967e-01
5.379374394734942610e-01
5.318026346176479846e-01
5.257311254908419995e-01
5.198172751496829003e-01
5.135505178387874681e-01
5.075912684893286730e-01
5.016406734976027737e-01
4.958083785200781968e-01
4.900921000125668670e-01
4.840441446136716785e-01
4.781612764297197837e-01
4.723220486081907143e-01
4.668333573474837683e-01
4.607368193414824731e-01
4.550864662656806114e-01
4.494477126685795243e-01
4.435001428300562876e-01
4.381901566985085261e-01
4.324396219000662400e-01
4.269955914151900012e-01
4.213587560230760976e-01
4.159006826062002227e-01
4.101528570589828004e-01
4.046542268573553591e-01
3.994056410665541845e-01
3.938034759904983639e-01
3.884121612998885364e-01
3.828933708974301964e-01
3.775966308458935106e-01
3.724391836006147871e-01
3.667661163056639140e-01
3.614789786082387990e-01
3.563067723708355783e-01
3.509968165589613109e-01
3.458205734721768732e-01
3.406418793139103229e-01
3.354020577460151142e-01
3.303786502702272254e-01
3.252405445481472701e-01
3.201687092655887135e-01
3.150063986903376967e-01
3.097926591945288632e-01
3.048855530363505650e-01
2.997717275477250198e-01
2.947191341958310118e-01
2.898608903099706424e-01
2.848125042056852130e-01
2.798837954897632208e-01
2.749822945949830233e-01
2.701598227184909273e-01
2.650766699466999832e-01
2.602530996398770280e-01
2.555098971612867476e-01
2.506760270021550774e-01
2.460417556766984204e-01
2.410662734139841223e-01
2.365096732063954321e-01
2.317172418068092488e-01
2.270062917502113087e-01
2.222911717014735833e-01
2.175766523744500913e-01
2.130259652136802517e-01
2.082273331852012577e-01
2.035138223913510735e-01
1.990186559407982336e-01
1.944795618569332141e-01
1.899159480804971378e-01
1.854358587691939397e-01
1.808714254970361646e-01
1.763816581455053267e-01
1.720393212438411368e-01
1.674433847868065928e-01
1.629674265208041761e-01
1.585743139268395441e-01
1.542694506597632187e-01
1.497820473134309216e-01
1.453387961439654152e-01
1.410465209552190791e-01
1.366914406809895677e-01
1.324109175804768501e-01
1.280420316682623905e-01
1.238327448921421325e-01
1.197115922582868974e-01
1.158120049238813148e-01
1.122963988527409113e-01
1.087884032676499357e-01
1.055116960507184731e-01
1.024783299501383221e-01
9.951572130416216910e-02
9.646338254954003877e-02
9.372461355339997691e-02
9.096133221703739391e-02
8.823720775703368380e-02
8.571508269972354099e-02
8.317614412632977350e-02
8.074367725981422550e-02
7.842191023555103446e-02
7.606972226770139511e-02
7.390459942155777617e-02
7.164791884692696400e-02
6.957764501679808422e-02
6.746051309836503806e-02
6.543332568921854386e-02
6.351363907776312601e-02
6.157219800493296535e-02
5.970785535704999092e-02
5.790662636025787485e-02
5.613467164589600045e-02
5.439381208232818565e-02
5.268131628983212938e-02
5.110167212657712454e-02
4.947057322638725302e-02
4.786617409133705342e-02
4.637963521995593086e-02
4.489304538798782884e-02
4.342176246937969747e-02
4.205768389890442160e-02
4.068812736829212351e-02
3.929173457244728579e-02
3.804783881741744672e-02
3.671376769970800813e-02
3.544531024196281854e-02
3.420369500183265826e-02
3.305343522017074182e-02
3.190544985054286770e-02
3.075655075395887159e-02
2.963585507491395959e-02
2.859392240733442392e-02
2.759530411689211857e-02
2.657037212376099980e-02
2.557667428166848778e-02
2.463606749826751860e-02
2.365577501840606528e-02
2.273372640482263646e-02
2.185519206242876600e-02
2.100185662265914577e-02
2.013655065354380200e-02
1.930941008938588319e-02
1.852303133799829832e-02
1.776621808770171423e-02
1.697234307594953223e-02
1.624340282653516376e-02
1.556241411881435430e-02
1.485057573226619861e-02
1.420787565737842255e-02
1.351157612880823054e-02
1.291562104601911079e-02
1.229245634669490043e-02
1.170297658275234499e-02
1.110501210831404267e-02
1.054597167940988199e-02
1.002589188087818842e-02
9.509656051358852946e-03
8.970036164443587895e-03
8.475770601767082871e-03
8.020816025265133792e-03
7.559423477957754114e-03
7.132759842718864110e-03
6.705183297362194740e-03
6.278936365504168317e-03
5.892544027226295431e-03
5.515731673837691654e-03
5.150580939347986636e-03
4.790561746698485633e-03
4.449237130168419430e-03
4.146563270803167028e-03
3.837449048626726932e-03
3.539061815528029252e-03
3.259870354430680767e-03
2.979787560601354201e-03
2.736858705043020059e-03
2.497240648101125247e-03
2.257623955172146941e-03
2.027373237253138859e-03
1.828339450061861916e-03
1.639576077858070045e-03
1.458990235707328508e-03
1.297309322684586695e-03
1.131967728418464218e-03
9.838119627757998566e-04
8.422373396892375878e-04
7.162912955419319409e-04
6.069462878175279751e-04
5.082005064177649205e-04
4.074673942475199998e-04
3.236048439920840799e-04
2.451458801762026454e-04
1.837264048460059986e-04
1.317802545130488897e-04
8.651334565821466014e-05
5.065469940806912561e-05
2.557454943914231168e-05
8.847496295383438475e-06
1.099146595830454953e-06
7.555467860230161090e-08
0.000000000000000000e+00
0.000000000000000000e+00
0.000000000000000000e+00
0.000000000000000000e+00
0.000000000000000000e+00
0.000000000000000000e+00
0.000000000000000000e+00
0.000000000000000000e+00
0.000000000000000000e+00
0.000000000000000000e+00
0.000000000000000000e+00
0.000000000000000000e+00
0.000000000000000000e+00
0.000000000000000000e+00
0.000000000000000000e+00
0.000000000000000000e+00
0.000000000000000000e+00
0.000000000000000000e+00
0.000000000000000000e+00
0.000000000000000000e+00
0.000000000000000000e+00
0.000000000000000000e+00
0.000000000000000000e+00
0.000000000000000000e+00
0.000000000000000000e+00
0.000000000000000000e+00
0.000000000000000000e+00
0.000000000000000000e+00
0.000000000000000000e+00
0.000000000000000000e+00
0.000000000000000000e+00
0.000000000000000000e+00
0.000000000000000000e+00
0.000000000000000000e+00
0.000000000000000000e+00
0.000000000000000000e+00
0.000000000000000000e+00
0.000000000000000000e+00
0.000000000000000000e+00
0.000000000000000000e+00
