0.000000000000000000e+00
0.000000000000000000e+00
0.000000000000000000e+00
0.000000000000000000e+00
0.000000000000000000e+00
0.000000000000000000e+00
0.000000000000000000e+00
0.000000000000000000e+00
0.000000000000000000e+00
0.000000000000000000e+00
0.000000000000000000e+00
0.000000000000000000e+00
0.000000000000000000e+00
0.000000000000000000e+00
0.000000000000000000e+00
0.000000000000000000e+00
0.000000000000000000e+00
0.000000000000000000e+00
0.000000000000000000e+00
0.000000000000000000e+00
0.000000000000000000e+00
0.000000000000000000e+00
0.000000000000000000e+00
0.000000000000000000e+00
0.000000000000000000e+00
3.852433024724650351e-02
8.048339149430997486e-01
2.780094815413461262e+00
3.315584080297088398e+00
2.142161243544836502e+00
1.035518182975013302e+00
4.986786292311475854e-01
2.771665985680559774e-01
2.139406983499189119e-01
2.153921953897756925e-01
2.472490960455225872e-01
2.804180841145242353e-01
2.997320636052597798e-01
3.054606772407017501e-01
2.996842273934698930e-01
3.354599068967727971e-01
3.980602196181921570e-01
5.013410709316844516e-01
6.594652616251094335e-01
8.307334420317434853e-01
1.030904271763852353e+00
1.199234550706712366e+00
1.317045111274938396e+00
1.425541834989199952e+00
1.506970373129167706e+00
1.594375937142628485e+00
1.602009614394619641e+00
1.581968824234336823e+00
1.501406178700684269e+00
1.365239937456925068e+00
1.224169317316619043e+00
1.073066065693784488e+00
1.001166887866439259e+00
9.209573645446371692e-01
8.866458758416009278e-01
8.594766792793633314e-01
8.701918110038920906e-01
8.705641576110270119e-01
9.112982088633426736e-01
9.176783955159402151e-01
9.453266213424487141e-01
9.577592979908892135e-01
9.887124274529883738e-01
9.916241058641169781e-01
1.015804897169709120e+00
1.018356252426205755e+00
1.038575932722011430e+00
1.047384826018776804e+00
1.056619431768719863e+00
1.066170276097591074e+00
1.047450426725861083e+00
1.043868919728525801e+00
1.033271766103002642e+00
1.026374126009202303e+00
1.009512104338201599e+00
9.983019613596719743e-01
9.915745151330096485e-01
9.768980897174061040e-01
9.749372138331363624e-01
9.784038623226545273e-01
9.623055086309357797e-01
9.706620709889841603e-01
9.783396606200104317e-01
9.848172829169299369e-01
9.969267689407624866e-01
9.987517994422178136e-01
9.998880121137410093e-01
1.000934259935591708e+00
1.009175020020979918e+00
1.005479480691182870e+00
1.015692283481858693e+00
1.014349412413395823e+00
1.004960490063083522e+00
1.008407931992309381e+00
1.005622076393624553e+00
9.982204499445146428e-01
1.006356941675498717e+00
9.896190186756245177e-01
1.000463242097620942e+00
9.964956508498418186e-01
9.902634984153342312e-01
9.919244233731338012e-01
1.001960991810312951e+00
9.986916523530210421e-01
9.988209589373788777e-01
9.963707375842744129e-01
1.004953012815778868e+00
1.003349762976348147e+00
1.007651515753490212e+00
1.009544315094843769e+00
1.007546952082197134e+00
1.006547026993613425e+00
1.015673904407764283e+00
1.011301591572114411e+00
1.009878142367907072e+00
1.000755497839482810e+00
1.002448672597279877e+00
1.004879575755830645e+00
1.007688119166769702e+00
1.010914225664731880e+00
1.008220686235091534e+00
1.003782874834101113e+00
1.006514297001428693e+00
1.009216645175752713e+00
1.001520030618614276e+00
1.007523597703294804e+00
1.002558825906382678e+00
1.002899278843373487e+00
9.992692211225795429e-01
1.004177863845282737e+00
9.982853879356067273e-01
9.941256863900873597e-01
1.002574675866705789e+00
1.003421944003209276e+00
1.004508459441966872e+00
1.001395617417590422e+00
9.976764452038330289e-01
1.002842327234469533e+00
9.999173182389557990e-01
1.003992231772062427e+00
1.002488086213061402e+00
1.003657924156297288e+00
1.000156600377266392e+00
9.993782512081804681e-01
1.006230546819618210e+00
1.002785470820944713e+00
1.002219651673890821e+00
1.000056891495838540e+00
1.000069434392861334e+00
1.000955502379735629e+00
9.985672790051537406e-01
9.979053393588196430e-01
9.990152875647544395e-01
9.959705695542101500e-01
9.989760008373947953e-01
9.981947342609349683e-01
9.998522109537697489e-01
9.987340724222832922e-01
9.979514912966319651e-01
1.002196073061656811e+00
9.999494755013630387e-01
9.988124057735204842e-01
1.000492564022733566e+00
9.963494812940961731e-01
9.954295490119617895e-01
1.005553131760122731e+00
1.002503215897963873e+00
1.000384231924315692e+00
1.002931222579076076e+00
1.000129393826576951e+00
1.004545976393694806e+00
1.006550218120670692e+00
9.988336698740638564e-01
1.003669580160347463e+00
9.987383940295067042e-01
1.003368605826351123e+00
1.000319934218820928e+00
9.972117608616342110e-01
1.000351924383775515e+00
1.005380199321536550e+00
1.001882503698294569e+00
1.002586905499371683e+00
1.000098292322988414e+00
1.000693920859656139e+00
1.002626840443142209e+00
1.000019577219000144e+00
1.000942524713055892e+00
1.000726408681007928e+00
1.000173118838493913e+00
1.001531225175348538e+00
9.998475394864533294e-01
1.001523031337874681e+00
1.001716295777003607e+00
1.004022271832335278e+00
1.007228856896381197e+00
9.988944605679308530e-01
1.002205757178785461e+00
1.001648072869916195e+00
9.982973903035833318e-01
1.000329652047053486e+00
9.988585039879872562e-01
9.988441246422669062e-01
9.973267982765714468e-01
9.996584804894437237e-01
9.965587243086906355e-01
9.975873338270001556e-01
9.955757911652747261e-01
9.998309555778787105e-01
1.001042212881442017e+00
9.993416491994938644e-01
9.993975448725920252e-01
1.000209581061383135e+00
9.989890785970025888e-01
9.959908031018057661e-01
9.993821850789288419e-01
1.000094756169065180e+00
1.000392194185623529e+00
1.000466585229585315e+00
9.989070771997398124e-01
1.001522785448674568e+00
9.972774680465458230e-01
1.000296966040746360e+00
9.996103330701655576e-01
9.970445576026004675e-01
9.977977711049588194e-01
9.993849981746626421e-01
1.000532269263095575e+00
9.960645750236861717e-01
9.974995176287142495e-01
9.970979623240817658e-01
9.974124476465039413e-01
9.981960208669241608e-01
9.977509453414261653e-01
9.968281299824125474e-01
9.977573505256680519e-01
9.987789563441464846e-01
9.983854906462131806e-01
9.964065450798925694e-01
9.981398221233379608e-01
9.964005803066648959e-01
9.961584350954069134e-01
9.967963291166475059e-01
9.980422230539740536e-01
9.971835683828046415e-01
9.989035219628624729e-01
9.990401037135432372e-01
9.943638247689327025e-01
9.967202289591878817e-01
9.977849126759368303e-01
9.961622273267275451e-01
9.969490952673872863e-01
9.956560205442193112e-01
9.986002548066699180e-01
9.949777403495264627e-01
9.957507941051066958e-01
9.965985546100319947e-01
9.922803316658243000e-01
9.958173713266189608e-01
9.965225119445614288e-01
9.939916697797283041e-01
9.937639765368722067e-01
9.963775357490977092e-01
9.976592611618828599e-01
9.951603291847171961e-01
9.961128679857791379e-01
9.973240600530884903e-01
9.925709707612675459e-01
9.941972696735281723e-01
9.941010759610798830e-01
9.868154615040700683e-01
9.732894138436944953e-01
9.677714313146694725e-01
9.573062707708122065e-01
9.484020691669341474e-01
9.357146352261088706e-01
