0.000000000000000000e+00
0.000000000000000000e+00
0.000000000000000000e+00
0.000000000000000000e+00
0.000000000000000000e+00
0.000000000000000000e+00
0.000000000000000000e+00
0.000000000000000000e+00
0.000000000000000000e+00
0.000000000000000000e+00
0.000000000000000000e+00
0.000000000000000000e+00
0.000000000000000000e+00
0.000000000000000000e+00
0.000000000000000000e+00
0.000000000000000000e+00
0.000000000000000000e+00
0.000000000000000000e+00
0.000000000000000000e+00
0.000000000000000000e+00
0.000000000000000000e+00
0.000000000000000000e+00
0.000000000000000000e+00
0.000000000000000000e+00
0.000000000000000000e+00
4.190390731059430440e-02
8.059751266611793197e-01
2.865559139617984474e+00
3.388942512796357942e+00
2.182774046030767856e+00
1.083614714781423238e+00
5.208574066919117174e-01
2.981511091861672735e-01
2.335224268961381966e-01
2.250988601951030565e-01
2.536648386561406454e-01
2.998085453149014201e-01
3.157655003327702881e-01
3.242528133320917716e-01
3.284392193812774030e-01
3.419683653276505697e-01
4.085161649340812162e-01
5.216536191149691026e-01
6.615765145010260584e-01
8.286196613660287147e-01
1.022639374539582091e+00
1.188217986197894094e+00
1.312020266013172121e+00
1.420819878287448379e+00
1.487152932212120193e+00
1.559217896339627929e+00
1.596967088985186134e+00
1.556551561428948460e+00
1.498972114770102726e+00
1.342626357716799168e+00
1.192554916648989494e+00
1.065636231961805569e+00
9.724153310823415719e-01
9.031148123171840458e-01
8.655746817881730948e-01
8.523377818024495678e-01
8.379497356372465067e-01
8.545188203218159195e-01
8.826090146196440278e-01
9.010864090713949226e-01
9.241712979702113584e-01
9.423274129068578420e-01
9.609367053546088444e-01
9.791180252874702727e-01
9.951810553517976832e-01
1.030551822559782948e+00
1.025539046465111959e+00
1.047096850690930170e+00
1.038942410262367222e+00
1.035788376610235373e+00
1.049986389786135677e+00
1.031997357748121624e+00
1.021341179913804798e+00
1.019021818806610025e+00
1.009116109307754305e+00
9.853298735446340828e-01
9.809585666218438860e-01
9.682857187737153870e-01
9.628863205077917709e-01
9.603642216958939715e-01
9.623745150628868483e-01
9.655511938069962774e-01
9.721303151569165024e-01
9.755751965772945233e-01
9.804051953292840516e-01
9.849409841058049953e-01
9.942663949466574724e-01
9.909260889441326992e-01
9.987767333175859852e-01
9.973502994445128111e-01
9.965463687379118030e-01
1.007600827131854837e+00
9.985049405741662776e-01
1.005309205189266031e+00
1.000204361882715443e+00
9.975834043555245056e-01
9.894564291463054939e-01
9.865035222437139595e-01
9.841111690060052597e-01
9.810933347790121717e-01
9.834351743813556368e-01
9.873547334581683765e-01
9.883317344762699852e-01
9.902858845153447165e-01
9.830807522857611946e-01
9.887649399005029593e-01
9.830839104077895296e-01
9.896009737014590524e-01
1.000024372734958700e+00
9.974345930837544838e-01
9.982665300491438964e-01
9.995564004503254552e-01
9.980879699809657168e-01
9.885945418026813591e-01
9.923542732637914421e-01
9.902987796016359257e-01
9.971213594429927385e-01
9.878920436389212467e-01
9.973323399503817299e-01
9.906969626093151682e-01
9.940507918433062473e-01
9.919748244712681684e-01
9.932166592276260308e-01
9.922064126449388066e-01
9.955584187768019566e-01
9.935044099896386260e-01
9.896311873464176401e-01
9.890949246261330208e-01
9.925890113605687626e-01
9.889953172919564439e-01
9.870826844783031628e-01
9.877111736680921350e-01
9.877913808424922948e-01
9.842003552829087232e-01
9.875088369146907130e-01
9.891969235040016795e-01
9.876878616997706306e-01
9.889787535967301535e-01
9.900135156927321045e-01
9.862650847158187517e-01
9.866985833100376801e-01
9.887668107662456185e-01
9.942864462620158994e-01
9.914486728841696017e-01
9.930164979400297742e-01
9.929048938848854533e-01
9.918092558911958401e-01
9.897131512912453744e-01
9.855070291269821814e-01
9.951565521859480068e-01
9.872845474281624067e-01
9.910989653828251589e-01
9.918248997472189910e-01
9.934219388207974344e-01
9.921547996921834534e-01
9.943777685694624724e-01
9.912807011500351928e-01
9.922153798022981253e-01
9.931351993108182841e-01
9.931280515451300639e-01
9.942905539396811321e-01
9.856487513661010835e-01
9.941561165926466881e-01
9.922083051018804056e-01
9.965266819953509936e-01
9.977691094179095277e-01
9.923669641096071192e-01
9.969123092605440828e-01
9.930180560604789930e-01
9.962949179656686027e-01
1.000816407127272045e+00
9.957605062729918410e-01
9.982490159572735555e-01
9.946266489539324906e-01
1.000156168055355232e+00
9.964194751641430869e-01
9.960575964148422612e-01
9.986695159983715042e-01
9.987647081984089015e-01
9.966338793482514280e-01
9.945918118703810373e-01
1.004808995335951360e+00
9.972150455669318569e-01
9.997779567510498566e-01
9.960126605267749511e-01
1.000576709629702243e+00
9.991761607899378728e-01
9.993004206629300112e-01
9.961301650899532234e-01
1.002389986989142168e+00
9.983011556981538082e-01
9.989754137319827310e-01
9.993926197999030148e-01
1.001848807279800191e+00
1.002946528214613942e+00
1.001502120578594557e+00
9.994152808796906706e-01
9.980923274394932765e-01
1.001022183383188491e+00
1.001105032971971731e+00
1.006881660684270541e+00
1.002836431504090742e+00
1.001506853313379741e+00
1.000118719994967265e+00
9.989530829405632861e-01
1.005371597176251131e+00
1.000875215061685974e+00
1.000882157140002615e+00
1.000339487945760331e+00
1.002832191062027700e+00
1.000832631857931698e+00
1.003060814858603988e+00
1.003674783680734484e+00
1.001565382638698765e+00
1.001472181243004744e+00
9.999814867844387667e-01
1.003524308479092353e+00
9.986877359297470225e-01
9.986132483199052778e-01
1.002332536567394072e+00
1.001432797133680719e+00
1.000802171647243055e+00
1.001098035075251413e+00
9.993292055214887393e-01
1.001379783565621073e+00
1.001921753859862818e+00
1.000393262279653639e+00
9.973753806266606459e-01
9.994880262303582619e-01
9.967656530462893905e-01
9.950756902183204300e-01
9.982966152219433509e-01
1.002199833567286147e+00
1.000626578065659134e+00
9.966914528544095209e-01
9.987697049224172341e-01
9.970664602831194046e-01
1.000722278632646178e+00
9.971003865893496299e-01
9.957926293298298148e-01
9.971040421705545942e-01
9.972086021956950708e-01
9.965802554210935194e-01
9.975231361449286016e-01
9.963211282491092335e-01
9.969223169128128559e-01
9.949581541195885448e-01
9.991155188412763621e-01
9.990780865273994893e-01
9.975025012966346472e-01
9.953045512179202747e-01
9.998044837295816389e-01
9.988865314356790703e-01
9.947805914659687554e-01
9.981825715857459702e-01
9.976894117488388503e-01
1.000638205916557055e+00
9.970792429892672004e-01
1.000502202334540236e+00
9.970818435116074463e-01
9.975764699121871804e-01
9.958080686110831747e-01
9.987488364075439717e-01
9.971836275509843306e-01
9.970922744348077460e-01
9.975849137956825929e-01
9.945422628588124203e-01
9.965049719805599837e-01
9.952411974282373563e-01
9.898818229571101357e-01
9.772870026600559701e-01
9.683313326439777491e-01
9.584602303082657704e-01
9.456048408869064392e-01
9.358842376527279905e-01
