0.000000000000000000e+00
0.000000000000000000e+00
0.000000000000000000e+00
0.000000000000000000e+00
0.000000000000000000e+00
0.000000000000000000e+00
0.000000000000000000e+00
0.000000000000000000e+00
0.000000000000000000e+00
0.000000000000000000e+00
0.000000000000000000e+00
0.000000000000000000e+00
0.000000000000000000e+00
0.000000000000000000e+00
0.000000000000000000e+00
0.000000000000000000e+00
0.000000000000000000e+00
0.000000000000000000e+00
0.000000000000000000e+00
0.000000000000000000e+00
0.000000000000000000e+00
0.000000000000000000e+00
0.000000000000000000e+00
0.000000000000000000e+00
0.000000000000000000e+00
3.007988224938604876e-02
7.798784088844143980e-01
2.702203696931598564e+00
3.184342996597431252e+00
2.111730216695558049e+00
1.041515305951126624e+00
5.042496277850656572e-01
2.684350255439658106e-01
2.197447241152497011e-01
2.104167655540777337e-01
2.434080306862176080e-01
2.734782385509331726e-01
3.021177362401842870e-01
3.057447587594303018e-01
3.086219088248300935e-01
3.365915441755966131e-01
3.968867745417408166e-01
4.944188732995142277e-01
6.497151863084418277e-01
8.370544063115362698e-01
1.010127406187649290e+00
1.149182731891044362e+00
1.283048806892510996e+00
1.387369223299096621e+00
1.491549668642737636e+00
1.551059530744452575e+00
1.586325751005653206e+00
1.570712389602406001e+00
1.484696590360449653e+00
1.347499016682530915e+00
1.187027140699710381e+00
1.061883109435178163e+00
9.690356617163397024e-01
9.060077433048294715e-01
8.801997082375803139e-01
8.451499253971986869e-01
8.492593367084245726e-01
8.645159080753862524e-01
8.713249136930020233e-01
9.102134433965987093e-01
9.236692284554322008e-01
9.569111301854119622e-01
9.513991313434130292e-01
9.830852699844467857e-01
1.000379680361130452e+00
1.016598502969496609e+00
1.026589966393239628e+00
1.031334300270383197e+00
1.048877139867165242e+00
1.049104474684737331e+00
1.056360507034512786e+00
1.049104630402119209e+00
1.035263991505330772e+00
1.027687479963260486e+00
9.982941199364301355e-01
9.859182897187136474e-01
9.745061130173529040e-01
9.714392179230409985e-01
9.605822741052503222e-01
9.649937417389182759e-01
9.726635298793104845e-01
9.739075120894216120e-01
9.837475619776074875e-01
9.890219279251060147e-01
9.870834044439531496e-01
9.974440727178399690e-01
1.004716490081135172e+00
1.010011400418067584e+00
1.004708706160456932e+00
1.007325748765574014e+00
1.010234840703500003e+00
1.010844408088249935e+00
1.004620119241258269e+00
1.009292557988411776e+00
1.007352034781482386e+00
1.008745720265979529e+00
1.004423524129918421e+00
1.001834661813946203e+00
9.901979325607427329e-01
9.915277562491728869e-01
9.925801949202683883e-01
9.980444783618730442e-01
9.857958125709246344e-01
9.900557080796748011e-01
9.930051868339710985e-01
9.934552780785803616e-01
9.982293902844149303e-01
9.959605522547841927e-01
1.000158708907349814e+00
1.001130487420780923e+00
9.947924968232852994e-01
1.007031705757693185e+00
9.989947536290528785e-01
1.005158427262017762e+00
9.991089505288940353e-01
9.997563315389721428e-01
9.950704681861465284e-01
1.000308511068955797e+00
9.951424951262729524e-01
9.987172161084357791e-01
9.984189447702935816e-01
1.004151738318116438e+00
1.002317506579215811e+00
1.004836190030472975e+00
9.920701520633401493e-01
9.963763013797214407e-01
1.001769348831070383e+00
9.940260880258331433e-01
9.930179746467664437e-01
9.952749402139923207e-01
9.958039946873211701e-01
9.934535747392428950e-01
9.958525312286081732e-01
9.942570446465839318e-01
9.966632610341410459e-01
9.991783237922818861e-01
9.971127600700211424e-01
1.003442560518341242e+00
9.983664843355356533e-01
9.960398336791769225e-01
1.003328754699677416e+00
9.997468312258114276e-01
9.983543035137123489e-01
9.965520023073950462e-01
9.973586903363256262e-01
9.998317430311747245e-01
9.992215831074299226e-01
9.939819132987031125e-01
9.896392611356406022e-01
9.922490952470728320e-01
9.942565103067310117e-01
9.914664709651590524e-01
9.902514468950256443e-01
9.944023456988195786e-01
9.953246316554120732e-01
9.925273124413286352e-01
9.929400628351278124e-01
9.904704520485602126e-01
9.901889397571790319e-01
9.944149181501974466e-01
9.952695887541236353e-01
9.929127288292173281e-01
9.926522996356891282e-01
9.949359402553604736e-01
9.940932331447266401e-01
9.976103441304911001e-01
9.937117644539170680e-01
9.983702440935562361e-01
9.933994074497350946e-01
9.932857706573267054e-01
1.000351781564184250e+00
9.966366496308138867e-01
9.907712895585951696e-01
1.000782273729404093e+00
9.957736104829307822e-01
9.925256834221929392e-01
1.001170714026611730e+00
9.935664429832880007e-01
9.947334036726633855e-01
9.931367552400102161e-01
9.934293055909503289e-01
9.952195758238365775e-01
9.943151121783841973e-01
9.972841461848397371e-01
9.965206385648953669e-01
9.967156354024074849e-01
9.985571893894696904e-01
9.968779144763506572e-01
9.924797582630623394e-01
9.949235332496572104e-01
9.948690331201308634e-01
9.919090167153032933e-01
9.938838050460327977e-01
9.936156490139115283e-01
9.974646038136932846e-01
9.950389417431066974e-01
9.923555223477937837e-01
9.920215565595288387e-01
9.949616338598482601e-01
9.932460617516661872e-01
9.924864130872630419e-01
9.952319098158315391e-01
9.951864729082301464e-01
9.927074068981931454e-01
9.945455940503503678e-01
9.981566762286245842e-01
9.923081428797008163e-01
9.957561420128340224e-01
9.939583094992089363e-01
9.932512996897515656e-01
9.979432950428348548e-01
9.923809213571895826e-01
9.950753203006491576e-01
9.962850521265692594e-01
9.976363875868050624e-01
9.936241668158889428e-01
9.943536384265087014e-01
9.948969397194261655e-01
9.953028888868713508e-01
9.979691652563755788e-01
9.973960308754407089e-01
9.972716152322691485e-01
9.981140303465305674e-01
9.971527756853709734e-01
9.952609198656792167e-01
9.926657622891655874e-01
9.966245785701064452e-01
1.001006307613576674e+00
9.962565840600620115e-01
9.956239592788811432e-01
9.983219115394114107e-01
9.949930945541604066e-01
9.981412173785517705e-01
9.987847116602909248e-01
9.989141522418791830e-01
9.951349234817186140e-01
9.970388721829425149e-01
9.987501716905574645e-01
1.000772877339201949e+00
9.981693256026985539e-01
9.976406203976202480e-01
9.981376949658059550e-01
9.987016230257521610e-01
9.980606618183317513e-01
1.001873679434464259e+00
9.981938774727298069e-01
9.959021653090464055e-01
9.977474555990492044e-01
9.961557572634599511e-01
9.975247902429059677e-01
9.988335111675538114e-01
9.975545197583431944e-01
9.978726961536090734e-01
9.976171213498573609e-01
9.968688797300537807e-01
9.982525884968027619e-01
1.000056556919088013e+00
9.989943806225661804e-01
9.963212022164836812e-01
9.982225022410093906e-01
9.988583371841786018e-01
1.001212105064386071e+00
9.973300950099958095e-01
1.000175456281103603e+00
9.994548697687600791e-01
9.990049176436337497e-01
1.000144120105586509e+00
9.999791603089007719e-01
9.995674575297490705e-01
9.864481164880112285e-01
9.796058794133326586e-01
9.695103156341126072e-01
9.609115561658277960e-01
9.482390142076723150e-01
9.365419983086974431e-01
