0.000000000000000000e+00
0.000000000000000000e+00
0.000000000000000000e+00
0.000000000000000000e+00
0.000000000000000000e+00
0.000000000000000000e+00
0.000000000000000000e+00
0.000000000000000000e+00
0.000000000000000000e+00
0.000000000000000000e+00
0.000000000000000000e+00
0.000000000000000000e+00
0.000000000000000000e+00
0.000000000000000000e+00
0.000000000000000000e+00
0.000000000000000000e+00
0.000000000000000000e+00
0.000000000000000000e+00
0.000000000000000000e+00
0.000000000000000000e+00
0.000000000000000000e+00
0.000000000000000000e+00
0.000000000000000000e+00
0.000000000000000000e+00
0.000000000000000000e+00
3.824620274631886085e-02
8.134917886715317126e-01
2.842463008500407451e+00
3.371009522764730537e+00
2.137710333741373425e+00
1.082781380545237759e+00
4.933739560921672762e-01
2.834217166543482325e-01
2.273200668982359174e-01
2.160240751285759375e-01
2.522027273128858993e-01
2.870295225057037380e-01
3.048279363176935042e-01
3.189334728759742332e-01
3.181104134809625839e-01
3.351523702791653903e-01
3.953313528453888948e-01
5.046212866567132416e-01
6.640606379268852999e-01
8.295995948099009754e-01
1.020474918407100251e+00
1.172857641057828415e+00
1.316826684965609395e+00
1.394946073813711385e+00
1.504404455220597958e+00
1.561947013343390811e+00
1.592071066018671432e+00
1.548853573401351325e+00
1.472135195385884110e+00
1.353220004656518816e+00
1.225455108753291444e+00
1.064558794992922719e+00
9.729262983585231783e-01
9.009914966490480959e-01
8.789166740066659544e-01
8.623437521432046893e-01
8.601558833745085453e-01
8.691827192552636916e-01
8.815275581954019612e-01
9.058389611889819948e-01
9.378574112225926962e-01
9.469597192706366018e-01
9.705284609940331153e-01
9.845711643201631169e-01
9.905565380551529797e-01
1.023221527162527789e+00
1.027891415985547452e+00
1.043746017903206980e+00
1.051897105504651986e+00
1.054426571208484598e+00
1.049748345228532997e+00
1.049765356543990835e+00
1.028726487049344884e+00
1.017582735802216698e+00
9.984815944968665757e-01
9.980717106362122504e-01
9.863126261195691580e-01
9.769228213150216167e-01
9.766155916275630622e-01
9.685700762371532990e-01
9.699131513626761958e-01
9.753597040129666773e-01
9.680034449562298082e-01
9.896598721787978059e-01
9.857280786912587800e-01
1.002092170499124801e+00
1.002764406466889913e+00
1.005994941664146936e+00
1.006348229106866832e+00
1.007935862038674246e+00
1.019784429086378452e+00
1.008165943104615936e+00
1.010601158063181293e+00
1.014313556886364598e+00
1.003707780243108916e+00
1.005507274333079737e+00
1.007946709037346622e+00
1.003258888046453912e+00
9.967022572845317674e-01
9.900274315598519559e-01
9.962748163358554621e-01
9.978895012447207558e-01
9.959327226965730695e-01
9.959444294875130499e-01
9.883308898337545001e-01
9.994464021042192003e-01
1.003253746145540637e+00
1.000207938136991048e+00
1.000208146776211171e+00
9.997628167093961515e-01
1.009876229353134702e+00
1.000766226932707337e+00
1.006535801441693856e+00
9.965093588910537425e-01
1.008627336743668446e+00
1.003644640428681623e+00
1.001847811330954352e+00
1.001950009370538686e+00
1.003632229271621767e+00
9.988542819034571529e-01
1.004342085932125705e+00
1.006217847436375434e+00
1.004131339674523060e+00
1.001046206750949796e+00
9.963222410642769145e-01
1.001472582994818117e+00
9.979540792667060956e-01
9.991879735072956015e-01
9.946496148999601772e-01
9.912675451343511135e-01
9.953075375199009756e-01
9.950987647468386710e-01
1.001446038434643526e+00
9.954080158556517510e-01
9.980857377740217640e-01
9.929618062215106455e-01
1.002652520186726681e+00
1.001761050652508755e+00
9.977328906238365214e-01
1.001489014166333513e+00
9.985342542944057875e-01
1.000219227598335481e+00
9.938902597480177015e-01
9.965558507260958709e-01
9.985049931947367341e-01
1.000928163910804525e+00
1.001790194987064897e+00
1.000215864077204087e+00
1.002734475145001136e+00
9.953202550961068873e-01
9.950850805615112371e-01
9.960589725470140321e-01
9.966920566767111245e-01
9.906852869497464464e-01
9.975968991334152047e-01
1.001668526483632471e+00
9.964055146770463001e-01
9.969927822597379752e-01
9.975185454049291245e-01
9.971468525973281594e-01
9.955828483637623183e-01
9.985100041908686608e-01
9.955666445536269782e-01
9.966936158219100728e-01
9.966235036664755631e-01
9.987827585392791141e-01
9.981440393757161633e-01
1.001195987341684024e+00
1.003424923011586811e+00
9.968282914294828156e-01
9.980831468443329690e-01
1.001012748107416472e+00
9.977355288465429295e-01
9.979758165331297226e-01
1.000856365634408718e+00
1.000760361464815285e+00
9.982184441754553550e-01
9.965121299189926285e-01
9.979718539090567386e-01
9.989331434112219688e-01
9.979714795597859345e-01
1.002704247708042784e+00
9.983266670346033766e-01
1.001103718202987158e+00
1.001581846252455499e+00
9.949544939806201915e-01
9.963799509440726121e-01
9.965722155952910777e-01
9.973618205865038000e-01
9.996198909723951198e-01
1.000971006785251305e+00
9.914104903621141496e-01
1.001351337230893535e+00
9.994985003929875989e-01
9.947328680850799909e-01
1.001144771703931236e+00
1.000786305729635561e+00
1.001237933558984272e+00
1.000038099368874667e+00
9.996097133957659864e-01
9.980639331020291216e-01
1.001043069198680469e+00
1.004674634930030841e+00
9.985397860376202805e-01
9.965512701668285400e-01
9.975518996856129750e-01
9.986444563035273836e-01
9.972827488583585476e-01
1.000781582538766035e+00
9.970846623249358665e-01
9.990761350581119915e-01
9.991466882464457022e-01
1.002339993602231472e+00
9.984650165443118564e-01
9.981908343031142827e-01
1.000889787251999286e+00
9.990970440701993915e-01
9.940414005310282963e-01
9.969260322874269331e-01
9.967806827457785790e-01
9.993752674474505326e-01
1.001457484869324954e+00
9.977400620587126845e-01
9.956289628655173862e-01
9.980480656240160453e-01
9.977200539820587633e-01
9.936032018456196768e-01
9.986786687811702867e-01
9.993406890315140734e-01
9.966658804209462819e-01
9.948874338135330619e-01
1.000908400739719983e+00
9.972571997017845025e-01
9.964645054471246155e-01
9.991574987914106920e-01
9.981034807179102186e-01
1.001096638267225947e+00
9.950590912272422317e-01
9.958109943656642260e-01
9.998489473743935596e-01
9.976373418077274513e-01
1.000310687015747213e+00
1.000039161279143718e+00
9.963811017396893011e-01
9.939539989296841682e-01
9.978321296780010563e-01
9.953834064330715492e-01
9.958622782476369562e-01
9.992795052293358404e-01
9.977077159988296806e-01
9.974017882549361946e-01
1.000650647296895235e+00
9.982336370590774166e-01
9.982598736679860751e-01
9.977563377679303791e-01
9.952232735083365034e-01
9.961390984763005552e-01
9.973412235759359090e-01
9.985201473671668770e-01
9.978960433880214032e-01
9.966303105494587200e-01
9.959528572429313664e-01
9.976320548318070580e-01
9.964376658087771288e-01
9.975274594780147996e-01
9.959794669947545920e-01
9.948961025700288063e-01
9.996241507455279063e-01
9.980977426246195883e-01
9.939068253369544026e-01
9.817649900883141934e-01
9.702891986101622734e-01
9.564688039090738503e-01
9.495841307806960341e-01
9.403596408913285076e-01
