0.000000000000000000e+00
0.000000000000000000e+00
0.000000000000000000e+00
0.000000000000000000e+00
0.000000000000000000e+00
0.000000000000000000e+00
0.000000000000000000e+00
0.000000000000000000e+00
0.000000000000000000e+00
0.000000000000000000e+00
0.000000000000000000e+00
0.000000000000000000e+00
0.000000000000000000e+00
0.000000000000000000e+00
0.000000000000000000e+00
0.000000000000000000e+00
0.000000000000000000e+00
0.000000000000000000e+00
0.000000000000000000e+00
0.000000000000000000e+00
1.565757136834018296e-05
3.340997225802760234e-02
9.997790906909785891e-01
3.305967475392328936e+00
3.296524541085458004e+00
1.849750980225916663e+00
8.444088184693493426e-01
3.919427693218465181e-01
2.033968314008824108e-01
2.259202008329635469e-01
8.296100066963695285e-01
1.721916865084201387e+00
1.904165546026393097e+00
1.462425206177454529e+00
9.948897096439697219e-01
7.131670976341675239e-01
5.925580933112143400e-01
5.858771208470588965e-01
6.350066018429491033e-01
7.190498448715922919e-01
8.242169304421550491e-01
9.200788390470181488e-01
1.013312002630939235e+00
1.088800152886031603e+00
1.155558985753623702e+00
1.200342939543086018e+00
1.222052296595334875e+00
1.226260798949033726e+00
1.206192246004322177e+00
1.172374509672590381e+00
1.132141729399509300e+00
1.087528859384207180e+00
1.046826892921997709e+00
1.013261086794777555e+00
9.808197652937665767e-01
9.556759919867291453e-01
9.414293955439655415e-01
9.313054704326444444e-01
9.242522885649290254e-01
9.173364964420046563e-01
9.176853428953625214e-01
9.256021320643318395e-01
9.362631397225821273e-01
9.481458404796597739e-01
9.624208695055106455e-01
9.763905270203208087e-01
9.868765137850000757e-01
9.980186998421510802e-01
1.004042304563087518e+00
1.012910985625905980e+00
1.016808295176002241e+00
1.022536243912095300e+00
1.026350188916063333e+00
1.027297649364216303e+00
1.023871402499815675e+00
1.019889806363193818e+00
1.017893956830239199e+00
1.010948056390028826e+00
1.009215037601604470e+00
1.004534077808083792e+00
1.000972213144365686e+00
9.993227274050584530e-01
9.976200824351527663e-01
9.967350790061504373e-01
9.960851316565273450e-01
9.953916843967020034e-01
9.964816521071120370e-01
9.951130552246009175e-01
9.957034845233532216e-01
9.971218217833505149e-01
9.961028393940253300e-01
9.986734107087341661e-01
9.974000313214332891e-01
9.952507400443374452e-01
9.981288412212669936e-01
9.980514676678338137e-01
9.984046375732963385e-01
9.982107969030636907e-01
1.000634735207173609e+00
9.980674882445587093e-01
1.000284924011300092e+00
9.993597078914714382e-01
9.997527240537112947e-01
9.977734535689151141e-01
9.980821107501089973e-01
1.000468069983442065e+00
1.000055469276882603e+00
9.999417470288521903e-01
1.001921445889552897e+00
1.001132522725600715e+00
1.001561353098617380e+00
1.001386078348697195e+00
1.001986952395822250e+00
1.000794834941578060e+00
1.000326656354769472e+00
1.000322022921957599e+00
1.001441097803468239e+00
9.992750052359627988e-01
1.000906190281959152e+00
9.986334975492355825e-01
9.996439917567716549e-01
1.000165959480781908e+00
9.996096991988595581e-01
9.991227581458997919e-01
9.978536790536782775e-01
9.989604531271111254e-01
9.975094964514988893e-01
9.991125056739453836e-01
9.998977048578954197e-01
9.994874526126130698e-01
9.998885780959886338e-01
9.990951379808271637e-01
9.998794649075928298e-01
9.997431768666609209e-01
1.000126860495077041e+00
9.994848933652870082e-01
9.996292529862839116e-01
1.000712888241102938e+00
1.000142569447668883e+00
1.000110684243753045e+00
9.998153418059357866e-01
9.994208590540633041e-01
9.990915911543511996e-01
9.988693608096244070e-01
9.996733580733775382e-01
9.992682258068149581e-01
9.994727610372793336e-01
9.995000470738110154e-01
9.998883970466637683e-01
1.000470828227353115e+00
9.998401639047417300e-01
1.000741805706156784e+00
1.001932629503055283e+00
1.000541195357039115e+00
1.000655648178233381e+00
1.000911952086228407e+00
1.002117245031974857e+00
1.000126287395213476e+00
1.001977351425691110e+00
1.000176406486850134e+00
1.001018370862604590e+00
9.988976261738190532e-01
9.996569514489043184e-01
9.989408780091526552e-01
9.995336725995989102e-01
9.983063295393815872e-01
9.986636791959002668e-01
9.986408617637640983e-01
9.987146707879667185e-01
9.989428637346579043e-01
9.992930673611185588e-01
9.999169419607718545e-01
9.994632694063283473e-01
9.995963759853643271e-01
1.000728720379768788e+00
1.000818479722869192e+00
1.000956680115686170e+00
1.000969127417568494e+00
1.001140928744415515e+00
1.001051504790950730e+00
1.002068574715295313e+00
1.002009581959836915e+00
1.000749368445646992e+00
1.000896360072593305e+00
1.000501696136921748e+00
1.000128494913478328e+00
9.993170960734034658e-01
1.000310396640309962e+00
1.000183251894941838e+00
9.997822281725144977e-01
9.995531945737687884e-01
9.988903522818284308e-01
1.000166177405827028e+00
9.997139296959500765e-01
9.997147709486755573e-01
1.000138026975252448e+00
9.999082588256862358e-01
1.000039832110305449e+00
1.000086772229316745e+00
1.001196884473555482e+00
1.000095394398675452e+00
1.000590581622019082e+00
1.000325219450155956e+00
1.000570427099239934e+00
1.000258630000879778e+00
1.000997353033742598e+00
1.000887138319901393e+00
9.997701675097039331e-01
1.000535622243512890e+00
1.000221422533602800e+00
1.000252116522443391e+00
1.000579290500086982e+00
9.995684898564863863e-01
1.000597961625963706e+00
1.000306635490571194e+00
1.000663382548252489e+00
9.999416576159292358e-01
1.000120350350615084e+00
9.996146682543360917e-01
1.000315756734688755e+00
1.000034175105839918e+00
9.997477426773280218e-01
1.000456602904527870e+00
1.000168367206414999e+00
9.999125440668444886e-01
1.000197213419146580e+00
1.000481631144253702e+00
9.997322043603198427e-01
9.999431344660271170e-01
1.000030589126800429e+00
9.998590142049020857e-01
9.999771595746804742e-01
1.000430910546572516e+00
1.000252003188513150e+00
1.000209704972838898e+00
1.000252857391618733e+00
1.000403188122588993e+00
1.000139355252218865e+00
1.000290794662526350e+00
1.000481712271898971e+00
9.997377871789436821e-01
1.000522569231297343e+00
9.996749110151147422e-01
1.000135282901716938e+00
1.000293002434367251e+00
9.998798989815004257e-01
1.000523157075682512e+00
1.000055760016489437e+00
1.000149215956772863e+00
9.998306576977893378e-01
1.000117319669085347e+00
1.000510261759609998e+00
1.000185556275707155e+00
1.000607441434287814e+00
9.999171834202259523e-01
1.000279148081953950e+00
9.993397665247167883e-01
1.000502137936211344e+00
9.997376358958057763e-01
9.993786593564377707e-01
1.000076902767254694e+00
1.000226317841862889e+00
1.000075757346007066e+00
1.000386828213554180e+00
1.000534698678134715e+00
1.000189520170222002e+00
9.998597016166456131e-01
1.000293881122747308e+00
1.000246265154513203e+00
1.000892471068411949e+00
1.000025690344595874e+00
1.000130026476073741e+00
1.000045743580048274e+00
9.996948746570900601e-01
9.924301633446438453e-01
9.816775350449331583e-01
9.708385736891037565e-01
9.600933216705441753e-01
9.493689862554361980e-01
9.386818671892421806e-01
