0.000000000000000000e+00
0.000000000000000000e+00
0.000000000000000000e+00
0.000000000000000000e+00
0.000000000000000000e+00
0.000000000000000000e+00
0.000000000000000000e+00
0.000000000000000000e+00
0.000000000000000000e+00
0.000000000000000000e+00
0.000000000000000000e+00
0.000000000000000000e+00
0.000000000000000000e+00
0.000000000000000000e+00
0.000000000000000000e+00
0.000000000000000000e+00
0.000000000000000000e+00
0.000000000000000000e+00
0.000000000000000000e+00
0.000000000000000000e+00
0.000000000000000000e+00
3.307779282416579980e-02
9.967107671855779394e-01
3.302107230014073913e+00
3.307514756426185976e+00
1.854088214725337913e+00
8.518762848317699143e-01
3.891543088594934252e-01
2.021686029308857879e-01
2.255473871536113339e-01
8.282525703286462981e-01
1.724738865442219993e+00
1.904376882848701769e+00
1.465157655761186950e+00
9.952216831016598153e-01
7.112890571158577702e-01
5.914156960988652401e-01
5.812819375358915241e-01
6.368327954197509078e-01
7.191148569541075952e-01
8.173585056767594947e-01
9.182230531871102830e-01
1.012415435492259208e+00
1.090423598814651340e+00
1.154226025189291738e+00
1.200134896533859408e+00
1.220181014183841617e+00
1.224164967306403229e+00
1.207411434684248608e+00
1.172280657352224864e+00
1.132228765864088604e+00
1.089679380148400378e+00
1.046150722269716615e+00
1.013055208963109965e+00
9.803903379055255440e-01
9.568413209290297372e-01
9.385994914164675906e-01
9.271230025029694177e-01
9.219193395436643401e-01
9.186056904396502354e-01
9.206200213960543666e-01
9.260271387483081096e-01
9.347131080815749282e-01
9.481608939352159648e-01
9.618202359679233204e-01
9.751377448039422191e-01
9.856077947986856547e-01
9.976552684937313176e-01
1.004873588333269563e+00
1.012244526297668479e+00
1.018288808325136907e+00
1.021293419168038508e+00
1.024523387488605275e+00
1.025050776895055415e+00
1.024314194806695388e+00
1.022815752202175910e+00
1.017892233991450235e+00
1.011152872865866303e+00
1.007023515300391914e+00
1.003799937805073261e+00
1.000035830298352746e+00
9.990528160766312116e-01
9.956895633700723058e-01
9.963384206650792718e-01
9.951793501552801402e-01
9.934640448611590235e-01
9.956238416782924316e-01
9.958496731930404078e-01
9.965437447613371136e-01
9.961236896341509883e-01
9.960090225018736199e-01
9.975445823177366833e-01
9.976469034326991281e-01
9.982347467405886521e-01
9.980261832898160712e-01
9.978880755684679249e-01
9.978275062356957159e-01
9.988954470465549740e-01
1.000119457628915853e+00
1.000342307239938888e+00
9.996572716505826017e-01
1.000309759313415814e+00
9.991444557010867866e-01
1.000820190608669558e+00
9.987354176295071273e-01
1.000328540054503001e+00
9.992730851405514647e-01
9.988306817935123094e-01
1.000503629638678893e+00
9.997390689774543482e-01
9.995430946173784470e-01
1.001911781752576891e+00
1.001236751325579766e+00
1.000152997286863910e+00
1.000942336850959791e+00
9.999326267374949451e-01
9.988147867510158706e-01
1.000067963279214434e+00
9.997655916232427442e-01
9.991138932963171682e-01
9.998705592228718242e-01
9.990174472410163764e-01
9.984201518127964192e-01
9.993833821631106229e-01
1.000468431565352478e+00
9.995596726280898681e-01
9.999962259974741752e-01
9.993878070283885862e-01
1.000072341254072406e+00
9.995556153641852459e-01
9.990627996984997594e-01
9.998719866662035827e-01
1.000639353932240683e+00
9.997780958219383285e-01
9.998844361596168628e-01
1.000448607826271097e+00
1.000520266393160496e+00
9.998418537304704090e-01
1.000909147642137675e+00
1.000636344991015392e+00
9.999055216619580078e-01
9.997240505325792892e-01
9.985051894191454558e-01
9.972869999387673490e-01
9.989934569250996654e-01
9.978599790361371014e-01
9.994963575999588068e-01
9.992092332246996778e-01
9.995427999223336357e-01
9.998201607538668156e-01
1.000978655258315975e+00
1.000486553391637390e+00
1.001766654223493536e+00
1.000971121482568060e+00
1.001835703362782271e+00
1.001215571822367867e+00
1.001603589654792348e+00
1.001327011059040650e+00
1.001163365033380881e+00
1.001228501108723190e+00
1.000829072827179589e+00
1.000224726857938062e+00
9.998106023692306943e-01
9.996864633570746728e-01
9.994223765542835647e-01
9.987694861835865190e-01
9.990283636077953444e-01
9.980038536597064525e-01
9.981604335946486772e-01
9.993320335336668414e-01
9.982260948410864865e-01
1.000305912685315546e+00
9.995133195124026315e-01
9.994563954567713404e-01
1.000451086727543348e+00
1.000427832612146295e+00
1.001277911014913480e+00
1.000938624845320701e+00
1.001895999606650323e+00
1.001303985401506669e+00
1.001596478954767333e+00
1.001487759701737312e+00
1.001076083533195993e+00
1.000119640036390978e+00
1.000100324889251491e+00
1.000068236245424957e+00
1.000462706779379207e+00
1.000533962128461241e+00
9.994719627810976226e-01
9.998947960255119005e-01
9.995396229138980848e-01
1.000240509421221891e+00
1.000378186015254744e+00
9.994771590781207360e-01
1.000196305087730497e+00
1.000412191515812177e+00
9.999663726065147751e-01
1.000590012014140662e+00
1.000612264051345512e+00
1.000080010070821146e+00
1.000316711435324413e+00
9.998795429110038935e-01
1.000983671306385769e+00
1.000278374986560248e+00
1.000061373412833188e+00
9.995651413298399790e-01
1.000108574078159451e+00
1.000369849122265897e+00
1.001290193777102377e+00
1.000465665434330242e+00
1.000172043555785262e+00
1.000766594515508201e+00
1.000053750334239711e+00
1.000536548189814079e+00
1.000321438601693425e+00
1.000597736481574129e+00
9.997441252988039651e-01
1.000255459527557012e+00
1.000181058717081184e+00
1.000331180567312295e+00
1.000174064182732137e+00
1.000825190822949073e+00
1.000501492012078053e+00
1.000122819958921383e+00
1.000214761529724994e+00
1.000203106317590906e+00
9.998507205423118327e-01
1.000384219619300463e+00
1.000054922466425023e+00
9.995453157329456939e-01
1.000463297295061338e+00
9.999299725425329077e-01
9.999914532356345420e-01
1.000971089891809829e+00
9.999114729538978175e-01
9.996088687535759076e-01
1.000059285418767319e+00
1.000193350950207227e+00
1.000070902363028535e+00
1.000275730591932977e+00
1.000096492805431891e+00
9.998430409563149324e-01
1.000110409603802486e+00
9.997895258081958003e-01
9.998393410698452888e-01
1.000027895802775513e+00
1.000355388756643205e+00
1.000104387337828582e+00
1.000078530020449552e+00
9.999887133317438836e-01
1.000250903720155460e+00
1.000312313996824187e+00
9.999330674350340731e-01
1.000619218964924118e+00
9.999447015553775131e-01
1.000101348270040047e+00
9.995856416596088367e-01
1.000575017391662547e+00
9.998080625156108292e-01
9.997049774764952268e-01
1.000337939202480930e+00
1.000304577406783579e+00
1.000445718066624412e+00
1.000108757941358117e+00
9.999450565708614125e-01
9.996859868188412435e-01
1.000059273234525703e+00
9.999965301493697334e-01
9.998515703993137160e-01
1.000001318288938901e+00
1.000011448092805955e+00
9.999626048189624861e-01
9.999172301973935362e-01
9.996409849147727122e-01
9.926663429520177218e-01
9.811341369617527786e-01
9.707479920255487338e-01
9.596951909517742463e-01
9.496542624790087483e-01
9.387954304218324442e-01
