0.000000000000000000e+00
0.000000000000000000e+00
0.000000000000000000e+00
0.000000000000000000e+00
0.000000000000000000e+00
0.000000000000000000e+00
0.000000000000000000e+00
0.000000000000000000e+00
0.000000000000000000e+00
0.000000000000000000e+00
0.000000000000000000e+00
0.000000000000000000e+00
0.000000000000000000e+00
0.000000000000000000e+00
0.000000000000000000e+00
0.000000000000000000e+00
0.000000000000000000e+00
0.000000000000000000e+00
0.000000000000000000e+00
0.000000000000000000e+00
0.000000000000000000e+00
3.315550412161920313e-02
9.925529656364961983e-01
3.283168932504441972e+00
3.302993095846844085e+00
1.848047999962033394e+00
8.446974285024303475e-01
3.910934186721306549e-01
2.001181360614545379e-01
2.262195976789317664e-01
8.222470547751108416e-01
1.714964721108802825e+00
1.899338402092866307e+00
1.465089243278518971e+00
9.924157733802150272e-01
7.085572834005940956e-01
5.953609913775549378e-01
5.891469274821872215e-01
6.378066099424188895e-01
7.219607008835541295e-01
8.208943701064297382e-01
9.207468941730243550e-01
1.012028711941202141e+00
1.093852692336990673e+00
1.153852376929289214e+00
1.196728654720961016e+00
1.218209097386163009e+00
1.227180770657191777e+00
1.204829502114254325e+00
1.173409282926220154e+00
1.135776331990982824e+00
1.087805132061858693e+00
1.047763748974385178e+00
1.010827045180263450e+00
9.822790363472202468e-01
9.576669971876313747e-01
9.414671478302032437e-01
9.287194346831515457e-01
9.243611151997146447e-01
9.197036044802271437e-01
9.187591346670989090e-01
9.268799434891189515e-01
9.380214678014731078e-01
9.517023796487792398e-01
9.616905896789444963e-01
9.769180784217104119e-01
9.893430753919629783e-01
9.989688871031384698e-01
1.005993560197903980e+00
1.012354475095202710e+00
1.018963947442041551e+00
1.022890655030548768e+00
1.026424867390465234e+00
1.026996595490515141e+00
1.026106655141734603e+00
1.019981054395499243e+00
1.017668116020217228e+00
1.014233399205671349e+00
1.009112832340135046e+00
1.004194967120533688e+00
1.000866048945395104e+00
1.000191425947176471e+00
9.982379269563411706e-01
9.953589591458348318e-01
9.967990738330813061e-01
9.958822429607595561e-01
9.970053125279122463e-01
9.963944727093515530e-01
9.966018694466480810e-01
9.966457622535506156e-01
9.979880803300742453e-01
9.987210782292412770e-01
9.979685150295763973e-01
9.996161080360960183e-01
9.989072010107037380e-01
9.998907052993951661e-01
1.000467162710556357e+00
1.000190764376655217e+00
9.988679495226263638e-01
9.997906060422656616e-01
1.000171361208608056e+00
9.993560563194497925e-01
1.000064678046581612e+00
1.000411393008017624e+00
9.995956061532053072e-01
1.000677448264923441e+00
1.000640251421460514e+00
1.001402878349538339e+00
1.000823630689102961e+00
1.001197900356816550e+00
1.000627711324475477e+00
1.002257854601142251e+00
1.000988786360226923e+00
1.000850672889182169e+00
1.001306657815962620e+00
9.999662755809810566e-01
1.000159379377159263e+00
1.001255108284711204e+00
1.000605605290918687e+00
1.000212692761057953e+00
1.000237974679225594e+00
9.989382894844930361e-01
9.998936220946926801e-01
1.000614222364493600e+00
1.000153894212792771e+00
1.000230505456437546e+00
9.999312779728352085e-01
1.000153589476270088e+00
1.001403822797456433e+00
9.997631933918433855e-01
1.000761520662842186e+00
1.000288658281484500e+00
1.001012391903171928e+00
1.001019888069877961e+00
1.001127513514775469e+00
1.000025635159588644e+00
1.000835814152145620e+00
1.000834747701856209e+00
1.001490048525609966e+00
1.000960086037428365e+00
1.000408374084307273e+00
1.000536493641484448e+00
9.999518501113462410e-01
9.988816301447546175e-01
9.978182831000428354e-01
9.986927983380227136e-01
9.998084126306756581e-01
1.000554606312694217e+00
1.000398276675175779e+00
1.001229376468379950e+00
1.000544006632955174e+00
1.002295974072575424e+00
1.001921447432169598e+00
1.002770194042319929e+00
1.001032354583950346e+00
1.000939655438284559e+00
1.001648462395250183e+00
1.001977910541138828e+00
1.001263858926401795e+00
1.000987427851993905e+00
1.000829197222004252e+00
1.000308677644896838e+00
9.998913782012688323e-01
9.983344679222371232e-01
9.992967214127569386e-01
9.997767380633458822e-01
9.988051681893395095e-01
9.980357694942121327e-01
9.975236959428833705e-01
9.987243511826492393e-01
9.988873422234758603e-01
9.995787958512458715e-01
1.000435297644656218e+00
1.000350792728657456e+00
1.001009603081408406e+00
1.000781159442582835e+00
1.001124061315153302e+00
1.000980430692215650e+00
1.001607160682214337e+00
9.999931472591410131e-01
1.000880335399259691e+00
1.000767851728737945e+00
1.000866873488116315e+00
1.000866576401235220e+00
1.000647579282560651e+00
9.994455350702386998e-01
1.000175460806156158e+00
1.000294946779519023e+00
9.994029556271182280e-01
1.000215219785462351e+00
9.997857805621392924e-01
9.995266469967253320e-01
9.997785876308827868e-01
9.984700480665111844e-01
1.000239832607946244e+00
1.000678272392093060e+00
9.990897769733723122e-01
1.000219289381645060e+00
9.990560980216278697e-01
9.993239687381195724e-01
1.000170415802645874e+00
1.000116696013678030e+00
1.000262592727109823e+00
9.992823115164876091e-01
9.996929031356299733e-01
1.000435337178501749e+00
9.993725618488774609e-01
1.000100691054440105e+00
1.000384803438544523e+00
1.000363001226410420e+00
9.998989721992297408e-01
9.995790665718689016e-01
1.000234898133679939e+00
1.000119147962991395e+00
9.995874262403819932e-01
9.999536123069198146e-01
1.000121272356340629e+00
1.000155371739971155e+00
9.994451073323502577e-01
1.000616818910129879e+00
1.000402560071136149e+00
9.998099584136797002e-01
1.000229215838296604e+00
9.996613711516394440e-01
9.998960457335952512e-01
1.000242957826755319e+00
9.996521111286083006e-01
9.997448645750788288e-01
9.998295985998019164e-01
1.000140189335034790e+00
1.000236068306727955e+00
9.995919627208302849e-01
9.992641670808564136e-01
9.995737152014623206e-01
9.996253727804881306e-01
9.999830788391095293e-01
9.999176240138352156e-01
1.000200421604322543e+00
1.000405029405392776e+00
1.000125457929667006e+00
1.000711133929257146e+00
1.000105022607658656e+00
1.000148291692220637e+00
1.000443065793566122e+00
1.000039523535160235e+00
1.000425205985878918e+00
1.000278547188595990e+00
1.000470989711331526e+00
1.000093537130414711e+00
1.000478411508551213e+00
1.000392299963640985e+00
9.997811371160862937e-01
1.000205463001938355e+00
9.996270919829985946e-01
1.000297829185118559e+00
1.000049595902037458e+00
1.000287114273159972e+00
9.997291425326849668e-01
9.995765351424850120e-01
1.000278870005268050e+00
9.996376345153691334e-01
9.998910126596061154e-01
1.000216687361675572e+00
1.000476016696291603e+00
1.000063857975335369e+00
1.000087308690076560e+00
1.000362114205231245e+00
9.997279286605404991e-01
1.000490967273302223e+00
1.000042279793075917e+00
9.997741785624508770e-01
1.000338817061156682e+00
1.000286628501011688e+00
9.996837798403356290e-01
9.925354979200322614e-01
9.811813238811792903e-01
9.706352648216667323e-01
9.599474291655458735e-01
9.493919529681437153e-01
9.387042933953891888e-01
