0.000000000000000000e+00
0.000000000000000000e+00
0.000000000000000000e+00
0.000000000000000000e+00
0.000000000000000000e+00
0.000000000000000000e+00
0.000000000000000000e+00
0.000000000000000000e+00
0.000000000000000000e+00
0.000000000000000000e+00
0.000000000000000000e+00
0.000000000000000000e+00
0.000000000000000000e+00
0.000000000000000000e+00
0.000000000000000000e+00
0.000000000000000000e+00
0.000000000000000000e+00
0.000000000000000000e+00
0.000000000000000000e+00
0.000000000000000000e+00
0.000000000000000000e+00
3.307968314829903139e-02
9.950521199412843965e-01
3.307764735945637025e+00
3.306476034901909777e+00
1.847738148566885341e+00
8.472493640705134332e-01
3.903598787726842989e-01
2.053801068143853159e-01
2.258854113528623031e-01
8.269559150067800068e-01
1.721694019406652343e+00
1.905376586201328770e+00
1.467240847360107514e+00
9.942834175188607349e-01
7.102749634262951473e-01
5.924225410851698959e-01
5.869678975393644027e-01
6.349069278253718362e-01
7.206489751254461229e-01
8.173931802924742085e-01
9.199376097491198667e-01
1.009777327855313267e+00
1.092913296603948758e+00
1.157618399965977707e+00
1.197635147588421045e+00
1.224234543963248933e+00
1.224920327141930443e+00
1.209150587222456830e+00
1.175258934410342349e+00
1.134233915190947517e+00
1.089840898802039160e+00
1.051367570523573436e+00
1.013324621218082200e+00
9.822963224125975668e-01
9.547724200567387909e-01
9.407413762369998267e-01
9.328107226659946294e-01
9.240179975100163423e-01
9.230598617078548118e-01
9.199121311952271896e-01
9.257773191458038564e-01
9.375714764452828254e-01
9.480600379022438018e-01
9.614117337361435256e-01
9.745277709521716902e-01
9.886075604795232508e-01
9.971114431202519057e-01
1.006121706192708354e+00
1.012599376179435851e+00
1.017581717123166474e+00
1.022452378467037182e+00
1.027000762884984653e+00
1.028951386179066674e+00
1.024394074080212658e+00
1.022683717442468554e+00
1.019472948961503533e+00
1.013891708362860244e+00
1.009132522378639818e+00
1.004841251024529036e+00
1.000163050185841174e+00
9.991594467855553496e-01
9.976995383304483322e-01
9.960300898825433791e-01
9.952952075416398037e-01
9.962520526097569107e-01
9.962128461453370054e-01
9.955283919040320839e-01
9.945934268436056325e-01
9.959703011599956302e-01
9.966267761733713648e-01
9.957104243307985936e-01
9.974239579971564407e-01
9.980433848773807570e-01
9.970552328865190939e-01
9.991717469759107129e-01
9.989417210280122639e-01
9.984167248012564277e-01
1.000843354190349199e+00
9.998623909395037979e-01
9.999515624401560387e-01
1.000262805261532773e+00
9.994320578974356106e-01
1.000823324941863879e+00
9.985098637702781721e-01
9.991417135132759642e-01
9.996701888597739893e-01
1.001791989673257000e+00
1.000830248014464408e+00
1.001353822052087006e+00
9.998885575272578041e-01
1.000344520320300523e+00
9.999275068240633946e-01
9.988906511187902737e-01
1.001329826373962284e+00
1.000473700945878175e+00
1.000180532764798569e+00
9.992080351752927747e-01
9.999539458001321934e-01
9.990585476232040074e-01
9.987901311540062776e-01
9.992742505858198676e-01
9.990152937544994893e-01
1.000020381798492508e+00
9.983611977352642164e-01
9.995992467973422446e-01
9.999916873633111214e-01
9.997149322450459286e-01
1.000378979294318960e+00
9.997496884683965135e-01
9.994858317554619065e-01
9.989545047486194651e-01
9.999292396263201876e-01
9.985299461750651862e-01
1.000851016991547437e+00
1.000332302968409026e+00
9.995457646123645512e-01
1.000841580234834716e+00
1.000432192054713676e+00
1.000066230957555202e+00
9.990889024775757576e-01
9.995238306234179859e-01
1.000517735608073000e+00
9.989958837631620625e-01
9.992434304419547386e-01
9.988825087958722593e-01
9.994403330856278522e-01
9.990382669669758409e-01
9.994468328888331810e-01
1.000469711056055866e+00
1.000123854180948069e+00
1.001430831707206259e+00
1.001017440771132971e+00
1.000793996863927005e+00
1.001315384318534507e+00
1.002273507256141505e+00
1.001162410602368658e+00
1.001730170471868853e+00
1.000186657825052006e+00
1.000590913027313622e+00
1.000556975520778158e+00
9.998254592475044333e-01
1.000088792137435068e+00
9.994851097532784223e-01
9.993231196410214956e-01
9.987167644610086548e-01
9.989928763232266418e-01
9.981830919259282453e-01
9.983250230560101190e-01
9.986451725822914627e-01
9.993708780536422198e-01
9.982701788086396633e-01
1.000152746339304288e+00
1.000596531695427727e+00
1.000643333289275905e+00
1.000710417118850337e+00
1.000259252658294962e+00
1.000569934019492679e+00
1.001008131635679810e+00
1.000729275234891524e+00
1.001567671266133885e+00
1.001295881776578689e+00
1.000666202320523723e+00
1.001587851223352255e+00
1.000793515654777810e+00
1.000299995246309637e+00
9.999299546674139672e-01
9.999552645284741637e-01
9.994301800581304462e-01
9.993602004270719652e-01
9.987877944167782296e-01
1.000037828344209512e+00
1.000113207590929143e+00
1.000525909183855866e+00
9.997516001037045630e-01
9.997041892574829447e-01
9.998684242405406764e-01
9.999709969230983209e-01
1.000387523601732109e+00
1.000281344193854505e+00
9.999952374440425062e-01
1.000311899061607779e+00
1.000266544072229147e+00
1.000132134163197239e+00
9.997960951610505020e-01
1.000448172521295254e+00
1.000537654085538852e+00
1.000849932555432753e+00
1.000106405039030255e+00
1.000185629446956881e+00
1.000199943421576254e+00
9.999821375299410287e-01
9.999297535134096249e-01
1.000381932521959616e+00
1.000716297004099031e+00
1.000215633052441211e+00
1.000335476500535892e+00
1.000292033546044124e+00
9.997226934931797704e-01
1.000238237777644867e+00
1.000254908442489876e+00
1.000006772469963501e+00
9.997524542582723051e-01
9.995599963978487601e-01
1.000466603123069120e+00
9.999457858559562817e-01
1.000007658087531670e+00
1.000399557004455264e+00
9.998214259146604999e-01
1.000194920597638371e+00
1.000320310705666627e+00
9.996355566556126560e-01
1.000188480013446179e+00
1.000153582897145510e+00
1.000548428598666328e+00
9.994401875783102129e-01
1.000578828345845883e+00
1.000410461954443386e+00
1.000818734996318460e+00
1.000021637593925705e+00
1.000380970062973551e+00
1.000321168850665687e+00
9.996498830727754692e-01
1.000823258193462628e+00
1.000812374149628203e+00
1.000336833869216013e+00
1.000313566703647128e+00
1.000641542630734460e+00
1.000445475684312635e+00
1.000345352580957137e+00
1.000354314957336399e+00
9.996626261724114171e-01
1.000230194204084766e+00
9.999449186009160551e-01
1.000153132313516213e+00
1.000257193621224561e+00
1.000607099230608199e+00
1.000509824272524106e+00
1.000258045819846453e+00
1.000094568502219339e+00
9.993498986132255402e-01
1.000168116282866837e+00
1.000079522409595967e+00
9.998356969787209891e-01
1.000446941088204644e+00
1.000621894183556959e+00
9.997662678029363148e-01
1.000610814286000183e+00
1.000694932828799288e+00
1.000362543732591147e+00
1.000702123008031297e+00
1.000184377558009263e+00
1.000571338480743311e+00
9.999036246700756525e-01
9.921840314705548947e-01
9.817584615347663135e-01
9.709173487097092492e-01
9.596008253520400544e-01
9.492949106390956571e-01
9.387550691427254401e-01
