0.000000000000000000e+00
0.000000000000000000e+00
0.000000000000000000e+00
0.000000000000000000e+00
0.000000000000000000e+00
0.000000000000000000e+00
0.000000000000000000e+00
0.000000000000000000e+00
0.000000000000000000e+00
0.000000000000000000e+00
0.000000000000000000e+00
0.000000000000000000e+00
0.000000000000000000e+00
0.000000000000000000e+00
0.000000000000000000e+00
0.000000000000000000e+00
0.000000000000000000e+00
0.000000000000000000e+00
0.000000000000000000e+00
0.000000000000000000e+00
0.000000000000000000e+00
3.294053620009516903e-02
9.965653790921759070e-01
3.297099025415146656e+00
3.285583081466698196e+00
1.850113312446666436e+00
8.428053612934454097e-01
3.908502085219364708e-01
2.017784527900678970e-01
2.249847410092988276e-01
8.282174777691336809e-01
1.722093026982054464e+00
1.898844808622063285e+00
1.462357535485958149e+00
9.951483332598844989e-01
7.083960004201854677e-01
5.951425159189952518e-01
5.858922601741293201e-01
6.357321355923035711e-01
7.202632821588359491e-01
8.193702116487876497e-01
9.172869401363101804e-01
1.013843026293193894e+00
1.091742815974847680e+00
1.156454412807272236e+00
1.197490556370781389e+00
1.225056295449301835e+00
1.225771191639696056e+00
1.207908032497742923e+00
1.170019756133685584e+00
1.132578701563815793e+00
1.085249267943226181e+00
1.044666745318821865e+00
1.012270871583580201e+00
9.822297838496478750e-01
9.582194363643872226e-01
9.402944685592413698e-01
9.262427036240101774e-01
9.246306399445011204e-01
9.193514020615951576e-01
9.203411260033136365e-01
9.262446426114399056e-01
9.366581993176416043e-01
9.477308288926244995e-01
9.639711887219226671e-01
9.754950861895970160e-01
9.896766867422052139e-01
9.976240949215680054e-01
1.006042497868584906e+00
1.013592704089606444e+00
1.018539720084589151e+00
1.020700242609537733e+00
1.026457977619894546e+00
1.026716925809663561e+00
1.024340398966326449e+00
1.020060353368297923e+00
1.017126907841795491e+00
1.015005744688327605e+00
1.007410435944980476e+00
1.004658532121983416e+00
1.002189642854189655e+00
9.995000368642025235e-01
9.949997877866952889e-01
9.965901054722066110e-01
9.939187517990893950e-01
9.962216734495933368e-01
9.944648826914771478e-01
9.967509740234097304e-01
9.956057493127189462e-01
9.957299715138814289e-01
9.961753438369455038e-01
9.956913781898909521e-01
9.983882828653238839e-01
9.995494131238397140e-01
9.997445638461784911e-01
9.989640666359071997e-01
9.982858587010217111e-01
1.000344694555668212e+00
9.987479724707610806e-01
9.990060204505336605e-01
9.986384025824791566e-01
9.995139425206116535e-01
9.990622396501297464e-01
9.995127815818639627e-01
9.985282968194564290e-01
9.995519498424423332e-01
9.992326663917825424e-01
1.001054185439069100e+00
9.998622412510385082e-01
9.993024942785145859e-01
1.003023320162242271e+00
1.000842751769093875e+00
1.000970330192398228e+00
1.001127590523206212e+00
1.001419351033986826e+00
1.000859776280396796e+00
1.001608575086767150e+00
9.997391569762607011e-01
9.990586560558009088e-01
9.986866712490821696e-01
1.000104391993654085e+00
9.999029791048329452e-01
9.989270437862909358e-01
9.989431834528856857e-01
9.994260560641172741e-01
1.000694823729655125e+00
1.000467813978820342e+00
1.000784293102547018e+00
1.000435685433415989e+00
1.000876762978573753e+00
1.000003944146333756e+00
9.994444891872290571e-01
1.000223343878712923e+00
1.000479047263703736e+00
1.000869442132542808e+00
9.991198028696067768e-01
1.000499931087692085e+00
9.997532766402182913e-01
1.000716835656074277e+00
1.000149297073828603e+00
1.000391321191531624e+00
9.993265183199803170e-01
9.987423343203948312e-01
9.992125651025555166e-01
9.984946035455548596e-01
9.979316558224659017e-01
9.990042437881485604e-01
9.998317754433712068e-01
9.996729329000446640e-01
9.994865728058911492e-01
1.001902890710640870e+00
1.000991109827912284e+00
1.002247300773009497e+00
1.002401011200138248e+00
1.001146921897279496e+00
1.001004025032238065e+00
1.001435457628487402e+00
1.001326616766511801e+00
1.001111709880768919e+00
1.000881922625149079e+00
1.000123561622904722e+00
1.000557240970068928e+00
1.000810566489141129e+00
9.988719488249129252e-01
9.997991512147136328e-01
9.991381898778015636e-01
9.982150987535927111e-01
9.977513321777045086e-01
9.989359284306200681e-01
9.980581716992084074e-01
9.992635319711141717e-01
9.993468059158343575e-01
9.983577252700118754e-01
9.997807086341252703e-01
1.001742768010455142e+00
1.000010165830917952e+00
1.000799019546595003e+00
1.000812931578491494e+00
1.001163818069320977e+00
1.001535273186620945e+00
1.000721375131135682e+00
1.000741426427591785e+00
1.000339925016786147e+00
1.000944738601754702e+00
1.000112312381518320e+00
9.998109167381876716e-01
1.000013249992978581e+00
1.000110032590324938e+00
9.998395246696812899e-01
9.995666626797364840e-01
9.997639972714216228e-01
9.992334758987743148e-01
9.989210728314862342e-01
1.000188543481977721e+00
9.996974931443407542e-01
9.993080836302171699e-01
1.000286976093559765e+00
9.998738826626731857e-01
1.000695448866349091e+00
1.000223683814510878e+00
1.000060238088057218e+00
9.999689273863507921e-01
1.000111512767156485e+00
1.000322679776913803e+00
9.999976554528594574e-01
9.997892846300514558e-01
1.000200161890799855e+00
9.997549615146386071e-01
9.997480985030663403e-01
1.000200249384042506e+00
9.998260449575094855e-01
9.998242326511770361e-01
1.000567399184136619e+00
1.000134967246900874e+00
9.998786481900415746e-01
9.998627646235074273e-01
1.000363773130698020e+00
1.000829872851383584e+00
1.000459647858015888e+00
1.000392558988698832e+00
1.000494262391609768e+00
1.000625925257146775e+00
1.000253765259442096e+00
9.999964119500905912e-01
9.993162383053467712e-01
1.000087876875543236e+00
1.000100607760917137e+00
9.998589288729200497e-01
9.994939176948282045e-01
9.999264945595012222e-01
9.999730556317989461e-01
9.996911843438266443e-01
9.999950457303194984e-01
1.000186063779333168e+00
9.997045715369278218e-01
9.994430727264748127e-01
1.000108648966339553e+00
9.998756079729477220e-01
1.000248827356650327e+00
1.000546082850799046e+00
9.998563157757991426e-01
9.999875040540004978e-01
1.000219179208853948e+00
1.000888961769986318e+00
1.000135196785514324e+00
9.997523902004352703e-01
1.000317372163527008e+00
1.000743580410260680e+00
1.000126895584206421e+00
1.000026175298293518e+00
1.000328981186948241e+00
9.999771938704022922e-01
9.998860474286987987e-01
1.000302077102157572e+00
9.997235179468542121e-01
9.998838261862368348e-01
1.000407183294438784e+00
1.000343665381311586e+00
1.000020419419676898e+00
1.000313182794460243e+00
9.997686561205898492e-01
9.999357077198052224e-01
9.998805560908820000e-01
9.998433150902240607e-01
1.000101573259018828e+00
9.995644919302043574e-01
1.000773536800302566e+00
9.998234502676051072e-01
9.996075016883613218e-01
1.000618173192369120e+00
9.998494547407584809e-01
1.000186410484954047e+00
1.000404108652724222e+00
9.992531107885689323e-01
9.923305977369102360e-01
9.816328507477052323e-01
9.702318622457839492e-01
9.597630633700638958e-01
9.491412699069219361e-01
9.386703179248817586e-01
