0.000000000000000000e+00
0.000000000000000000e+00
0.000000000000000000e+00
0.000000000000000000e+00
0.000000000000000000e+00
0.000000000000000000e+00
0.000000000000000000e+00
0.000000000000000000e+00
0.000000000000000000e+00
0.000000000000000000e+00
0.000000000000000000e+00
0.000000000000000000e+00
0.000000000000000000e+00
0.000000000000000000e+00
0.000000000000000000e+00
0.000000000000000000e+00
0.000000000000000000e+00
0.000000000000000000e+00
0.000000000000000000e+00
0.000000000000000000e+00
0.000000000000000000e+00
0.000000000000000000e+00
0.000000000000000000e+00
0.000000000000000000e+00
0.000000000000000000e+00
0.000000000000000000e+00
0.000000000000000000e+00
0.000000000000000000e+00
0.000000000000000000e+00
0.000000000000000000e+00
0.000000000000000000e+00
5.373809392380982965e-03
5.462181340211400699e-02
2.309161168014093601e-01
5.404587731429011388e-01
9.107043242462575794e-01
1.169838858244591995e+00
1.344060445767707224e+00
1.427177724355031208e+00
1.442436309896505620e+00
1.430929709364317404e+00
1.406892627631537218e+00
1.360302706394546313e+00
1.339737291767980620e+00
1.300668594114005261e+00
1.253399502117429787e+00
1.231490160166485381e+00
1.205852136045764134e+00
1.200664726993148301e+00
1.191556548608820432e+00
1.188075718837714456e+00
1.160641903521721696e+00
1.128109203070267075e+00
1.071875140914609004e+00
1.020873793095526505e+00
9.944588018102751281e-01
9.652152505821584016e-01
9.590311531658650690e-01
9.652922988811449834e-01
9.630630735493624917e-01
9.669501957950432658e-01
9.699081304499581613e-01
9.823123914301064019e-01
9.955498757055283310e-01
1.001450606313733394e+00
1.003969206544760739e+00
1.014253052051536264e+00
1.006918834219947989e+00
1.012533005379969708e+00
1.011337562654696542e+00
1.014415451380688449e+00
1.015987932655690651e+00
1.011772237846612299e+00
1.015818314953214063e+00
1.011232756122042442e+00
1.007243094857374288e+00
1.017366166093280899e+00
1.009055682664592890e+00
1.008277830723885993e+00
1.002562214152960429e+00
1.007383579698626797e+00
1.001745020201338265e+00
9.961448498275174979e-01
9.960154316170245492e-01
9.995264698089800781e-01
9.894422221102880943e-01
9.931383653458482064e-01
9.902370857226787670e-01
9.877845058808122358e-01
9.870710053506385195e-01
9.889863931352959048e-01
9.808376475808597839e-01
9.836649628432764247e-01
9.826707223076013298e-01
9.865736887935572241e-01
9.915602841774172616e-01
9.908725378435919717e-01
9.918329594910199054e-01
9.970242414017100874e-01
9.949992403940102204e-01
9.998578105226084700e-01
9.980799430928459781e-01
9.984749604946832058e-01
9.979715217881971467e-01
1.000302676695711490e+00
9.984666181300846377e-01
1.004374334237682298e+00
9.998863286989695398e-01
1.001580064945733373e+00
1.002040312491842222e+00
9.981447884970610085e-01
9.936266844904805273e-01
1.000630194184421784e+00
9.979447283552137504e-01
9.931906818419886651e-01
9.983723958131596188e-01
9.994901699832036135e-01
9.948017199016100376e-01
9.881310094061301896e-01
9.947401078856531464e-01
9.970209674694061608e-01
9.951331890394690127e-01
9.925271700931990182e-01
9.918116524066025175e-01
9.947890784565255329e-01
9.960563298337812288e-01
9.922473873013158974e-01
9.919973639661739950e-01
9.992629210935678463e-01
9.959604255592672262e-01
1.003481777855943946e+00
9.965732242522106210e-01
9.966044902594217714e-01
9.977736841820379343e-01
9.975128283171799115e-01
1.001228760917929561e+00
1.003321014156004720e+00
9.991712619430861420e-01
1.000779711599464328e+00
1.003182162994966431e+00
9.979700687583793473e-01
9.991486398527541501e-01
1.005600430261143874e+00
1.003183642036752810e+00
9.990363108123007096e-01
9.969481454335112902e-01
1.004026797764217438e+00
9.984789477945895664e-01
1.000640035348012047e+00
1.002458501325434348e+00
9.983959038209030412e-01
1.001815435849934710e+00
9.996849850757794087e-01
9.935642472642096656e-01
9.966100441666143617e-01
1.003275535422508247e+00
9.955158837163097241e-01
9.954043260917782021e-01
9.966809549258502932e-01
9.994572379172041998e-01
9.976944425635539959e-01
9.954528263806509125e-01
9.950162307543688467e-01
9.998379787501461280e-01
9.983957926316022746e-01
1.000902591806358100e+00
9.990608348878236011e-01
9.990960603206527901e-01
1.000949532415899457e+00
9.965944424409028946e-01
9.994558014359458120e-01
1.001283576844788525e+00
1.000844236645666685e+00
1.001106670213728567e+00
1.000603874766979651e+00
9.995142448951658265e-01
9.985390604104708023e-01
9.980199517224688233e-01
9.988757067520749322e-01
9.999947448643434766e-01
9.985005819614125588e-01
9.982444247486672584e-01
9.989169710208065656e-01
9.978970872416008664e-01
9.973700606499875665e-01
9.987087124460203302e-01
9.996639523331138921e-01
9.982273737243255729e-01
1.000931087187560520e+00
9.977486858037099005e-01
9.987391941030890896e-01
9.981190983334556899e-01
1.000166251856733135e+00
9.950850854279487123e-01
1.002203309221236571e+00
9.994747924855158505e-01
9.952361194832937130e-01
9.965330951876997245e-01
9.969549938552182411e-01
1.000815361924628055e+00
1.000691820026046619e+00
9.987956509165583086e-01
1.001166471365219968e+00
9.972024401875514421e-01
9.999393235924866064e-01
1.000315525379396719e+00
9.996246183128805196e-01
9.997774040856983735e-01
9.969667145821243803e-01
9.976242812566109563e-01
9.992521453387340769e-01
9.984395341800862411e-01
1.001435921856300482e+00
9.975799165432760462e-01
9.992133402871947734e-01
9.969934447552070145e-01
9.978982003891987418e-01
1.001363935440248598e+00
9.967316267772086125e-01
1.000230484917697504e+00
1.002001771825693277e+00
9.992549280173038673e-01
1.002240888074428238e+00
9.982201319566197384e-01
9.958308567497189401e-01
1.000403697545266146e+00
1.001046522176938458e+00
9.982928992684041436e-01
9.991665853075072379e-01
9.976868822977914553e-01
9.989874405764709309e-01
9.966840381304592489e-01
9.988322935602622632e-01
9.981119714418300592e-01
9.982907710943501600e-01
9.980997843892488453e-01
9.972375441155577613e-01
9.990941518571990754e-01
9.990940351284107734e-01
9.980717765554885101e-01
9.987688987390015427e-01
9.973392476934485051e-01
9.987338461707427895e-01
9.986563232514178434e-01
9.996991607341605413e-01
9.985135692577327138e-01
9.982849175359848060e-01
9.970889102148473571e-01
9.966189809251413401e-01
9.965391492262958284e-01
9.994320672776365599e-01
9.989477829479784798e-01
9.969526759341388322e-01
9.969760177651421085e-01
9.979644150373032652e-01
9.987336459830010726e-01
9.972948542282448203e-01
9.970513850775118980e-01
9.998909445053093537e-01
9.980785013092572378e-01
9.967641482074915960e-01
9.973668326337095102e-01
9.973308791511505955e-01
9.972252676306715413e-01
9.987162960299206249e-01
9.978401989428516972e-01
9.967313604904877167e-01
9.975592197823487384e-01
9.960954958457233221e-01
9.949505090602814850e-01
9.979872188554390622e-01
9.997687357552360599e-01
9.986649444128941067e-01
9.978157321955065662e-01
9.971151379024679740e-01
9.985806196652143862e-01
9.972046382998320802e-01
9.973266080038445391e-01
9.975256193290749085e-01
9.978928476461715880e-01
9.971640590116916947e-01
9.959318604503196726e-01
9.963238178576486748e-01
9.952974543094481596e-01
9.973666123046434073e-01
9.970978558912848566e-01
9.952675358097530234e-01
9.973816944297794196e-01
9.953794217285819590e-01
9.939345214972132858e-01
9.969875354243860066e-01
9.945970567212972790e-01
9.965714320198477694e-01
9.964814762216990252e-01
9.985586234494918667e-01
9.968620801621800309e-01
9.964297870895981735e-01
9.946371691383537605e-01
9.951060329479129996e-01
9.967283178343679939e-01
9.980329929829006019e-01
9.961142264912157263e-01
9.933225078182296164e-01
9.978646595400941788e-01
9.970472871250324332e-01
9.971802592036813628e-01
9.970053130678486752e-01
9.971758661069690666e-01
9.947458293327360312e-01
9.958012246472580653e-01
9.977682385540979082e-01
9.959898010937080493e-01
9.933235810429852375e-01
9.959688159491546511e-01
9.965860600429649052e-01
9.962829641314088214e-01
9.963002364935557020e-01
9.970571629283084825e-01
9.952248988508993754e-01
9.957916998020666099e-01
9.939554434289638030e-01
9.971209070056723522e-01
9.959817115361158102e-01
9.973537060361368223e-01
9.978836782969019437e-01
9.977128759802813551e-01
9.968111073502127217e-01
9.969368680816356187e-01
9.971819788450736466e-01
9.962583890106267992e-01
9.972990481850717570e-01
9.969212007525296571e-01
9.957532779071260887e-01
9.983796578531798360e-01
9.969735186694613782e-01
9.968114097650921934e-01
9.964405285626110054e-01
9.978982656969153098e-01
9.975156753497292916e-01
9.971230464457719878e-01
9.966488240957400713e-01
9.974305579884382711e-01
9.969469751747980224e-01
1.000172523901740051e+00
9.980634010752008622e-01
9.977470297771660057e-01
9.975562555287886823e-01
9.924220002058590229e-01
9.837912570136909673e-01
9.761649187814800399e-01
9.684080638478869130e-01
9.579509071481420168e-01
9.500085482427546024e-01
9.422131467908810842e-01
9.324256559276862255e-01
9.267046132846074036e-01
9.173691778919698114e-01
9.100553750541511278e-01
9.018237742315557970e-01
8.952036433688665973e-01
8.839866078369348346e-01
8.781511228025355997e-01
8.698926639296732377e-01
8.602111508960097463e-01
8.532154892883322406e-01
8.452718915887073026e-01
8.380143439513412229e-01
8.309818922301780431e-01
8.234509791013417956e-01
8.162345928246288462e-01
8.066599291395861737e-01
8.000572878626462936e-01
7.925837835897348027e-01
7.864203185706376553e-01
7.782375700549711839e-01
7.717282270614624906e-01
7.645065269763534621e-01
7.567202604863653148e-01
7.480324966844450474e-01
7.416235843648039117e-01
7.343147174179273096e-01
7.268948561858334934e-01
7.203494130678634866e-01
7.132785060973886315e-01
7.079557899228993145e-01
7.006691743477351242e-01
6.919983522313751800e-01
6.840496753890243919e-01
6.792325325877949238e-01
6.730793065046091206e-01
6.651176100422206972e-01
6.585247124078518199e-01
6.517929795218355693e-01
6.447319228692863780e-01
6.385878679484738862e-01
6.313153358368254198e-01
6.245536606743615771e-01
6.188138072099083065e-01
6.119026550427877353e-01
6.055059301558192164e-01
5.978249193577546139e-01
5.923372363381986805e-01
5.847880384553885147e-01
5.790409133149048149e-01
5.724869005775343744e-01
5.657893451988121880e-01
5.598961548323416748e-01
5.544514884567128821e-01
5.492080282118592116e-01
5.425017744951872167e-01
5.358732572940582140e-01
5.299438636437759920e-01
5.235491242721789229e-01
5.165843380616358393e-01
5.113274519438019139e-01
5.051470809259626105e-01
4.993287324135652905e-01
4.929098516117476625e-01
4.877595670245041259e-01
4.817812364338364683e-01
4.750712791022413950e-01
4.698806504010563656e-01
4.630997019994607111e-01
4.580145615901886624e-01
4.518529463766460808e-01
4.462112634525143284e-01
4.397766850458594834e-01
4.351801842243011587e-01
4.287908948455100844e-01
4.227928078974022008e-01
4.174609385690945529e-01
4.115483920054295308e-01
4.070777639435440021e-01
4.013062835089807323e-01
3.956954165460001560e-01
3.902391990364110219e-01
3.849843833805711713e-01
3.787894585376400669e-01
3.737873654357810604e-01
3.685490956762645931e-01
3.634083504659048058e-01
3.574797690630494573e-01
3.521642081475502284e-01
3.477756482950698502e-01
3.413814795139631375e-01
3.371406614224267129e-01
3.313294676763309798e-01
3.266394053705386491e-01
3.208091827077366731e-01
3.170592443302961971e-01
3.106487978197970956e-01
3.055449949498899032e-01
3.002170578744214890e-01
2.958852029435544706e-01
2.908207858384436739e-01
2.859207956207618917e-01
2.804969147868510704e-01
2.752980529093409512e-01
2.699434621422496794e-01
2.654425401758552794e-01
2.607055359392040916e-01
2.563505707253255772e-01
2.507010442031489261e-01
2.455783916083804364e-01
2.412997438637202174e-01
2.356065569697331774e-01
2.315781582070000622e-01
2.274117273732192135e-01
2.217388911610230218e-01
2.172212238605286394e-01
2.125843042434552577e-01
2.079506647307081679e-01
2.034264403695400514e-01
1.984057602607211257e-01
1.933687092774178384e-01
1.895137526079941903e-01
1.843925079853491189e-01
1.799336416028241292e-01
1.762398526721669079e-01
1.710584385760311743e-01
1.664692155090694015e-01
1.618540388066753710e-01
1.576700903626826467e-01
1.525480374889617297e-01
1.485164130950273609e-01
1.444026535659324872e-01
1.397532042308547162e-01
1.348188842713157753e-01
1.306602979071854742e-01
1.258971407944366461e-01
1.220339076338568390e-01
1.186089789365313979e-01
1.147104529745324869e-01
1.106082324306320586e-01
1.073874093176262895e-01
1.037685611945553810e-01
1.011990083225077497e-01
9.805374245893473673e-02
9.486549339977037865e-02
9.209907758428571845e-02
8.968735900609157985e-02
8.663979954968910324e-02
8.435829889385818015e-02
8.202354453501357889e-02
7.928633112379851466e-02
7.667237084463161823e-02
7.465544786432859459e-02
7.228029912611273755e-02
7.007997508078181448e-02
6.792552179445465743e-02
6.597196257082878212e-02
6.440939939404743964e-02
6.207646088926616068e-02
6.027648671623187654e-02
5.839695363507552139e-02
5.628993027904923702e-02
5.495676783285064620e-02
5.302376847521775988e-02
5.168008964009578043e-02
4.979191165490101656e-02
4.798555930751986776e-02
4.672484095704852042e-02
4.503235998851454203e-02
4.355832721035841903e-02
4.223282584186820177e-02
4.057104409590824023e-02
3.952908308082295902e-02
3.807387430028531805e-02
3.663969556954025514e-02
3.545571971143345741e-02
3.420044071650987783e-02
3.300305155964620291e-02
3.192762037904544464e-02
3.073223519518010483e-02
2.958513523310318805e-02
2.867622857540543316e-02
2.745930163956178394e-02
2.647345732652648526e-02
2.551901376711898303e-02
2.424204086580914602e-02
2.333320042498565963e-02
2.239380201796692046e-02
2.170178874807702704e-02
2.067712789667565734e-02
1.977423451234345750e-02
1.920683719456353286e-02
1.831278236928154252e-02
1.753079684515676528e-02
1.673169909099769814e-02
1.597503078581946970e-02
1.517869819427233001e-02
1.455529298939900115e-02
1.406557030713049758e-02
1.335022264896205089e-02
1.261739260829904292e-02
1.191083114601627739e-02
1.141141398340990085e-02
1.093231441758856295e-02
1.037895430556451046e-02
9.746005914707906934e-03
9.212220301661473709e-03
8.794817697968460718e-03
8.260661313381555820e-03
7.864589172306531845e-03
7.315973397702880097e-03
6.920930063642195297e-03
6.532615998261573527e-03
6.075462977476637182e-03
5.681542544238405573e-03
5.287718291798929049e-03
4.922832875084015049e-03
4.588875759445706914e-03
4.279997953161838314e-03
3.910661150008799825e-03
3.686048960424850689e-03
3.370232007670403724e-03
3.090597751866121061e-03
2.785376473357209764e-03
2.580400623780485219e-03
2.371105243166957144e-03
2.076516162891613431e-03
1.874143909698106113e-03
1.665604122594574465e-03
1.504842351666659060e-03
1.313328015927439597e-03
1.157334418883958216e-03
1.024099771468367590e-03
8.794049030331848758e-04
7.557033600094205340e-04
6.073624032369393530e-04
5.208882656260522452e-04
4.084745760005556079e-04
3.302345933071626732e-04
2.570608709040027588e-04
2.006724064081245396e-04
1.455631890177646855e-04
9.351976997366517300e-05
5.705941047121291778e-05
2.769009027828804701e-05
8.902512923537563819e-06
2.957629094652057547e-06
0.000000000000000000e+00
0.000000000000000000e+00
0.000000000000000000e+00
0.000000000000000000e+00
0.000000000000000000e+00
0.000000000000000000e+00
0.000000000000000000e+00
0.000000000000000000e+00
0.000000000000000000e+00
0.000000000000000000e+00
0.000000000000000000e+00
0.000000000000000000e+00
0.000000000000000000e+00
0.000000000000000000e+00
0.000000000000000000e+00
0.000000000000000000e+00
0.000000000000000000e+00
0.000000000000000000e+00
0.000000000000000000e+00
0.000000000000000000e+00
0.000000000000000000e+00
0.000000000000000000e+00
0.000000000000000000e+00
0.000000000000000000e+00
0.000000000000000000e+00
0.000000000000000000e+00
0.000000000000000000e+00
0.000000000000000000e+00
0.000000000000000000e+00
0.000000000000000000e+00
0.000000000000000000e+00
0.000000000000000000e+00
0.000000000000000000e+00
0.000000000000000000e+00
0.000000000000000000e+00
0.000000000000000000e+00
0.000000000000000000e+00
0.000000000000000000e+00
0.000000000000000000e+00
0.000000000000000000e+00
0.000000000000000000e+00
0.000000000000000000e+00
0.000000000000000000e+00
0.000000000000000000e+00
0.000000000000000000e+00
0.000000000000000000e+00
0.000000000000000000e+00
0.000000000000000000e+00
0.000000000000000000e+00
