0.000000000000000000e+00
0.000000000000000000e+00
0.000000000000000000e+00
0.000000000000000000e+00
0.000000000000000000e+00
0.000000000000000000e+00
0.000000000000000000e+00
0.000000000000000000e+00
0.000000000000000000e+00
0.000000000000000000e+00
0.000000000000000000e+00
0.000000000000000000e+00
0.000000000000000000e+00
0.000000000000000000e+00
0.000000000000000000e+00
0.000000000000000000e+00
0.000000000000000000e+00
0.000000000000000000e+00
0.000000000000000000e+00
0.000000000000000000e+00
0.000000000000000000e+00
0.000000000000000000e+00
0.000000000000000000e+00
0.000000000000000000e+00
0.000000000000000000e+00
0.000000000000000000e+00
0.000000000000000000e+00
0.000000000000000000e+00
0.000000000000000000e+00
0.000000000000000000e+00
1.146303655187892322e-04
4.621140093048850019e-03
5.047859737503015282e-02
2.336549177459671112e-01
5.591442280501013329e-01
9.064919281395394934e-01
1.163030167092201861e+00
1.335697091673389680e+00
1.418440731237360808e+00
1.445338721618392608e+00
1.448314416090193513e+00
1.408524066093789662e+00
1.379332507816345865e+00
1.347529740311093738e+00
1.317806600208265788e+00
1.273140022963653806e+00
1.234211821770863082e+00
1.216635303079376396e+00
1.225466683896053066e+00
1.211098535571234258e+00
1.217971335798713417e+00
1.192924791502363080e+00
1.148068968361947828e+00
1.078838952756271619e+00
1.033473401912268441e+00
1.000964508160474775e+00
9.850887156317008619e-01
9.742501100586479224e-01
9.670606398126699865e-01
9.727226949874491213e-01
9.722990403094112777e-01
9.904766597227420144e-01
9.902399929268843604e-01
1.002009989057065287e+00
1.000839493931728219e+00
1.021047488512400347e+00
1.023921764371632070e+00
1.022995605792060392e+00
1.021800347373417406e+00
1.020956311613063328e+00
1.023889710265958319e+00
1.030912575148496879e+00
1.023506735726419370e+00
1.033431900683660976e+00
1.024493798011409496e+00
1.021500546883030269e+00
1.023888766814110340e+00
1.029312180234530416e+00
1.029802235884455408e+00
1.024238923136478796e+00
1.019076832922184650e+00
1.024454619721829829e+00
1.013981426896255700e+00
1.006160330851404883e+00
1.008997588205862161e+00
1.004512818636621674e+00
9.985107458620376963e-01
1.002338970398161555e+00
9.991909166428546429e-01
9.938023715040168460e-01
9.945134244473263774e-01
9.955803100981612808e-01
9.919940527277421038e-01
9.957006052426846665e-01
9.954941561077587098e-01
9.971710159915866400e-01
9.999506151761969885e-01
1.004022402827346117e+00
9.990511582440623206e-01
1.006054176801057798e+00
1.004441422208857793e+00
1.009031713651696194e+00
1.012907423440142951e+00
1.003981654497381415e+00
1.004644040109047509e+00
1.005436376050385494e+00
1.006774130408122581e+00
1.005867352228513534e+00
1.005339166248062188e+00
1.005685240044031481e+00
1.005478612945548411e+00
1.007193453702220687e+00
1.003607722207777275e+00
1.005546206542346610e+00
1.003009883853485107e+00
1.003264172445713420e+00
1.003707694979094622e+00
9.974097340143367463e-01
9.969067599363530263e-01
1.000425559344509718e+00
9.961185559537010237e-01
9.930886651511585672e-01
1.000080426079653861e+00
9.906627776697825016e-01
9.960033426450617400e-01
9.954625540402407546e-01
9.972734445348178101e-01
9.931782392076600186e-01
9.980664998037889202e-01
1.003226435340305533e+00
9.987185639503459722e-01
9.998803720708104859e-01
9.985608909716384707e-01
1.000806713452271124e+00
9.976112665700658244e-01
1.002352504570879432e+00
9.999741597396479831e-01
1.003295282476450279e+00
9.998285510392104225e-01
9.980017836551964283e-01
1.002489524374580832e+00
9.999548364258390443e-01
1.003337329052991667e+00
9.998480391708537418e-01
1.002099630732581792e+00
1.002401746924532100e+00
9.969078868380302216e-01
9.996661115112897011e-01
1.001065393187862140e+00
9.975950433545587304e-01
9.951687621549371032e-01
9.959811358936244696e-01
1.001180585567015058e+00
9.978868152634093880e-01
9.964348338508172143e-01
1.001314954130680723e+00
9.957700738389329009e-01
9.987712247753199879e-01
9.971985513570422732e-01
9.977748702517451607e-01
9.982221907673142214e-01
9.989049690283076099e-01
1.000779660230213253e+00
9.988876343747089548e-01
9.994976230266144901e-01
9.999382124538709338e-01
1.000546188319069163e+00
1.001501731447815624e+00
9.983864682568019955e-01
1.000464039200353428e+00
1.000612087050297694e+00
1.000036010310187962e+00
1.001506179109579397e+00
9.990287037089949918e-01
1.002044098935637617e+00
1.001193576545880815e+00
1.006206595689375316e+00
1.002374788672145245e+00
1.002297395807943081e+00
9.998459180426584325e-01
1.002477033734588074e+00
1.002901557405651234e+00
9.993118304406919394e-01
9.997501507586352698e-01
1.000399107340608218e+00
1.000198101649557803e+00
1.001970532612318943e+00
9.996866865742426445e-01
9.999038941699441851e-01
1.001818939865652291e+00
1.000641355341031602e+00
1.001027270875332498e+00
1.003688037157629331e+00
1.000677875424394792e+00
9.994862080131559079e-01
1.000350816467822757e+00
9.999612325353135489e-01
1.001734588681751470e+00
9.983657048618446161e-01
9.997672689462104856e-01
9.996109955547247683e-01
9.981373150054729804e-01
1.003587740330965428e+00
1.003851177672270722e+00
1.001210510100175588e+00
1.002245368226751587e+00
9.998095382115772534e-01
1.002491185539846397e+00
1.001560138666176769e+00
1.001223171400605017e+00
1.001379279994487170e+00
1.003220887813915940e+00
9.990911882890732842e-01
1.001306903035783291e+00
1.002561824127774059e+00
1.003858313465859187e+00
9.979348626529560562e-01
1.002875935006823926e+00
1.001957619366390606e+00
1.004062281988566951e+00
1.000658939752154364e+00
1.002720987340005365e+00
1.002579468616384251e+00
1.000946446437545712e+00
1.002072445972704617e+00
9.979086758390761647e-01
9.999302156203559999e-01
1.004350340397758945e+00
1.002602985210620412e+00
1.003283660035598768e+00
1.002026009842739596e+00
1.000485952560857594e+00
1.002890802939999881e+00
1.002749401536900731e+00
1.002354787397869096e+00
1.003630540650658487e+00
1.004297893275636122e+00
1.002182678388799486e+00
1.000686245384431849e+00
1.003190108229688349e+00
1.002061173459992016e+00
1.001905734727593922e+00
1.003909465438518778e+00
1.000054992443093482e+00
1.000356112864966063e+00
9.985170623681904889e-01
1.000615084243479336e+00
1.000374721183560078e+00
1.002435495027044432e+00
1.003082903549159965e+00
1.001274749042200041e+00
1.000309958446728542e+00
1.001401472318291130e+00
1.000556134387905693e+00
1.001784191869404816e+00
1.001974055767638649e+00
1.001060701063131386e+00
1.000452956237953606e+00
1.002373352074372725e+00
9.990907500573852351e-01
1.002655633568516835e+00
1.000764282521102944e+00
1.001579474671662862e+00
9.990865271565732009e-01
1.002140561226479321e+00
1.002448551423166689e+00
1.001806252626239679e+00
1.000765480969816990e+00
1.003361766693522172e+00
9.997368408614247803e-01
1.000216028731467643e+00
1.000982226300133116e+00
9.988235635926721034e-01
1.000570320643511035e+00
1.000599333328325402e+00
1.000979521051396759e+00
1.000562235024146762e+00
1.000248209983072289e+00
1.001428083466763930e+00
1.001993504121606371e+00
1.001668798657728399e+00
9.997501676382877234e-01
1.001154234523871756e+00
9.995998192241063451e-01
9.985826852775756546e-01
9.991972354678704260e-01
1.000597408947845768e+00
9.990961320390107092e-01
9.997941216710208856e-01
1.001575853071650313e+00
9.976871772578040920e-01
9.985848326731945335e-01
1.000573731054742899e+00
9.998890572295227042e-01
9.999886104955850730e-01
9.974820855472283920e-01
1.000080280005934075e+00
1.000213597408142974e+00
9.983909254352242302e-01
1.000554248021495951e+00
9.997968861223667236e-01
9.978719631258080591e-01
9.992802400935903995e-01
9.974251025578569907e-01
9.997122135310892999e-01
9.997461558577482865e-01
9.986765155176281494e-01
9.978003761044075270e-01
9.969538104798476574e-01
9.986612909089773726e-01
9.990496297657255331e-01
9.970054623264978932e-01
9.965263884267411276e-01
9.960287884282827964e-01
9.991594937141820010e-01
9.982493493346501490e-01
9.982335297070920044e-01
9.982308991172541557e-01
9.989150818843905988e-01
9.991553596537647852e-01
9.990731537367107951e-01
9.970814317617486822e-01
9.968823743493904210e-01
9.991684516292426155e-01
9.981382544527906964e-01
9.990253562322223280e-01
9.981992153371750387e-01
9.982912036188771321e-01
9.975423369005664842e-01
9.970690133788382425e-01
9.977937894734256741e-01
9.970166108759227486e-01
9.962316819315051308e-01
9.998757376362450433e-01
9.972298629964174710e-01
9.999725623573306743e-01
9.984325556046335093e-01
9.975336087973141197e-01
9.989741951601961434e-01
9.981701056140871442e-01
9.981888147354898155e-01
9.982816313225905125e-01
9.990972722760349534e-01
9.977218464608580417e-01
9.992767173315361129e-01
9.972769336507428806e-01
9.976427279045303464e-01
9.925997783845603717e-01
9.846557643712240404e-01
9.760712514051682609e-01
9.684453023922563464e-01
9.576499387271575348e-01
9.498399236310297589e-01
9.421292858358254474e-01
9.334474765428029119e-01
9.239648082402479590e-01
9.165095255731834367e-01
9.082093907305138769e-01
8.989087682084514475e-01
8.907792208861158301e-01
8.858950453315704854e-01
8.746516736631815281e-01
8.686721340521729173e-01
8.599290808569417521e-01
8.526718514206518273e-01
8.443450883433064602e-01
8.358359703175370914e-01
8.298009951874990575e-01
8.219421437156140264e-01
8.138147543957495733e-01
8.062485747074586984e-01
8.006814321071105134e-01
7.911573326962482167e-01
7.845376063121043408e-01
7.758534488060971901e-01
7.723036673312230205e-01
7.618779802406846491e-01
7.559632952005421735e-01
7.463813766844549225e-01
7.403945230595057048e-01
7.326702873393960980e-01
7.273446689563065615e-01
7.200747250075107964e-01
7.106858450483711787e-01
7.047058603943752164e-01
6.978798306238614968e-01
6.924542004981323329e-01
6.834637263138149121e-01
6.777728356791064002e-01
6.702804412667501266e-01
6.624124165407778708e-01
6.578255833186035240e-01
6.504677127788779378e-01
6.440066520786024151e-01
6.366721018468649573e-01
6.302740381681699589e-01
6.231400301360473515e-01
6.155493656346241460e-01
6.100590743247154002e-01
6.041041333428037730e-01
5.970614090854621248e-01
5.906277122233563048e-01
5.844078297511162701e-01
5.788854991334780875e-01
5.718808389745312359e-01
5.648836691892672457e-01
5.591397212188843335e-01
5.520972661913552404e-01
5.472278593764996479e-01
5.392411936620572499e-01
5.342337809946943183e-01
5.274069444509654758e-01
5.229212958574346315e-01
5.167176802720306883e-01
5.090519966179992695e-01
5.041973571321713976e-01
4.979092131194248760e-01
4.915182191767896724e-01
4.860910324400145033e-01
4.791537336688032611e-01
4.738709039048627503e-01
4.691063632302329700e-01
4.618664015235719456e-01
4.563912800766906641e-01
4.500825407263797651e-01
4.445112738454227719e-01
4.401011670491676298e-01
4.342213115398800283e-01
4.266838954117116445e-01
4.231436242713289553e-01
4.164857344470855871e-01
4.114537497184039272e-01
4.054267494604558153e-01
3.993782795209324665e-01
3.939369774757414122e-01
3.894253067425021975e-01
3.833175393250657370e-01
3.786410160070257103e-01
3.725272610773711635e-01
3.664248616197528507e-01
3.617771001988618895e-01
3.567633240378756954e-01
3.512693561512232887e-01
3.461780162228357272e-01
3.409237794642549502e-01
3.349378073697282243e-01
3.297642528732517841e-01
3.245046710496460873e-01
3.201258010022083322e-01
3.138355461596033513e-01
3.092673462611596480e-01
3.039177709415393225e-01
2.986332450164052021e-01
2.939824234136690917e-01
2.888987656361379774e-01
2.837237419929466986e-01
2.790958252012086249e-01
2.742936580357092646e-01
2.686774166294595423e-01
2.635741151340387223e-01
2.595243881092626492e-01
2.542950061279013463e-01
2.489144372160655150e-01
2.447657889768999617e-01
2.395374184566727571e-01
2.349038613209568638e-01
2.301671480377846801e-01
2.258098465154783074e-01
2.203618524255062383e-01
2.158391772682496657e-01
2.105840523998662173e-01
2.061395291689787357e-01
2.014340677113338196e-01
1.972478454415750038e-01
1.921610309176504661e-01
1.884373052528282300e-01
1.832217837665237603e-01
1.788373072992931467e-01
1.742093117130527891e-01
1.698650857761260791e-01
1.651914973059122327e-01
1.609181581077434309e-01
1.564218055543901698e-01
1.517513890747037020e-01
1.478359656175625980e-01
1.433434027528521504e-01
1.383728287024528492e-01
1.341965610935822451e-01
1.296506398021966544e-01
1.253409914238265421e-01
1.215573947257328341e-01
1.172265333948557670e-01
1.131769024087108527e-01
1.098741715761671900e-01
1.068335805500827268e-01
1.037019440589489749e-01
1.002952768669818362e-01
9.736496862210133885e-02
9.459810336203382242e-02
9.136959424801274765e-02
8.883960453186760808e-02
8.609498310430456491e-02
8.340696086867729897e-02
8.123766345367509911e-02
7.902204291121660285e-02
7.656412970428785880e-02
7.392753510418463569e-02
7.212515363180348194e-02
6.968141660345460175e-02
6.780801935933682134e-02
6.584235720324277397e-02
6.339139362743183292e-02
6.178204763663957405e-02
5.987453719541858954e-02
5.795438311939088427e-02
5.635807389686647850e-02
5.447106370751027965e-02
5.266828992829544753e-02
5.156248522483133229e-02
4.941368520681023446e-02
4.793129146525331591e-02
4.633009880259474772e-02
4.500408578912067081e-02
4.332517934377769220e-02
4.200568999305237528e-02
4.067081912196524734e-02
3.924921305011910833e-02
3.804159530417933893e-02
3.648850745941809026e-02
3.547444277419619513e-02
3.401530654404051612e-02
3.299423449945065867e-02
3.176997150279917831e-02
3.071126656271535790e-02
2.943404291324366179e-02
2.846811451330827011e-02
2.742618257980315721e-02
2.651582847757441574e-02
2.545794885398710086e-02
2.450518551393874450e-02
2.359324155215494767e-02
2.261657579502568058e-02
2.160925898861376648e-02
2.073230581075314813e-02
1.989257754484110782e-02
1.909326664876040414e-02
1.831966371176127484e-02
1.766364780976413182e-02
1.682441840103629516e-02
1.608123775280844228e-02
1.525536534955574536e-02
1.461033535600964918e-02
1.396218515724223681e-02
1.327719556681251911e-02
1.278157338415820965e-02
1.201433552696012930e-02
1.143124573314077859e-02
1.089274685980543174e-02
1.028725587999260345e-02
9.837619809007235039e-03
9.213247860458196811e-03
8.726189930827786892e-03
8.307247623010332802e-03
7.815654460009655372e-03
7.395426448747826308e-03
6.950106841613744139e-03
6.492264340316666535e-03
6.131976681426816803e-03
5.594016860251361731e-03
5.366249302058609047e-03
4.924113294758817976e-03
4.649600807400000417e-03
4.332723284034627545e-03
3.958040639662064979e-03
3.645068401878349181e-03
3.367411039244213623e-03
3.128878386530178825e-03
2.859999544094048683e-03
2.551214708362277254e-03
2.289636476920549769e-03
2.069719311082952179e-03
1.915007489143534958e-03
1.689684238604454661e-03
1.508491648743645868e-03
1.314168998572437302e-03
1.163783144381698269e-03
9.899221443255010536e-04
8.623473810464506477e-04
7.396363099137041874e-04
6.530435729457298834e-04
5.266614111093873007e-04
4.267334563256161778e-04
3.244387348792281893e-04
2.461428672518618257e-04
1.819498705056039770e-04
1.386358503837619056e-04
9.141492359708200920e-05
5.078217055691515821e-05
2.887896223066262156e-05
1.008878113221950904e-05
2.070189851128459137e-06
0.000000000000000000e+00
0.000000000000000000e+00
0.000000000000000000e+00
0.000000000000000000e+00
0.000000000000000000e+00
0.000000000000000000e+00
0.000000000000000000e+00
0.000000000000000000e+00
0.000000000000000000e+00
0.000000000000000000e+00
0.000000000000000000e+00
0.000000000000000000e+00
0.000000000000000000e+00
0.000000000000000000e+00
0.000000000000000000e+00
0.000000000000000000e+00
0.000000000000000000e+00
0.000000000000000000e+00
0.000000000000000000e+00
0.000000000000000000e+00
0.000000000000000000e+00
0.000000000000000000e+00
0.000000000000000000e+00
0.000000000000000000e+00
0.000000000000000000e+00
0.000000000000000000e+00
0.000000000000000000e+00
0.000000000000000000e+00
0.000000000000000000e+00
0.000000000000000000e+00
0.000000000000000000e+00
0.000000000000000000e+00
0.000000000000000000e+00
0.000000000000000000e+00
0.000000000000000000e+00
0.000000000000000000e+00
0.000000000000000000e+00
0.000000000000000000e+00
0.000000000000000000e+00
0.000000000000000000e+00
0.000000000000000000e+00
0.000000000000000000e+00
0.000000000000000000e+00
0.000000000000000000e+00
0.000000000000000000e+00
0.000000000000000000e+00
0.000000000000000000e+00
0.000000000000000000e+00
0.000000000000000000e+00
