0.000000000000000000e+00
0.000000000000000000e+00
0.000000000000000000e+00
0.000000000000000000e+00
0.000000000000000000e+00
0.000000000000000000e+00
0.000000000000000000e+00
0.000000000000000000e+00
0.000000000000000000e+00
0.000000000000000000e+00
0.000000000000000000e+00
0.000000000000000000e+00
0.000000000000000000e+00
0.000000000000000000e+00
0.000000000000000000e+00
0.000000000000000000e+00
0.000000000000000000e+00
0.000000000000000000e+00
0.000000000000000000e+00
0.000000000000000000e+00
0.000000000000000000e+00
0.000000000000000000e+00
0.000000000000000000e+00
0.000000000000000000e+00
0.000000000000000000e+00
0.000000000000000000e+00
0.000000000000000000e+00
0.000000000000000000e+00
0.000000000000000000e+00
0.000000000000000000e+00
2.292668651000530594e-04
4.513792485851254171e-03
5.451834380986026601e-02
2.271996160976755552e-01
5.404339408038786319e-01
8.881540042194732143e-01
1.156177370930563386e+00
1.328604472038304563e+00
1.416104479288092355e+00
1.440319563050124430e+00
1.427353118789955744e+00
1.421131562237619494e+00
1.396550275878476910e+00
1.364698495091441144e+00
1.327158464253510806e+00
1.287494462198781164e+00
1.236414944964567608e+00
1.229193280822388878e+00
1.211626406596908678e+00
1.197029296357862149e+00
1.214156759119752849e+00
1.179607367213760583e+00
1.150614648316481192e+00
1.079463959902139170e+00
1.031921270610769437e+00
9.973213577078953174e-01
9.774982033863268693e-01
9.699862007210018344e-01
9.600127037092753834e-01
9.728089680369680359e-01
9.640504440630932592e-01
9.835387074328184598e-01
9.811479111239113093e-01
1.002777343723211478e+00
9.994820191118828356e-01
1.011007487652164860e+00
9.973014018444105178e-01
1.013519983584076245e+00
1.015236569498382480e+00
1.016214636874225974e+00
1.011429264652210058e+00
1.022616703542037486e+00
1.018908160993110101e+00
1.017686515521670998e+00
1.012512099001392496e+00
1.015503593140963945e+00
1.015898024289838331e+00
1.014691178472301614e+00
1.011502397804599829e+00
1.017230001542525297e+00
1.013870750712137170e+00
1.007270320733856472e+00
1.011517212298020274e+00
1.004535306859009269e+00
1.000406570578047605e+00
9.987626218293095270e-01
9.871776497400913675e-01
9.897458501723797042e-01
9.862413287274696128e-01
9.944014513069654448e-01
9.833939557850129853e-01
9.909320788252813372e-01
9.808901207962087421e-01
9.832355193471694621e-01
9.877822837587442173e-01
9.942743571654211188e-01
9.916401212151676470e-01
9.906655326723443622e-01
9.961430451831355670e-01
9.980989743058337194e-01
9.960634996588340062e-01
9.994729794632308817e-01
1.002448786077132947e+00
9.972984677787467556e-01
1.001780202412616116e+00
9.995897068884065373e-01
1.003651200035222013e+00
1.004648421273843351e+00
1.005520070444248182e+00
1.001647388798746263e+00
1.001286904281359025e+00
1.001198490832579502e+00
1.001216198310540539e+00
9.983210831011744002e-01
9.989287477650414804e-01
9.991419475924300242e-01
9.931816609179310307e-01
1.000371738295564361e+00
9.948904588162640339e-01
9.954710877033861038e-01
9.911140973457337466e-01
9.966406871533982637e-01
9.930003644967572152e-01
9.929407707774401404e-01
9.953901214871042624e-01
9.944735213645209404e-01
9.904623662613155632e-01
9.958158334626844299e-01
9.906851377938952208e-01
9.923025913808409815e-01
9.981378523849480100e-01
9.903292812181176963e-01
9.939162583820448926e-01
9.940237971573373521e-01
9.909939951823556470e-01
9.895772324259070052e-01
9.930694220792798399e-01
9.964628842006170162e-01
9.946069806850011963e-01
9.977654344915833917e-01
9.980106553733036900e-01
9.943995056829286749e-01
9.965891932363201144e-01
9.951774551589824824e-01
9.960076003186535409e-01
9.975975252814254235e-01
9.922487503627568373e-01
9.943252812832754639e-01
9.950615600271704997e-01
9.993013451762696731e-01
9.979168560213443895e-01
9.962633399918128241e-01
9.934895866533702824e-01
9.985064438141015852e-01
9.953758247190582775e-01
9.992996847358311951e-01
9.993585451340891712e-01
9.900318859086830736e-01
9.979214318115663396e-01
9.951605712370805712e-01
9.965763465106246555e-01
9.997494698195946716e-01
9.907621857899446827e-01
9.973385277543984628e-01
1.000994393290991713e+00
9.979947994657741850e-01
9.977223454785479895e-01
9.968226608752118745e-01
9.993822807115729789e-01
9.985902579972492088e-01
9.955578540492932005e-01
1.000534139077378315e+00
9.968773328443977233e-01
9.977197884777951886e-01
1.000957166565193068e+00
9.959676952131830685e-01
9.984486763891814443e-01
9.990572793164119725e-01
9.957203298551650095e-01
9.977377597910458418e-01
9.966543536548921889e-01
9.995323648512917103e-01
9.963959181625091643e-01
9.971639528218508852e-01
9.983706463000728837e-01
9.962670805363530446e-01
9.976924886889069199e-01
9.965252085990402575e-01
9.980037385496852709e-01
9.958348243332464378e-01
9.950727962730963050e-01
1.000201976974897544e+00
9.987561359794567828e-01
9.949026456833974796e-01
9.985770105631840421e-01
9.985359645685539798e-01
9.979385825892286288e-01
9.970942784009637627e-01
9.964328211513517886e-01
1.000179874913714739e+00
9.951012888259126443e-01
9.958289470077502648e-01
1.000693947664128114e+00
9.971875250044990313e-01
9.978277739779688460e-01
9.967643477006037367e-01
9.973903378369342043e-01
9.981561433099571667e-01
9.928657304899520808e-01
9.972747113120841167e-01
9.977284411894565830e-01
9.996667798120492110e-01
9.962791140590736561e-01
9.973749838698112713e-01
9.968495307021010277e-01
9.982129729495713422e-01
9.977886425690758454e-01
9.955601934935336406e-01
9.949903683523848574e-01
9.957885109613879848e-01
9.962154188074309191e-01
9.936986596507094704e-01
9.951311661876226511e-01
9.948522358730097492e-01
9.961194301518385696e-01
9.957625953445558009e-01
9.970944616432403373e-01
9.960793162535199752e-01
9.943574054711075139e-01
9.949217248829814730e-01
9.954408489947063066e-01
9.933149885801983991e-01
9.957461739818527224e-01
9.973951932253677377e-01
9.976572698796911665e-01
9.963328870034697804e-01
9.971612167425836226e-01
9.950796730201438844e-01
9.961776953102138288e-01
9.936157730867474225e-01
9.954594428421065233e-01
9.949967212807098171e-01
9.949829069641604740e-01
9.982471070002023605e-01
9.961798062010361887e-01
9.944173452085568465e-01
9.943443609718669585e-01
9.974452682946245430e-01
9.974366977836790493e-01
9.963717242267942087e-01
9.950217032424649721e-01
9.952684226858498073e-01
9.959868661878926721e-01
9.972986326143251645e-01
9.944591696106875878e-01
9.982237917114988868e-01
9.969102493156813960e-01
9.964072478747457717e-01
9.982234840805225273e-01
9.952928310922388722e-01
9.970310926523279216e-01
1.000825369432081891e+00
9.967201393660024555e-01
9.978476035780052822e-01
9.980088200532883924e-01
9.959879068256592971e-01
9.971285365928833633e-01
9.991006573438537819e-01
9.987761068646417995e-01
9.956316313126259976e-01
9.973525260415424532e-01
9.986000796500608123e-01
9.976883982572699594e-01
9.980935245844195780e-01
9.968768356975752365e-01
9.960954903348845368e-01
9.959661363565897041e-01
9.995866692061222691e-01
9.990720227309924928e-01
9.965992350203416450e-01
9.967875125950853565e-01
9.959399340904886433e-01
9.967230366520488660e-01
9.968917912881242183e-01
9.983682816679502192e-01
9.992671466943789937e-01
9.973578101628529646e-01
9.971320085135588762e-01
9.956168591046619110e-01
9.974238138022327727e-01
9.981536521694969188e-01
9.985262050231124009e-01
9.968435042496774923e-01
9.991296572839473145e-01
9.985656175258101896e-01
9.981805077860790298e-01
9.976529170873147390e-01
1.001210358234860598e+00
9.960357911240049766e-01
9.986014523507467100e-01
1.001497154476072238e+00
9.976558080621789060e-01
9.963921521329519582e-01
9.969319390360112942e-01
9.961399731776520161e-01
9.992815497460103558e-01
9.979641932547058669e-01
9.984451461472829692e-01
9.976584299283502988e-01
9.992502481204873499e-01
9.985221633653690310e-01
9.969123371903040320e-01
9.984674455719124708e-01
9.984090451473280892e-01
9.997673887521650871e-01
9.979996376738967667e-01
9.972168927381765968e-01
9.994911685640223142e-01
9.972281739714125015e-01
9.990713505585302467e-01
9.986430636950177631e-01
9.966737296598878748e-01
9.983169105312709180e-01
9.978846704114463506e-01
9.971622966948314737e-01
9.985900665638886009e-01
9.993954161328968411e-01
9.989433421055152751e-01
9.994754137838437469e-01
9.975740649053225217e-01
9.992703696664468893e-01
9.999731383100002313e-01
9.985175289498915419e-01
9.977076460885356823e-01
9.972756075418939270e-01
9.968290898427498714e-01
9.991308049646507872e-01
9.980939736471902135e-01
9.981101974979913471e-01
9.987556775335600934e-01
9.995952917785845271e-01
9.991231314938316954e-01
9.983185102726108706e-01
9.988277375640765010e-01
9.981855832994136479e-01
9.990502438881426750e-01
9.982467936498581329e-01
9.918685839460230635e-01
9.866894464382796048e-01
9.771407004481820202e-01
9.675041421311815215e-01
9.603695310836514176e-01
9.525509100581444066e-01
9.436488590207513516e-01
9.366514104031560262e-01
9.274291029002934561e-01
9.191202538199174654e-01
9.100861576216074944e-01
9.029913509406251038e-01
8.936639740147425126e-01
8.867869580862933754e-01
8.775680810583502689e-01
8.705457880685210093e-01
8.638779447527209499e-01
8.551750156680442139e-01
8.464377129455613602e-01
8.395860020002193780e-01
8.317278342532273827e-01
8.242063684668917700e-01
8.170602329790644935e-01
8.095425101606764651e-01
8.008659026174562712e-01
7.931622422236087600e-01
7.853070271188431484e-01
7.794899416203288078e-01
7.722986146510910643e-01
7.639018717598362596e-01
7.582428472440209122e-01
7.503892030829297788e-01
7.424558961541490865e-01
7.373659198546400617e-01
7.284486114531502077e-01
7.200538999729578782e-01
7.142174142121732183e-01
7.062749354799788826e-01
6.997808477058652388e-01
6.943067927779845716e-01
6.873826608841598906e-01
6.794231933558202430e-01
6.733576860014455212e-01
6.662927654827469626e-01
6.590566639012301886e-01
6.526138213976577784e-01
6.460598212631868398e-01
6.398310554439559095e-01
6.340073906941640081e-01
6.244564496076443483e-01
6.200036700690263469e-01
6.130793414171171740e-01
6.063514658416575553e-01
5.990879872999415046e-01
5.930185663105483895e-01
5.864661428954045519e-01
5.813239514096227856e-01
5.736696807759498196e-01
5.678965501806559901e-01
5.613522664393894024e-01
5.554882710247736055e-01
5.488191487170213101e-01
5.414675517629613521e-01
5.369821288652122382e-01
5.301871839484091353e-01
5.239243154460246910e-01
5.177899801849477068e-01
5.110444942318942418e-01
5.053518180969482909e-01
5.000011059321640694e-01
4.934152205084703091e-01
4.875343863804375011e-01
4.810409684464705959e-01
4.753914311273357285e-01
4.700973724123181374e-01
4.635904324431462387e-01
4.567620498202937251e-01
4.511367892424722470e-01
4.457342494255410181e-01
4.404359874606715297e-01
4.340152656601397041e-01
4.280968512247563251e-01
4.231231488407965480e-01
4.172604925966030831e-01
4.119430300707466741e-01
4.066514137333238632e-01
4.011147550399081774e-01
3.953479000157199552e-01
3.900728197960007249e-01
3.843000521551739879e-01
3.780510666900470107e-01
3.733076220879633644e-01
3.681793586094598281e-01
3.624171872217104018e-01
3.566574257072113729e-01
3.517417131642658346e-01
3.471496900050000112e-01
3.404919116928350475e-01
3.361461258988551193e-01
3.308739868142748231e-01
3.249351361799924787e-01
3.206650782037138714e-01
3.151872588030109612e-01
3.103055710605124307e-01
3.046771596887870026e-01
3.002714951970621993e-01
2.949449495600091620e-01
2.893763065152794578e-01
2.846544981383685169e-01
2.796841426555649601e-01
2.754071808899406504e-01
2.689965992466377132e-01
2.653641756473187341e-01
2.600945913186643033e-01
2.557233912662381092e-01
2.498504318086065823e-01
2.452806730974493032e-01
2.402214935311862698e-01
2.354643236690987795e-01
2.306961969535569479e-01
2.258407743361627862e-01
2.212088095771431173e-01
2.162387769035358509e-01
2.112651138391815897e-01
2.068833311289924870e-01
2.018082338781919949e-01
1.975860950307737618e-01
1.932740900609795920e-01
1.886786593911621568e-01
1.835573573685758964e-01
1.789178658516842046e-01
1.745707644164169736e-01
1.705180853993508994e-01
1.656287323669730083e-01
1.607444438911916629e-01
1.565858657348583316e-01
1.521167609463670578e-01
1.477181632465565941e-01
1.436698353687571039e-01
1.389348151907963125e-01
1.348126897780311251e-01
1.303057042713632041e-01
1.256964083782887154e-01
1.218837934293328512e-01
1.172720511539507154e-01
1.138570386070242996e-01
1.100408861290587820e-01
1.066763788278712738e-01
1.036169754276862892e-01
1.008162446402680740e-01
9.769849504942870744e-02
9.486328043689420952e-02
9.193925648324462185e-02
8.912679967758600774e-02
8.646874657219690008e-02
8.409889814842683164e-02
8.141231540672730360e-02
7.894286870908828746e-02
7.653529384381672906e-02
7.428868684036929460e-02
7.214033375891058808e-02
6.998436707284390323e-02
6.787844210526114419e-02
6.587931190366579093e-02
6.397762080759239467e-02
6.200458295950648374e-02
6.006380571971276644e-02
5.841320598604698294e-02
5.642660249111267762e-02
5.442255000392773323e-02
5.275213178505427924e-02
5.119256215288368189e-02
4.940117653087656296e-02
4.786801560109406328e-02
4.654270185126381520e-02
4.514670173606223635e-02
4.346020594168739648e-02
4.198084020566011237e-02
4.069083075677270428e-02
3.926295919629946979e-02
3.805219488872554900e-02
3.678539498438317817e-02
3.547158812127727129e-02
3.415301667663215440e-02
3.313819843803683662e-02
3.174975958608113741e-02
3.080051690043588558e-02
2.957630995434246124e-02
2.856036457556111741e-02
2.735614729103469020e-02
2.644492448901433757e-02
2.533505870254623357e-02
2.445967355971519902e-02
2.362198204774995994e-02
2.260699709689106482e-02
2.179935581480000467e-02
2.095381462949425302e-02
2.014238966519181148e-02
1.910022858989185446e-02
1.834086469560742075e-02
1.746097004467773647e-02
1.676496077613706670e-02
1.609120428078015738e-02
1.528287080827322834e-02
1.466051683459211608e-02
1.386543395985040741e-02
1.335239411649720952e-02
1.272086906846677141e-02
1.212214053597819932e-02
1.148389511625123524e-02
1.087794053816420678e-02
1.038018694301359388e-02
9.792231593407595830e-03
9.212815433092899284e-03
8.728452965455208226e-03
8.331401012293959685e-03
7.877662332388533917e-03
7.394620297798740714e-03
6.920612069208147490e-03
6.451563301959817830e-03
6.131478457843170596e-03
5.698770484414775357e-03
5.306875900679913424e-03
4.922279015427290412e-03
4.544910478712108244e-03
4.303879860789302722e-03
3.969819619355653868e-03
3.588942289726435898e-03
3.335622899181878154e-03
3.063180415180712709e-03
2.796760428359117839e-03
2.554469681919148936e-03
2.300495203119742003e-03
2.098890784683580223e-03
1.871534664797433467e-03
1.658298468211973856e-03
1.514483444122146673e-03
1.289855484609056784e-03
1.186213274174288722e-03
1.009480971178397784e-03
8.728758624817790912e-04
7.393481660710955923e-04
6.306581056657198587e-04
5.144414605085946123e-04
4.130280744165349630e-04
3.071314017596829061e-04
2.473605204294843009e-04
1.813512404222290060e-04
1.473609202904276299e-04
9.531384752316720698e-05
5.138098256193596083e-05
3.036838104088945183e-05
8.902103881756662012e-06
2.957493201125981605e-07
0.000000000000000000e+00
0.000000000000000000e+00
0.000000000000000000e+00
0.000000000000000000e+00
0.000000000000000000e+00
0.000000000000000000e+00
0.000000000000000000e+00
0.000000000000000000e+00
0.000000000000000000e+00
0.000000000000000000e+00
0.000000000000000000e+00
0.000000000000000000e+00
0.000000000000000000e+00
0.000000000000000000e+00
0.000000000000000000e+00
0.000000000000000000e+00
0.000000000000000000e+00
0.000000000000000000e+00
0.000000000000000000e+00
0.000000000000000000e+00
0.000000000000000000e+00
0.000000000000000000e+00
0.000000000000000000e+00
0.000000000000000000e+00
0.000000000000000000e+00
0.000000000000000000e+00
0.000000000000000000e+00
0.000000000000000000e+00
0.000000000000000000e+00
0.000000000000000000e+00
0.000000000000000000e+00
0.000000000000000000e+00
0.000000000000000000e+00
0.000000000000000000e+00
0.000000000000000000e+00
0.000000000000000000e+00
0.000000000000000000e+00
0.000000000000000000e+00
0.000000000000000000e+00
0.000000000000000000e+00
0.000000000000000000e+00
0.000000000000000000e+00
0.000000000000000000e+00
0.000000000000000000e+00
0.000000000000000000e+00
0.000000000000000000e+00
0.000000000000000000e+00
0.000000000000000000e+00
0.000000000000000000e+00
