0.000000000000000000e+00
0.000000000000000000e+00
0.000000000000000000e+00
0.000000000000000000e+00
0.000000000000000000e+00
0.000000000000000000e+00
0.000000000000000000e+00
0.000000000000000000e+00
0.000000000000000000e+00
0.000000000000000000e+00
0.000000000000000000e+00
0.000000000000000000e+00
0.000000000000000000e+00
0.000000000000000000e+00
0.000000000000000000e+00
0.000000000000000000e+00
0.000000000000000000e+00
0.000000000000000000e+00
0.000000000000000000e+00
0.000000000000000000e+00
0.000000000000000000e+00
0.000000000000000000e+00
0.000000000000000000e+00
0.000000000000000000e+00
0.000000000000000000e+00
0.000000000000000000e+00
3.848997219312189500e-05
1.981122464737908838e-03
2.746381919460795865e-02
1.877815329709262293e-01
7.201055524005762765e-01
1.512938589336825679e+00
2.030186571260731210e+00
2.095533882412726978e+00
1.892774411457739614e+00
1.632630606232670756e+00
1.413915714320872041e+00
1.255027023309951639e+00
1.152748909109513775e+00
1.083308119954658366e+00
1.012108711097567948e+00
9.472627905553094863e-01
9.109066224739053030e-01
9.042389842465466954e-01
9.101964667457500546e-01
9.240722658382493071e-01
9.377846406171058691e-01
9.552177401768420228e-01
9.621022608078787508e-01
9.693790446479557676e-01
9.755290495342552326e-01
9.796058346403040407e-01
9.860156966471383955e-01
9.909465710691892637e-01
9.912301978658133450e-01
9.868984896110026828e-01
9.838961503922797336e-01
9.772988567925676717e-01
9.688055750491337825e-01
9.616669686900499725e-01
9.585395564135165136e-01
9.543559636890951436e-01
9.541339607207988127e-01
9.606219365856920600e-01
9.658073713938314375e-01
9.783678651069815935e-01
9.881428178452393851e-01
9.992128281934460343e-01
1.009030679265794594e+00
1.017669953602749588e+00
1.025916114813126168e+00
1.029733802938669340e+00
1.033652865295050072e+00
1.034481930195024102e+00
1.033701048075685636e+00
1.032610502252210960e+00
1.029345990276483214e+00
1.023578812976052799e+00
1.018212616771746459e+00
1.012298947776530511e+00
1.006738485918906356e+00
1.000403170152530219e+00
9.962294319179498814e-01
9.932524686340321596e-01
9.876167426165020080e-01
9.865768469112157213e-01
9.862719943990749805e-01
9.873423955320148604e-01
9.879521062545083554e-01
9.889525442984476999e-01
9.903123152007705654e-01
9.937526781636786266e-01
9.950303440007512989e-01
9.984298009083446557e-01
9.996747163102771561e-01
1.000487489215073689e+00
1.001818828639145176e+00
1.001624786614967899e+00
1.003528711040585053e+00
1.002979886887252370e+00
1.004647957133566694e+00
1.003342743123937231e+00
1.005869680504373198e+00
1.004725902509597812e+00
1.006275518081520159e+00
1.004067210089356399e+00
1.004069399959918396e+00
1.003455961408278529e+00
1.002874547926099869e+00
1.002887678960764362e+00
1.002620313516232153e+00
1.002843849918778174e+00
1.001961540690809560e+00
1.001882605575728391e+00
1.002758473429997244e+00
1.000700933234144108e+00
1.001362111831168411e+00
1.000970620163144309e+00
9.991021023490225250e-01
9.998918866952446471e-01
1.000407841435444922e+00
9.991667599816903556e-01
9.996771088805128658e-01
9.992872258493331605e-01
9.995770977177698136e-01
9.990418921372979932e-01
9.993431758886269778e-01
9.997934026664740959e-01
1.000730033895644411e+00
9.998426544539319449e-01
1.000856721497204171e+00
1.000296026896106083e+00
1.001219966488204438e+00
1.000467346343067998e+00
1.001492316224335877e+00
1.001717495740761521e+00
1.001874405843295568e+00
1.001449979879608820e+00
1.001596262970588569e+00
1.001374884708468027e+00
1.001359386018320086e+00
1.001678461946908572e+00
1.001130224544503955e+00
1.001054664016555407e+00
1.001501735590876851e+00
1.001215020374159659e+00
1.001173141210026873e+00
1.000261114201870249e+00
1.000903165864783562e+00
1.000985198156532974e+00
1.000365103919943932e+00
9.996638412500435944e-01
1.000571538440636399e+00
1.000655882172171163e+00
1.000208016399819044e+00
1.000431197534200178e+00
9.995000310853391357e-01
9.999897960249805040e-01
1.000078536669237517e+00
9.999023116403215061e-01
9.995122009094351556e-01
1.000457501913999181e+00
1.000013572522033378e+00
1.000239202547476225e+00
1.000515035157195198e+00
1.000918585084425549e+00
1.000273240917346707e+00
1.000509001636079365e+00
1.000096907912582989e+00
1.000974805766799758e+00
1.000251860802341852e+00
1.001245743584337822e+00
1.000074078169610248e+00
1.000472093781901384e+00
1.000543834792491538e+00
1.000107006508050400e+00
1.000479484844229994e+00
1.000537534820298946e+00
1.000715595623545395e+00
1.000401142967855206e+00
1.000668016957345863e+00
1.000350601794665506e+00
1.001559721408579406e+00
1.000574936495453926e+00
1.000630359984568063e+00
1.000528011514159710e+00
1.000081086582317091e+00
1.000594600503940557e+00
1.000555351159686746e+00
1.000472600046809157e+00
1.000540330910157927e+00
1.000088740269468479e+00
1.000628718021890240e+00
1.000061286819423412e+00
1.000423810236804822e+00
1.000186235728332429e+00
1.000140902942641130e+00
9.998980810619122472e-01
1.000098836927286738e+00
1.001154988449219907e+00
1.000388341066938747e+00
1.000381471355303420e+00
1.000582669869311214e+00
1.000386667026651688e+00
1.001101097362941950e+00
1.000306218275117676e+00
9.999255884122237870e-01
1.000702041253082930e+00
1.000925134562831609e+00
1.000482637645986994e+00
1.000446442720705376e+00
1.000145361752556861e+00
1.000656903269854903e+00
1.000408757575267815e+00
9.996522890979220310e-01
1.000471171922173719e+00
1.000780559779364420e+00
1.001087362040286921e+00
1.000094071014997921e+00
1.000993115220225160e+00
1.000450552488143963e+00
1.000928719325947736e+00
9.999203061253546521e-01
1.000498573751431142e+00
1.000512281620404620e+00
1.000593326677814643e+00
1.000521702779421540e+00
1.000451320745214367e+00
1.000288222129705584e+00
1.000703005427273862e+00
1.000966685429398817e+00
1.000638733678480330e+00
1.000915700885142146e+00
1.000442005303715520e+00
1.000725041160646311e+00
1.000411606440626988e+00
1.000640058283432943e+00
1.000228149824516688e+00
1.000500948968285009e+00
1.000486702137963979e+00
1.000567290700007606e+00
1.000051660147591059e+00
1.000360064212850064e+00
1.000247354849321590e+00
1.000277567762252184e+00
1.000635096454798090e+00
1.000951813619262332e+00
9.999318622582253901e-01
1.000799076439120361e+00
9.999386507269205637e-01
1.000915675677777283e+00
1.000652634878171465e+00
1.000762733347792866e+00
1.000453425982996025e+00
1.000834741802866024e+00
1.000479910098811542e+00
1.000915892282691511e+00
1.000315035365419325e+00
1.000516869736351344e+00
1.000725574491224235e+00
1.000214878777130334e+00
1.000489612569914755e+00
1.000031700292207226e+00
1.000427421527205318e+00
1.000422824313479175e+00
1.000840355356360067e+00
1.000919612676132164e+00
1.000587774606716662e+00
1.000834990922048640e+00
1.000558362616735142e+00
1.000245002521063631e+00
1.000962623884588787e+00
1.000255615530090125e+00
1.000211939514747739e+00
1.000602845188999002e+00
1.000335546539122600e+00
1.000335875825782539e+00
1.000541459000394706e+00
1.000454861589049615e+00
1.000164389793996467e+00
1.000450299499983764e+00
1.000486631114960501e+00
9.999458766084077244e-01
1.000308993462526663e+00
1.000577799080426766e+00
1.000353661114507631e+00
1.000625844557960775e+00
1.000590367710175732e+00
1.000215598241340320e+00
1.000197196836902558e+00
1.000499607538056335e+00
1.000863684803454889e+00
1.000603584307112381e+00
1.000395155725909202e+00
1.000675910897572685e+00
1.000079493299368627e+00
1.000143782334518727e+00
1.000639225185588010e+00
1.000073630039273187e+00
9.998534429716121608e-01
1.000356201481310325e+00
1.000347225433447340e+00
1.000109540953916465e+00
1.000177722788993639e+00
1.000231268086031911e+00
1.000588573901135536e+00
1.000021997015756670e+00
1.000273393390435750e+00
1.000029824912201715e+00
9.999837989259103832e-01
1.000550466814133843e+00
1.000284952626830259e+00
1.000176417752938418e+00
1.000454023022444572e+00
1.000103716756290506e+00
1.000610628116225254e+00
9.998784889721654690e-01
1.000144277763809875e+00
1.000369242241942347e+00
1.000321999651393234e+00
1.000325307197605262e+00
9.998702140954365269e-01
9.999708829925575415e-01
9.999663641212103160e-01
1.000193357648181403e+00
1.000192203941424163e+00
1.000117524967694127e+00
9.999804592812436832e-01
1.000151431826837189e+00
1.000151344057815583e+00
9.998770458984540532e-01
9.999924038834454576e-01
9.999367231122157085e-01
9.999943155814593476e-01
1.000188109416485949e+00
1.000014484198944675e+00
9.997898523438614182e-01
1.000400892159018396e+00
1.000113305249358264e+00
9.997656394906634381e-01
9.998895752053333918e-01
9.997984509079147486e-01
1.000060582327258141e+00
9.997609478662914384e-01
1.000064855339405367e+00
1.000118575690292833e+00
9.995834423495001397e-01
9.948869130272487427e-01
9.863821513571707778e-01
9.780565260842208897e-01
9.690793867426200636e-01
9.608597260423583641e-01
9.524724524003878035e-01
9.438238557407091500e-01
9.356759668103692418e-01
9.273928377439886184e-01
9.192906792380088898e-01
9.113269012611935338e-01
9.030886641602990927e-01
8.947806662816342183e-01
8.866298092461216696e-01
8.790597922260785513e-01
8.709652273093174690e-01
8.630994277572137108e-01
8.554081898060792444e-01
8.477369201738863547e-01
8.396491466654869562e-01
8.322286009490531544e-01
8.243751426986077879e-01
8.164440580028698990e-01
8.090797003473291227e-01
8.017479723195971575e-01
7.937021651381235277e-01
7.866004065331457795e-01
7.788639616198135274e-01
7.717948880584274418e-01
7.642016146420967937e-01
7.572618521310485740e-01
7.495529800107182394e-01
7.421690996346153035e-01
7.352755373662840377e-01
7.281221021626758105e-01
7.208373650062099847e-01
7.135242112494953881e-01
7.065782336178395573e-01
6.995289958080246340e-01
6.927929915902625302e-01
6.859694106660918500e-01
6.786371829471615769e-01
6.720418351112313893e-01
6.649527943566977406e-01
6.583356201448528067e-01
6.516957689725046965e-01
6.447392218300334044e-01
6.382481237316179890e-01
6.315246750089497096e-01
6.248504338237714784e-01
6.181523240010952103e-01
6.115368148681066263e-01
6.051015698308411794e-01
5.986266830860305088e-01
5.922309231674133256e-01
5.856910432156052781e-01
5.792753386400187887e-01
5.729764978554300336e-01
5.666706888271870746e-01
5.603572614251477457e-01
5.540107412260999453e-01
5.474792859640572606e-01
5.415459078749293997e-01
5.352321961453514465e-01
5.291034271754830876e-01
5.227979990853158787e-01
5.169920019868158301e-01
5.109350446616651720e-01
5.047966372153865899e-01
4.987955264727296778e-01
4.929038982137400882e-01
4.868753745436336655e-01
4.808014047708155103e-01
4.748893639901198838e-01
4.691766726999546111e-01
4.632092844487276651e-01
4.573167101837726789e-01
4.515747930339789606e-01
4.459618333209403040e-01
4.401712999239021928e-01
4.345534928287652643e-01
4.288215315930541949e-01
4.231902440127589538e-01
4.175764809854506376e-01
4.118869080144976769e-01
4.063858175906154835e-01
4.007159671890468400e-01
3.952199139307577269e-01
3.897289266225849591e-01
3.842947126869404872e-01
3.788997388122830046e-01
3.734261660658261817e-01
3.680555494193832877e-01
3.625970691190739670e-01
3.573819948378213485e-01
3.521183189370271638e-01
3.467615423581432710e-01
3.412933587175637218e-01
3.361320819373262991e-01
3.308936806708125955e-01
3.255671161513879475e-01
3.203737761998975420e-01
3.152082962501920327e-01
3.102318774085888742e-01
3.050488607200398383e-01
3.000021850101562415e-01
2.948800416986780970e-01
2.899081552801842099e-01
2.850591598096305357e-01
2.798474304352307485e-01
2.749220792360467791e-01
2.699482783079387160e-01
2.649823656017653017e-01
2.601092241506436920e-01
2.552294583922444793e-01
2.503328196428778463e-01
2.454500777745603490e-01
2.404953833243880512e-01
2.357515082367109271e-01
2.310968966315560813e-01
2.262158367902085687e-01
2.213365431564865704e-01
2.168715874163971713e-01
2.120274796470098533e-01
2.073258484065484963e-01
2.027474593761372512e-01
1.981083133191085810e-01
1.933401419643168972e-01
1.887012044534338018e-01
1.841477520106785115e-01
1.794921669427752831e-01
1.750648993417138199e-01
1.704726171287689607e-01
1.659413616488465970e-01
1.614818355844533093e-01
1.569353952123802298e-01
1.524992045441230792e-01
1.481161466304325158e-01
1.436409768543347176e-01
1.392162910115236907e-01
1.348837979170901813e-01
1.304989976542984542e-01
1.261653374611081679e-01
1.218374218649662527e-01
1.178972151039568428e-01
1.140459903543374620e-01
1.104771061426979700e-01
1.071251688194311685e-01
1.038980007961425728e-01
1.007422137393177014e-01
9.784471367213153081e-02
9.491520672971241745e-02
9.210012199897324447e-02
8.938724447319643107e-02
8.671548900955640404e-02
8.412960797148189007e-02
8.166041892500183752e-02
7.924024503086868343e-02
7.681680107190720641e-02
7.456148972479517689e-02
7.245669779420237100e-02
7.021666585552960305e-02
6.806319274031678856e-02
6.603447869714376695e-02
6.402203833851025094e-02
6.206952780870820391e-02
6.020003410207022676e-02
5.829779062862903288e-02
5.652326500080019633e-02
5.473455603287488008e-02
5.304757564158574940e-02
5.138607491780457920e-02
4.972414060619848725e-02
4.811170516057489133e-02
4.661978939189623944e-02
4.504381685732882640e-02
4.363991054774056522e-02
4.216019459808377501e-02
4.077227360770253883e-02
3.942893785267709977e-02
3.811125198260594676e-02
3.681960376072209579e-02
3.551177094860494959e-02
3.429649238732769556e-02
3.310136436846566194e-02
3.186084056618903454e-02
3.073059561883182897e-02
2.967412454201938735e-02
2.859983003776570346e-02
2.752066594258580773e-02
2.647710411904801234e-02
2.547696081775063792e-02
2.450690503450023844e-02
2.353903539740522660e-02
2.261559788975107954e-02
2.170954964746871219e-02
2.084047177222914798e-02
2.001405853151224518e-02
1.921362329976295316e-02
1.835505693329440510e-02
1.760188161040406388e-02
1.685423874900443542e-02
1.607210263823479618e-02
1.535625451798202680e-02
1.471381065875805930e-02
1.399950053364557544e-02
1.334211053747671669e-02
1.272051621821831784e-02
1.211488352970728835e-02
1.148840358978394510e-02
1.089782201000430439e-02
1.036615273327327544e-02
9.818090606245563970e-03
9.292259867540222582e-03
8.782639923705785542e-03
8.307107385305809166e-03
7.812027542562972882e-03
7.379080482568313969e-03
6.932249763490245555e-03
6.491990954823140259e-03
6.086062437778414803e-03
5.700524359351752564e-03
5.329966199168407678e-03
4.960200920165273517e-03
4.618835788062157152e-03
4.281190172113725871e-03
3.971254656048597842e-03
3.658979592490934924e-03
3.374757852744947068e-03
3.099328424238443572e-03
2.834041005247718310e-03
2.584126672245753379e-03
2.345233749164554998e-03
2.115740134776568446e-03
1.897723103851270063e-03
1.707719789324679089e-03
1.513346782024608530e-03
1.341487410187857570e-03
1.168122457095411605e-03
1.018687826674311578e-03
8.824585976499333675e-04
7.459778238586847136e-04
6.263530783439042382e-04
5.170805484020859523e-04
4.249670386832820538e-04
3.380041651124996121e-04
2.591345198993989254e-04
1.941018981370474714e-04
1.380965112469375396e-04
9.100702286752188628e-05
5.409707356477818464e-05
2.739486046727775134e-05
1.000377795758950467e-05
1.874151794343623300e-06
9.606473393958346410e-08
0.000000000000000000e+00
0.000000000000000000e+00
0.000000000000000000e+00
0.000000000000000000e+00
0.000000000000000000e+00
0.000000000000000000e+00
0.000000000000000000e+00
0.000000000000000000e+00
0.000000000000000000e+00
0.000000000000000000e+00
0.000000000000000000e+00
0.000000000000000000e+00
0.000000000000000000e+00
0.000000000000000000e+00
0.000000000000000000e+00
0.000000000000000000e+00
0.000000000000000000e+00
0.000000000000000000e+00
0.000000000000000000e+00
0.000000000000000000e+00
0.000000000000000000e+00
0.000000000000000000e+00
0.000000000000000000e+00
0.000000000000000000e+00
0.000000000000000000e+00
0.000000000000000000e+00
0.000000000000000000e+00
0.000000000000000000e+00
0.000000000000000000e+00
0.000000000000000000e+00
0.000000000000000000e+00
0.000000000000000000e+00
0.000000000000000000e+00
0.000000000000000000e+00
0.000000000000000000e+00
0.000000000000000000e+00
0.000000000000000000e+00
0.000000000000000000e+00
0.000000000000000000e+00
0.000000000000000000e+00
0.000000000000000000e+00
0.000000000000000000e+00
0.000000000000000000e+00
0.000000000000000000e+00
0.000000000000000000e+00
0.000000000000000000e+00
0.000000000000000000e+00
0.000000000000000000e+00
