0.000000000000000000e+00
0.000000000000000000e+00
0.000000000000000000e+00
0.000000000000000000e+00
0.000000000000000000e+00
0.000000000000000000e+00
0.000000000000000000e+00
0.000000000000000000e+00
0.000000000000000000e+00
0.000000000000000000e+00
0.000000000000000000e+00
0.000000000000000000e+00
0.000000000000000000e+00
0.000000000000000000e+00
0.000000000000000000e+00
0.000000000000000000e+00
0.000000000000000000e+00
0.000000000000000000e+00
0.000000000000000000e+00
0.000000000000000000e+00
0.000000000000000000e+00
0.000000000000000000e+00
0.000000000000000000e+00
0.000000000000000000e+00
0.000000000000000000e+00
0.000000000000000000e+00
2.199384596300110473e-05
1.776848792257278804e-03
2.698314585847265412e-02
1.863003610891465489e-01
7.202452594956766374e-01
1.514022427057862163e+00
2.032194699582539954e+00
2.095101244350368486e+00
1.892906636541713317e+00
1.630754571378072004e+00
1.407450923241932328e+00
1.249876106282581389e+00
1.153807845794857290e+00
1.084410872016733807e+00
1.011832593167822258e+00
9.450135828234379476e-01
9.136127474646774660e-01
9.067765597348658169e-01
9.105045846010165755e-01
9.236086555339575455e-01
9.386916743264710483e-01
9.528562650084673180e-01
9.648039652814197620e-01
9.675968067633896608e-01
9.747046873294656910e-01
9.813385040033627549e-01
9.863693732124726443e-01
9.891128505259375592e-01
9.909003697110178033e-01
9.861385456638157576e-01
9.837731554253369426e-01
9.753586849821499483e-01
9.698916060231440595e-01
9.639565431771313087e-01
9.585601199811887296e-01
9.540098316687160018e-01
9.536598342740789658e-01
9.620016613493890256e-01
9.676062363133236532e-01
9.771266672134375497e-01
9.878006765590220395e-01
9.992351022049156262e-01
1.009123160685545972e+00
1.018835969812631914e+00
1.025632177336265105e+00
1.028345965842130338e+00
1.032355326914083271e+00
1.033378311140432659e+00
1.033095984979153892e+00
1.030119225083927725e+00
1.028396402807155940e+00
1.023220897104306415e+00
1.018701224142201767e+00
1.012582497585478691e+00
1.006089198376436844e+00
1.000912951250794825e+00
9.957143461660263872e-01
9.915135668625588705e-01
9.883851677254852364e-01
9.863047978527894610e-01
9.862106659789151575e-01
9.857345498657219540e-01
9.886494724928456268e-01
9.896841098214166355e-01
9.916563406876406361e-01
9.930467233545553496e-01
9.950463722640200404e-01
9.981009068296554654e-01
9.991175069832970435e-01
1.000281902537735634e+00
1.001192827317301415e+00
1.001609952369499235e+00
1.002122261077286414e+00
1.002053661747155378e+00
1.002994478607358353e+00
1.004025112480232185e+00
1.003687547739541053e+00
1.003638750971532545e+00
1.003981580287644615e+00
1.004856965174034888e+00
1.003775629229680666e+00
1.003315988826467331e+00
1.003977105251969926e+00
1.002362376459653870e+00
1.002843253795594913e+00
1.001888620407943131e+00
1.001286824784927809e+00
1.001297030001862431e+00
9.994848726849757670e-01
1.000633015715439722e+00
1.000946462111018453e+00
1.000014025845886501e+00
1.000689719432200420e+00
9.995272851643297596e-01
9.986784725594928247e-01
9.992594672475270112e-01
9.990597819285695902e-01
9.991396003155215144e-01
9.983430278517233525e-01
9.991793126552769300e-01
9.993832828805007118e-01
9.997575064284112134e-01
1.000060821385581056e+00
1.000070238545143653e+00
1.000529497085379527e+00
1.000180721414746898e+00
9.998874893366418437e-01
1.000931480160719866e+00
1.001008290694736402e+00
1.000666305824351898e+00
1.001029371134437351e+00
9.999340887191385807e-01
1.001189624536956924e+00
1.000767205414250904e+00
1.000161432453651633e+00
1.001183728008811835e+00
1.000303068774894610e+00
1.000225977554944468e+00
1.000114937861407816e+00
1.001279635671889823e+00
9.998840695764790176e-01
9.997916972901456090e-01
1.000755690882098703e+00
9.997013105262710919e-01
1.000515126268741506e+00
9.995697045804607939e-01
1.000071038253980360e+00
9.996763362339413650e-01
9.994887170134646448e-01
1.000776048245528571e+00
9.998027352871732276e-01
9.993652561563711734e-01
1.000292453780360802e+00
1.000273917974622950e+00
1.000044310861675667e+00
9.996965886168577287e-01
1.000140397990374685e+00
1.000278577238710165e+00
9.996407842264796173e-01
1.000199705411965123e+00
1.000228889987747394e+00
1.000477332515568918e+00
9.999835129490490804e-01
1.000269333161548646e+00
9.997155645560612536e-01
9.999315965496624603e-01
1.000462441714816242e+00
1.000497842135289028e+00
1.000313775748484568e+00
1.000419614449246319e+00
1.000120916001539850e+00
1.000026254283065796e+00
9.997005213799979861e-01
1.000513583903911430e+00
1.000393181557102107e+00
9.996640637162699239e-01
1.000290400673332858e+00
9.994893014406106557e-01
1.000178391863620231e+00
1.000335227643950775e+00
1.000133092428344250e+00
9.999647982313301098e-01
1.000133616663116065e+00
9.998561567364711022e-01
1.000016865610375394e+00
9.998704420573086837e-01
1.000113588849925739e+00
1.000190224461938726e+00
1.000303266403127056e+00
9.998029163607600189e-01
1.000266248222673848e+00
1.000206314235951410e+00
1.000124353324126192e+00
1.000211210502251813e+00
1.000382895154977136e+00
1.000552130406399565e+00
1.000352907074489872e+00
1.000542420756117101e+00
9.999251349137954215e-01
1.000568225732918926e+00
1.000308683041051472e+00
1.000094833710667208e+00
1.000499081602750584e+00
1.000351966094335188e+00
9.995359420111262772e-01
9.997544358378196439e-01
1.000253464987851171e+00
1.000414640194310367e+00
9.995947512154511605e-01
9.998254836551766500e-01
9.995815488186012843e-01
9.999768011309551063e-01
1.000609301624640235e+00
1.000036366173989055e+00
1.000016903236874644e+00
1.000201895423242338e+00
1.000042693696368667e+00
9.999620971028251315e-01
9.999453859127267474e-01
1.000119977540874894e+00
1.000330795616810153e+00
9.998701963360351330e-01
1.000332183023677546e+00
1.000435241261441677e+00
1.000236540734621205e+00
1.000138751437652296e+00
1.000606724956006666e+00
1.000530739285542259e+00
1.000214103295790968e+00
9.998943965025005598e-01
1.000149830151729313e+00
1.000297602155645116e+00
1.000254778819914092e+00
1.000174088680269247e+00
9.998507736634961729e-01
1.000162233274637824e+00
1.000081196280500961e+00
1.000607334849208163e+00
1.000558805739544477e+00
1.000014735894841911e+00
1.000074212945430085e+00
1.000380682723782222e+00
9.999004063303127410e-01
1.000358408212678407e+00
1.000487996846772365e+00
1.000077156849539683e+00
1.000697837607012142e+00
9.999792374904591385e-01
1.000114594749602626e+00
1.000783327828339564e+00
1.000105849435961147e+00
1.000441768236321360e+00
1.000171009404616784e+00
1.000397189785914298e+00
1.000889417777716783e+00
1.000182263106841107e+00
1.000641796841864162e+00
1.000807485822241993e+00
1.000614019167323399e+00
1.000458177513748881e+00
1.000120712226580721e+00
1.000171503153151953e+00
1.000380152039485049e+00
1.000001851001885322e+00
1.000287159439639417e+00
1.000510648939246794e+00
1.000154846210369319e+00
1.000543669830781912e+00
1.000407362414237555e+00
1.000295815152494328e+00
1.000420147294875273e+00
1.000406685092185777e+00
1.000342027791586430e+00
1.000540631709638584e+00
1.000344586753210585e+00
1.000465206007119967e+00
1.000541921374766163e+00
1.000675784020962800e+00
1.000541245067513740e+00
1.000577997755093484e+00
1.000655725475820157e+00
1.000311832312858362e+00
1.000518134072212018e+00
1.000628142750753513e+00
1.000408802625166960e+00
1.000776089592271045e+00
1.000525397484818058e+00
1.000744692297411920e+00
1.000292047718230215e+00
1.000622675468471057e+00
1.000907907847398359e+00
1.000416003093665962e+00
1.000065018961834529e+00
1.000586718238739792e+00
1.000809740226750177e+00
1.000662538970004123e+00
1.000697216943358558e+00
1.000446384572166059e+00
1.000430110448442544e+00
1.000349039984657962e+00
1.000849132574383127e+00
1.000648066662664704e+00
1.000669798012592926e+00
1.000566143150556808e+00
1.000379014349714879e+00
1.000608739766554400e+00
1.000370998549846568e+00
1.000255726453743499e+00
1.000330140685240066e+00
1.000545953735238358e+00
1.000634636510397524e+00
1.000443118410770049e+00
1.000606012089165109e+00
1.000603436845935112e+00
1.000717504812448144e+00
1.000244285072638073e+00
1.000511977712157830e+00
1.000803080718306370e+00
1.000373917453063477e+00
1.000610386175930122e+00
1.000544770222394853e+00
1.000558365352626877e+00
1.000310228680289404e+00
1.000457989662773217e+00
1.000338346666953093e+00
1.000582446521030455e+00
1.000687418864325551e+00
1.000212258237482388e+00
1.000487672174112275e+00
1.000090040581311124e+00
1.000321477873879816e+00
1.000497764243554633e+00
1.000448922765116766e+00
1.000433250607128732e+00
1.000499462669520945e+00
1.000341315075695237e+00
1.000428813861178545e+00
1.000240043138077572e+00
1.000389813909175141e+00
1.000266556753199865e+00
1.000035743614591244e+00
9.952479149249149337e-01
9.866866711924925371e-01
9.780482052224883649e-01
9.695292755239602878e-01
9.612219070589536063e-01
9.528046049406523332e-01
9.444003397450216886e-01
9.360154081225922074e-01
9.279744859455331119e-01
9.194878184079826600e-01
9.113944863948825192e-01
9.031582473417399948e-01
8.953050645550011399e-01
8.871921623187336570e-01
8.793528972751804007e-01
8.711535992892717184e-01
8.633922729515798311e-01
8.554535869076054233e-01
8.477664013192484083e-01
8.397770023692673336e-01
8.323253360248261679e-01
8.243039710216070182e-01
8.167348478702697312e-01
8.089575986913231098e-01
8.018915666941763831e-01
7.941780897053316579e-01
7.867385524656881346e-01
7.791304942244261511e-01
7.718959215321432588e-01
7.643726570899533890e-01
7.569396057427365543e-01
7.498126756588994191e-01
7.425002945899333850e-01
7.352049003997327414e-01
7.281197980114546553e-01
7.205135699556661777e-01
7.137237765827940672e-01
7.067625103125324548e-01
6.998718056505337515e-01
6.928659843665279094e-01
6.860137741178619075e-01
6.788883311118478758e-01
6.721108737239392950e-01
6.652992088344861221e-01
6.584066824598416856e-01
6.513875679108285244e-01
6.450776263821259571e-01
6.380171164659357297e-01
6.315355387958114797e-01
6.249893865241963331e-01
6.181466680711228401e-01
6.116133525844017482e-01
6.050312081860711455e-01
5.986947891440278502e-01
5.920120036962571719e-01
5.856774677388230099e-01
5.793171872216643647e-01
5.729849509428109888e-01
5.664318165658976945e-01
5.601541020884822641e-01
5.537756008176626388e-01
5.475331855975007489e-01
5.415046816264087459e-01
5.352723217770430919e-01
5.291011897919012386e-01
5.227398780089856922e-01
5.170046244803775393e-01
5.109405274011333820e-01
5.047940670563861865e-01
4.986620955429195701e-01
4.928336059805389913e-01
4.866850117032722189e-01
4.810374096777833564e-01
4.750835424064584478e-01
4.691227016886704848e-01
4.632033215477568966e-01
4.574894519495567025e-01
4.515182366003784864e-01
4.459827806475595291e-01
4.402002665740390452e-01
4.342533891491980880e-01
4.287262788152632620e-01
4.233042190833856688e-01
4.175435958155491178e-01
4.117731722218825885e-01
4.063695215487996837e-01
4.006269089858357502e-01
3.949731960916998963e-01
3.896830143490735976e-01
3.842174827219445032e-01
3.787874628028867208e-01
3.734390734459069328e-01
3.679404970971743016e-01
3.624478630497565135e-01
3.572671929566101356e-01
3.519166175351641224e-01
3.466427330175185229e-01
3.412128809876121549e-01
3.359391421737533134e-01
3.308500737208513454e-01
3.255145024306328461e-01
3.204200322794931166e-01
3.152727671662076681e-01
3.101590912405902123e-01
3.051541635765877003e-01
2.998287737524034657e-01
2.948994076505119244e-01
2.897017881657245053e-01
2.847386290828698430e-01
2.797435627546418502e-01
2.748177217302280595e-01
2.698332426763476177e-01
2.648163071682712033e-01
2.599276047532653733e-01
2.549289007713225197e-01
2.500962428972133833e-01
2.451338833486026991e-01
2.404566880781021931e-01
2.357156525372552380e-01
2.308617199098854933e-01
2.261630455372684034e-01
2.214079495642582163e-01
2.166298482669319347e-01
2.120416233447387500e-01
2.072100541854122457e-01
2.025042080946449496e-01
1.979253444005359408e-01
1.932823532741671790e-01
1.886703597543666899e-01
1.840087498649802811e-01
1.795200244572737192e-01
1.749630262565820271e-01
1.704142576339451876e-01
1.658818298438741734e-01
1.613748184377793160e-01
1.569190010444347083e-01
1.525516383196378056e-01
1.480200798954295349e-01
1.435617634199868597e-01
1.391626200318775153e-01
1.348229447129249692e-01
1.304336447169180402e-01
1.260688967532135329e-01
1.217381088515075427e-01
1.177285137778954494e-01
1.139834517224208310e-01
1.104788619542439176e-01
1.071289791826808835e-01
1.038911068574979585e-01
1.007632536608074059e-01
9.773073867956068306e-02
9.488478377890798010e-02
9.205418851428109894e-02
8.936175013463555639e-02
8.670451290360350893e-02
8.413886048264573869e-02
8.167880043666342349e-02
7.918895160131994571e-02
7.685467416606936442e-02
7.454575238827647332e-02
7.237448476899231709e-02
7.018535326206311320e-02
6.805392222410107383e-02
6.598712179198951144e-02
6.402027317231472059e-02
6.209678132988834948e-02
6.011183590700495960e-02
5.825069847117003707e-02
5.652031561222107398e-02
5.471977812481298303e-02
5.298734504039885607e-02
5.135764867204824224e-02
4.973842157302834494e-02
4.810118490085902448e-02
4.660223484515889358e-02
4.509558340819026789e-02
4.359021501680219318e-02
4.216211944475994899e-02
4.075860838068505465e-02
3.936062575699341565e-02
3.806495473495907778e-02
3.676777972983578252e-02
3.553553500334519916e-02
3.428883328598773816e-02
3.302875236763154476e-02
3.192807640324313995e-02
3.078431605682101571e-02
2.967829723943548464e-02
2.856312043761010527e-02
2.752449599851731002e-02
2.645519362201454935e-02
2.552700861433158247e-02
2.448058692575390272e-02
2.354761022533197190e-02
2.263435081704315982e-02
2.173486261581939263e-02
2.087315866993576588e-02
1.998034102398522915e-02
1.916876576601926618e-02
1.837139604560836595e-02
1.761563636908865943e-02
1.686015225902248033e-02
1.608968522592199232e-02
1.539282391145694109e-02
1.466833929112919439e-02
1.402325471138356032e-02
1.333823572849529050e-02
1.275325299819797878e-02
1.207721895412361413e-02
1.151489216646406528e-02
1.092048632388057522e-02
1.036871381271227931e-02
9.835751992563753626e-03
9.295399712908205755e-03
8.792502235423001189e-03
8.317590092411548605e-03
7.837307238548250551e-03
7.391166057280589355e-03
6.946365718758216491e-03
6.520384751465656790e-03
6.098211865006067725e-03
5.707512074865463310e-03
5.331232770756266087e-03
4.958693377575720818e-03
4.612137351098335829e-03
4.279446350416203984e-03
3.964344666665704266e-03
3.659751514372302714e-03
3.374926013639196858e-03
3.089496734498587988e-03
2.834472717593140064e-03
2.578480335445546522e-03
2.352640203744042063e-03
2.120799006137473377e-03
1.900587337660663775e-03
1.703555461167480115e-03
1.509756123030550493e-03
1.335278509199955060e-03
1.173912677216683818e-03
1.021407485988257884e-03
8.756502226200606849e-04
7.497211410805911793e-04
6.308971847644018584e-04
5.193077377614153207e-04
4.212943639264890507e-04
3.361715883324445202e-04
2.614756809564769153e-04
1.972668394334140332e-04
1.388996968539093200e-04
9.197121642889213270e-05
5.470178543203092092e-05
2.707090475355045374e-05
9.960605212439294827e-06
2.045463395719824726e-06
4.269461450316865499e-08
0.000000000000000000e+00
0.000000000000000000e+00
0.000000000000000000e+00
0.000000000000000000e+00
0.000000000000000000e+00
0.000000000000000000e+00
0.000000000000000000e+00
0.000000000000000000e+00
0.000000000000000000e+00
0.000000000000000000e+00
0.000000000000000000e+00
0.000000000000000000e+00
0.000000000000000000e+00
0.000000000000000000e+00
0.000000000000000000e+00
0.000000000000000000e+00
0.000000000000000000e+00
0.000000000000000000e+00
0.000000000000000000e+00
0.000000000000000000e+00
0.000000000000000000e+00
0.000000000000000000e+00
0.000000000000000000e+00
0.000000000000000000e+00
0.000000000000000000e+00
0.000000000000000000e+00
0.000000000000000000e+00
0.000000000000000000e+00
0.000000000000000000e+00
0.000000000000000000e+00
0.000000000000000000e+00
0.000000000000000000e+00
0.000000000000000000e+00
0.000000000000000000e+00
0.000000000000000000e+00
0.000000000000000000e+00
0.000000000000000000e+00
0.000000000000000000e+00
0.000000000000000000e+00
0.000000000000000000e+00
0.000000000000000000e+00
0.000000000000000000e+00
0.000000000000000000e+00
0.000000000000000000e+00
0.000000000000000000e+00
0.000000000000000000e+00
0.000000000000000000e+00
0.000000000000000000e+00
