0.000000000000000000e+00
0.000000000000000000e+00
0.000000000000000000e+00
0.000000000000000000e+00
0.000000000000000000e+00
0.000000000000000000e+00
0.000000000000000000e+00
0.000000000000000000e+00
0.000000000000000000e+00
0.000000000000000000e+00
0.000000000000000000e+00
0.000000000000000000e+00
0.000000000000000000e+00
0.000000000000000000e+00
0.000000000000000000e+00
0.000000000000000000e+00
0.000000000000000000e+00
0.000000000000000000e+00
0.000000000000000000e+00
0.000000000000000000e+00
0.000000000000000000e+00
0.000000000000000000e+00
0.000000000000000000e+00
0.000000000000000000e+00
0.000000000000000000e+00
0.000000000000000000e+00
3.298342232780507115e-05
1.817291113611571498e-03
2.749044410926425319e-02
1.863520326850209574e-01
7.176239141606248761e-01
1.512413007891531880e+00
2.034318927482909878e+00
2.094018921903447517e+00
1.892699184352111041e+00
1.637152325715026446e+00
1.412640506019814612e+00
1.252365099058792230e+00
1.156621737045863130e+00
1.086411196505998156e+00
1.012492271590291093e+00
9.458499976865200054e-01
9.163995481952755817e-01
9.041018110833779486e-01
9.112454419736659705e-01
9.208928711414098300e-01
9.391004303215338966e-01
9.518244422014310313e-01
9.601149227265214359e-01
9.674758751090035691e-01
9.723485240019349440e-01
9.816847683190706997e-01
9.857042877768229516e-01
9.907391800671809801e-01
9.906212172289666773e-01
9.885134854222802359e-01
9.823761003920704615e-01
9.777361733740760341e-01
9.695628090978822833e-01
9.632064249511163023e-01
9.574289914290697867e-01
9.533063956183608356e-01
9.563848947325133132e-01
9.588565789076692880e-01
9.677554767204578079e-01
9.766732986330092237e-01
9.874890365003695658e-01
9.996472644187834877e-01
1.008332349630143954e+00
1.016486143381658325e+00
1.024542325000078025e+00
1.031271484875913469e+00
1.032780628445438165e+00
1.032689372179793397e+00
1.033240168539168558e+00
1.031950207931633612e+00
1.027227293330897462e+00
1.023357508725027065e+00
1.018321499019173126e+00
1.012230558797204472e+00
1.006590227090768508e+00
9.999931355559302792e-01
9.975897368663061426e-01
9.923598357315644991e-01
9.896395998218716628e-01
9.859124581780132068e-01
9.862407942153350593e-01
9.848912521352182203e-01
9.880438317482236332e-01
9.885151655773219970e-01
9.907581151897155713e-01
9.926554207518454298e-01
9.956789708229363267e-01
9.975800995635376589e-01
9.995776729260484883e-01
1.000161598106728666e+00
1.001299896200546824e+00
1.001115605953773802e+00
1.002326880986778912e+00
1.001892133597809931e+00
1.002529922460966505e+00
1.003645254568643619e+00
1.004427578441793978e+00
1.004859439229031537e+00
1.005107156537039526e+00
1.003725064052305216e+00
1.003848246533646904e+00
1.003935480598237895e+00
1.004094614352786907e+00
1.002146247358712827e+00
1.002556061440552204e+00
1.002709590470870715e+00
1.001090086017661251e+00
1.001810727705636062e+00
1.000943262669698575e+00
1.000794241440819521e+00
1.000963370724562873e+00
9.993123012238702696e-01
9.991707801858707994e-01
1.000190687317074056e+00
9.989346918961539146e-01
9.995872184564590368e-01
9.982190502726104864e-01
9.998177576715179260e-01
9.993452092143123577e-01
9.992997464506242489e-01
9.993173178049599148e-01
9.996374737511446451e-01
1.000217608601352559e+00
1.000697744199781969e+00
1.000980691528112310e+00
1.001193134506672466e+00
1.000065291713278182e+00
1.001174561740502345e+00
1.001250427791541497e+00
1.001488794468935462e+00
1.001796112135915795e+00
1.001307738534652492e+00
1.001341644866072578e+00
1.000711993907150710e+00
1.001568901880575124e+00
1.000944001217110912e+00
1.001227763556249206e+00
1.000436533650257864e+00
9.996995534777844972e-01
1.001708646409196879e+00
1.000551511837306506e+00
1.000750767033943500e+00
1.000704587718140415e+00
1.000316672629462555e+00
1.000609543757331243e+00
9.997080995791726155e-01
1.000193479921909656e+00
1.000399677425724221e+00
9.998838457058690787e-01
1.000234325829965965e+00
1.000018480090156370e+00
9.999462870916286938e-01
9.998173529994613951e-01
9.996438389392127144e-01
1.000092892121010379e+00
1.000029070862157754e+00
1.000777107146645362e+00
1.000534750838438125e+00
1.000277522006384867e+00
1.000148097187390173e+00
1.000379395911140001e+00
1.000604349307617991e+00
1.000343383492349858e+00
1.000647013188995738e+00
1.000437766332641587e+00
1.000119005405872397e+00
1.000601135997470026e+00
1.000799238446345774e+00
1.000363877632518550e+00
1.000617892363729444e+00
9.998207420900778741e-01
1.000340791608420599e+00
1.000343206008150521e+00
1.000219484932503455e+00
1.000142795578307098e+00
1.000130596651620074e+00
9.999293555926443977e-01
9.994419296537160324e-01
1.000064322533242844e+00
9.998657347385867533e-01
1.000060893848363719e+00
1.000710737525790650e+00
1.000066390293610885e+00
9.992890242626509822e-01
1.000248455909142908e+00
1.000367272898503357e+00
1.000628957223512749e+00
1.000307880023168616e+00
9.996541129899887412e-01
1.000314664784434537e+00
1.000569955462061733e+00
1.000317048840897227e+00
1.000554913925695510e+00
1.000241663510347045e+00
1.000078487732144694e+00
9.998590032091826396e-01
9.998060648458366728e-01
1.000203634175182765e+00
1.000204228898005532e+00
1.000297048523929977e+00
1.000595131602001420e+00
1.000421807124596940e+00
9.998559331835971120e-01
9.998786711870465416e-01
1.000582537769353797e+00
1.000031026357409258e+00
1.000496357678933190e+00
1.000074972724157130e+00
9.999588783277657544e-01
9.997935509072859439e-01
1.000652582086860809e+00
1.000006063876111018e+00
1.000203552366508042e+00
1.000052470973418650e+00
9.999382603872645214e-01
1.000000410701904041e+00
9.999581136426768380e-01
1.000239185607645354e+00
1.000509898976060352e+00
1.000227848191374447e+00
9.998759403332326823e-01
9.998981857849311705e-01
1.000736927705323964e+00
1.000117676534669986e+00
1.000139807911365253e+00
1.000058244184145906e+00
9.999705035556121224e-01
1.000633744908572265e+00
9.997794034058319346e-01
9.997293745229025586e-01
1.000190037106590157e+00
1.000135835886645008e+00
9.999843867386631890e-01
9.996225561806979520e-01
1.000407302810565779e+00
9.998206163125114010e-01
1.000286360694430776e+00
1.000174317393998535e+00
9.995213232912364409e-01
1.000503235137857327e+00
1.000062782842743081e+00
1.000073326706673926e+00
9.997513301183049705e-01
1.000012899737151351e+00
9.996472154539541854e-01
1.000254444680524379e+00
1.000329961131676937e+00
1.000342336869695536e+00
1.000212578446396883e+00
1.000488311553278997e+00
1.000366628227534083e+00
9.997218311711445482e-01
1.000238794478176763e+00
9.999803959322902669e-01
9.997158792519390547e-01
1.000093120748254627e+00
1.000094042939122074e+00
1.000096893876061266e+00
9.996893285976634624e-01
1.000569497321881274e+00
9.998083015455162537e-01
9.999966368845926157e-01
1.000029277185199295e+00
1.000314784884299923e+00
1.000029530243852882e+00
1.000153603779219802e+00
1.000349169537062766e+00
1.000168753483723361e+00
1.000146462674718517e+00
1.000458946353052880e+00
9.997829078266525782e-01
1.000008627342738876e+00
9.997692759216428859e-01
1.000418695355801413e+00
1.000141549367492555e+00
1.000229211545700769e+00
9.997024841489446922e-01
9.998192827034747543e-01
1.000085229847706758e+00
1.000299525879932983e+00
1.000261255018269235e+00
1.000187447486238224e+00
1.000140074579093152e+00
1.000035535811494292e+00
1.000019310035189513e+00
9.999060697119271923e-01
1.000383551119036207e+00
9.999979841531319025e-01
9.996128724673298827e-01
9.999591560892012732e-01
1.000044349652234432e+00
1.000194706589492499e+00
1.000183765688868576e+00
9.999653304802511578e-01
1.000074184108401099e+00
1.000058381992220191e+00
9.995814520224134414e-01
9.999955802694480145e-01
9.998998147828337402e-01
1.000241816149177287e+00
9.998911679413998721e-01
9.999173710177000629e-01
9.999410053731849768e-01
9.997989214570484062e-01
1.000326480420981934e+00
1.000378794801457971e+00
1.000006177809807495e+00
1.000314292978454533e+00
1.000199461973720227e+00
1.000040774155191325e+00
9.999649848649607708e-01
9.999772419477783725e-01
1.000013703845685109e+00
1.000130043999293283e+00
9.997037262945652758e-01
9.999499752927664131e-01
9.999946530229347763e-01
1.000112048214850446e+00
9.999834023335804067e-01
1.000298575285807567e+00
1.000465999717470522e+00
9.995751919807325248e-01
1.000336273113567431e+00
1.000076526498504981e+00
9.999568085085204228e-01
1.000336547124451858e+00
1.000023334183000934e+00
9.999923704194977336e-01
9.998048419497435058e-01
9.998529272161984505e-01
1.000198760100477369e+00
1.000140029046432399e+00
1.000358861773440688e+00
1.000024591394867768e+00
1.000053416595353406e+00
1.000482022224580714e+00
1.000080139447659500e+00
1.000013441499497002e+00
1.000280576278257616e+00
9.998657576134402092e-01
9.999311305979625697e-01
9.948293988985159597e-01
9.864152593467796493e-01
9.778562616725149370e-01
9.689085862539551508e-01
9.607060208403419566e-01
9.523721582930858576e-01
9.439785478094881999e-01
9.359192599521753975e-01
9.272612919619275251e-01
9.194252020650686141e-01
9.110542310584246462e-01
9.033995041322714359e-01
8.948759028696362527e-01
8.867463243568504128e-01
8.788759350598536191e-01
8.711375380061191498e-01
8.630229633415444912e-01
8.552420782550267386e-01
8.474043243951830950e-01
8.395148306841687669e-01
8.317793308712456701e-01
8.241298771767656683e-01
8.165638306038810468e-01
8.087642068777505244e-01
8.014285741715619915e-01
7.939795608740610744e-01
7.862273947379216921e-01
7.789071376982871220e-01
7.714563423775371298e-01
7.641438274161698185e-01
7.569841569144640792e-01
7.495020596000088187e-01
7.421879881034219029e-01
7.348066413641800576e-01
7.278329222634137841e-01
7.210862101882735686e-01
7.133933899587704408e-01
7.063513350958982029e-01
6.998403973523054100e-01
6.926227311490047445e-01
6.858250359709998634e-01
6.787308843076367282e-01
6.718027062911735570e-01
6.649031576309495373e-01
6.583005437637766688e-01
6.515385646095386285e-01
6.444813925806616162e-01
6.381790863923955115e-01
6.314737655826297980e-01
6.248290892116964423e-01
6.180760645992220415e-01
6.114433354323596248e-01
6.050490482598551711e-01
5.984253737911251481e-01
5.920843970731116679e-01
5.856942536152811574e-01
5.792631874190822261e-01
5.728086511205936482e-01
5.665114149564653978e-01
5.601551136451818902e-01
5.537706969660011191e-01
5.476748084115030668e-01
5.415264065486501410e-01
5.353346087709720535e-01
5.291226779859508067e-01
5.228478546740394917e-01
5.168878684436292170e-01
5.106576695086358919e-01
5.047210833281406961e-01
4.987786007567748814e-01
4.927447015141286357e-01
4.866866784805695678e-01
4.807907327223941429e-01
4.750272476707295133e-01
4.690741931005056320e-01
4.633712902352752350e-01
4.574477425551543575e-01
4.516224319797940701e-01
4.457477113066408703e-01
4.400825427988903638e-01
4.342315145005372634e-01
4.286703385702425595e-01
4.231808625565411930e-01
4.175188198492103542e-01
4.119013607066728255e-01
4.063921576308741623e-01
4.007220051200481858e-01
3.952441298609979947e-01
3.897442722301117657e-01
3.842386514526465735e-01
3.788983889992381116e-01
3.734323753420121794e-01
3.678643180669207147e-01
3.627125888947033139e-01
3.572209699350920586e-01
3.520681808831254145e-01
3.465128360486770531e-01
3.412827699415117433e-01
3.359647505520607647e-01
3.308171442030792275e-01
3.256643486915204444e-01
3.204746674890218694e-01
3.153448041976755212e-01
3.101677542036135882e-01
3.050635010529245683e-01
2.999929733570383394e-01
2.949065014061337253e-01
2.896854406257882153e-01
2.849075855213732411e-01
2.797940971542730582e-01
2.747861847697753435e-01
2.698112081639104098e-01
2.649677519581639662e-01
2.600260257092980587e-01
2.550387617875280455e-01
2.502297260471861851e-01
2.454193189439893563e-01
2.405549035470793962e-01
2.357592874476646116e-01
2.308588145818196158e-01
2.260899288769981919e-01
2.212950566596917912e-01
2.166112784439555017e-01
2.118728066265599674e-01
2.071936260866196478e-01
2.025631163947428093e-01
1.979537503864478298e-01
1.931541716501903039e-01
1.886834666887786949e-01
1.840571997362738521e-01
1.795042791838354357e-01
1.748916544031507425e-01
1.703747972796409438e-01
1.658706594589403061e-01
1.613709395684517767e-01
1.570099805915245450e-01
1.523563921093543383e-01
1.479901769778633469e-01
1.435202282609154556e-01
1.392062113067584761e-01
1.348116689249375666e-01
1.303334101227039410e-01
1.259993796546494405e-01
1.217465126487542737e-01
1.176555647813543048e-01
1.138807577395675452e-01
1.104828428224878950e-01
1.070108941125883506e-01
1.037688233316029357e-01
1.006965853112148229e-01
9.768766684739665918e-02
9.478410653885410708e-02
9.198237579859419588e-02
8.919917483289072080e-02
8.661541783106505021e-02
8.408654639145310417e-02
8.163921403061116799e-02
7.917237909837721022e-02
7.683657751951246395e-02
7.450686336532054421e-02
7.232910649403041792e-02
7.014753556935755807e-02
6.794673323538652498e-02
6.595641250447682735e-02
6.392928059558626586e-02
6.203751730875128878e-02
6.008411505388587537e-02
5.823260733772375741e-02
5.644752185039401265e-02
5.468288798843474324e-02
5.297318110088344162e-02
5.128949969408429926e-02
4.965160980576913824e-02
4.810127566837098245e-02
4.647567359050806118e-02
4.502509771488949486e-02
4.353242515443214028e-02
4.212415626591228118e-02
4.067471895733624360e-02
3.937560801091453955e-02
3.801826555969785304e-02
3.670360947438652821e-02
3.543829123699203387e-02
3.422681619429343569e-02
3.300926077614732557e-02
3.184120411733136480e-02
3.071300006096976121e-02
2.959696793570755491e-02
2.854203036913406308e-02
2.746554355060157326e-02
2.644197901876624290e-02
2.544269021060529753e-02
2.444214555353228444e-02
2.352884662813363795e-02
2.260151465606771368e-02
2.170785207651298662e-02
2.081790194022141091e-02
1.996284319139724622e-02
1.914308883637310180e-02
1.836705935539767812e-02
1.756752195745891337e-02
1.682699690107522864e-02
1.607294493638217886e-02
1.533802802891980933e-02
1.466475549345361458e-02
1.398440121508023708e-02
1.333145955919001757e-02
1.268440107278450378e-02
1.205249624895848685e-02
1.147390506815713050e-02
1.088657666403340836e-02
1.036620679071743358e-02
9.800902506542476592e-03
9.260418301415305337e-03
8.766309768025906668e-03
8.293907913955792660e-03
7.822940873621819433e-03
7.349658456754615266e-03
6.909359863152338133e-03
6.495641476925231861e-03
6.092382253861463454e-03
5.690400537224669236e-03
5.316177182491965171e-03
4.953876177365850592e-03
4.599431114373862123e-03
4.264157398274870739e-03
3.947802404275508291e-03
3.659603314926135938e-03
3.371481631206033579e-03
3.072765850407013777e-03
2.818745539334874609e-03
2.571595576387858753e-03
2.336756442723083617e-03
2.100368073461228880e-03
1.894009825533131321e-03
1.694880969308780764e-03
1.510871416059402861e-03
1.334596924446271229e-03
1.166781152298804192e-03
1.012414008049929105e-03
8.731173683586904155e-04
7.455520766583886415e-04
6.286235428431434036e-04
5.154606436900195003e-04
4.183203736188807536e-04
3.340511123786840263e-04
2.558054731532973121e-04
1.918810471821608219e-04
1.362013531008020621e-04
8.906438966939588485e-05
5.271052603439280453e-05
2.641816491057132684e-05
8.712245900817026223e-06
1.338355953880887542e-06
4.268510696582416521e-08
0.000000000000000000e+00
0.000000000000000000e+00
0.000000000000000000e+00
0.000000000000000000e+00
0.000000000000000000e+00
0.000000000000000000e+00
0.000000000000000000e+00
0.000000000000000000e+00
0.000000000000000000e+00
0.000000000000000000e+00
0.000000000000000000e+00
0.000000000000000000e+00
0.000000000000000000e+00
0.000000000000000000e+00
0.000000000000000000e+00
0.000000000000000000e+00
0.000000000000000000e+00
0.000000000000000000e+00
0.000000000000000000e+00
0.000000000000000000e+00
0.000000000000000000e+00
0.000000000000000000e+00
0.000000000000000000e+00
0.000000000000000000e+00
0.000000000000000000e+00
0.000000000000000000e+00
0.000000000000000000e+00
0.000000000000000000e+00
0.000000000000000000e+00
0.000000000000000000e+00
0.000000000000000000e+00
0.000000000000000000e+00
0.000000000000000000e+00
0.000000000000000000e+00
0.000000000000000000e+00
0.000000000000000000e+00
0.000000000000000000e+00
0.000000000000000000e+00
0.000000000000000000e+00
0.000000000000000000e+00
0.000000000000000000e+00
0.000000000000000000e+00
0.000000000000000000e+00
0.000000000000000000e+00
0.000000000000000000e+00
0.000000000000000000e+00
0.000000000000000000e+00
0.000000000000000000e+00
