0.000000000000000000e+00
0.000000000000000000e+00
0.000000000000000000e+00
0.000000000000000000e+00
0.000000000000000000e+00
0.000000000000000000e+00
0.000000000000000000e+00
0.000000000000000000e+00
0.000000000000000000e+00
0.000000000000000000e+00
0.000000000000000000e+00
0.000000000000000000e+00
0.000000000000000000e+00
0.000000000000000000e+00
0.000000000000000000e+00
0.000000000000000000e+00
0.000000000000000000e+00
0.000000000000000000e+00
0.000000000000000000e+00
0.000000000000000000e+00
0.000000000000000000e+00
0.000000000000000000e+00
0.000000000000000000e+00
0.000000000000000000e+00
0.000000000000000000e+00
0.000000000000000000e+00
6.596972290018891978e-05
1.888840027756656268e-03
2.755818626938010690e-02
1.867372491861780948e-01
7.192239976027057224e-01
1.512276670663919687e+00
2.029867986655973233e+00
2.089393760880005058e+00
1.889846234956227278e+00
1.631997385665036493e+00
1.407480000976957024e+00
1.249265184323446798e+00
1.151426299035692935e+00
1.083229362200005541e+00
1.008090068678497042e+00
9.487338208314152199e-01
9.142934690330486447e-01
9.009419574817972842e-01
9.083898926118484374e-01
9.215708630144386904e-01
9.365076456182337417e-01
9.510120778681666609e-01
9.610283843187139574e-01
9.678820811094783760e-01
9.728103116328522537e-01
9.779951284174450699e-01
9.853256560570171629e-01
9.874600154879321634e-01
9.881049863303542624e-01
9.858153083810263784e-01
9.814271900400209914e-01
9.742918503898964078e-01
9.683144570327083533e-01
9.616518237258042667e-01
9.558726850274207321e-01
9.527589799289344352e-01
9.543045058541808068e-01
9.582501707913390065e-01
9.656399495441194691e-01
9.752157052880007226e-01
9.873618712480526360e-01
9.982926618716274625e-01
1.007864535510090365e+00
1.017255492504154812e+00
1.022362987849258609e+00
1.028688985611188045e+00
1.031482190927288656e+00
1.032245573628983060e+00
1.032300912962764272e+00
1.030444126061459853e+00
1.027100578683062704e+00
1.021639515100641216e+00
1.016775098502171293e+00
1.009159769508284343e+00
1.005116612793571784e+00
1.001113880388711630e+00
9.944854556024003145e-01
9.929497039564003646e-01
9.878204721420738021e-01
9.861313541026651697e-01
9.839503664213042899e-01
9.862272405510782436e-01
9.855269777822071031e-01
9.874829317069394596e-01
9.907575018669366740e-01
9.937810958170584241e-01
9.950992351633631827e-01
9.959855416710882148e-01
9.983428167491196215e-01
1.000219630623732536e+00
1.000383743867466091e+00
1.001299816543769650e+00
1.001347480048646377e+00
1.002628085519427392e+00
1.000803369015949684e+00
1.002850297916514144e+00
1.003778301220697111e+00
1.004089789273562738e+00
1.003470510679725702e+00
1.002737191388979987e+00
1.002817366857502224e+00
1.003544943834983716e+00
1.001589710994759130e+00
1.001917226400212302e+00
1.002382882805318509e+00
1.001169763833911652e+00
1.001167933048835890e+00
1.000916022771600744e+00
1.000645603989087862e+00
1.000042271179201858e+00
9.997786585636564416e-01
9.995628503439881740e-01
9.991409617258932840e-01
9.988905579488408515e-01
9.985711731658710733e-01
9.978907521498041611e-01
9.982839597739743276e-01
9.984630050348046737e-01
9.988465317069495919e-01
9.975275840482343837e-01
9.988354093731850458e-01
9.982954492616761266e-01
9.989721508741421507e-01
9.988272605055441566e-01
9.994430168932748604e-01
1.000766587026564736e+00
9.999074757466012153e-01
9.996506250518789605e-01
1.000235276440779586e+00
1.000820436855931694e+00
1.000664242068375565e+00
9.999978536517111216e-01
1.000862202783145971e+00
1.000185634095577480e+00
1.000316801661664368e+00
1.000606433900847803e+00
1.000299449338764468e+00
1.000125434493752019e+00
1.000151276757434760e+00
1.000132811580638492e+00
1.000963961393089852e+00
1.000774909954002201e+00
1.000557756259248920e+00
1.000342351939602192e+00
9.992681838812017547e-01
1.000639924675563952e+00
9.994506741790215587e-01
1.000290603596693195e+00
1.000020964666979095e+00
1.000012742991936987e+00
9.995853981271748401e-01
9.994968229161673712e-01
9.995897131715819617e-01
1.000050942529465248e+00
9.991670782773391934e-01
1.000241462101192358e+00
1.000476138694110118e+00
9.994466200203157014e-01
9.999213668182869164e-01
1.000621958613477691e+00
9.998280562171173447e-01
1.000232538102636903e+00
1.000535802752322123e+00
1.000021681107486460e+00
1.000526309575838990e+00
1.000506185152080452e+00
9.996049297325370064e-01
9.998627075551971277e-01
1.000822283591385808e+00
1.000651271670678577e+00
1.000312413821671242e+00
1.000506251604811325e+00
9.997672619387834025e-01
1.000188230528583189e+00
9.998127747560604517e-01
1.000895641105309153e+00
1.000366320225269057e+00
9.998157741716647839e-01
1.000381994413329645e+00
9.998690784503756479e-01
1.000199327647769643e+00
1.000333878447692060e+00
9.998467336525858062e-01
9.998983925643514237e-01
1.000056968452309292e+00
1.000000939260731414e+00
1.000257922760860341e+00
9.997975633724328626e-01
9.998760329040207173e-01
9.998445167288776414e-01
1.000212929869716216e+00
9.995749474858391936e-01
9.997052868193788688e-01
9.997070244946588691e-01
9.999110148234605644e-01
1.000231655941780540e+00
1.000237429402271561e+00
1.000171754739534125e+00
9.992297096556032043e-01
1.000162681637956963e+00
9.999017508135447097e-01
9.995430638449575023e-01
1.000266903701618082e+00
1.000086802699184929e+00
9.999927102322461181e-01
9.991786257178937314e-01
9.997632898368806753e-01
1.000180018960096451e+00
1.000102369762418064e+00
9.998197141303265534e-01
9.995710958675992908e-01
1.000603067724155970e+00
1.000423576742815346e+00
9.994809679332808949e-01
1.000244188802063228e+00
9.998834217097448684e-01
9.994311594466580573e-01
9.995325260036751480e-01
9.999407666997202071e-01
9.999008759222937082e-01
1.000063917067583130e+00
1.000195753980360758e+00
1.000204453176914310e+00
9.995524321683402214e-01
1.000137008604639055e+00
1.000032859271238417e+00
1.000274698270184670e+00
1.000049052619702783e+00
9.998356638875720570e-01
1.000410351118010466e+00
9.998727143225740743e-01
9.999596778291790500e-01
1.000186512965084873e+00
1.000541771001138391e+00
1.000302024568322068e+00
1.000046229759432803e+00
1.000328297785588738e+00
1.000016803894232753e+00
1.000379705192716573e+00
1.000295572044431980e+00
9.999138164219238956e-01
1.000086706606428288e+00
9.999995951002316197e-01
1.000325533320017168e+00
9.999072346210643447e-01
9.998471077286796849e-01
1.000279800314255674e+00
1.000088092941079809e+00
1.000410076869504561e+00
9.998010400391008634e-01
1.000341731150861779e+00
1.000187098898604576e+00
9.999072067642145178e-01
1.000166393374639418e+00
1.000225998480486433e+00
9.998259849816406586e-01
1.000020512731767175e+00
1.000393161387755692e+00
1.000183622487911705e+00
1.000168112365762196e+00
9.999721237684180419e-01
1.000089370516192400e+00
9.999452298565330022e-01
1.000173538254928163e+00
9.997215164334348758e-01
9.996324272712097114e-01
1.000010071028624381e+00
1.000384586363838979e+00
1.000584403804167355e+00
9.996963570676664634e-01
9.996771425874922956e-01
9.998365591503672878e-01
9.996906873760288414e-01
9.996487680104261253e-01
9.999458593675062401e-01
9.999930758328445801e-01
9.999437367331063253e-01
9.999519720725643657e-01
9.995354930806227278e-01
1.000085341280002593e+00
1.000025157864373959e+00
9.997526140239386683e-01
9.999920331978982002e-01
1.000014257774830995e+00
9.998961292692073455e-01
1.000107870597891413e+00
9.994921291981633260e-01
9.998146825743021715e-01
9.998143481015602241e-01
9.995713587002073020e-01
1.000223079498749890e+00
9.999579708924049015e-01
9.998939588314588178e-01
9.997466074633425404e-01
9.997221365360521306e-01
9.997469691087575994e-01
9.996132509936048738e-01
9.998643345535711546e-01
9.999774219786876639e-01
9.998570736556684491e-01
9.999029421188644351e-01
9.996823924699681507e-01
1.000313528635480509e+00
1.000132515954351931e+00
9.999670411164319761e-01
1.000102996918801779e+00
9.996830623836139296e-01
1.000061962134233262e+00
9.999482246076354386e-01
1.000101668685192013e+00
9.999366144782652066e-01
9.994973257064961869e-01
9.999936970711927886e-01
9.998345914153982106e-01
1.000247304256756342e+00
1.000073581048794180e+00
1.000297516677674636e+00
1.000154467280880199e+00
1.000091530780470084e+00
9.997654860329212578e-01
1.000131160109478223e+00
1.000076129383572043e+00
1.000326142715654010e+00
9.998992100616119760e-01
1.000468515004576453e+00
1.000130243482140635e+00
1.000395286720935806e+00
1.000097099823046731e+00
1.000155513300243770e+00
1.000161810999275591e+00
1.000038661468207968e+00
9.998996454742099527e-01
1.000211515489829894e+00
1.000085777425842926e+00
1.000260397610539753e+00
1.000015688677662773e+00
1.000531155493681101e+00
1.000395265814540524e+00
9.998322193139634884e-01
1.000419047282368634e+00
9.999342070236301172e-01
9.949742584381660038e-01
9.861553324185472480e-01
9.780726507655178592e-01
9.694803140491603521e-01
9.607534693855782626e-01
9.526031972199276998e-01
9.441401748115142434e-01
9.361369721950472123e-01
9.276788424625587171e-01
9.192644153937294949e-01
9.115901852458450083e-01
9.031216780016509960e-01
8.950667728116986632e-01
8.869387614450411350e-01
8.792428562460606889e-01
8.712128631216687902e-01
8.632771765731896974e-01
8.552081362042052159e-01
8.474981198981699215e-01
8.398136122093592393e-01
8.321614295961428098e-01
8.245381729960226114e-01
8.165593860713370455e-01
8.093558270016719680e-01
8.015192704502355214e-01
7.938651107682126451e-01
7.866334619430160879e-01
7.791855596748381574e-01
7.719051886492125369e-01
7.645059863909428044e-01
7.569877342711893720e-01
7.495766704224638977e-01
7.426050017477004994e-01
7.352485956769307940e-01
7.282119406369061965e-01
7.211249033241354800e-01
7.141883418746609591e-01
7.070977967290548172e-01
6.999398344692934204e-01
6.930437298210768704e-01
6.861464234337198986e-01
6.790556311595339345e-01
6.721539889019040315e-01
6.651217649326905956e-01
6.583982894711756240e-01
6.516775437218053080e-01
6.451713487644119560e-01
6.384614486204889250e-01
6.317380856573259207e-01
6.249165224102543048e-01
6.181821808829645049e-01
6.115572510421339869e-01
6.051263718613969500e-01
5.988238446523915792e-01
5.922322164479100204e-01
5.857995767566610557e-01
5.793937553424717279e-01
5.731125211826713084e-01
5.665708383748031540e-01
5.603260359490446207e-01
5.542015279073299050e-01
5.477334805230501535e-01
5.416271217856153397e-01
5.353731575780338314e-01
5.292255931733867991e-01
5.229652218795005636e-01
5.168845425742313315e-01
5.109108360313294739e-01
5.046319969839349051e-01
4.987970691968078851e-01
4.927960825077703499e-01
4.867151663365499870e-01
4.810247068631342549e-01
4.752121593247431997e-01
4.690733616672255191e-01
4.632463501298729192e-01
4.573654016621174212e-01
4.515458035123796621e-01
4.460074602701695756e-01
4.401700921034017999e-01
4.345155812944884732e-01
4.288223828387102698e-01
4.231809077868755042e-01
4.175997871047185672e-01
4.117828835198531490e-01
4.063093047916826461e-01
4.008187354034585814e-01
3.953178623021824656e-01
3.896760190922036737e-01
3.843266870261748958e-01
3.787989315920516908e-01
3.733808179428955709e-01
3.679172081371751557e-01
3.625006195951481769e-01
3.571281854055102789e-01
3.518667737033627785e-01
3.466457739661606974e-01
3.412224250280668225e-01
3.359617643934527664e-01
3.309794070435663760e-01
3.255102190998223066e-01
3.202899082816452747e-01
3.152257719801164204e-01
3.102377905883564879e-01
3.050771145351708347e-01
2.999201884205905388e-01
2.949410148525624109e-01
2.899298518020908544e-01
2.848602620955260623e-01
2.797137584460520632e-01
2.747469470028223726e-01
2.699307554607239812e-01
2.648813876349233043e-01
2.597920085437818161e-01
2.551017553453791553e-01
2.501857893034626912e-01
2.453446579110276082e-01
2.405910073075747113e-01
2.357544818915626728e-01
2.307776400967615216e-01
2.261609893002981819e-01
2.213752163461226163e-01
2.167801428221181603e-01
2.119227423362228524e-01
2.073057437898862543e-01
2.026872556412978033e-01
1.979809864732693936e-01
1.932621481598247870e-01
1.887328884130997919e-01
1.841585887910240360e-01
1.795604747874490759e-01
1.749975982792155715e-01
1.703749260468451765e-01
1.657916383361498214e-01
1.613585620963219058e-01
1.568372668833978301e-01
1.524926268100143534e-01
1.479023363778279032e-01
1.436047401043009653e-01
1.392146831580463040e-01
1.348361693664811289e-01
1.304401244506921964e-01
1.261076679032973324e-01
1.218296588172158579e-01
1.177365218535821739e-01
1.139834006508350372e-01
1.104466338486598809e-01
1.071651390325543962e-01
1.038703648482778574e-01
1.007856360417537511e-01
9.775599770233747710e-02
9.484113118021321454e-02
9.204482340484075598e-02
8.930635192171004766e-02
8.663880149878830372e-02
8.413258644681662068e-02
8.162952575218231088e-02
7.919704111580172512e-02
7.681755213075897037e-02
7.460058209882987346e-02
7.229361519359883692e-02
7.018709059208337597e-02
6.798285127909296788e-02
6.594271179709364217e-02
6.398628930347378951e-02
6.203576999495076516e-02
6.014305303239311090e-02
5.826682888662985949e-02
5.647927612508264056e-02
5.473355663957180095e-02
5.301493831683724151e-02
5.130398816140230300e-02
4.967500713575120214e-02
4.812163076942271162e-02
4.653517103759623186e-02
4.504864407763766593e-02
4.357812654464603835e-02
4.214492756663527212e-02
4.074409536135569637e-02
3.938713182241752181e-02
3.802874944274038660e-02
3.675874915330606257e-02
3.546622326176875756e-02
3.429312011370951041e-02
3.307868488431111448e-02
3.186154765156396645e-02
3.073426792824981990e-02
2.961044969371443361e-02
2.850195340408325645e-02
2.748593774213406449e-02
2.644541804013893910e-02
2.548973643170503525e-02
2.448190747333571504e-02
2.353049440501594688e-02
2.262607096635823462e-02
2.172354519843702411e-02
2.084408949640076045e-02
1.999123178792103564e-02
1.915374637589794399e-02
1.835463555252563744e-02
1.758683661742180618e-02
1.681587271352197668e-02
1.609294192084326225e-02
1.536649737320446366e-02
1.466756610065548388e-02
1.398916011459527646e-02
1.332853762028931265e-02
1.270985605365730631e-02
1.207182816296585234e-02
1.145789884317686795e-02
1.092528880804439703e-02
1.033763202443523273e-02
9.820114924545030391e-03
9.286262851912606420e-03
8.784878103028304075e-03
8.286740628280660909e-03
7.815694620899760192e-03
7.356013172604576253e-03
6.938650349442875877e-03
6.503083420563236794e-03
6.081042939469166568e-03
5.692608067351466461e-03
5.321718640659174604e-03
4.947923552597497179e-03
4.618983658883999560e-03
4.287750866421885521e-03
3.964116099576175598e-03
3.655013438615847127e-03
3.366219523785468713e-03
3.089396591121540935e-03
2.820593525070509353e-03
2.573496043124482054e-03
2.338192097944705086e-03
2.092473612873518504e-03
1.892665158139302840e-03
1.694340438779260664e-03
1.515609545010288646e-03
1.336169561279147624e-03
1.164883567731065956e-03
1.018564359324245286e-03
8.736252932850803021e-04
7.497987123536493546e-04
6.269621538733723826e-04
5.188161185191293668e-04
4.206561077399657042e-04
3.370132613149539355e-04
2.566387377097818843e-04
1.946533260832160198e-04
1.350205175985435256e-04
9.030533508348558653e-05
5.415123496070130325e-05
2.718462624879492694e-05
9.604300458103096048e-06
1.616804533116204613e-06
6.403045408344078294e-08
0.000000000000000000e+00
0.000000000000000000e+00
0.000000000000000000e+00
0.000000000000000000e+00
0.000000000000000000e+00
0.000000000000000000e+00
0.000000000000000000e+00
0.000000000000000000e+00
0.000000000000000000e+00
0.000000000000000000e+00
0.000000000000000000e+00
0.000000000000000000e+00
0.000000000000000000e+00
0.000000000000000000e+00
0.000000000000000000e+00
0.000000000000000000e+00
0.000000000000000000e+00
0.000000000000000000e+00
0.000000000000000000e+00
0.000000000000000000e+00
0.000000000000000000e+00
0.000000000000000000e+00
0.000000000000000000e+00
0.000000000000000000e+00
0.000000000000000000e+00
0.000000000000000000e+00
0.000000000000000000e+00
0.000000000000000000e+00
0.000000000000000000e+00
0.000000000000000000e+00
0.000000000000000000e+00
0.000000000000000000e+00
0.000000000000000000e+00
0.000000000000000000e+00
0.000000000000000000e+00
0.000000000000000000e+00
0.000000000000000000e+00
0.000000000000000000e+00
0.000000000000000000e+00
0.000000000000000000e+00
0.000000000000000000e+00
0.000000000000000000e+00
0.000000000000000000e+00
0.000000000000000000e+00
0.000000000000000000e+00
0.000000000000000000e+00
0.000000000000000000e+00
0.000000000000000000e+00
