0.000000000000000000e+00
0.000000000000000000e+00
0.000000000000000000e+00
0.000000000000000000e+00
0.000000000000000000e+00
0.000000000000000000e+00
0.000000000000000000e+00
0.000000000000000000e+00
0.000000000000000000e+00
0.000000000000000000e+00
0.000000000000000000e+00
0.000000000000000000e+00
0.000000000000000000e+00
0.000000000000000000e+00
0.000000000000000000e+00
0.000000000000000000e+00
0.000000000000000000e+00
0.000000000000000000e+00
0.000000000000000000e+00
0.000000000000000000e+00
0.000000000000000000e+00
0.000000000000000000e+00
0.000000000000000000e+00
0.000000000000000000e+00
0.000000000000000000e+00
0.000000000000000000e+00
3.298847819307453060e-05
1.883941603568836274e-03
2.729976154861022547e-02
1.871659091711480871e-01
7.211000893512745646e-01
1.513960103693818837e+00
2.029988203242409917e+00
2.090483006487891871e+00
1.884415318664072414e+00
1.628037057251549458e+00
1.409129845343756182e+00
1.249525724654336090e+00
1.150411559421965713e+00
1.084362797319521121e+00
1.009575390150404761e+00
9.443628007176656514e-01
9.105543254230971106e-01
9.036139339125979220e-01
9.098193393199472956e-01
9.215879801415357564e-01
9.388372190483526003e-01
9.514808827863352469e-01
9.598960272083834067e-01
9.667590046161472772e-01
9.720312246738708195e-01
9.782173788738774967e-01
9.849349574788289763e-01
9.889241032296390843e-01
9.900502550394868484e-01
9.846785836647808932e-01
9.822085560031115214e-01
9.750760652480957580e-01
9.684510959511248851e-01
9.609359612140155882e-01
9.569723170729782513e-01
9.529492064241342764e-01
9.527820417402900199e-01
9.592487106391690554e-01
9.665589049905600749e-01
9.754198409461647401e-01
9.884009419284608411e-01
9.980571914391208610e-01
1.007843376841447647e+00
1.018736446516670835e+00
1.024996150324450017e+00
1.030491446932784161e+00
1.031138348719919051e+00
1.033020644989345982e+00
1.034048352414948191e+00
1.030835529873749934e+00
1.026270316488833156e+00
1.022735176712012750e+00
1.017632272607627675e+00
1.012180435307677095e+00
1.007442890712501038e+00
1.001367824558658803e+00
9.968740595246068370e-01
9.911888507152247785e-01
9.876286418396283961e-01
9.866985075994375576e-01
9.863801003303609427e-01
9.859223149277956955e-01
9.869716123581141476e-01
9.890263091008332230e-01
9.901914655072167060e-01
9.909940643193769771e-01
9.949140979048978206e-01
9.960505801098603618e-01
9.989837043850281484e-01
1.000285270414060568e+00
9.992175149578568227e-01
1.001435604520609202e+00
1.002454652999545726e+00
1.002362807798000244e+00
1.001777896765680076e+00
1.003711766126205385e+00
1.003166517969772853e+00
1.003572666886715758e+00
1.005097505307164019e+00
1.003756105658959452e+00
1.004819198757993082e+00
1.003098630597063057e+00
1.002644540864024769e+00
1.002827378986446361e+00
1.001355251210079844e+00
1.001398500528382085e+00
1.000946978085485606e+00
1.001176546238951248e+00
9.994204794575041184e-01
1.001256501388481324e+00
1.000012898894803826e+00
9.990300045060257483e-01
9.990321749850180622e-01
9.982513312741978506e-01
9.983405324610180598e-01
9.986763456019995822e-01
9.987590771086105601e-01
9.991084531041219963e-01
9.978093420894050825e-01
9.987968534104337825e-01
9.983571049380332019e-01
9.994614766008164120e-01
9.994336378753196914e-01
9.999172142871424196e-01
1.000172969349086616e+00
1.000027309614873294e+00
9.998222400323234504e-01
9.999927173903701005e-01
1.000845077500406077e+00
1.000618065411725155e+00
1.000615419952244345e+00
1.000604016516741135e+00
1.000698373460751744e+00
1.001463253140255638e+00
1.000357433245757655e+00
1.000464082421168355e+00
1.000176943443822131e+00
1.000149774992728613e+00
1.000150536288658687e+00
1.000734956736397674e+00
9.996904972836613279e-01
1.000083285890237761e+00
1.000785837300648407e+00
9.999395999015309178e-01
9.998464085054605821e-01
9.996333756167170570e-01
9.998267569298173729e-01
9.995480882917368026e-01
9.995598938134648836e-01
9.996605542672257760e-01
9.995739176266523751e-01
1.000637387417031565e+00
1.000268187270288101e+00
1.000421061343006235e+00
9.993556330397924681e-01
9.999188316881989502e-01
9.997654707940099028e-01
9.999504118730194735e-01
9.999937623094147243e-01
9.998843865817876875e-01
9.997334846372178951e-01
9.995780723090725850e-01
9.995898432710095260e-01
1.000064667450471179e+00
1.000452972692140952e+00
1.000205876991966170e+00
1.000500682718303835e+00
1.000353585020405944e+00
1.000118773396134531e+00
9.996667490178612336e-01
9.991682927461422725e-01
9.999802257016920937e-01
9.997154562138558243e-01
1.000254635260886760e+00
9.993406970686926627e-01
9.993400501024525262e-01
9.997406113799641725e-01
9.998760908919318569e-01
9.996209308800465543e-01
1.000657523894956658e+00
9.995552930567128680e-01
9.995142283306037712e-01
1.000165456570228928e+00
9.996818875787024661e-01
9.997204657520230020e-01
9.997252011201762656e-01
9.996773404342761404e-01
9.999383354664621582e-01
9.998153067663106963e-01
1.000315944587573780e+00
9.994186429595544041e-01
9.997664194339455079e-01
9.990856745065177513e-01
9.993919782113198647e-01
9.996913735497473530e-01
9.998351811406352985e-01
9.998465068891124741e-01
1.000213633177046590e+00
9.999091660015707594e-01
9.995224596851449705e-01
9.995064528681072424e-01
9.996232458075668958e-01
9.998618333821515103e-01
9.999031344734637949e-01
9.995040110388101473e-01
9.996565297567053809e-01
1.000157844066200230e+00
9.998016470289876612e-01
1.000014382734184304e+00
9.998974967247636902e-01
9.997767560195855996e-01
1.000091272743028226e+00
9.996592633042038489e-01
9.995723663414870508e-01
9.993274247140434552e-01
9.999316670641258398e-01
9.999292627052864812e-01
9.999099795605220775e-01
9.996336163664892860e-01
9.998871899300476596e-01
9.995071393152581418e-01
9.996585645956374000e-01
1.000139880703796003e+00
9.997608592405163863e-01
1.000199866619386091e+00
9.995784811109673651e-01
9.999367686761837515e-01
1.000056366026004229e+00
1.000344501699133914e+00
1.000114542496442827e+00
9.998970863856686542e-01
9.997910387783692787e-01
9.995340995626026404e-01
1.000239145366256244e+00
9.998696060745082548e-01
9.993514396192624272e-01
9.996827100264817911e-01
1.000040617971613033e+00
9.997506919514568269e-01
9.997780135113161215e-01
9.999956203682547340e-01
1.000439817940565579e+00
9.993861258775916800e-01
9.999210380721161862e-01
1.000023088287187223e+00
1.000141168229006672e+00
9.998016837119282352e-01
1.000094637773655037e+00
1.000229489845204878e+00
1.000494204655831831e+00
1.000205615033400885e+00
1.000206500573181501e+00
1.000015516053577080e+00
1.000150995500825424e+00
9.997144003595899164e-01
9.997935948410222595e-01
1.000440679080579764e+00
9.997475446942446498e-01
9.997323961121896696e-01
9.998226095013684755e-01
1.000362101032047368e+00
9.999783150611575300e-01
1.000183477286436196e+00
9.993762954508693674e-01
1.000013890523822280e+00
9.999461832718374854e-01
9.996748428126992492e-01
9.998365546308498608e-01
1.000183490540059283e+00
9.998954627502778525e-01
1.000099655265686893e+00
1.000147171069105445e+00
9.998126986389408444e-01
1.000328008884386444e+00
1.000073415525958520e+00
1.000022416487017507e+00
1.000285388528448838e+00
9.998786121690432793e-01
1.000135526829555976e+00
9.998612481607128677e-01
9.998664699866705030e-01
1.000556034797879468e+00
1.000103954205309842e+00
1.000195276672646738e+00
9.999206118782715258e-01
9.997580464853326188e-01
1.000057122385572095e+00
1.000250515408103391e+00
1.000444715978747068e+00
9.998654989113541225e-01
9.999845648817670130e-01
9.999197982036706067e-01
1.000000995518673941e+00
1.000085247448773806e+00
1.000215635257955205e+00
9.998135157354787195e-01
1.000244353601321246e+00
1.000056511629994205e+00
9.999458445280469121e-01
1.000224882685597283e+00
9.997040882202796741e-01
1.000155382092297485e+00
9.996397352772448119e-01
1.000064444152373389e+00
9.996408737205758621e-01
1.000079499855068388e+00
9.999210676791087105e-01
9.999261746656907812e-01
9.999421131470132007e-01
1.000319910476468843e+00
1.000292965954636237e+00
1.000070842795786952e+00
1.000234519735961669e+00
9.998777582310151013e-01
1.000159508051590374e+00
1.000081509890493825e+00
1.000350318697343699e+00
1.000000974697762279e+00
1.000008042426219212e+00
1.000345957057074520e+00
1.000303960215808141e+00
9.999668557532387370e-01
1.000194717597825189e+00
1.000298929300157624e+00
1.000106268939495946e+00
1.000369217117190734e+00
1.000240435811884820e+00
1.000385907062243396e+00
1.000083476752378520e+00
1.000343039442193938e+00
1.000266751618349215e+00
1.000252519318977074e+00
9.999567497914881864e-01
1.000056199903699650e+00
1.000079981286029485e+00
1.000297847395136941e+00
1.000291306539103253e+00
9.998121361894852788e-01
1.000096041639439770e+00
9.998606101026050741e-01
9.999563025141881001e-01
9.949805483098371761e-01
9.865901805541024139e-01
9.779164991925918260e-01
9.697103027983936530e-01
9.611018757323487316e-01
9.527203281202597518e-01
9.440563754282943476e-01
9.358745496271870801e-01
9.278899766959225470e-01
9.198260349539042480e-01
9.114439597012196081e-01
9.033246304976598751e-01
8.951759108293296796e-01
8.871091064881372334e-01
8.788759413647568852e-01
8.710786519217871282e-01
8.629132740411413760e-01
8.555081774684771823e-01
8.478841478123375630e-01
8.397852716315773458e-01
8.322136472945181884e-01
8.244935650203418787e-01
8.168337216317330673e-01
8.088785014371551174e-01
8.014958263701656982e-01
7.936977697734427517e-01
7.865815898312149557e-01
7.792221255360128884e-01
7.716689136885896971e-01
7.645710715279214753e-01
7.572155158116812279e-01
7.496433888717540794e-01
7.422011286854334200e-01
7.353544190467836694e-01
7.280312468024596750e-01
7.210884244406194910e-01
7.138909065198423276e-01
7.068882518692969352e-01
6.998596127835963188e-01
6.929062027683431380e-01
6.856507794087630669e-01
6.789522272063930330e-01
6.723071793778930827e-01
6.651990754320700194e-01
6.584525188541571206e-01
6.516399647154395014e-01
6.450960280123456680e-01
6.382966599746281444e-01
6.313197206238430059e-01
6.250012546832574012e-01
6.181515242040880320e-01
6.117619133444520685e-01
6.050169726917760116e-01
5.986177088783688482e-01
5.921233416629461122e-01
5.858016699743187061e-01
5.793928448748923987e-01
5.731719637132329792e-01
5.667961055203987186e-01
5.604149330230072668e-01
5.539445517801802055e-01
5.476562470051253850e-01
5.415217488563671688e-01
5.354251462633179415e-01
5.292292568443878187e-01
5.231350798632985466e-01
5.169741684500644974e-01
5.108550197024869233e-01
5.049270163118744215e-01
4.988724855925574242e-01
4.929269671731488223e-01
4.867922572790445157e-01
4.810098450598096487e-01
4.750723710687498325e-01
4.691554411928504087e-01
4.633195553898316610e-01
4.576211641647479622e-01
4.517248522208707762e-01
4.459555670977224384e-01
4.400090659182881447e-01
4.344550863555987630e-01
4.289270896428815094e-01
4.230876242485858141e-01
4.177056247725624005e-01
4.118855655346788103e-01
4.063939662148438603e-01
4.009402544414333303e-01
3.954218743896885102e-01
3.897794193155376674e-01
3.842713850248318241e-01
3.789344583169724778e-01
3.734558584781004220e-01
3.681667164562636985e-01
3.627617992733787045e-01
3.573636846341850526e-01
3.521481595867157477e-01
3.468534831005870567e-01
3.415023008495505774e-01
3.362465134161639058e-01
3.311420629843868646e-01
3.256891813601411334e-01
3.207344765343765891e-01
3.153495485110893171e-01
3.103343296098808879e-01
3.052058847570688904e-01
3.002282259788990881e-01
2.949424121169260671e-01
2.898028237786754446e-01
2.850054165584695598e-01
2.799961200017253016e-01
2.749256790043295706e-01
2.700143014868101599e-01
2.650216085782165498e-01
2.601537440099743748e-01
2.551442313204861922e-01
2.503715037017122391e-01
2.454297966940321152e-01
2.407030969884774718e-01
2.359898273666027890e-01
2.310642777587932351e-01
2.262556297009083728e-01
2.215219708936962961e-01
2.167451572954460781e-01
2.120389883749969062e-01
2.073179311988512241e-01
2.027660039684915372e-01
1.981723262350839065e-01
1.933867406172356529e-01
1.888539025959037887e-01
1.842355339588761243e-01
1.795846174699113340e-01
1.751465132682364090e-01
1.705788045672963493e-01
1.661120889439616777e-01
1.615798701474169263e-01
1.571019205761113036e-01
1.526353147612299066e-01
1.481728546134886970e-01
1.437381112938761474e-01
1.393384266319615261e-01
1.349256631256910977e-01
1.305217430323769856e-01
1.261666193469436204e-01
1.219010863126722410e-01
1.178764786595037778e-01
1.141575021780959764e-01
1.105520854729990787e-01
1.072308014930799386e-01
1.039902127118659814e-01
1.009032210921037842e-01
9.786116834564573264e-02
9.486702278550375456e-02
9.216843884209002802e-02
8.936072466976294204e-02
8.679626466860503042e-02
8.421839693036616004e-02
8.172475002113863130e-02
7.929041291621213849e-02
7.690623303221280627e-02
7.466005928759349153e-02
7.245500814955124769e-02
7.022810396199430372e-02
6.816015170157919967e-02
6.604146743595655511e-02
6.404699928821135091e-02
6.207628303961668786e-02
6.021316064314425481e-02
5.830698802187672669e-02
5.654468300393831331e-02
5.471167956997872311e-02
5.307290465120804990e-02
5.141323099508999378e-02
4.973791540547663204e-02
4.815170782448024989e-02
4.662821968690766816e-02
4.513344233898044372e-02
4.365183466176023042e-02
4.222548692607009518e-02
4.080392265876294638e-02
3.945157331927432592e-02
3.808104619118608120e-02
3.675942022996529085e-02
3.553708921092267603e-02
3.430621053473620341e-02
3.310321234057450601e-02
3.191486967382561879e-02
3.079056294814468131e-02
2.965820570986158269e-02
2.856578285887341126e-02
2.750370885339539079e-02
2.649856004974229795e-02
2.549713877624854019e-02
2.452192509379154395e-02
2.354329193459571423e-02
2.262869674323702771e-02
2.172761971549230092e-02
2.087254595165562859e-02
2.003482843190834695e-02
1.919580185440670703e-02
1.838611390849158658e-02
1.760509946459947600e-02
1.684671115243011053e-02
1.611198372025936937e-02
1.536873019616339167e-02
1.467205634542966333e-02
1.399634854435778154e-02
1.335774115324981672e-02
1.271465312914287979e-02
1.210333488895417448e-02
1.146678607695341898e-02
1.093317090868396908e-02
1.036362383815605907e-02
9.810817596155759629e-03
9.299842934767281813e-03
8.792614332592563545e-03
8.294581240414039894e-03
7.817183968391632626e-03
7.375675155394315410e-03
6.933421937165233813e-03
6.513506668348652967e-03
6.104862582257859077e-03
5.703065413502520636e-03
5.316753952459073868e-03
4.969204919165593967e-03
4.618532473987578199e-03
4.296161791305900743e-03
3.966534907241344408e-03
3.665183441858189603e-03
3.383879011305532258e-03
3.091408424303561820e-03
2.837726279292314586e-03
2.569462842945882588e-03
2.341012679087412559e-03
2.111266759428891832e-03
1.904486522990991599e-03
1.692796380796288266e-03
1.514176570614668470e-03
1.338124514750024720e-03
1.168965030248355361e-03
1.020135400386819975e-03
8.817090596822106142e-04
7.537498556044331787e-04
6.281976442161980086e-04
5.171011256366217198e-04
4.262868726566771760e-04
3.362802412617623576e-04
2.592759717422101363e-04
1.935056163581207222e-04
1.369191310320034931e-04
9.144390608157195301e-05
5.583369778058308266e-05
2.806080136086366590e-05
9.669819016047486883e-06
1.691941235240096811e-06
6.403747493134299883e-08
0.000000000000000000e+00
0.000000000000000000e+00
0.000000000000000000e+00
0.000000000000000000e+00
0.000000000000000000e+00
0.000000000000000000e+00
0.000000000000000000e+00
0.000000000000000000e+00
0.000000000000000000e+00
0.000000000000000000e+00
0.000000000000000000e+00
0.000000000000000000e+00
0.000000000000000000e+00
0.000000000000000000e+00
0.000000000000000000e+00
0.000000000000000000e+00
0.000000000000000000e+00
0.000000000000000000e+00
0.000000000000000000e+00
0.000000000000000000e+00
0.000000000000000000e+00
0.000000000000000000e+00
0.000000000000000000e+00
0.000000000000000000e+00
0.000000000000000000e+00
0.000000000000000000e+00
0.000000000000000000e+00
0.000000000000000000e+00
0.000000000000000000e+00
0.000000000000000000e+00
0.000000000000000000e+00
0.000000000000000000e+00
0.000000000000000000e+00
0.000000000000000000e+00
0.000000000000000000e+00
0.000000000000000000e+00
0.000000000000000000e+00
0.000000000000000000e+00
0.000000000000000000e+00
0.000000000000000000e+00
0.000000000000000000e+00
0.000000000000000000e+00
0.000000000000000000e+00
0.000000000000000000e+00
0.000000000000000000e+00
0.000000000000000000e+00
0.000000000000000000e+00
0.000000000000000000e+00
