0.000000000000000000e+00
0.000000000000000000e+00
0.000000000000000000e+00
0.000000000000000000e+00
0.000000000000000000e+00
0.000000000000000000e+00
0.000000000000000000e+00
0.000000000000000000e+00
0.000000000000000000e+00
0.000000000000000000e+00
0.000000000000000000e+00
0.000000000000000000e+00
0.000000000000000000e+00
0.000000000000000000e+00
0.000000000000000000e+00
0.000000000000000000e+00
0.000000000000000000e+00
0.000000000000000000e+00
0.000000000000000000e+00
0.000000000000000000e+00
0.000000000000000000e+00
0.000000000000000000e+00
0.000000000000000000e+00
0.000000000000000000e+00
0.000000000000000000e+00
0.000000000000000000e+00
3.298313871997710729e-05
1.735600184825707160e-03
2.773260064329498287e-02
1.858491544230141124e-01
7.192486836598850353e-01
1.511497363743293354e+00
2.031052172974582959e+00
2.094214198310719866e+00
1.895832359465539740e+00
1.628478118940845265e+00
1.409855147529856634e+00
1.247618623427967588e+00
1.151084867533359590e+00
1.089195431494937250e+00
1.009214270401050273e+00
9.465367746989452602e-01
9.111251111722291629e-01
9.049570688508522531e-01
9.084711229720550119e-01
9.174927920066285880e-01
9.390512888269832992e-01
9.513901887830982229e-01
9.606614229794200321e-01
9.665458029528645190e-01
9.734104656154700663e-01
9.791871718601974361e-01
9.867281450884292093e-01
9.902693543436712487e-01
9.902942466969487656e-01
9.852599584532890642e-01
9.818451856396289701e-01
9.767071821878383631e-01
9.677257628227942110e-01
9.621206936262504117e-01
9.580314786929350346e-01
9.523274545864324203e-01
9.554189514096205205e-01
9.579664994183936244e-01
9.673416120951686681e-01
9.764138293488969778e-01
9.880445273357452152e-01
9.971804744036117940e-01
1.008194499628730867e+00
1.017923327164778735e+00
1.023195898896375633e+00
1.028501588060830363e+00
1.031008910282388058e+00
1.032862017564813994e+00
1.030519106277040686e+00
1.030407918035267878e+00
1.026095629414167210e+00
1.022985528465603533e+00
1.017230733263960296e+00
1.011711173424550303e+00
1.006476118687452015e+00
1.000024062153432869e+00
9.960252056265535003e-01
9.917150557078205919e-01
9.872816993804748309e-01
9.865050010482405707e-01
9.847049636697099428e-01
9.844450771443800097e-01
9.860285829132861002e-01
9.877393458893893863e-01
9.900627776572736849e-01
9.918804624236817746e-01
9.941790999950451679e-01
9.953633816224441988e-01
9.968285320748663247e-01
9.994240336060928875e-01
9.999927706861706511e-01
1.000321531770444583e+00
1.001356861082135064e+00
1.002027028782318974e+00
1.002127966226791012e+00
1.001741109668258245e+00
1.003423073073316463e+00
1.003050177730943515e+00
1.003948776740575255e+00
1.002713958219606738e+00
1.002401451261641707e+00
1.002487586968485056e+00
1.002178562726668831e+00
1.001181297271009463e+00
1.000992388607947481e+00
1.001201944404821909e+00
1.001033584738471038e+00
1.000232275148637662e+00
9.994059594376925038e-01
1.000430237528073585e+00
9.996610151729572458e-01
9.987080667129633049e-01
9.974517602771879599e-01
9.986561639955895409e-01
9.977224035037980387e-01
9.975695153975814300e-01
9.971610137646670369e-01
9.976960115304165377e-01
9.985530032399437816e-01
9.985459625554427010e-01
9.980447192890400387e-01
9.983048225732884529e-01
9.989803013682359012e-01
9.995074224376655492e-01
9.994384261053604890e-01
1.000272244445527647e+00
9.998515141618710134e-01
1.000026477114658308e+00
9.990777281482610128e-01
9.998223147250925313e-01
1.000485372398780104e+00
1.000057124443561651e+00
1.000350426703201956e+00
1.000468289582342019e+00
1.000265730707343037e+00
1.000039324481371228e+00
1.000179138966601711e+00
9.993796739824867270e-01
9.998312997909447608e-01
1.000575167504591301e+00
9.995067420692825833e-01
1.000036407187905985e+00
9.993125235401271178e-01
9.993244737885698115e-01
9.998229839927873508e-01
9.992762820111086297e-01
9.997804714697758888e-01
9.988958778996099852e-01
9.998336802542733270e-01
9.997476750968304904e-01
1.000540009404121911e+00
9.992880473765374250e-01
9.993818264610315749e-01
9.997320672542870934e-01
9.991033534132280902e-01
9.996567725965105344e-01
9.998415330583354521e-01
9.997611201206919596e-01
9.995338544656617863e-01
9.985024226455437857e-01
9.999660786499501297e-01
9.998786547793762081e-01
9.994808121296212544e-01
9.996193851519932227e-01
9.997886166880212144e-01
9.993358011518354012e-01
9.993922227376539347e-01
9.995465322315507661e-01
9.991389600482983857e-01
9.996790570867201131e-01
9.999794571771155605e-01
9.997557510422435678e-01
9.992412591349653095e-01
9.998559575502371510e-01
9.994816011203987438e-01
9.998137595827504276e-01
9.996994670277122852e-01
9.993969888313987138e-01
9.997693376116953967e-01
9.997913878525166442e-01
9.993404480256002920e-01
9.987603001546279113e-01
9.996773808149195251e-01
9.990930351696619693e-01
9.997237666015816870e-01
9.995376985755560773e-01
9.995436649426200360e-01
1.000295772975742681e+00
9.987628243492789881e-01
9.989309347568541275e-01
9.992347804688505031e-01
9.999145059173633054e-01
9.996498407860252566e-01
9.993226643400410225e-01
9.992564256287151947e-01
1.000124549241619754e+00
9.996895689496964055e-01
9.995677844717983929e-01
9.996916529234480819e-01
9.993563813309536137e-01
9.993993605081487042e-01
9.996737865231047904e-01
9.991828454443183460e-01
9.997028502571113640e-01
9.995505658329363330e-01
9.993408354172218511e-01
9.995271641249723338e-01
9.996515938165606574e-01
9.995639452810286540e-01
9.993632888230351563e-01
9.994811650475667886e-01
9.998383996197076629e-01
1.000004344634005005e+00
9.997242194213289412e-01
9.992520711153362045e-01
9.992729521258253422e-01
9.992900558617605622e-01
9.999680279474281175e-01
9.998297867374230652e-01
9.997189716825913841e-01
9.993222564631509819e-01
9.995849346136901348e-01
9.995217564830012336e-01
9.995475809649152499e-01
9.992193011269684400e-01
9.995560904629330334e-01
9.995276541332446252e-01
9.994744387628570204e-01
1.000109147773285967e+00
9.996041039606514689e-01
9.995418297373214189e-01
9.995413960235483009e-01
9.997629339617478683e-01
1.000203048222448210e+00
9.995943596921303964e-01
9.999243584648541683e-01
1.000305925219036496e+00
9.999887330255841089e-01
9.996747704431607762e-01
1.000041222437446864e+00
9.996029202761762544e-01
1.000177988762591008e+00
9.998588990419283729e-01
1.000044987240232830e+00
9.998382146063855558e-01
1.000341980432858824e+00
9.999794578678403711e-01
9.997172579606241616e-01
1.000228775240546319e+00
9.998810657580275985e-01
9.999211939329060161e-01
1.000043735007695611e+00
1.000149940310685270e+00
1.000084859343654653e+00
9.996763327520540310e-01
1.000093667955087584e+00
1.000074909891353059e+00
9.998982329779456668e-01
1.000228623449622489e+00
1.000533946362593074e+00
1.000422521024222355e+00
9.998887062934561643e-01
1.000422603998099014e+00
1.000137514379964676e+00
1.000267978950777348e+00
9.999154862396233412e-01
1.000246615468769917e+00
1.000182502468035306e+00
1.000520206742592899e+00
1.000923615059738259e+00
1.000232297689321870e+00
1.000146127729078405e+00
1.000542335609221567e+00
9.999520999992239645e-01
1.000177014693137467e+00
1.000218467302593561e+00
1.000161944007235792e+00
1.000366379770784686e+00
1.000323764685342232e+00
1.000474422649473727e+00
1.000064273388228342e+00
1.000707135056027708e+00
1.000532300936178398e+00
1.000237092976506759e+00
1.000116988674724317e+00
1.000190493089961219e+00
1.000380770646121631e+00
9.997925830807429248e-01
1.000304597952658359e+00
1.000119635714046940e+00
1.000681508631527050e+00
1.000411590660395422e+00
1.000174385661452225e+00
1.000312171081806145e+00
1.000504130832804428e+00
1.000411734602339786e+00
1.000273839445265489e+00
1.000408559733896752e+00
1.000430827804288159e+00
1.000455111824478216e+00
1.000544497788514953e+00
1.000519854723288082e+00
1.000337590956119627e+00
1.000404174648172440e+00
1.000447548449136193e+00
1.000166670198619601e+00
1.000474729213351566e+00
1.000177038797747331e+00
1.000138204982813361e+00
1.000096716687901566e+00
1.000295133848245532e+00
1.000241874223934735e+00
1.000379459941887816e+00
1.000196520612819606e+00
1.000573029544491455e+00
1.000213640873659937e+00
1.000354744214928093e+00
1.000464070460058696e+00
9.998922339103440970e-01
1.000314826492181286e+00
1.000262656240581416e+00
1.000575652861110054e+00
1.000162307002242956e+00
1.000405044751510708e+00
1.000584509778688513e+00
1.000400319944754646e+00
1.000186936374685809e+00
1.000258212879565622e+00
1.000354996706360744e+00
1.000396943037693109e+00
1.000144470190405643e+00
1.000529119840553038e+00
1.000306995723093229e+00
1.000535897502237148e+00
1.000418814446957905e+00
1.000436142607659562e+00
1.000256015538405707e+00
1.000741006140394962e+00
1.000298488613296843e+00
1.000262586595500602e+00
9.998698271639031576e-01
9.948374704660456480e-01
9.862778728833260233e-01
9.776444912947717114e-01
9.695418757425046108e-01
9.611536174094065244e-01
9.523650568354643520e-01
9.440424500256847651e-01
9.357467569216195713e-01
9.274018812676533274e-01
9.193696934643039720e-01
9.111745727582608589e-01
9.028509793894909929e-01
8.950516613762870000e-01
8.869740463288247057e-01
8.793079314913476718e-01
8.712039409426112213e-01
8.632211612707212378e-01
8.553215543526435649e-01
8.474954450155950392e-01
8.397703541142964578e-01
8.323607572071379801e-01
8.246052265753914812e-01
8.168213255536144191e-01
8.091955113990777493e-01
8.014906408338626775e-01
7.940686457407875043e-01
7.866190019915813014e-01
7.792371669899708087e-01
7.717798801856984303e-01
7.644245764190480408e-01
7.570280401277861282e-01
7.497046628968652149e-01
7.425110199099896890e-01
7.350053924937564043e-01
7.284212226008460744e-01
7.209823710916696271e-01
7.140782460897883155e-01
7.069684975164733931e-01
6.999730856741096519e-01
6.932503261355468238e-01
6.857867157393252588e-01
6.789146477203885643e-01
6.722177526478441134e-01
6.654612629772835852e-01
6.584877344901335361e-01
6.516293733696255641e-01
6.448053306684329300e-01
6.386717413705541579e-01
6.315387799820367798e-01
6.249179466226028046e-01
6.182106151042935371e-01
6.116585910518543834e-01
6.055496753606806060e-01
5.989460165273127190e-01
5.922626702651148101e-01
5.857300886083074420e-01
5.795854774337703130e-01
5.730084958532234429e-01
5.669573404636262248e-01
5.604996247812168431e-01
5.540437997104412648e-01
5.478911926500895646e-01
5.413353730127895558e-01
5.355174234734882965e-01
5.293088315980627456e-01
5.231182492033483733e-01
5.169908392304249922e-01
5.107717940398258660e-01
5.048066675277275150e-01
4.987523450010952208e-01
4.928744048106686315e-01
4.868818828248209774e-01
4.810393596379248238e-01
4.750661779631860648e-01
4.693078800694614472e-01
4.633588274893169490e-01
4.575091857085106795e-01
4.517026861517426384e-01
4.459262907667586040e-01
4.402209443851361481e-01
4.344527908354524071e-01
4.288862821164544648e-01
4.231517317871982820e-01
4.176573895233955946e-01
4.117344203354299514e-01
4.063374345651630248e-01
4.007058216289978714e-01
3.953375645465026511e-01
3.896741510201537362e-01
3.842870398695683587e-01
3.786718782716800846e-01
3.734224981180742642e-01
3.678497819007873759e-01
3.626467342353461576e-01
3.570857251322614445e-01
3.517290054853901560e-01
3.466564846507231290e-01
3.413238606383759977e-01
3.360314843401857599e-01
3.308896335825141088e-01
3.255890764961153483e-01
3.203785152941716063e-01
3.152021618558115135e-01
3.101364185607178303e-01
3.049312371431827096e-01
2.998700179688639778e-01
2.947262434743985748e-01
2.897363666181279052e-01
2.845139331152797268e-01
2.797156014521406941e-01
2.747017927660254655e-01
2.697361236796504969e-01
2.646810936296121741e-01
2.598715659936753908e-01
2.550278494596900924e-01
2.499741803222377268e-01
2.452332883593411061e-01
2.403660017426976492e-01
2.355777142729486850e-01
2.308615486758646418e-01
2.260517003509644463e-01
2.212608235230759113e-01
2.165952286806387406e-01
2.116916069582754634e-01
2.071880585649517326e-01
2.024545533648421103e-01
1.978459015777768726e-01
1.930910698218507304e-01
1.886071373687434327e-01
1.840579297021489313e-01
1.792961007988415345e-01
1.748125160042396098e-01
1.703025365550092374e-01
1.657598858339824344e-01
1.613243059460417184e-01
1.568672851319752037e-01
1.522722735140351891e-01
1.478924900391593578e-01
1.434037304007796110e-01
1.390423469747650298e-01
1.346650632710910123e-01
1.303752773561904776e-01
1.259619129227800560e-01
1.216337595620927414e-01
1.176598272495564257e-01
1.138970807207487640e-01
1.103999807455181004e-01
1.069571917603168720e-01
1.038443713379428729e-01
1.007184292747431154e-01
9.765664275022657714e-02
9.477269563650815576e-02
9.202463457639906141e-02
8.930691250724710761e-02
8.662423685892028935e-02
8.404236876827814173e-02
8.155178019862614758e-02
7.913224335015972555e-02
7.677702116800265431e-02
7.451985765639598802e-02
7.230259623773620248e-02
7.011254527883223342e-02
6.801448994564512907e-02
6.595722314409495357e-02
6.393526816842996785e-02
6.201234788204124798e-02
6.009460927017250265e-02
5.823694891939575069e-02
5.641067116890332439e-02
5.467981274983828299e-02
5.293398817848098126e-02
5.131001146126324547e-02
4.964384399063857117e-02
4.806960983755267924e-02
4.648673038594811069e-02
4.501505157060350232e-02
4.351959701564343114e-02
4.212007495369882865e-02
4.069721418067263202e-02
3.930228699346636351e-02
3.806386554027368224e-02
3.675951093102756972e-02
3.548476515122009345e-02
3.421173313151907452e-02
3.303915397061919085e-02
3.184546440788536825e-02
3.072231276037288433e-02
2.960707879292424211e-02
2.849231925879801633e-02
2.746915708329674202e-02
2.644497231093147216e-02
2.544530734932452451e-02
2.448711532609604280e-02
2.352387342225313593e-02
2.260068830084177582e-02
2.169307764210145345e-02
2.081514809299962049e-02
1.995662918784905926e-02
1.915048843341244159e-02
1.834677381807763713e-02
1.755154139117067608e-02
1.680118607039562950e-02
1.605566016245777924e-02
1.533938672432038144e-02
1.465606105978024300e-02
1.396256448069019274e-02
1.330941698579153273e-02
1.267561522092712674e-02
1.207079730281659935e-02
1.145681421756303102e-02
1.088968795123278557e-02
1.033642371951247994e-02
9.795280525475140790e-03
9.279178411955657860e-03
8.766614008310063405e-03
8.270688987852093527e-03
7.804294733157203165e-03
7.341223167569168630e-03
6.901682329013549173e-03
6.481521956943976821e-03
6.079610441404972518e-03
5.702859083337692876e-03
5.303596457615770629e-03
4.952374506150635999e-03
4.612713747728214471e-03
4.266205733541153511e-03
3.956889367132430252e-03
3.643475688225716186e-03
3.352882764736139602e-03
3.076793680933883474e-03
2.808603379622718037e-03
2.569346904105835466e-03
2.338955232772499827e-03
2.100968703624952073e-03
1.888798416550937316e-03
1.697506250624524708e-03
1.513500578707166261e-03
1.329409614755767922e-03
1.165903916613785559e-03
1.016580632885719744e-03
8.714991015265048397e-04
7.377644693020523172e-04
6.228186878489194505e-04
5.197412533667687511e-04
4.224659564974811692e-04
3.323765691227435651e-04
2.543893297298920378e-04
1.912567314442679197e-04
1.333477081388928704e-04
8.874894973998443618e-05
5.327242893481150520e-05
2.695685937289396005e-05
9.861618948876839475e-06
1.541772801829381962e-06
1.280542198142962786e-07
0.000000000000000000e+00
0.000000000000000000e+00
0.000000000000000000e+00
0.000000000000000000e+00
0.000000000000000000e+00
0.000000000000000000e+00
0.000000000000000000e+00
0.000000000000000000e+00
0.000000000000000000e+00
0.000000000000000000e+00
0.000000000000000000e+00
0.000000000000000000e+00
0.000000000000000000e+00
0.000000000000000000e+00
0.000000000000000000e+00
0.000000000000000000e+00
0.000000000000000000e+00
0.000000000000000000e+00
0.000000000000000000e+00
0.000000000000000000e+00
0.000000000000000000e+00
0.000000000000000000e+00
0.000000000000000000e+00
0.000000000000000000e+00
0.000000000000000000e+00
0.000000000000000000e+00
0.000000000000000000e+00
0.000000000000000000e+00
0.000000000000000000e+00
0.000000000000000000e+00
0.000000000000000000e+00
0.000000000000000000e+00
0.000000000000000000e+00
0.000000000000000000e+00
0.000000000000000000e+00
0.000000000000000000e+00
0.000000000000000000e+00
0.000000000000000000e+00
0.000000000000000000e+00
0.000000000000000000e+00
0.000000000000000000e+00
0.000000000000000000e+00
0.000000000000000000e+00
0.000000000000000000e+00
0.000000000000000000e+00
0.000000000000000000e+00
0.000000000000000000e+00
0.000000000000000000e+00
