0.000000000000000000e+00
0.000000000000000000e+00
0.000000000000000000e+00
0.000000000000000000e+00
0.000000000000000000e+00
0.000000000000000000e+00
0.000000000000000000e+00
0.000000000000000000e+00
0.000000000000000000e+00
0.000000000000000000e+00
0.000000000000000000e+00
0.000000000000000000e+00
0.000000000000000000e+00
0.000000000000000000e+00
0.000000000000000000e+00
0.000000000000000000e+00
0.000000000000000000e+00
0.000000000000000000e+00
0.000000000000000000e+00
0.000000000000000000e+00
0.000000000000000000e+00
0.000000000000000000e+00
0.000000000000000000e+00
0.000000000000000000e+00
0.000000000000000000e+00
0.000000000000000000e+00
2.155257596136061007e-02
3.738999120603506143e-01
1.390029078010398766e+00
1.868231759850753182e+00
1.410478864508154961e+00
8.500844233787676618e-01
5.009751633468013665e-01
3.373577109116460693e-01
3.020844005963320700e-01
2.973962996608080500e-01
2.990064021294647212e-01
3.156347852336217064e-01
3.025628644079206842e-01
2.754881409232417533e-01
2.662692209599177295e-01
2.964880896503028773e-01
3.253774984498865597e-01
4.131490884176847178e-01
5.396661319384598032e-01
6.887268069357268541e-01
8.509830774320634728e-01
1.016436645637474934e+00
1.168173576390437285e+00
1.301256940355471237e+00
1.403334222952327792e+00
1.469706742309550895e+00
1.518305106605256638e+00
1.529321048837471553e+00
1.483705305784310369e+00
1.402278313660641373e+00
1.295269624594938884e+00
1.190243971402402900e+00
1.090497267288427219e+00
1.019662729825008496e+00
9.606821137289407453e-01
9.333791068263904700e-01
9.141181370319262367e-01
9.054923924682879433e-01
8.996084895935407832e-01
9.022575431991255446e-01
9.155849581198325371e-01
9.335627864988174096e-01
9.482282423411012573e-01
9.702610791740746699e-01
9.897030552069743248e-01
1.008293281549885068e+00
1.027586208712446769e+00
1.043254895766602797e+00
1.051414333975867477e+00
1.061433795212302744e+00
1.055534063778739595e+00
1.049666877645158980e+00
1.041802074231750197e+00
1.030001409004086543e+00
1.020674032610564996e+00
1.001742106602259597e+00
9.962509388823300727e-01
9.774489627401943270e-01
9.790622195479000700e-01
9.627805561231015385e-01
9.680468398165429367e-01
9.659352527887400397e-01
9.688805448686018673e-01
9.708405557120813878e-01
9.769330052125569930e-01
9.755840635479656742e-01
9.802976753242679253e-01
9.824432578779661585e-01
9.918672610402263778e-01
9.948357225972940254e-01
9.963169191085448073e-01
1.010551612959849299e+00
1.018798423554744037e+00
1.025498679676512648e+00
1.029081881569734902e+00
1.032432523639592592e+00
1.024055118582286150e+00
1.019671995276963061e+00
1.000085029374629286e+00
9.902225924579503014e-01
9.740740984234512734e-01
9.639213482699395819e-01
9.611711586886534375e-01
9.616876845441395538e-01
9.760096255765859929e-01
9.960998891148363787e-01
1.020568210558856270e+00
1.052583171792529360e+00
1.084162355902495101e+00
1.111616780008119143e+00
1.132226523272669816e+00
1.140896568651539100e+00
1.141282649737983101e+00
1.128053083702167392e+00
1.106729327314911471e+00
1.072268732732905017e+00
1.044887004747377945e+00
1.010709301302096463e+00
9.776003840901075215e-01
9.676014134159733882e-01
9.609399306902675075e-01
9.704314593688451174e-01
9.819588876405818123e-01
9.954188793899373389e-01
1.013544284584912969e+00
1.021098047697742928e+00
1.027389871654656117e+00
1.034464868215257072e+00
1.026570753108415612e+00
1.019145562698997809e+00
1.003708250845865235e+00
1.000323195944972099e+00
9.939207626482687852e-01
9.924200455432959922e-01
9.853462608798831956e-01
9.795341555555031610e-01
9.818837128860932184e-01
9.885466586974746006e-01
9.872502173261304970e-01
9.915828731171238974e-01
9.983866595374157882e-01
9.966492787540400800e-01
9.964272030456927665e-01
9.939106629079627053e-01
9.987550213684655009e-01
9.966767230564174129e-01
9.997006331530098322e-01
1.000723463613432118e+00
9.939844824182221261e-01
9.995323215609625001e-01
1.000269463905798961e+00
1.003158267842924056e+00
1.004250762954360665e+00
1.006005464699855523e+00
1.006942029468242517e+00
1.006790566978881696e+00
1.008688672635031036e+00
1.012587647008413860e+00
1.009471591091979148e+00
1.007337533253494177e+00
1.007658764361371251e+00
1.008390041781817015e+00
1.006134301186991875e+00
1.006485311629028656e+00
1.006714061722060238e+00
1.006541856965617487e+00
1.004109457326845423e+00
1.003794073130060749e+00
1.002540955390868627e+00
1.002644145397595832e+00
9.999164483410425408e-01
1.003677193989306327e+00
1.002467994179901956e+00
1.000414438263041772e+00
1.002464663073023843e+00
9.997166856465704576e-01
1.003614230618728342e+00
9.998683724583787846e-01
1.001006581758353553e+00
9.987411027908521532e-01
1.001965542902610640e+00
1.001697028560264213e+00
1.000506032923258015e+00
1.001947464667738430e+00
1.001621315555385028e+00
1.002649628915889046e+00
9.992309304947479820e-01
1.001258797163590231e+00
9.985099112475562810e-01
1.000624844636264443e+00
9.991947555137683512e-01
9.989218736473012283e-01
1.000796820918198549e+00
1.002140779283544614e+00
1.000241263784413581e+00
1.002349469687468630e+00
1.000851960581368827e+00
1.000153592795668400e+00
1.001403351836781086e+00
9.998278890688125919e-01
9.975682613758114492e-01
9.992636595904285102e-01
9.981550661204200425e-01
9.986094359602002424e-01
9.998811454613381056e-01
1.000281930510520390e+00
9.972077121158652302e-01
9.996121316446671123e-01
9.990394302757228395e-01
9.984213335615652607e-01
9.962898862033066072e-01
9.996267872221458184e-01
9.993061745918486727e-01
9.946741928888125361e-01
9.954703755011571342e-01
9.975275055221768383e-01
9.987360317297001577e-01
9.962868057265761301e-01
9.952974281471269613e-01
9.981601503942889586e-01
9.967774325173321959e-01
9.957154808767464393e-01
9.950505283521131616e-01
9.995971183683287631e-01
9.972916919081131759e-01
9.966796622077687129e-01
9.968460795063290858e-01
9.959618527488967032e-01
9.957837856818075872e-01
9.937869910187324685e-01
9.944605599107575467e-01
9.952226392855427761e-01
9.952179666369418420e-01
9.964527061995206436e-01
9.971108632394244387e-01
9.958401434637286220e-01
9.954087662404025316e-01
9.961123819118424816e-01
9.959478498893897802e-01
9.959874589758725971e-01
9.961223292053756895e-01
9.967412741649213093e-01
9.947092911021667705e-01
9.969017786158519412e-01
9.968118461131265651e-01
9.954588041005005827e-01
9.977310987983392110e-01
9.960648472342494841e-01
9.970141963475392943e-01
1.000473463539815144e+00
9.964389868780922921e-01
9.980035374023484840e-01
9.969937962118279318e-01
9.989249031269986645e-01
9.953268305233962110e-01
9.967489939444792446e-01
9.929982511526663780e-01
9.818285619864582925e-01
9.702932725366623101e-01
9.588566582249409276e-01
9.474779550871060829e-01
9.355866457423752669e-01
9.260248137071988017e-01
9.144740433696099124e-01
9.024670081136378919e-01
8.933180497052681801e-01
8.822821926160260286e-01
8.703074245247304219e-01
8.607623812218685444e-01
8.500793431131825617e-01
8.411329847629255285e-01
8.321045135264920622e-01
8.185839538703184592e-01
8.100242215578377092e-01
