0.000000000000000000e+00
0.000000000000000000e+00
0.000000000000000000e+00
0.000000000000000000e+00
0.000000000000000000e+00
0.000000000000000000e+00
0.000000000000000000e+00
0.000000000000000000e+00
0.000000000000000000e+00
0.000000000000000000e+00
0.000000000000000000e+00
0.000000000000000000e+00
0.000000000000000000e+00
0.000000000000000000e+00
0.000000000000000000e+00
0.000000000000000000e+00
0.000000000000000000e+00
0.000000000000000000e+00
0.000000000000000000e+00
0.000000000000000000e+00
0.000000000000000000e+00
0.000000000000000000e+00
0.000000000000000000e+00
0.000000000000000000e+00
0.000000000000000000e+00
0.000000000000000000e+00
2.041266892389913962e-02
3.955420069628154955e-01
1.447550577645703829e+00
1.915293412053074684e+00
1.465464921099267626e+00
8.616830887663884386e-01
4.830853118636543875e-01
3.301544353570227686e-01
2.971440347851250219e-01
2.827881570486605600e-01
3.051300640320591673e-01
3.061836053854029016e-01
3.007656882703183543e-01
2.847025773821356687e-01
2.711841818442193852e-01
3.001835986858986671e-01
3.517720856721304190e-01
4.390426737178310668e-01
5.606766533569712552e-01
7.045790958514144275e-01
8.668746837660143978e-01
1.036617448271023534e+00
1.168413113777917900e+00
1.283092366230059511e+00
1.389473796575956266e+00
1.459414757335302459e+00
1.508156790233459832e+00
1.523758064808653723e+00
1.483982158700599463e+00
1.396033185475463956e+00
1.285532283977989465e+00
1.184172035892817831e+00
1.082252613953307741e+00
1.013898380833300417e+00
9.670461848429204865e-01
9.379213782889940232e-01
9.168233366396917328e-01
8.972747725872111113e-01
9.054779854785066640e-01
9.052881306254667582e-01
9.187102975167424912e-01
9.307695793051976585e-01
9.440030123497488157e-01
9.747332149775018717e-01
9.840086739037867680e-01
1.003212513193233901e+00
1.022973360688076205e+00
1.045637237341337400e+00
1.053592086428404739e+00
1.056698677425719435e+00
1.056422991641738252e+00
1.050902255036307853e+00
1.035312711876356984e+00
1.024341851771123801e+00
1.017259763722369259e+00
1.008750640330126291e+00
9.919420023109832840e-01
9.832508739117890029e-01
9.708577695317401890e-01
9.692771214208769637e-01
9.697204596243484964e-01
9.633825250304253185e-01
9.627010858752409472e-01
9.693438706893648948e-01
9.673929880628185929e-01
9.749588554875621149e-01
9.739938682129581915e-01
9.694639018948475462e-01
9.821165580587563060e-01
9.820806021621599768e-01
9.926656508202239548e-01
1.003835409306437221e+00
1.002672847126472311e+00
1.011784241053461875e+00
1.014747956940399209e+00
1.015014862307802801e+00
1.013379693611199839e+00
1.010129851326514006e+00
9.958290336793642616e-01
9.792381719717199173e-01
9.711884679431389555e-01
9.565266738962384663e-01
9.507626063899774493e-01
9.584768946596685657e-01
9.719154828406063595e-01
9.890100295526390584e-01
1.017584373591435609e+00
1.055041861656289992e+00
1.083463064170546497e+00
1.108243515958120096e+00
1.135511061669032706e+00
1.146350132656074772e+00
1.145618341472969481e+00
1.127248260711088745e+00
1.107926038619324816e+00
1.076792370305063695e+00
1.042301191144122452e+00
1.015880365580477562e+00
9.837607719089641600e-01
9.666309161865438426e-01
9.577927730763817760e-01
9.705365681985782533e-01
9.852160345650332607e-01
9.946292795420335064e-01
1.013093702554112241e+00
1.023624889442926289e+00
1.030480387156234245e+00
1.030170437653286308e+00
1.029063005248671114e+00
1.017703154417048506e+00
1.014893855206582041e+00
1.001771024970032231e+00
9.917475097472066015e-01
9.869458550675417330e-01
9.835461062143329158e-01
9.832229484712881051e-01
9.844362784512495912e-01
9.832760002238110086e-01
9.891451318825748018e-01
9.902995964216628755e-01
9.948992827162831398e-01
9.926525722586649891e-01
9.965497402530124615e-01
9.936692601557848281e-01
9.965532984457292631e-01
9.986589720815460813e-01
9.973088289107389093e-01
9.955898694428541029e-01
1.003932691885749406e+00
9.995864166983463583e-01
1.003201769433511581e+00
1.002482241264987861e+00
1.006649393848599416e+00
1.006858273480603749e+00
1.008244766468318288e+00
1.009761978643590963e+00
1.004411380211532201e+00
1.008217801669172964e+00
1.010968541737133686e+00
1.007356970987381528e+00
1.008510926853609879e+00
1.007664573632809812e+00
1.001191656442334876e+00
1.003486323880500741e+00
1.001688966474169717e+00
1.002932922563287033e+00
1.001678546701753936e+00
9.984247189301931336e-01
1.001329709636764154e+00
1.001854638229383587e+00
9.961823534881988351e-01
9.998782981767072586e-01
9.950468131359788693e-01
9.966953169575787363e-01
9.966984908732700044e-01
9.946202955006283597e-01
9.993906910566889845e-01
9.961380318056607397e-01
9.946140270306037534e-01
9.967446756706658251e-01
1.000548092785594312e+00
9.989182809974699317e-01
9.951928266111110810e-01
9.942317364907995447e-01
9.972582552896331887e-01
9.976687964615263970e-01
9.986987865539557196e-01
9.975523405702652058e-01
9.956637279247858574e-01
9.924236840038797025e-01
9.980361915458622057e-01
9.972644753673528539e-01
9.983455557337960196e-01
9.979669573621631207e-01
9.967032897134887603e-01
9.987044595651777268e-01
9.956398265995373142e-01
9.984698453210235636e-01
9.971384271415139056e-01
9.986699967108593201e-01
9.993846155009959986e-01
1.001375642500551777e+00
9.983219827909859401e-01
9.998744255929715719e-01
9.993590538211248875e-01
9.998194937304110130e-01
9.987017604688179784e-01
1.000888790716486954e+00
1.000481544481916618e+00
9.990586418858375950e-01
1.002113106786774566e+00
9.985461540694863247e-01
9.990909209633161980e-01
9.997050210261902992e-01
9.976089878673061184e-01
9.985730633899980724e-01
9.990866746984528035e-01
9.996615193867645077e-01
9.996533989689126987e-01
9.998722670592652406e-01
1.002559459649398077e+00
9.995143352442571461e-01
9.991376371037646864e-01
9.966129026563618210e-01
9.989211391537489160e-01
9.977252621902412688e-01
9.975589756096440164e-01
9.983040718232064625e-01
9.974395941529102805e-01
9.973599987683287038e-01
9.967549528570195383e-01
9.937341424031284065e-01
9.962754369139463773e-01
9.950990300738484784e-01
9.959183390114275669e-01
9.962860200857164283e-01
9.950708999664165111e-01
9.938894380122000882e-01
9.960397097010891265e-01
9.965700604640790328e-01
9.972900317849185958e-01
9.940428009654362906e-01
9.952719561017523420e-01
9.957698696769279323e-01
9.963559415226087568e-01
9.958234220350363763e-01
9.964332705123528644e-01
9.965610163049353210e-01
9.979871472795581733e-01
9.983192148889029616e-01
9.986934911422292727e-01
9.977360676679147833e-01
9.999772361136189947e-01
9.984353094491548175e-01
9.974578092461993117e-01
9.987296870085811129e-01
9.943866331301968176e-01
9.814661451249684365e-01
9.679685128999575561e-01
9.592384662115445160e-01
9.476461733138049626e-01
9.359506982291433408e-01
9.244654222263165577e-01
9.142288041182410341e-01
9.019695960303744098e-01
8.911565874027225220e-01
8.821194673391504759e-01
8.703919673350269948e-01
8.589327120228599233e-01
8.498383171126070446e-01
8.387965931061621694e-01
8.299265538158582256e-01
8.189853556403910995e-01
8.086861329601096049e-01
