0.000000000000000000e+00
0.000000000000000000e+00
0.000000000000000000e+00
0.000000000000000000e+00
0.000000000000000000e+00
0.000000000000000000e+00
0.000000000000000000e+00
0.000000000000000000e+00
0.000000000000000000e+00
0.000000000000000000e+00
0.000000000000000000e+00
0.000000000000000000e+00
0.000000000000000000e+00
0.000000000000000000e+00
0.000000000000000000e+00
0.000000000000000000e+00
0.000000000000000000e+00
0.000000000000000000e+00
0.000000000000000000e+00
0.000000000000000000e+00
0.000000000000000000e+00
0.000000000000000000e+00
0.000000000000000000e+00
0.000000000000000000e+00
0.000000000000000000e+00
1.541409599243789559e-04
2.083836538709998160e-02
3.997349945537191362e-01
1.411957884530252505e+00
1.884768121663404461e+00
1.429082370810355274e+00
8.331921053668772670e-01
4.910926605568001757e-01
3.285064773163766660e-01
2.850651661635922318e-01
2.776633122793743524e-01
2.988480457570941162e-01
3.000162159107980786e-01
3.008642630993142442e-01
2.786931120658970307e-01
2.678511000115889606e-01
2.897870630526926394e-01
3.456802031387402607e-01
4.292950360810647292e-01
5.541796384902949457e-01
7.126759522760675036e-01
8.602323973713686955e-01
1.031515174985937477e+00
1.164989337149939130e+00
1.289113307404914588e+00
1.384941415036874623e+00
1.469025512002973377e+00
1.530157514218357218e+00
1.523327107290521676e+00
1.484678651179291542e+00
1.399247415203711542e+00
1.298940831575688071e+00
1.172506614829773364e+00
1.085635544061665625e+00
1.020315410667275380e+00
9.599721415276629699e-01
9.238134484536923985e-01
9.132728762678328227e-01
9.086008670978515944e-01
9.110780732685607175e-01
9.061123336088984237e-01
9.113220193798341473e-01
9.320641325481038297e-01
9.504036600128451528e-01
9.653378483185824921e-01
9.839088518581042830e-01
1.005894135572754644e+00
1.028550817934848149e+00
1.044062402907315557e+00
1.050212681882884969e+00
1.052560337575414229e+00
1.053296644351360500e+00
1.044248493404907219e+00
1.039139359466659807e+00
1.031005193706773682e+00
1.018481504685226469e+00
9.950603432423223982e-01
9.983749606019495237e-01
9.822395862855550774e-01
9.708376557126311424e-01
9.615896230666168831e-01
9.615772337328714059e-01
9.628068011315301655e-01
9.676135487790179512e-01
9.694634386238074608e-01
9.691965759062860508e-01
9.688773518253541717e-01
9.751521049298902399e-01
9.810184702857029926e-01
9.847805988223704565e-01
9.937653482489403611e-01
9.889061896424989895e-01
1.005874698698444591e+00
1.006125399274758747e+00
1.020328047881377431e+00
1.030970236030024356e+00
1.027871079544537158e+00
1.010880363541605265e+00
1.009089619336961174e+00
9.940185772846740209e-01
9.774616061079193230e-01
9.660942736225935912e-01
9.612676380008517985e-01
9.516259106062929796e-01
9.534525108058498066e-01
9.705244658254249535e-01
9.880669943444452263e-01
1.016082142449692416e+00
1.046081283913836923e+00
1.078712698064690834e+00
1.100518953286421464e+00
1.133459666042483160e+00
1.137214396527623350e+00
1.132793301164235711e+00
1.125952560750665521e+00
1.101232489584259566e+00
1.071181166327376921e+00
1.040450640631852108e+00
1.005746866548629326e+00
9.799545354604600744e-01
9.626306996229702095e-01
9.582710855911361625e-01
9.637955103562175774e-01
9.821879858270731178e-01
9.954464460798603254e-01
1.010527415604136392e+00
1.023175438429848816e+00
1.025547085558334182e+00
1.027260655021654534e+00
1.021556580071157239e+00
1.017398883327074621e+00
1.011644285976064594e+00
1.000546034835138043e+00
9.924888324735586798e-01
9.845847583967674010e-01
9.852238128503575387e-01
9.805647282767279149e-01
9.755440063848791477e-01
9.817589898664395021e-01
9.857791517671659065e-01
9.871815398620898963e-01
9.872955863037038426e-01
9.873849145487981760e-01
9.886596416499225937e-01
9.881929078456265225e-01
9.939091439330924871e-01
9.922131380511254317e-01
9.901397897515610280e-01
9.888912030096326244e-01
9.930134071392332507e-01
9.941995615535993425e-01
9.924830968048874436e-01
9.953366974537692924e-01
9.972095378219436590e-01
9.951943053550845741e-01
9.991638856352691445e-01
9.985815886482628523e-01
1.001441772390035068e+00
1.003437510087817452e+00
1.001254504835228598e+00
1.004006194410371311e+00
9.996807035143067122e-01
1.000428017138472514e+00
1.000981304923855619e+00
1.000373799811038467e+00
1.000759919842914680e+00
9.965906664606928311e-01
9.967929247676128313e-01
1.000750575275323184e+00
9.987583468067924297e-01
9.968082502153696733e-01
9.956361247667824266e-01
9.969596778500467993e-01
9.985749862287782719e-01
9.960231021594359024e-01
9.964723421341511456e-01
9.964860799750822062e-01
9.988294047682021448e-01
9.956474127133521090e-01
9.985919472459733326e-01
9.993469422969022409e-01
9.998352737686534430e-01
9.930310432938481702e-01
9.986656520959358296e-01
9.970722606529852650e-01
9.972858108662998600e-01
9.961475998635180851e-01
1.000676202669108950e+00
9.980116649882929680e-01
9.999277435734874597e-01
9.974118164192870006e-01
9.959959436141959666e-01
9.983404495447961713e-01
9.959570347509917321e-01
9.978049666156513231e-01
9.991750812673702020e-01
9.969704870970294008e-01
9.933891942832726585e-01
9.931776740099111933e-01
9.981218490940663157e-01
9.938933528637823311e-01
9.981508284194311464e-01
9.942526895042358426e-01
9.954216334292136370e-01
9.978522603211792408e-01
9.975404711282983561e-01
9.959775954039244983e-01
9.976209772780781915e-01
9.991481576933890496e-01
9.996166066065885758e-01
9.973610870942670736e-01
9.937357619307521928e-01
9.971805270849057878e-01
9.955949265659579384e-01
9.965600349723305884e-01
9.963533762671545890e-01
9.969659078099722960e-01
1.000252651722707276e+00
9.983636512619338266e-01
1.000287296365263812e+00
9.978499761090292575e-01
9.996938392805679863e-01
9.984995774511222777e-01
9.969614977827437885e-01
9.969234053407225460e-01
9.958918675766356143e-01
1.000553334952431594e+00
9.959482358105444799e-01
9.953766839246566134e-01
9.935354060962051648e-01
9.969112279449974245e-01
9.965957716562112712e-01
9.957633281545252846e-01
9.951987911621769101e-01
9.977458881685562497e-01
9.981487113151498169e-01
9.967557914820082132e-01
9.977945871799291933e-01
9.981825485229820494e-01
9.973217807043452954e-01
9.980685176096644184e-01
9.979553553977852376e-01
9.969146564560225077e-01
9.961781457685530139e-01
9.959109274859920813e-01
9.974884749096991632e-01
9.952978641816911942e-01
9.948369636108277403e-01
9.967218377935431750e-01
9.955779983940578060e-01
9.955501441149550157e-01
9.991598303506820100e-01
9.978578058793704519e-01
9.970950368840035827e-01
9.987839584130940862e-01
9.987217886709500725e-01
9.971170613561065599e-01
9.911376175298262092e-01
9.827685596360140607e-01
9.703465117126285344e-01
9.591840679758011357e-01
9.480613144840578377e-01
9.389423552700804088e-01
9.303818173218926235e-01
9.159364013098041379e-01
9.063120939361171136e-01
8.969581393645714718e-01
8.846132723892012883e-01
8.755805875673897676e-01
8.662101363512118013e-01
8.541115499880984618e-01
8.430054798963496632e-01
8.324861295855804366e-01
8.230328596921440143e-01
8.121021710085938317e-01
