0.000000000000000000e+00
0.000000000000000000e+00
0.000000000000000000e+00
0.000000000000000000e+00
0.000000000000000000e+00
0.000000000000000000e+00
0.000000000000000000e+00
0.000000000000000000e+00
0.000000000000000000e+00
0.000000000000000000e+00
0.000000000000000000e+00
0.000000000000000000e+00
0.000000000000000000e+00
0.000000000000000000e+00
0.000000000000000000e+00
0.000000000000000000e+00
0.000000000000000000e+00
0.000000000000000000e+00
0.000000000000000000e+00
0.000000000000000000e+00
0.000000000000000000e+00
0.000000000000000000e+00
0.000000000000000000e+00
0.000000000000000000e+00
0.000000000000000000e+00
1.541482903935844251e-04
2.169576830222983213e-02
3.977658382495402045e-01
1.471260482625812216e+00
1.960878662211184675e+00
1.499729649593915859e+00
8.801060653101357989e-01
5.194916074123872018e-01
3.547824310733330710e-01
2.972061487187816486e-01
2.879372649297916587e-01
2.955515985947875790e-01
3.049490162784126990e-01
3.009461996362899350e-01
2.859663518686468286e-01
2.788644064880356765e-01
2.967853998317504516e-01
3.525783866739677364e-01
4.359374203799228908e-01
5.570914284984849196e-01
7.135814243502708321e-01
8.751551640063450765e-01
1.020190277571007664e+00
1.175016957487594160e+00
1.283937891548094568e+00
1.387247818242947961e+00
1.472421428331214699e+00
1.516300583774667032e+00
1.530369147888815062e+00
1.486706738815989137e+00
1.407384984098654757e+00
1.293601346966424481e+00
1.187085618668250131e+00
1.098839384339130421e+00
1.025828904980981893e+00
9.709180625071950343e-01
9.475786535712921177e-01
9.190391314059979111e-01
9.118511441972411147e-01
9.046395527959820715e-01
9.150111256379999114e-01
9.314723402802413954e-01
9.388850290532280152e-01
9.492311010244556257e-01
9.806377997498152421e-01
1.001825576916691718e+00
1.029708087244149972e+00
1.034378489971551129e+00
1.046375934139844643e+00
1.055121190909999784e+00
1.061473889251195457e+00
1.067855455347637150e+00
1.056432034977289547e+00
1.046460496325252176e+00
1.040459888632876639e+00
1.025877971720625004e+00
1.011573312669075353e+00
1.000896845295825122e+00
9.820418736402356519e-01
9.785915928907878980e-01
9.778717348870583637e-01
9.725690714603876241e-01
9.656022124907576165e-01
9.698098347604071634e-01
9.738146367480571275e-01
9.813600372236364056e-01
9.860098923921104541e-01
9.790648284323297812e-01
9.847230768924483124e-01
9.914280466737930286e-01
9.980114298422024799e-01
1.008696328073455772e+00
1.015044277245664706e+00
1.024626800246041025e+00
1.025216654512345338e+00
1.029073927702217173e+00
1.031744083407866164e+00
1.029486950122415756e+00
1.020423554242962494e+00
1.010543803704431642e+00
9.947649625041059540e-01
9.790619192651409675e-01
9.723215523623243151e-01
9.643848677316946283e-01
9.706874861272868360e-01
9.803898725478603637e-01
1.000160810909764608e+00
1.027845267373861837e+00
1.056480829412944411e+00
1.091801229797040085e+00
1.114323077530440464e+00
1.141704849599812999e+00
1.148987731209201835e+00
1.151494158336527684e+00
1.136887089298786790e+00
1.111854820511206876e+00
1.080250265464129500e+00
1.048008850585892215e+00
1.010020890605250576e+00
9.914097368918290965e-01
9.720963880642818911e-01
9.653643016654893660e-01
9.733072149647185034e-01
9.853005933515794901e-01
1.001614935978307530e+00
1.016032188694252048e+00
1.029630045466812360e+00
1.031819826221085368e+00
1.032084997442954233e+00
1.032771305746214008e+00
1.027084201475708891e+00
1.013677731886822420e+00
1.006039118948497402e+00
9.972812826692325494e-01
9.918692855249706675e-01
9.849253411553118287e-01
9.895434879254905169e-01
9.860069926739147839e-01
9.897408591032167413e-01
9.915921076535629819e-01
9.946581648771533057e-01
9.976885163609792162e-01
9.980389148483621575e-01
9.961755781288583744e-01
9.984573984547070458e-01
9.985593316348644333e-01
9.999604925872945804e-01
9.998123535542761120e-01
1.000863812155768251e+00
1.003862209838072950e+00
1.001075039628893659e+00
1.001874675942409976e+00
1.003967577127398592e+00
1.005848260033916031e+00
1.007476903075733787e+00
1.006297925686134187e+00
1.009871351874716217e+00
1.008140608912238001e+00
1.008495306525461155e+00
1.008952125043461878e+00
1.007443073166971681e+00
1.005571923586806138e+00
1.004531050246219914e+00
1.004559712772301827e+00
1.008565321046601682e+00
1.006652646178235022e+00
1.002612913406964568e+00
1.004942667847113835e+00
1.003921926059726522e+00
9.989539924712573793e-01
1.003186168508410692e+00
9.998282400797542380e-01
1.003841659311839329e+00
1.004128462599718663e+00
1.002050427229173923e+00
1.000455139145675743e+00
1.004378656472424858e+00
1.003539196415410562e+00
1.004849515720889874e+00
1.003386729366587016e+00
1.003962529276436477e+00
1.005782576224174552e+00
1.005547814482858904e+00
1.006037269544378665e+00
1.003448266155011259e+00
1.005634197275119046e+00
1.004838641013582778e+00
1.001700397963771971e+00
1.000741873270650562e+00
1.001472508048865118e+00
1.006600025679627697e+00
1.005610539186140961e+00
1.002127333301523260e+00
1.004077174591164967e+00
1.001152004091456327e+00
1.001506832719856188e+00
1.006140910502193897e+00
1.005899466244462248e+00
1.004960569680477755e+00
1.004313099345659932e+00
1.005161729376988333e+00
1.004202490612645660e+00
1.001454818345673514e+00
1.003558466680545047e+00
1.003189577838234925e+00
1.003868338077630096e+00
1.003415971644475935e+00
1.003975485823541680e+00
1.005767087177745767e+00
1.003163314053463262e+00
1.002813742850634737e+00
1.001657864554371447e+00
1.001396257895477371e+00
1.003692780308877763e+00
1.001305599780214717e+00
1.001105898518515280e+00
1.001075348397231668e+00
1.002456790725936298e+00
9.985195012684551230e-01
1.000611342107954549e+00
9.997269159744270883e-01
1.000859103224534419e+00
1.001545412015387049e+00
1.001952914713861498e+00
9.995440859170786618e-01
1.001356310743405365e+00
9.993588651513625187e-01
9.981968981577831190e-01
1.000471129488303523e+00
9.983206511940202477e-01
9.965971263635351463e-01
9.978762721621078358e-01
9.969854413362746470e-01
9.965379376531461331e-01
9.980554905801184429e-01
1.001416430643608191e+00
9.991614664057409945e-01
9.991325050345328807e-01
9.958156458578056869e-01
9.959974769026063157e-01
9.967786877917257371e-01
9.997945349483483568e-01
9.992221133209019390e-01
9.967385103869781382e-01
9.983143012572801567e-01
9.972195944074716545e-01
9.959046624294646266e-01
9.955603888697373005e-01
9.962981257147410785e-01
9.979964859088634732e-01
9.984860478592130217e-01
9.984287366668541663e-01
9.988910121132491549e-01
9.994287811392136289e-01
9.984384476902147254e-01
9.964484997235321107e-01
9.970545319715238275e-01
9.894709500677500991e-01
9.823835949872828932e-01
9.677202569871832250e-01
9.583052868318657769e-01
9.472976138925165435e-01
9.336227213574758155e-01
9.236485377642849048e-01
9.136625263616833248e-01
9.045069839531707512e-01
8.925781201279776589e-01
8.833768699165417404e-01
8.715213102095206166e-01
8.609575798964049786e-01
8.501990692651100190e-01
8.365837532368196605e-01
8.303048287293001151e-01
8.198563101371248996e-01
8.082974639423100571e-01
