0.000000000000000000e+00
0.000000000000000000e+00
0.000000000000000000e+00
0.000000000000000000e+00
0.000000000000000000e+00
0.000000000000000000e+00
0.000000000000000000e+00
0.000000000000000000e+00
0.000000000000000000e+00
0.000000000000000000e+00
0.000000000000000000e+00
0.000000000000000000e+00
0.000000000000000000e+00
0.000000000000000000e+00
0.000000000000000000e+00
0.000000000000000000e+00
0.000000000000000000e+00
0.000000000000000000e+00
0.000000000000000000e+00
0.000000000000000000e+00
0.000000000000000000e+00
0.000000000000000000e+00
0.000000000000000000e+00
0.000000000000000000e+00
0.000000000000000000e+00
0.000000000000000000e+00
1.697434346362153984e-02
3.704832094727548708e-01
1.347954374744085859e+00
1.790037005790802160e+00
1.341525863211772140e+00
7.943210584264455143e-01
4.641435136376317883e-01
3.235753683981910100e-01
2.821140525196084159e-01
2.826608331494652737e-01
2.898683469915757649e-01
3.074556443970014596e-01
2.990588819664828368e-01
2.825039959186740890e-01
2.676878535892639466e-01
2.935657617883901671e-01
3.402561438722657705e-01
4.294569224346568292e-01
5.422571389601100744e-01
6.882405240418796311e-01
8.573452603314254405e-01
1.019120417141055501e+00
1.152482351684082973e+00
1.285302144367928001e+00
1.399810094237369240e+00
1.478668364311638284e+00
1.525299557070682210e+00
1.538288728107868542e+00
1.498883707234994755e+00
1.414916341673243538e+00
1.292845606378737466e+00
1.185063411924342835e+00
1.089247740646435592e+00
1.010977990586723774e+00
9.702254371669659649e-01
9.352754221391824663e-01
9.234106575852079057e-01
9.124694524598546685e-01
9.117268142075340975e-01
9.093195365379770356e-01
9.297276881481147948e-01
9.387738985396698599e-01
9.579801685478666062e-01
9.783550548196368046e-01
9.883078733764693036e-01
1.013609428227786324e+00
1.032231346541914174e+00
1.050491418619757145e+00
1.059337505190870221e+00
1.056224649449041930e+00
1.059656073276004085e+00
1.056405141961890504e+00
1.054633120128257717e+00
1.037065838883229452e+00
1.016964129950630680e+00
1.000004186738117307e+00
9.967508781293894504e-01
9.855204362107158333e-01
9.767280183718120012e-01
9.671156170662039697e-01
9.667217303370331249e-01
9.690764591381264559e-01
9.727796859551032238e-01
9.683473060500412677e-01
9.734985727373401954e-01
9.741740408899318693e-01
9.772624475206409533e-01
9.730865547552549621e-01
9.862894215933338815e-01
9.941482821355895894e-01
9.964687918322161497e-01
1.003185578813486689e+00
1.008806048828241542e+00
1.011590718189623317e+00
1.011764218001738991e+00
1.020933622721201139e+00
1.019055888139391186e+00
1.013543404960434602e+00
1.001705950005163714e+00
9.831214317814003234e-01
9.717059324236717588e-01
9.562779225873921929e-01
9.565263305557091256e-01
9.608673613679351577e-01
9.714016013187197762e-01
9.907364188410765493e-01
1.019088198292428249e+00
1.046563575152238190e+00
1.084328885703448542e+00
1.113380703747457012e+00
1.130842331846964921e+00
1.143030138780892102e+00
1.151879119517298378e+00
1.133902257758791832e+00
1.111358920325607791e+00
1.083286597211113200e+00
1.048735623131902717e+00
1.016359122607600751e+00
9.909910634580123556e-01
9.735694541514574585e-01
9.624262163934490522e-01
9.716077853340154835e-01
9.860911597430431774e-01
1.004361924185410704e+00
1.017252963780012953e+00
1.029052074304801945e+00
1.033390214882831337e+00
1.030226484771402218e+00
1.025929133487045064e+00
1.018132007345513124e+00
1.011022345330329752e+00
1.004652215490325462e+00
9.934559498307188319e-01
9.859615206580542024e-01
9.835322294637357521e-01
9.830742849810841788e-01
9.832969776054341082e-01
9.848531827606753497e-01
9.830432829754279789e-01
9.860404162730356248e-01
9.895318854136324616e-01
9.921200110421733998e-01
9.948578321995411589e-01
9.967884091818323133e-01
9.989426850672560310e-01
9.925817630003536118e-01
9.922631226606627441e-01
9.902698369011975199e-01
9.937596068237560809e-01
9.939499375876685860e-01
9.999607179474624408e-01
9.983001611284570975e-01
9.976425775806416762e-01
9.991006195649865251e-01
1.000421647659162749e+00
1.001790927377930629e+00
1.003741316589435328e+00
1.003309387496298166e+00
1.004401974066089887e+00
1.000665742627903754e+00
1.002945383714890060e+00
1.001646508785919654e+00
1.000381825244910816e+00
1.000342942525033640e+00
9.990885629325493289e-01
9.977919265038205365e-01
1.001780938203662208e+00
1.003192467710708025e+00
1.002515480125297342e+00
1.000757654921526463e+00
9.966758436937274146e-01
9.975889821465002694e-01
9.995510701784060537e-01
9.986341595582696185e-01
9.996102772852225593e-01
1.000005567585303456e+00
1.002437718084052243e+00
1.002433969182010776e+00
1.000225931399851165e+00
1.000950529855447968e+00
9.995571361646895525e-01
1.000062783752915463e+00
9.981895127875745066e-01
9.981663434098776433e-01
9.970782802819203594e-01
1.001643348064645167e+00
9.995526579105188381e-01
9.972803306762123565e-01
9.984285287204349713e-01
9.989061033988064775e-01
9.979419612309475829e-01
9.970000142259231035e-01
9.964890885384555252e-01
9.976826400348183244e-01
9.991417843615493233e-01
9.981270523575923592e-01
9.987204499733012275e-01
9.978944557955121697e-01
9.979614910228749025e-01
9.998018712076370829e-01
9.970702683419438994e-01
9.972485553051282370e-01
9.982509633966754059e-01
9.970112820705471224e-01
9.943030586060513931e-01
9.973190197259925727e-01
9.972924983645420349e-01
9.954930268560030493e-01
9.917545255099684542e-01
9.952755342347746614e-01
9.963596268989484139e-01
9.968819665743517966e-01
9.993527899910227275e-01
9.965972509477798447e-01
1.000866459516986495e+00
9.977222999751157451e-01
9.972875392761745283e-01
9.992773940646286768e-01
9.967179344339156533e-01
9.980771557243269809e-01
1.000465170678680460e+00
9.990756398454060383e-01
1.000555923903315714e+00
9.989273358853048013e-01
9.989599149516905641e-01
9.977059392263265547e-01
9.988773101036021451e-01
9.982336226215641206e-01
9.990347624933193504e-01
9.960525578922385659e-01
9.924222456095026512e-01
9.956306553785696511e-01
9.971143074111556981e-01
9.964671249424597033e-01
9.956559104295321649e-01
9.980893343872725421e-01
9.977980532281226500e-01
9.945227233213517204e-01
9.988037108109549811e-01
9.956068643391948747e-01
9.985144496259876767e-01
9.963970197764066006e-01
9.978844331838226944e-01
9.967249992058879737e-01
9.981689269319525826e-01
9.961468167293445752e-01
9.979515404428235259e-01
9.956778620344594044e-01
9.973067815133521696e-01
9.981185623846567934e-01
9.976631419247703469e-01
9.959789816966972964e-01
9.993598610457667952e-01
9.968943266833069083e-01
9.964817940345125358e-01
9.987581665587108581e-01
9.916646746129789136e-01
9.800904172691239369e-01
9.676529685011969750e-01
9.559275929390552706e-01
9.461787259164430308e-01
9.353180081334174778e-01
9.251511707854963573e-01
9.134484718641994183e-01
9.019726294090649743e-01
8.913991382803022612e-01
8.802439319878080370e-01
8.695545276475514784e-01
8.598720836267612633e-01
8.502608542145526638e-01
8.402836988933360951e-01
8.297554216192243315e-01
8.200177344672414659e-01
8.091821935492213846e-01
