0.000000000000000000e+00
0.000000000000000000e+00
0.000000000000000000e+00
0.000000000000000000e+00
0.000000000000000000e+00
0.000000000000000000e+00
0.000000000000000000e+00
0.000000000000000000e+00
0.000000000000000000e+00
0.000000000000000000e+00
0.000000000000000000e+00
0.000000000000000000e+00
0.000000000000000000e+00
0.000000000000000000e+00
0.000000000000000000e+00
0.000000000000000000e+00
0.000000000000000000e+00
0.000000000000000000e+00
0.000000000000000000e+00
0.000000000000000000e+00
0.000000000000000000e+00
0.000000000000000000e+00
0.000000000000000000e+00
0.000000000000000000e+00
0.000000000000000000e+00
0.000000000000000000e+00
1.584402148381878345e-02
3.741824047227398919e-01
1.350602454456081514e+00
1.822704987173501046e+00
1.383497382472583581e+00
8.010259074808793178e-01
4.727170665710596076e-01
3.363015303489332308e-01
2.922446732674606751e-01
2.904103799596595703e-01
2.967629895455510813e-01
3.155069015481520855e-01
2.968960162221382371e-01
2.738947267652620532e-01
2.722709600916823902e-01
2.833473057551056939e-01
3.459828934609057161e-01
4.309686133905490935e-01
5.443991760220717735e-01
6.966516880741757678e-01
8.624277487222363758e-01
1.001866262072054425e+00
1.167162495237704656e+00
1.281924758531723940e+00
1.374114530319605620e+00
1.441427356916928693e+00
1.496625956230040799e+00
1.498431006430896772e+00
1.481816810240161875e+00
1.381872578912042959e+00
1.270081510513205725e+00
1.171348920297488494e+00
1.069925755354979691e+00
1.002012279501557357e+00
9.548657166883532943e-01
9.245433992862195360e-01
8.998660825173130373e-01
8.935263648828398741e-01
9.027588217136139903e-01
8.960372873348749767e-01
9.183251818486918294e-01
9.224510025605919816e-01
9.379959398394360770e-01
9.643497327782616368e-01
9.850092169202314674e-01
9.934565842261374735e-01
1.003641081022861981e+00
1.034062123872187211e+00
1.034358508623663297e+00
1.043034686620199158e+00
1.038367553892544537e+00
1.037865272748469847e+00
1.028315373291059709e+00
1.016329089223432236e+00
1.000363093959114158e+00
9.934575820700142224e-01
9.743658501389409476e-01
9.728646291462585971e-01
9.606732485300375490e-01
9.543915460387577543e-01
9.511296740345367429e-01
9.523102948650024047e-01
9.513390495619706844e-01
9.543407345578783785e-01
9.570148951835114604e-01
9.580276778521201742e-01
9.628974135005117230e-01
9.680173307876264177e-01
9.658807359318403174e-01
9.825380435374381216e-01
9.824221784683767611e-01
9.867971371545563031e-01
9.968580583795232375e-01
1.005993179563804407e+00
1.005685860682898003e+00
1.011773343636794831e+00
1.011154417553113527e+00
9.985133028348880391e-01
9.906025652117366187e-01
9.736598580271755843e-01
9.572200239374794029e-01
9.589000428528161590e-01
9.561745536148867908e-01
9.597174470720235551e-01
9.688792494374939279e-01
9.898081869005427302e-01
1.013391780776460971e+00
1.045558309704420097e+00
1.076856710109047821e+00
1.106287885292838613e+00
1.130100224435020451e+00
1.138764037094262438e+00
1.139265398954105946e+00
1.118452842367229527e+00
1.097045994727518403e+00
1.073819424619244289e+00
1.035683083336977672e+00
1.000791986024646141e+00
9.732349518052132442e-01
9.683529457204851365e-01
9.581279247685069445e-01
9.615963535451299560e-01
9.740269698469722348e-01
9.894216022984329006e-01
1.004596759093448588e+00
1.016896075045012893e+00
1.022178573488802478e+00
1.031593634718623642e+00
1.019381122199744416e+00
1.017047140382393300e+00
1.009130020173975018e+00
9.994046897386741346e-01
9.870318688121706430e-01
9.892310665814552095e-01
9.819590750976712190e-01
9.813371625112599084e-01
9.800829985812608003e-01
9.808568753693283071e-01
9.854861066744055043e-01
9.822150055533751534e-01
9.913986046623204373e-01
9.907561098460416771e-01
9.852539924581460440e-01
9.889556810711942481e-01
9.905691375243217411e-01
9.920277539065442962e-01
9.914577351885024425e-01
9.915799060438078572e-01
9.900829316878768660e-01
9.931111557450933436e-01
9.935664334120167807e-01
9.969611054229531311e-01
9.980204555711164049e-01
9.968549002904831813e-01
9.991705478567651788e-01
1.000372460101150329e+00
1.004772112391400407e+00
1.000848034063529512e+00
9.973152917195325928e-01
9.992261258471043517e-01
9.988675853804663829e-01
9.975137517004133425e-01
1.001619200710631041e+00
9.984473083614314737e-01
9.953841577202298119e-01
9.955896392006989837e-01
1.000611946020141474e+00
9.953518005548442904e-01
9.977150626152394564e-01
9.960444037190022692e-01
9.942315950396521940e-01
9.960682188851164298e-01
9.955108446410526613e-01
9.949040278147991412e-01
9.955572431620073326e-01
9.921795315628609835e-01
9.946371053241361837e-01
9.946749687379125016e-01
9.933312495901425176e-01
9.967656885706264180e-01
9.938295426807934874e-01
9.958323573074593371e-01
9.938038378071454293e-01
9.926475253131590293e-01
9.928501723898061071e-01
9.928386420640662458e-01
9.931011119308316148e-01
9.925099318437251572e-01
9.947827733989659249e-01
9.971723771266602920e-01
9.956245608621879795e-01
9.943807176329231279e-01
9.960805068437178500e-01
9.945276427995599633e-01
9.971306932837338266e-01
9.940135894168040664e-01
9.961483760651502761e-01
9.961065830814638256e-01
9.964063071403357341e-01
9.954067423853740770e-01
9.951861379385994466e-01
9.965254447789561043e-01
9.963566517835115155e-01
9.960360268394862215e-01
9.968959736688234319e-01
9.956198894167926916e-01
9.979045920098867928e-01
9.993683315844124060e-01
9.995151507358391862e-01
9.987289903954955639e-01
9.998502824162064373e-01
1.000853678013152281e+00
1.000352185393280413e+00
9.980371589260204068e-01
9.983394358322512652e-01
9.996295045232447274e-01
1.002755551055791283e+00
9.999255475265201865e-01
1.002979817338355506e+00
1.001690195025082053e+00
1.001165839716921191e+00
1.003498056479583900e+00
9.991730937291491976e-01
9.975537452309245490e-01
1.000002362450618687e+00
9.995543975069269838e-01
9.977511193099889431e-01
9.979792818698791645e-01
9.986850197431024201e-01
9.965717504419793205e-01
9.973315742822511654e-01
9.966001345828646718e-01
9.978479740924602881e-01
9.983988511486774353e-01
9.966667548716178215e-01
9.967493668798855788e-01
9.965648759551406499e-01
9.955213055737271999e-01
9.986186608093835515e-01
9.983225626403128272e-01
9.969193710492052496e-01
9.966354502080250199e-01
9.980235291090067129e-01
9.971881184672791720e-01
9.960338617946157269e-01
9.963372080338261938e-01
9.982854064043769071e-01
9.957336688338300767e-01
9.970420127734732629e-01
9.976037402952119271e-01
9.973569283273536756e-01
9.977672429595436654e-01
9.974767582692479762e-01
9.993867322628676719e-01
9.983499084306126647e-01
9.969390419995145525e-01
9.942243601750642146e-01
9.806975023562426452e-01
9.720250121407207899e-01
9.598100489592644724e-01
9.503225199064216921e-01
9.347489493903985425e-01
9.272373800304424263e-01
9.153944517576775297e-01
9.058835428158492631e-01
8.932276926346990331e-01
8.827768633597846692e-01
8.711788446694858079e-01
8.623550736605553046e-01
8.534539544750930906e-01
8.439494097260549221e-01
8.330519181011142305e-01
8.220394454332735634e-01
8.132790954781965453e-01
