0.000000000000000000e+00
0.000000000000000000e+00
0.000000000000000000e+00
0.000000000000000000e+00
0.000000000000000000e+00
0.000000000000000000e+00
0.000000000000000000e+00
0.000000000000000000e+00
0.000000000000000000e+00
0.000000000000000000e+00
0.000000000000000000e+00
0.000000000000000000e+00
0.000000000000000000e+00
0.000000000000000000e+00
0.000000000000000000e+00
0.000000000000000000e+00
0.000000000000000000e+00
0.000000000000000000e+00
0.000000000000000000e+00
0.000000000000000000e+00
0.000000000000000000e+00
0.000000000000000000e+00
0.000000000000000000e+00
0.000000000000000000e+00
0.000000000000000000e+00
1.541033665285057325e-04
1.983442708376789015e-02
3.859894055385167388e-01
1.400880226197274148e+00
1.880393358876247367e+00
1.446831342963936784e+00
8.499556945600648117e-01
4.997012950039460555e-01
3.485176930748556390e-01
2.961934025106829349e-01
2.949304080857453880e-01
3.047927863721564545e-01
3.128415223859521421e-01
3.024811016565082666e-01
2.878741090389373425e-01
2.714515613402728733e-01
2.919275182588024209e-01
3.393264561878487351e-01
4.213522098609557287e-01
5.525768793052329153e-01
6.990934082528638127e-01
8.461183716326382553e-01
1.012031230254512248e+00
1.153372572867378043e+00
1.272438918537522667e+00
1.364444661830871430e+00
1.437343422698788897e+00
1.495861028078776966e+00
1.509405595861954996e+00
1.463532815065482051e+00
1.386673004000339215e+00
1.257812467158713865e+00
1.169250166029471183e+00
1.075355745968854082e+00
1.009281347362258163e+00
9.431185814837631520e-01
9.265822431793523384e-01
8.990679437490624037e-01
8.892915979319538922e-01
9.036050609719501470e-01
9.032984760558941950e-01
9.066580213484093376e-01
9.138885327212699083e-01
9.380619164945177557e-01
9.499980491912718428e-01
9.844955838313922403e-01
9.981799546089162867e-01
1.014362537516819707e+00
1.028670170398783945e+00
1.042553457465575040e+00
1.047363318843891555e+00
1.048330505756632114e+00
1.039488732270500870e+00
1.037308404729715416e+00
1.013676259169469018e+00
1.012959531935656354e+00
9.888579558932544256e-01
9.815960680588712295e-01
9.808645021249402518e-01
9.605514195211349859e-01
9.595729099656890027e-01
9.541903058421380424e-01
9.449402533819803995e-01
9.502827808898299811e-01
9.613449661235149435e-01
9.636252156600862984e-01
9.622250220960558709e-01
9.608354988901232074e-01
9.740844713290901513e-01
9.738231590756272205e-01
9.869408824900710586e-01
9.863727173201444209e-01
9.995780997333737483e-01
9.978747886140714174e-01
1.015766910716979998e+00
1.025092847841622135e+00
1.021384902552585405e+00
1.015107550606267006e+00
1.007028558037198929e+00
9.964191924435826797e-01
9.868125722731111438e-01
9.711159524362881212e-01
9.587610846042451396e-01
9.603240166311720616e-01
9.609848150954241053e-01
9.795378246125472366e-01
9.927997272481013935e-01
1.022850078092877757e+00
1.046090659611739193e+00
1.084404475365198461e+00
1.113810516064449807e+00
1.127800266886379577e+00
1.141582726638230127e+00
1.141359628379969626e+00
1.127930711987033652e+00
1.107320602530440734e+00
1.079419496182656424e+00
1.041846454485577222e+00
1.008070720191254210e+00
9.812026166981751008e-01
9.670917797029512375e-01
9.611374326076613794e-01
9.649352216823896544e-01
9.817178062938104466e-01
9.968410753038474681e-01
1.010180918300423558e+00
1.020769952424864124e+00
1.025856388268852726e+00
1.023669935531659858e+00
1.023811465681921495e+00
1.017560132289976993e+00
1.005927373416355630e+00
1.003000115487431065e+00
9.955068774665011277e-01
9.879444006854033455e-01
9.840189268827644886e-01
9.818271801697774359e-01
9.835431552126836507e-01
9.856611869849993823e-01
9.882025431349246158e-01
9.943540871365785794e-01
9.905849437689819847e-01
9.941274166098905685e-01
9.873096406139665326e-01
9.943774480403305693e-01
9.929101339298816997e-01
9.881418342369461261e-01
9.923201323710395538e-01
9.936859742129179329e-01
9.906006193672113325e-01
9.902476418682847337e-01
9.942173960772021646e-01
9.937890124412929183e-01
9.976803993402875159e-01
9.981385275320618922e-01
9.961657813728431732e-01
9.971699576115093944e-01
1.000415710162903649e+00
1.002915358654362654e+00
1.000732544957424475e+00
9.963922982099104875e-01
9.979944732593956092e-01
9.985337370710766214e-01
9.996888326166895045e-01
9.996519288123754121e-01
9.975372469326204694e-01
9.957751709151116959e-01
9.978835349093410079e-01
9.940377463293437188e-01
9.944797318426731314e-01
9.954490807237468264e-01
9.946887658062045778e-01
9.933002409746828354e-01
9.939405194223525086e-01
9.978206135417010403e-01
9.942944807642151162e-01
9.965351025114548289e-01
9.933501510413073055e-01
9.975653695098686269e-01
9.957399176447280231e-01
9.958558242431676533e-01
9.965891030609176360e-01
1.000602496917888162e+00
9.971387653033828569e-01
9.947973826217612059e-01
9.988541777307312630e-01
9.978422127032602340e-01
9.974274574466628351e-01
9.971874356440413312e-01
1.001132961273656363e+00
9.964107633159648980e-01
9.974271320307011024e-01
9.998749127863404418e-01
1.000417002557395740e+00
9.987828582847460002e-01
9.955932948780964464e-01
1.001577536869345142e+00
1.000657259726901227e+00
9.970325371830091044e-01
9.978089216192789213e-01
9.961119002119538379e-01
9.968051399056010453e-01
9.964402312786477811e-01
9.937149687356363614e-01
9.947500956133187300e-01
9.969172085506032843e-01
1.000309594297982274e+00
9.973821065127566055e-01
9.953624873739413959e-01
9.945329056260091560e-01
9.966322894415639011e-01
9.988386937348606720e-01
9.981681745947343920e-01
9.983685968799914656e-01
1.000011191862716808e+00
9.992785138166349057e-01
1.001282015690988292e+00
9.990957147950583206e-01
1.000828643728614020e+00
1.001473032313110689e+00
9.971887898195143096e-01
1.000065373337821750e+00
9.994565928227522322e-01
9.977759617731090103e-01
9.971045795541561008e-01
1.000357128599593137e+00
9.957595597506637697e-01
9.977576736500861632e-01
9.997402488787299202e-01
9.982538723625316024e-01
9.989070032740420269e-01
9.968956221795157724e-01
9.983738924458728237e-01
9.971002527783933145e-01
9.982119013619152881e-01
9.983471054773541686e-01
9.984956763001147095e-01
1.001216998898711186e+00
1.000077261686623809e+00
1.000107883767141104e+00
9.996159532436105222e-01
9.989522780379226363e-01
1.001273733923820686e+00
1.001321630572133081e+00
1.003030235892785837e+00
9.983583764079798639e-01
9.994059513480527679e-01
1.000864640677775252e+00
1.000076566035603021e+00
9.999677765083802017e-01
9.994370354262342993e-01
9.973045408577625448e-01
1.000915440426849878e+00
1.000859258093673043e+00
1.001379926577726787e+00
1.000694940925725973e+00
1.000492347577675911e+00
9.961259734843608271e-01
9.859858129360190571e-01
9.724190528935923172e-01
9.593041447913763786e-01
9.507510382217890799e-01
9.395102724810102668e-01
9.280293801588194169e-01
9.158496184274050878e-01
9.066704203581846810e-01
8.939454229106843508e-01
8.840965568715046796e-01
8.731188941812647597e-01
8.619981323023607755e-01
8.509191442278913886e-01
8.420343353717376633e-01
8.294459716098362412e-01
8.224548362386041589e-01
8.110509963276967271e-01
