0.000000000000000000e+00
0.000000000000000000e+00
0.000000000000000000e+00
0.000000000000000000e+00
0.000000000000000000e+00
0.000000000000000000e+00
0.000000000000000000e+00
0.000000000000000000e+00
0.000000000000000000e+00
0.000000000000000000e+00
0.000000000000000000e+00
0.000000000000000000e+00
0.000000000000000000e+00
0.000000000000000000e+00
0.000000000000000000e+00
0.000000000000000000e+00
0.000000000000000000e+00
0.000000000000000000e+00
0.000000000000000000e+00
0.000000000000000000e+00
0.000000000000000000e+00
0.000000000000000000e+00
0.000000000000000000e+00
0.000000000000000000e+00
0.000000000000000000e+00
1.541760318993998246e-04
1.827340868256921089e-02
3.725168803183772637e-01
1.382162377252241781e+00
1.824023684253656796e+00
1.422294443710826473e+00
8.215599497127002993e-01
4.808582587889572713e-01
3.384082851312569251e-01
2.963330685279457199e-01
2.922054987145829008e-01
3.062911117386585280e-01
3.243250880621782462e-01
3.035030594476539889e-01
2.852467054749837638e-01
2.756138282879302959e-01
2.973627471469154071e-01
3.514761725241992707e-01
4.207561136216180775e-01
5.526349164017801963e-01
7.018445459526957420e-01
8.683109030988531707e-01
1.012019627475333028e+00
1.177444868049281057e+00
1.285110100017861745e+00
1.383330108712892859e+00
1.454314219726876134e+00
1.523521382052100526e+00
1.514460981097415226e+00
1.480628216062591207e+00
1.382639626007907685e+00
1.271942555730638746e+00
1.176351792176862032e+00
1.083714545664711926e+00
1.010663532706924439e+00
9.637515954328063073e-01
9.317907776492366789e-01
9.160730924680557941e-01
9.101254719603323329e-01
9.009944899000699170e-01
9.144980619689460077e-01
9.207797966103424825e-01
9.320561486922472882e-01
9.508763231860407616e-01
9.713488456449503872e-01
9.948445083517793996e-01
1.017498278390140953e+00
1.024912572541426758e+00
1.047121038305768081e+00
1.056358837203319911e+00
1.055737269185818006e+00
1.060492147254851192e+00
1.048542576750242761e+00
1.041686243886397412e+00
1.028082842798618834e+00
1.016222197588743992e+00
1.002532336047871286e+00
9.845779706118386043e-01
9.844907310617337926e-01
9.691909428612115462e-01
9.577760206757185424e-01
9.628546500446324430e-01
9.592935672272900893e-01
9.597303461945152492e-01
9.560779795814344784e-01
9.660138313939762300e-01
9.721037407521070373e-01
9.677922330052732836e-01
9.672150973704104482e-01
9.744058554053272037e-01
9.819534075222285940e-01
9.780304291649284387e-01
9.959149096381549882e-01
1.001331905653309651e+00
1.010756766716289556e+00
1.015857702616308034e+00
1.020718106730676977e+00
1.017905249521281696e+00
1.010985272307799443e+00
9.928216046917323068e-01
9.809360200163242949e-01
9.682765627211432635e-01
9.604018238376511585e-01
9.594226300348318581e-01
9.569892531921032619e-01
9.742680477441640896e-01
9.906951581327412271e-01
1.016234111632239534e+00
1.045276351531046366e+00
1.076403758916019138e+00
1.108931721586544628e+00
1.123884782059485721e+00
1.136572623100660095e+00
1.139284488570666554e+00
1.132780642263246040e+00
1.103071251141304554e+00
1.073482871059120880e+00
1.040166214092354657e+00
1.010537924262358223e+00
9.852489067452373517e-01
9.667265914592170217e-01
9.633011800203588049e-01
9.714470035153890404e-01
9.819924846373859761e-01
1.000055373552785731e+00
1.015314255271304589e+00
1.023628578100805209e+00
1.033130603949284687e+00
1.033159622660717369e+00
1.027010059014316523e+00
1.019487114559234353e+00
1.016421649308594022e+00
1.003478370001023467e+00
9.960756081108226301e-01
9.920220270373800719e-01
9.858035291532128985e-01
9.843483117465987586e-01
9.881249419677602397e-01
9.862282130438277949e-01
9.914152183557888298e-01
9.901625926965894609e-01
9.952145350359079545e-01
9.960248439727735770e-01
9.943452054198769208e-01
1.000866678500603291e+00
9.966452183423850641e-01
1.000778243573457127e+00
9.971597399226789227e-01
9.968907190941460605e-01
9.964316808272140058e-01
9.945128518909214232e-01
9.995004714418085356e-01
9.993585537492997162e-01
1.003455017627626900e+00
1.002771108937160038e+00
1.000983159940956435e+00
1.004905705449745446e+00
1.003161867634362769e+00
1.001565414254438346e+00
1.006265824315342394e+00
1.000218929199062856e+00
1.007394914618955140e+00
1.000362600344347985e+00
1.002731110539290871e+00
1.001725162504569333e+00
1.005843924738520467e+00
1.005564844011266779e+00
9.990212467696752974e-01
9.983802289893267679e-01
1.000635271732297715e+00
9.966574354200837815e-01
9.962875142711600240e-01
1.000158881218046192e+00
1.000916873420426567e+00
9.974446910628044227e-01
9.966498313919347485e-01
9.983929218225827684e-01
9.979187342079463008e-01
1.001939511294484886e+00
9.998913208179831535e-01
1.000133780625170221e+00
9.979468920561995748e-01
1.002694252767784011e+00
1.002389114042617768e+00
1.002687910022050044e+00
1.002720752717809027e+00
1.003515723367570667e+00
9.984686978434398341e-01
1.001104068499641508e+00
1.000568722590880144e+00
1.000952066972705001e+00
1.000125449913366937e+00
1.002585296595183806e+00
1.000524848382204901e+00
1.002012367282910210e+00
1.004592759389610457e+00
1.000585427882692002e+00
1.000979953280593193e+00
1.001676751306069812e+00
1.003295073218541056e+00
1.002825908528428789e+00
1.003061770886310544e+00
1.004685659622594152e+00
1.002811889328193207e+00
1.004663123882591602e+00
1.002652847565221217e+00
9.988625856091115640e-01
1.002031230203658696e+00
1.002554010028199771e+00
1.000510887031996976e+00
1.001085638015441370e+00
1.003072404795909200e+00
9.996519687757616790e-01
1.000431273923833686e+00
1.002320303230855636e+00
1.001671698994612392e+00
1.000070196299397418e+00
9.982139159690485153e-01
1.001740154350813761e+00
1.003397516617940299e+00
1.003069572797097520e+00
1.002721971524840550e+00
1.001196782726537338e+00
1.004735303102896493e+00
1.003744476323181534e+00
1.001176072287299990e+00
1.002468543077361884e+00
1.003015493162047189e+00
9.997758232497188091e-01
9.998605234125123031e-01
9.963100464127925271e-01
9.971971879679197848e-01
9.974261669365493965e-01
9.964757926811904643e-01
9.999306661437609156e-01
9.974969409709966151e-01
9.966989226496124621e-01
1.000799090310782624e+00
9.952474187033589770e-01
1.000487223136662829e+00
9.986216758484491862e-01
9.965174397813848506e-01
9.995361592177198773e-01
9.995336326318109421e-01
9.949923303516269302e-01
9.979055798052450799e-01
9.970365799901856896e-01
9.969111736589360007e-01
9.995511339033886777e-01
9.990151188837755880e-01
9.977073234367017651e-01
9.987669135540491183e-01
9.984991822487644386e-01
9.964621306635118581e-01
9.988206290530160514e-01
9.969602716228301853e-01
9.970037664934432442e-01
9.926334378118327750e-01
9.828087726639893607e-01
9.723673716292703384e-01
9.593212357909404187e-01
9.459984633469572524e-01
9.382031682956734064e-01
9.274433532249546364e-01
9.158328141250542398e-01
9.073130867901684216e-01
8.963011995685105093e-01
8.839004198895301645e-01
8.733322209447105244e-01
8.636607407052026009e-01
8.512305543924006956e-01
8.408313780417302485e-01
8.318656738703635867e-01
8.224949140462426422e-01
8.116926992942209429e-01
