0.000000000000000000e+00
0.000000000000000000e+00
0.000000000000000000e+00
0.000000000000000000e+00
0.000000000000000000e+00
0.000000000000000000e+00
0.000000000000000000e+00
0.000000000000000000e+00
0.000000000000000000e+00
0.000000000000000000e+00
0.000000000000000000e+00
0.000000000000000000e+00
0.000000000000000000e+00
0.000000000000000000e+00
0.000000000000000000e+00
0.000000000000000000e+00
0.000000000000000000e+00
0.000000000000000000e+00
0.000000000000000000e+00
0.000000000000000000e+00
1.294164206367748544e-05
3.298003462895399834e-02
9.856537261138373918e-01
3.367717702630696142e+00
3.463756398280544158e+00
1.986359182284454628e+00
9.188982245806853744e-01
4.290731955432024458e-01
2.227596204415351611e-01
1.351554713630929716e-01
1.906406537375348043e-01
6.971737742951691352e-01
1.474957500323198278e+00
1.763712913689819084e+00
1.499311006637803034e+00
1.118861555979943523e+00
8.596046430816458583e-01
7.380365464260717490e-01
7.255697311788724679e-01
7.690343591865878015e-01
8.482578277891997809e-01
9.308475601546651879e-01
1.012592477277362013e+00
1.079277338032048172e+00
1.129154333757721229e+00
1.167514442511824457e+00
1.185000029127130317e+00
1.190909534075097032e+00
1.175760695834739522e+00
1.146303731045878571e+00
1.116946451353129532e+00
1.080750252277138834e+00
1.049395929760086776e+00
1.024012135025190950e+00
1.001577044265633543e+00
9.807451896172489914e-01
9.598870471630512879e-01
9.464205201183474303e-01
9.366105076606947577e-01
9.293659285371912437e-01
9.279459728082892767e-01
9.290428917427308031e-01
9.334775300514016605e-01
9.429171189422411725e-01
9.477300618812030120e-01
9.598440589894443598e-01
9.693916892988910794e-01
9.777641945636312837e-01
9.865018233041240592e-01
9.937182058368786430e-01
9.996998878089500273e-01
1.006701316376524380e+00
1.011544733672354202e+00
1.015808044022121104e+00
1.021697427177782114e+00
1.024991826296701714e+00
1.026334492833254730e+00
1.025762673776019485e+00
1.025283061732304768e+00
1.023606006003420887e+00
1.018391327458910922e+00
1.016087438196988657e+00
1.012807288597916466e+00
1.009104753439514779e+00
1.004762519009390065e+00
1.002387299033243195e+00
1.000981044941990472e+00
9.968183629589747463e-01
9.966619748918934540e-01
9.937537067758803744e-01
9.930113306981306343e-01
9.907910084878028822e-01
9.881473395766361412e-01
9.872543421928671181e-01
9.874945978724369855e-01
9.873938300378589661e-01
9.886792807879570821e-01
9.912690073206315011e-01
9.947142497912582204e-01
9.993923340156162238e-01
1.004776111878110667e+00
1.008412536887663080e+00
1.010999371979309114e+00
1.012966846877271232e+00
1.012595494953263175e+00
1.011541496895167924e+00
1.007450593833964625e+00
1.006132218672744383e+00
1.003058525473377038e+00
1.000621095320149534e+00
9.964788689766002072e-01
9.944347973175069466e-01
9.936822906557408741e-01
9.920193361540270427e-01
9.939982031678255003e-01
9.930671893596365596e-01
9.937040923399298453e-01
9.947697129698291896e-01
9.949955554155650583e-01
9.948696095226570169e-01
9.951360146426597719e-01
9.943339852648853672e-01
9.929255205519259553e-01
9.916189913063514494e-01
9.922876191650761291e-01
9.928871591964377741e-01
9.943415170667143643e-01
9.976725079469841440e-01
1.001929519620745168e+00
1.005205436887590231e+00
1.006238231276879391e+00
1.007203057693681014e+00
1.006809631549210771e+00
1.006458072226745548e+00
1.004265757060910813e+00
1.002383230317305696e+00
1.001756995081703572e+00
1.000928072677774283e+00
9.996674809106342874e-01
9.987076226634097331e-01
9.977828371705242949e-01
9.973956374612118481e-01
9.974163184058709719e-01
9.972198869082575801e-01
9.976409176960796543e-01
9.967852646466340838e-01
9.973908149288336356e-01
9.969184890957907275e-01
9.969273563383788117e-01
9.994841314146406530e-01
9.997596958617852581e-01
1.001371475001253897e+00
1.003575336900157211e+00
1.004059433464337348e+00
1.006933000755422469e+00
1.008146603424113552e+00
1.008587418529230062e+00
1.008581418400649410e+00
1.008091874940187038e+00
1.006604709400577002e+00
1.005940964794524328e+00
1.004862908141808120e+00
1.003670225982459030e+00
1.002184007974072477e+00
1.000204116214048700e+00
9.997438858483842505e-01
9.979360716817067267e-01
9.971262857296953053e-01
9.963563771167082139e-01
9.949964984799046785e-01
9.952252544762743014e-01
9.955399040030944446e-01
9.958408974653601975e-01
9.956100043023001778e-01
9.962670507547713994e-01
9.970043518479524414e-01
9.983678895212176885e-01
9.996250657465888256e-01
1.000487755616200403e+00
1.000464575079385687e+00
1.001774154224353897e+00
1.001886181700616829e+00
1.003302810639597142e+00
1.003333818655662402e+00
1.003028746306520169e+00
1.003446067537014708e+00
1.002753785395695374e+00
1.002869399092974678e+00
1.002401316373864537e+00
1.002240946560640333e+00
1.002153555817517194e+00
1.001814112077249241e+00
1.000432323374650156e+00
1.000827771017570367e+00
1.000279172905264691e+00
1.000645697398390821e+00
1.000090203784878895e+00
9.983807623502189976e-01
9.992898914160096568e-01
9.988884082749351911e-01
9.985143464572799887e-01
9.990758549048507353e-01
9.987467639213066795e-01
9.985076266503484232e-01
9.988507950665722612e-01
9.981686348033688150e-01
9.989104021036251391e-01
9.993767584315560448e-01
9.988254634312160318e-01
9.996197061912414084e-01
9.997845430814968903e-01
9.996154331734313780e-01
1.000425806064509704e+00
1.000053942426229803e+00
1.000685934477216765e+00
1.000727377742077540e+00
1.000676267139047226e+00
1.001632619047736261e+00
1.001333887979999115e+00
1.001378145064115266e+00
1.000569033475354530e+00
1.001050878924105492e+00
1.000357929144657598e+00
1.000101186667267772e+00
1.000179410461970120e+00
1.000882096134961374e+00
9.994671190948903883e-01
9.995487405722798258e-01
9.990684705093287876e-01
9.990683891712555109e-01
9.991505950611029307e-01
9.986505489556056769e-01
9.991025790339997936e-01
9.995221223056951487e-01
9.992794242952134365e-01
9.986955345255296157e-01
9.994853912341724600e-01
9.995393338556844975e-01
9.997353949412709495e-01
1.000498578135249117e+00
1.000532391020329648e+00
1.000241541613761553e+00
1.000847043820138005e+00
1.000920060581099946e+00
1.000613615187418315e+00
1.000161514252122519e+00
1.000270373224991127e+00
1.000565410437777025e+00
1.000606168458765932e+00
1.001029910123351963e+00
1.000161908621328033e+00
9.995302537043517788e-01
9.996780410456219679e-01
9.999909820200966193e-01
9.994767453318292860e-01
9.994834676562392994e-01
9.996476374488868499e-01
9.992776831090353085e-01
9.997145250831598329e-01
9.994829393203840118e-01
9.994425169002594256e-01
9.993295679050258062e-01
9.938198117576108048e-01
9.824172073833293828e-01
9.714329385906117498e-01
9.604592575343783301e-01
9.497765713657265740e-01
9.390301197406313305e-01
9.282424362387241557e-01
9.170832310088975481e-01
9.062759893926547461e-01
8.953856075729074160e-01
8.848534495443495240e-01
8.742815890547901425e-01
8.633367531969485809e-01
8.530929072308199856e-01
8.427573849473504186e-01
8.322479820096576608e-01
8.217934576267347246e-01
8.117741301412348953e-01
