0.000000000000000000e+00
0.000000000000000000e+00
0.000000000000000000e+00
0.000000000000000000e+00
0.000000000000000000e+00
0.000000000000000000e+00
0.000000000000000000e+00
0.000000000000000000e+00
0.000000000000000000e+00
0.000000000000000000e+00
0.000000000000000000e+00
0.000000000000000000e+00
0.000000000000000000e+00
0.000000000000000000e+00
0.000000000000000000e+00
0.000000000000000000e+00
0.000000000000000000e+00
0.000000000000000000e+00
0.000000000000000000e+00
0.000000000000000000e+00
2.589835415090745434e-05
3.092721888354030974e-02
9.787457579824940801e-01
3.343120601862601848e+00
3.446497549938065230e+00
1.967228010011428774e+00
9.176895207224993189e-01
4.261637409062872806e-01
2.175222850440156896e-01
1.341209701330473014e-01
1.890549881076464545e-01
6.927418998190453259e-01
1.463944439617071991e+00
1.750699942431471534e+00
1.489118151564277293e+00
1.116977928148281007e+00
8.540221308102996511e-01
7.399369779182892737e-01
7.286836778646955670e-01
7.743064861114897779e-01
8.519205996338435893e-01
9.399442721387735178e-01
1.012404615194715030e+00
1.079410997273773321e+00
1.129850240417259233e+00
1.162023868361318657e+00
1.185365256113346311e+00
1.186537070662409210e+00
1.173937034351824504e+00
1.148563828788836672e+00
1.114593924410078651e+00
1.080378051031877673e+00
1.049327617804536761e+00
1.026403442020949353e+00
9.990798533483939980e-01
9.799891865462562190e-01
9.593683537625424806e-01
9.446273291668709771e-01
9.358580420661031241e-01
9.276839273826136267e-01
9.249010574657225980e-01
9.265229467623927739e-01
9.306170237980889715e-01
9.401644255635195346e-01
9.491296381577692953e-01
9.600248485248004116e-01
9.685862271238895316e-01
9.764137648042555684e-01
9.854499148296254063e-01
9.915360416786902498e-01
9.989481213505605472e-01
1.003683524977448061e+00
1.010125836955692247e+00
1.015754663693849258e+00
1.018786442849699103e+00
1.023524218712255962e+00
1.024999408733845208e+00
1.024851978013266107e+00
1.023348575964570850e+00
1.020606536346675641e+00
1.017845331960386179e+00
1.014745983907821891e+00
1.010710010006614201e+00
1.007540024999398431e+00
1.004050112361695168e+00
1.002020117758465556e+00
9.980619356527786756e-01
9.956932652459276056e-01
9.933971802093178871e-01
9.923243961759437015e-01
9.890744686490015036e-01
9.884222103544032523e-01
9.881469676956149417e-01
9.867632612206723719e-01
9.836629163845155288e-01
9.841587800280786613e-01
9.867579758902229603e-01
9.893142820977084417e-01
9.928373614851008222e-01
9.974380911101686786e-01
1.002704393894634061e+00
1.006317891859290548e+00
1.010291805764743200e+00
1.010801182914717211e+00
1.010802585304964696e+00
1.009485819138532303e+00
1.007245837913710806e+00
1.004288628775015901e+00
1.001066306643494830e+00
9.979920148766251442e-01
9.961643932944839186e-01
9.937222544557016146e-01
9.916340415455578983e-01
9.926666344037679002e-01
9.919273463156808024e-01
9.927808126029674662e-01
9.928794377326624065e-01
9.940349049778944845e-01
9.936255730930405594e-01
9.951889070812990346e-01
9.922161725875127125e-01
9.928345168055379144e-01
9.905798135530666793e-01
9.898299928959285454e-01
9.901864212660220765e-01
9.907797601901278117e-01
9.934391599081203728e-01
9.973132038547700695e-01
9.994407155785506314e-01
1.003863463384709220e+00
1.004562572051361791e+00
1.006768078551068868e+00
1.005958532289139784e+00
1.004402643034304043e+00
1.002798788323299828e+00
1.001375489665034868e+00
1.001278957818744209e+00
9.989284571380799838e-01
9.997943836353709868e-01
9.973891275509315646e-01
9.974486336348969973e-01
9.973086998201141640e-01
9.972280286682446704e-01
9.960528126905824342e-01
9.963670749563940943e-01
9.958379127834183775e-01
9.962726209444660030e-01
9.967098613524939532e-01
9.965205148035564120e-01
9.980464689270638345e-01
9.991558845691813628e-01
1.000049775947849495e+00
1.002061925461092518e+00
1.004299370406649627e+00
1.005146238172211159e+00
1.006469980244681484e+00
1.007355904816425785e+00
1.007185320057765621e+00
1.006353202311828010e+00
1.005615253709425172e+00
1.004758978912969836e+00
1.003576489564737440e+00
1.001430698360626481e+00
1.000930539985432244e+00
1.000564806486607505e+00
9.984904022873172247e-01
9.972214599594780848e-01
9.963255518465914395e-01
9.946124380378362773e-01
9.939656770080034232e-01
9.946938418571926732e-01
9.942541582880229933e-01
9.946687166959272686e-01
9.942900298283503524e-01
9.958121497870880967e-01
9.964856522078947565e-01
9.972524523636931981e-01
9.984763878849827190e-01
1.000021557997782695e+00
9.996361748016193705e-01
1.001181961337066273e+00
1.001918642241916402e+00
1.002054354960192795e+00
1.002699184924896070e+00
1.002509605513073554e+00
1.003071110210336458e+00
1.002027355988406088e+00
1.002206828488076962e+00
1.001526636575517326e+00
1.001869279839499915e+00
1.000876937595310601e+00
1.000785835242222754e+00
1.000483379879446799e+00
9.993206519656495646e-01
9.996909701177152385e-01
9.992636102190568526e-01
9.992395814658028286e-01
9.993445305823206448e-01
9.992306081500894610e-01
9.985091369576666320e-01
9.984374152980716177e-01
9.984403218187141160e-01
9.987075959101499034e-01
9.988049597663202217e-01
9.984678046409133367e-01
9.993327575821818742e-01
9.991546387448810851e-01
9.986891650714811997e-01
9.997413079541880299e-01
9.996949977239749652e-01
9.999901506478761082e-01
9.992975037967424257e-01
1.000373420019373016e+00
1.000111995403978105e+00
1.000144014686711769e+00
1.000734561898667607e+00
1.001439810970709443e+00
1.001529018536832627e+00
1.001021253841348324e+00
1.001619666698096545e+00
1.001123495686448095e+00
1.000465412565054946e+00
1.000470792672946363e+00
1.000531362786000189e+00
1.000236134495827267e+00
1.000297900087759206e+00
1.000707682573578339e+00
9.999791645886275671e-01
9.992930084334963325e-01
9.997416362737275852e-01
9.988837732757519516e-01
9.994768603884440772e-01
9.991105508067127383e-01
9.993339845326301152e-01
1.000156295591761113e+00
9.988346803988102929e-01
9.995132185434671968e-01
9.994197715893587963e-01
9.999372057492696975e-01
1.000092715295533452e+00
1.000472769504076709e+00
1.000620462251269993e+00
1.000730957374247332e+00
1.000697015518194233e+00
1.000797769707813423e+00
1.000377995336112491e+00
1.000670290138340190e+00
1.000676235001288550e+00
1.000778979448937012e+00
1.000250211871321904e+00
1.000120311246806670e+00
9.999685038289753969e-01
9.998481662972920070e-01
9.998320883863488495e-01
9.995649653957464631e-01
9.997824105357580038e-01
9.997059014135182275e-01
9.993113071941103209e-01
9.999728891852619483e-01
1.000049915092515063e+00
9.997145771163384875e-01
9.997559562324948024e-01
9.939639936808329912e-01
9.834300792597889807e-01
9.720420266083212857e-01
9.610509735634947814e-01
9.503220492730259927e-01
9.398344851786405441e-01
9.280363428529904146e-01
9.182614498668545400e-01
9.069290680433452767e-01
8.962269535233793327e-01
8.859562818412732854e-01
8.746253005502678812e-01
8.648955693096928021e-01
8.535759064751419212e-01
8.433981411438462583e-01
8.332083030596064699e-01
8.228570532083581135e-01
8.123146320215347549e-01
