0.000000000000000000e+00
0.000000000000000000e+00
0.000000000000000000e+00
0.000000000000000000e+00
0.000000000000000000e+00
0.000000000000000000e+00
0.000000000000000000e+00
0.000000000000000000e+00
0.000000000000000000e+00
0.000000000000000000e+00
0.000000000000000000e+00
0.000000000000000000e+00
0.000000000000000000e+00
0.000000000000000000e+00
0.000000000000000000e+00
0.000000000000000000e+00
0.000000000000000000e+00
0.000000000000000000e+00
0.000000000000000000e+00
0.000000000000000000e+00
5.179896204385957536e-05
3.296535241248355064e-02
9.816801604979320528e-01
3.356609643685725786e+00
3.454200302071631423e+00
1.973616121242557586e+00
9.185587195164603980e-01
4.270531011014365719e-01
2.179672956714671372e-01
1.357653969368683988e-01
1.876882727690488695e-01
6.924319557203473252e-01
1.471459268869284243e+00
1.751770347736989031e+00
1.496412610002876731e+00
1.122688559319158230e+00
8.576667602543119884e-01
7.391834628414127861e-01
7.287153838378337412e-01
7.745459981160565111e-01
8.509322962467923412e-01
9.317208073424634307e-01
1.013334606278323058e+00
1.077082013800520821e+00
1.129709746059674336e+00
1.169065327449295255e+00
1.184538300699603308e+00
1.188911852034649330e+00
1.174478673608957413e+00
1.150248765844694043e+00
1.114751271762358664e+00
1.083269455458597985e+00
1.051342151202933506e+00
1.025413594796675598e+00
1.002104841417608805e+00
9.786694054227897954e-01
9.597374739214372674e-01
9.471279992746760579e-01
9.353404983568321951e-01
9.293878503348563802e-01
9.290887665472090662e-01
9.268741095312119649e-01
9.320105380599635891e-01
9.402134326803456288e-01
9.510549723008245859e-01
9.604332789085134880e-01
9.699687619515641179e-01
9.762615224583676143e-01
9.831414294361364714e-01
9.921820656732158739e-01
9.959273869912370625e-01
1.004224421160851533e+00
1.010074518039439262e+00
1.015699111460587556e+00
1.018575789772561579e+00
1.023176292615114225e+00
1.023806985615576037e+00
1.023894264044106217e+00
1.024440700562422535e+00
1.022513766586344630e+00
1.018060131199374219e+00
1.016459401720853917e+00
1.012070337725698099e+00
1.009053116661002614e+00
1.005651216409435778e+00
1.002307198175743652e+00
9.995443074211519674e-01
9.966807198969093173e-01
9.935578535127785882e-01
9.925890980726954638e-01
9.908102134167945385e-01
9.879893137645771040e-01
9.884202536211269541e-01
9.865060906433208432e-01
9.857506529871993273e-01
9.864146147839114587e-01
9.871153806055915636e-01
9.895434193829474312e-01
9.939734290012129936e-01
9.979086858765281454e-01
1.003283164128471405e+00
1.005840199502996857e+00
1.009835809735486034e+00
1.011940682334898423e+00
1.012210816128717328e+00
1.010626176775853313e+00
1.008435670283852614e+00
1.004370007886137950e+00
1.001601829076277594e+00
9.996025305694878904e-01
9.962728225996785314e-01
9.951437710830177696e-01
9.938563928824455385e-01
9.932033448579323798e-01
9.938803552047792422e-01
9.931830729784899559e-01
9.925436453333092990e-01
9.934095012736953167e-01
9.939979035674413321e-01
9.939747354648181821e-01
9.938795244830626041e-01
9.923309005415533735e-01
9.911688196361100323e-01
9.912741609489958972e-01
9.903717282514084008e-01
9.901824861637544828e-01
9.939412492588476367e-01
9.962489603592242782e-01
1.001800617732797605e+00
1.003273575105166238e+00
1.005943565186168787e+00
1.005634937721765931e+00
1.005852552375577025e+00
1.004746263408936358e+00
1.004065841758730704e+00
1.001079607678781347e+00
1.000735327925967644e+00
9.998428311889662190e-01
9.986622621113413478e-01
9.980333376645519339e-01
9.979977418311121173e-01
9.970193412858935345e-01
9.968543262795641624e-01
9.963578406787391151e-01
9.969536975082899932e-01
9.961159888645353400e-01
9.964049895452831151e-01
9.960051626905621625e-01
9.969541150974275956e-01
9.977511306235851141e-01
9.989890837947534852e-01
1.000704431894795077e+00
1.002142272750615293e+00
1.003603595853155062e+00
1.006227064401860272e+00
1.006679453191399398e+00
1.007952228010725815e+00
1.007160243562933211e+00
1.006230805633295367e+00
1.006047988177352304e+00
1.003807887896160933e+00
1.002359023012912909e+00
1.001046752784680027e+00
1.000964725304925196e+00
9.996697727457787286e-01
9.982784832925236662e-01
9.967769271140271004e-01
9.960423845333342685e-01
9.951110356501277066e-01
9.945269054497247740e-01
9.939156885694910848e-01
9.942272797606209744e-01
9.950130922506973397e-01
9.947967431665343252e-01
9.962591119771179171e-01
9.968775134891256773e-01
9.985206925001428591e-01
9.993568817619118416e-01
9.995103683902705205e-01
1.000320110571193410e+00
1.001913185612577806e+00
1.001932164357356658e+00
1.003117586713185849e+00
1.002967186956508439e+00
1.002281707911870878e+00
1.003403917795978373e+00
1.002549981972622239e+00
1.003158196177963868e+00
1.002011095885655179e+00
1.002162217874745798e+00
1.001541897960784855e+00
1.001318303149692834e+00
1.000853301957978170e+00
1.000220396920427746e+00
1.000136625812401592e+00
9.992848724963515616e-01
9.994202241671582554e-01
9.994496930303752302e-01
9.990356489168065179e-01
9.994765532995133483e-01
9.991647743675722282e-01
9.991319523543489289e-01
9.988006959800488360e-01
9.991275961142768169e-01
9.986170668830052222e-01
9.994290861068073628e-01
9.993092946489533501e-01
9.994099809213793373e-01
9.995858479639732064e-01
9.989682176560857885e-01
1.000200850635714511e+00
1.000107715179821888e+00
1.000704559344095967e+00
1.000204471665079975e+00
1.000945861047690011e+00
1.001387238380985645e+00
1.001180406004168466e+00
1.000618264024987880e+00
1.001101521498680258e+00
1.001900384495801211e+00
1.001494183462409371e+00
1.000816593865969661e+00
1.001073088944387512e+00
1.000491863562464223e+00
1.000684329957229224e+00
1.000145855516857418e+00
1.000423479956385586e+00
9.999575748222572225e-01
9.992145148601042637e-01
9.996878888286393483e-01
9.992039537073189592e-01
9.994743391152515199e-01
9.991869507001961415e-01
9.995017607522488357e-01
9.996054099181429509e-01
9.996956968303698510e-01
9.994981233894554284e-01
9.998949983582169354e-01
1.000472573305936086e+00
1.000730178298392836e+00
1.000378622140876805e+00
1.000923830514025115e+00
1.000632233317137576e+00
1.001454049211221609e+00
1.001146435941679735e+00
1.001010274932842226e+00
1.000953372705173816e+00
1.001207170120976153e+00
1.000793789117693899e+00
1.000279918439441529e+00
1.000912600981436196e+00
1.000790385243279568e+00
1.000710333464201796e+00
9.997614975391075909e-01
9.999136859304028624e-01
9.990932343504405067e-01
1.000034001983581833e+00
9.999697383520468330e-01
9.997425378118781625e-01
9.999428398260000739e-01
9.999476969735857645e-01
9.993519478614572016e-01
9.945978037348102152e-01
9.833833415057307015e-01
9.725665518356193529e-01
9.618262181612708961e-01
9.503029294377777214e-01
9.392463653222804520e-01
9.286792390900281413e-01
9.178952081430018506e-01
9.068653495143679244e-01
8.961070374076697265e-01
8.856795550019445074e-01
8.748496424187106602e-01
8.640968949979039859e-01
8.536081700377311510e-01
8.431834404618876455e-01
8.329714294461220137e-01
8.223196388641279553e-01
8.122318043222219730e-01
