0.000000000000000000e+00
0.000000000000000000e+00
0.000000000000000000e+00
0.000000000000000000e+00
0.000000000000000000e+00
0.000000000000000000e+00
0.000000000000000000e+00
0.000000000000000000e+00
0.000000000000000000e+00
0.000000000000000000e+00
0.000000000000000000e+00
0.000000000000000000e+00
0.000000000000000000e+00
0.000000000000000000e+00
0.000000000000000000e+00
0.000000000000000000e+00
0.000000000000000000e+00
0.000000000000000000e+00
0.000000000000000000e+00
0.000000000000000000e+00
0.000000000000000000e+00
3.240534462762291457e-02
9.798339717247680491e-01
3.355456760224623025e+00
3.451106325472384384e+00
1.972884177187147481e+00
9.172154129412397605e-01
4.248499047550829411e-01
2.203476599384174839e-01
1.355624159887638125e-01
1.887845267917243886e-01
6.939458666330262648e-01
1.470208934495815578e+00
1.756715055179620455e+00
1.492474999885520903e+00
1.118230543856026493e+00
8.551336746376247966e-01
7.434855830876898608e-01
7.283123102491141365e-01
7.786767869892061711e-01
8.526352289303475995e-01
9.335104786364092355e-01
1.013433665715596899e+00
1.079339661901457026e+00
1.127988133747903188e+00
1.166243789486265392e+00
1.188578410587960654e+00
1.184408080217564718e+00
1.173869469310919733e+00
1.147775879727674475e+00
1.112462997844142043e+00
1.076813434778344680e+00
1.052614789496507441e+00
1.023351024209405269e+00
1.000874734337317884e+00
9.772245134614638840e-01
9.617546974591166808e-01
9.448495765974156413e-01
9.352548234443081032e-01
9.281008562169142939e-01
9.266156367298694629e-01
9.250390642737786884e-01
9.326409617191441237e-01
9.389162316911074946e-01
9.503362908034534984e-01
9.598046317508137637e-01
9.681327418035606813e-01
9.760465639633529866e-01
9.845804830190860724e-01
9.901620104752122398e-01
9.980001416170153350e-01
1.003545410106625679e+00
1.009963230213199115e+00
1.016233812120480584e+00
1.019608758905597101e+00
1.021712509088841259e+00
1.022204527766484405e+00
1.023083132896285496e+00
1.021603770553088486e+00
1.021162751762839660e+00
1.018934238834243722e+00
1.013883546509995570e+00
1.010469515286327225e+00
1.006726623480644456e+00
1.002879876715609297e+00
1.002072931361836616e+00
9.981642669619156250e-01
9.968846055273613560e-01
9.946252003064735003e-01
9.909339536647512325e-01
9.906026112026892205e-01
9.894138996044350431e-01
9.856704631356075774e-01
9.861035376558667798e-01
9.862641148627825372e-01
9.848341258198708426e-01
9.872386172973529606e-01
9.888259863120884008e-01
9.927399024502454594e-01
9.965806001514961876e-01
1.001852825176878792e+00
1.006607038817521893e+00
1.010199100296256480e+00
1.011391842430614751e+00
1.010464911328200710e+00
1.009157018297441422e+00
1.007131602333375398e+00
1.003976180307232013e+00
1.001405241414807357e+00
9.969933966157497052e-01
9.948098864930100538e-01
9.934789752756640890e-01
9.920749503159964622e-01
9.901274502836896474e-01
9.913976292232186127e-01
9.902669680769902172e-01
9.920642076990936475e-01
9.940449408983543789e-01
9.928472388929918679e-01
9.929183529115286344e-01
9.946512337679010995e-01
9.926570868342992071e-01
9.899982980440903413e-01
9.901209954575699301e-01
9.893052114392165697e-01
9.899796907105520294e-01
9.934159538875515505e-01
9.956190726920647327e-01
1.000142296833030686e+00
1.002891515592643890e+00
1.004234942034675893e+00
1.005516709498121442e+00
1.005711561095918860e+00
1.003939156185792880e+00
1.003239193677259111e+00
1.000182073221732137e+00
1.000632192048238833e+00
9.989813612419886635e-01
9.975636516673825893e-01
9.973422054801327485e-01
9.968627679998003366e-01
9.962790019379647033e-01
9.958256379544676573e-01
9.949273663865230155e-01
9.970759130175322893e-01
9.962773393478295825e-01
9.954532228456681731e-01
9.956073729569261399e-01
9.952349909790759730e-01
9.962285628165389317e-01
9.982009039030703690e-01
1.000129138030234621e+00
1.002390297393912943e+00
1.004019110720102859e+00
1.005226891268019784e+00
1.006561701295184186e+00
1.006698104035940400e+00
1.007290459811132743e+00
1.005991527609095382e+00
1.005462824223286145e+00
1.003745045834942173e+00
1.003365710248283360e+00
1.001483623172468418e+00
1.000832514321172040e+00
9.992308484908424271e-01
9.980544578190702065e-01
9.955701343378653423e-01
9.955938734227045561e-01
9.952486754679485959e-01
9.947348926822399129e-01
9.949847979688130062e-01
9.931089264456963717e-01
9.939393443510963211e-01
9.948969333097313905e-01
9.952447743021270998e-01
9.960591859255319980e-01
9.968676383663660490e-01
9.976352859387872529e-01
9.989302296059127118e-01
1.000438664299616809e+00
1.000289987835713879e+00
1.000257135461956715e+00
1.002408675524468329e+00
1.002238397290736271e+00
1.001822498061438083e+00
1.001779716645707197e+00
1.003063362949432769e+00
1.001741377103530617e+00
1.001323034706637749e+00
1.001194141632530510e+00
1.000928786401296566e+00
1.000786943698497744e+00
9.996250371588679684e-01
9.992807055375677594e-01
9.986700592878882121e-01
9.989794171695930425e-01
9.992699474929809256e-01
9.985609424960828484e-01
9.978767908389111208e-01
9.980285113422729948e-01
9.983443014924930914e-01
9.980978951157563062e-01
9.985592076536049522e-01
9.977169579616002038e-01
9.983608360006065441e-01
9.980466298121956070e-01
9.977910876639908277e-01
9.984195611367319145e-01
9.990712218066907235e-01
9.990286424049330538e-01
9.990429776187557120e-01
9.995260195143074178e-01
9.998196788067433838e-01
1.000495708696913510e+00
9.999543122240904802e-01
1.000206005169627321e+00
1.000084950578764786e+00
1.000411482539697472e+00
1.001206068478260880e+00
1.001194449215250248e+00
1.001033842839990751e+00
1.000499223626955869e+00
1.000389950871325206e+00
1.000262290405196541e+00
9.994757926639324941e-01
9.993698958588731474e-01
9.992061094780713137e-01
9.997065503029897160e-01
9.991366454754690984e-01
9.986512104879798901e-01
9.983084463959613908e-01
9.987438485538902011e-01
9.992534346323449501e-01
9.987796223306965038e-01
9.986017395860699031e-01
9.994270623212527793e-01
9.994979234007150826e-01
9.996497660967759158e-01
9.997222115418021859e-01
1.000304223349681054e+00
1.000250757094400811e+00
1.000628745120124119e+00
1.001175638884993280e+00
1.000887259792450523e+00
1.000796497229970550e+00
1.000579548999194879e+00
1.000521614400236903e+00
1.000552325506666840e+00
1.000538329823440042e+00
9.998632311833636210e-01
1.000187160141650100e+00
9.999767759766088338e-01
9.998933521636287347e-01
1.000180852268766296e+00
9.996598033509550563e-01
9.997492428894385608e-01
9.996805944705546842e-01
9.998520607312317843e-01
9.999420936224634460e-01
9.995685256232473836e-01
9.996500591303143501e-01
9.998660892536628264e-01
9.943661624387016840e-01
9.839297005016017783e-01
9.723580509925889848e-01
9.610406555763649772e-01
9.505533661964528092e-01
9.399678862782957500e-01
9.282695527322692985e-01
9.175625642090126100e-01
9.066455159952072629e-01
8.966550434497013722e-01
8.857212921658388360e-01
8.746965576117787800e-01
8.642686662209067006e-01
8.536805469113744049e-01
8.428312093734153798e-01
8.327374242317346908e-01
8.224398651562618845e-01
8.123208985667518256e-01
