0.000000000000000000e+00
0.000000000000000000e+00
0.000000000000000000e+00
0.000000000000000000e+00
0.000000000000000000e+00
0.000000000000000000e+00
0.000000000000000000e+00
0.000000000000000000e+00
0.000000000000000000e+00
0.000000000000000000e+00
0.000000000000000000e+00
0.000000000000000000e+00
0.000000000000000000e+00
0.000000000000000000e+00
0.000000000000000000e+00
0.000000000000000000e+00
0.000000000000000000e+00
0.000000000000000000e+00
0.000000000000000000e+00
0.000000000000000000e+00
0.000000000000000000e+00
3.134987245472744405e-02
9.798057234678276828e-01
3.347568346476963441e+00
3.452833354514664332e+00
1.973900278221981441e+00
9.142842702214180051e-01
4.258168330220026276e-01
2.210250663468487919e-01
1.347225773162061824e-01
1.888665827618526971e-01
6.892167721725585006e-01
1.470588151542054467e+00
1.753680199103727633e+00
1.491865589010476834e+00
1.117484757584887856e+00
8.538309869514051353e-01
7.450064372220609465e-01
7.316086176514677852e-01
7.739706708024339799e-01
8.508901104905247648e-01
9.349794707507455005e-01
1.012400034725030595e+00
1.080032305924621960e+00
1.131388474586549675e+00
1.164449136126645579e+00
1.182892102803206225e+00
1.184365280459658942e+00
1.171521671511032814e+00
1.146135422711695329e+00
1.112554836443810258e+00
1.079830932173139857e+00
1.050263989233247930e+00
1.022181863577187322e+00
1.000876833180885717e+00
9.800569187647135694e-01
9.612796574656764514e-01
9.466531272621422355e-01
9.365897263784043192e-01
9.293204697731110020e-01
9.261661956268114615e-01
9.268208301661210458e-01
9.314657104012742384e-01
9.413482447112823115e-01
9.524041504747750020e-01
9.601692180323361248e-01
9.704048685595305646e-01
9.759449536247205570e-01
9.840386795742256387e-01
9.928737770477920055e-01
9.987345943772421020e-01
1.007036986559642688e+00
1.010606966412711527e+00
1.017122254747966803e+00
1.020503789657242422e+00
1.023467937654877424e+00
1.026363679442799937e+00
1.024734952060104787e+00
1.024176009984750557e+00
1.020954301623597127e+00
1.020222088109924208e+00
1.016194573978946192e+00
1.012853826607853946e+00
1.007057525607902848e+00
1.003707033472440946e+00
1.001528615750679307e+00
9.990962284577651342e-01
9.963208396674239076e-01
9.948243389630316846e-01
9.931625744456543670e-01
9.914239600719784162e-01
9.905345754591179386e-01
9.879523911551414406e-01
9.851239805589606657e-01
9.867656408121375788e-01
9.858390230300743129e-01
9.878609204389692255e-01
9.908261413768999493e-01
9.926057070315659203e-01
9.995180340675406949e-01
1.002382506715818966e+00
1.007418361119064798e+00
1.008494355734967041e+00
1.011537329780725303e+00
1.010723552031421946e+00
1.009262870502765086e+00
1.007970327638101127e+00
1.004091544767206523e+00
1.002019326633780461e+00
9.986366290745568586e-01
9.954466115114121161e-01
9.946654402305921128e-01
9.931615868552590154e-01
9.925219075448541428e-01
9.919630355750257422e-01
9.917789142462555274e-01
9.932743379022184183e-01
9.935247972181469045e-01
9.932633536643166172e-01
9.927331259626359650e-01
9.940612596109255072e-01
9.923462406893374110e-01
9.919382010264681249e-01
9.902673601639021550e-01
9.897425541415436623e-01
9.896093867537066879e-01
9.931552118236328663e-01
9.965086585944827879e-01
1.000267073500206827e+00
1.003893886849372752e+00
1.005394111249289457e+00
1.005068366785901723e+00
1.004564411355061804e+00
1.004137700219974283e+00
1.002545098333914142e+00
1.002028884533807451e+00
1.000284973391351251e+00
9.993578886599945310e-01
9.986695583596834069e-01
9.978470047334343507e-01
9.980205270963374842e-01
9.971734047496829678e-01
9.953730690109349188e-01
9.970174332296347641e-01
9.950605097708045133e-01
9.956370359529532754e-01
9.962763258630757957e-01
9.966809765655896269e-01
9.963256689791640808e-01
9.976133141508843893e-01
9.980161783528846975e-01
1.000162142377638563e+00
1.002104625209352839e+00
1.003964426387286002e+00
1.005881294545782900e+00
1.006851144863465164e+00
1.007227700617638666e+00
1.007416786506613038e+00
1.006773701910455898e+00
1.005496483350819092e+00
1.005218057980467039e+00
1.003150329147733277e+00
1.002440657495683896e+00
1.001375576483939156e+00
9.997430977227763638e-01
9.986083890657947437e-01
9.977925355803730634e-01
9.961008333309583351e-01
9.951596728711784579e-01
9.945695254297105548e-01
9.950842171524556523e-01
9.944082666190883213e-01
9.945476961184006592e-01
9.954913393614235328e-01
9.965972582474996733e-01
9.965692140269286625e-01
9.975773004529008281e-01
9.985338495330560171e-01
1.000063213698745734e+00
1.001180048315814419e+00
1.001518193439967508e+00
1.002055120349330863e+00
1.003155857388513317e+00
1.002642101390666785e+00
1.003055214285949681e+00
1.002692080227341798e+00
1.002126625220393086e+00
1.002791534543185259e+00
1.002347572445223989e+00
1.002792114706726467e+00
1.001934934562167312e+00
1.000015367011584777e+00
1.000971482251610256e+00
1.000054425045110440e+00
1.000296543740099908e+00
9.995198714621698066e-01
9.984583635762593889e-01
9.996233399221060578e-01
9.985737085873551688e-01
9.987286126980841061e-01
9.990167816850591409e-01
9.989066110883112470e-01
9.990340611137830118e-01
9.989409643096875957e-01
9.979075401743691121e-01
9.986076714177362090e-01
9.982598097848042196e-01
9.987195805003377114e-01
9.988280250979262309e-01
9.992290492373840927e-01
9.995671926478174596e-01
1.000062586240696660e+00
1.000138109606569570e+00
1.001031880393149054e+00
1.000283005102789113e+00
1.001094342296390050e+00
1.000960197115188688e+00
1.001694883391524904e+00
1.001266680183603652e+00
1.001721518206813544e+00
1.000854466197286463e+00
1.000678403353393087e+00
1.001145159220307557e+00
1.000295447327414822e+00
9.997138764276441991e-01
1.000014017257111476e+00
9.995337233731651505e-01
9.994306077118763065e-01
9.997751102065732809e-01
9.995225106836401752e-01
9.986653323173916297e-01
9.992105004688260905e-01
9.987678367335532936e-01
9.989902793439245920e-01
9.995733676212137375e-01
9.991022775720225235e-01
9.988766422327003403e-01
9.994586625345963649e-01
9.999931419927854392e-01
1.000091221381872675e+00
9.999926549152247102e-01
9.999456922668131797e-01
1.000489400236048265e+00
1.000677259505100780e+00
1.000375716063137466e+00
1.000402577830486583e+00
9.998933838651911099e-01
1.001022611187541322e+00
1.000323822056336631e+00
9.999316658251976575e-01
9.999169426681591144e-01
9.998852060829482857e-01
9.998919234681817869e-01
9.992287230457881364e-01
9.990794929888822118e-01
9.993316975119410639e-01
9.989863214150764836e-01
9.990288814194687728e-01
9.994816989557356868e-01
9.995286714457174426e-01
9.996317680856361410e-01
9.990384193686444592e-01
9.942881673823383837e-01
9.829713061118628969e-01
9.718474866760993258e-01
9.608601183017284608e-01
9.498596294668509854e-01
9.394482826610403015e-01
9.283009567854922928e-01
9.176136408167162584e-01
9.070084126003873370e-01
8.963373199380022527e-01
8.851977012734513206e-01
8.745077233837990072e-01
8.645027544311667533e-01
8.538170974114323020e-01
8.433336806923584783e-01
8.328360146874065340e-01
8.226560816625501094e-01
8.120872618288105249e-01
