0.000000000000000000e+00
0.000000000000000000e+00
0.000000000000000000e+00
0.000000000000000000e+00
0.000000000000000000e+00
0.000000000000000000e+00
0.000000000000000000e+00
0.000000000000000000e+00
0.000000000000000000e+00
0.000000000000000000e+00
0.000000000000000000e+00
0.000000000000000000e+00
0.000000000000000000e+00
0.000000000000000000e+00
0.000000000000000000e+00
0.000000000000000000e+00
0.000000000000000000e+00
0.000000000000000000e+00
0.000000000000000000e+00
0.000000000000000000e+00
0.000000000000000000e+00
3.261055199806519450e-02
9.853728933456531447e-01
3.366486625123866094e+00
3.466497291206873665e+00
1.981043426906867744e+00
9.213500733349634375e-01
4.286945342358579603e-01
2.207104558878202616e-01
1.357399736411866176e-01
1.917627313114341203e-01
6.961551991328792655e-01
1.479590123256437240e+00
1.764172279004172283e+00
1.500221337481583816e+00
1.115429960551847399e+00
8.531472211539180561e-01
7.387833838818357313e-01
7.249012694527603440e-01
7.741347426267929377e-01
8.481828983262948984e-01
9.340926528401328754e-01
1.014074356527779219e+00
1.080716595242264599e+00
1.131187974974291910e+00
1.168763465327285811e+00
1.188940586663962184e+00
1.191934014706966805e+00
1.180948408084674828e+00
1.151176364172455946e+00
1.116036855557623442e+00
1.082253851363075725e+00
1.051924443802558118e+00
1.027300984468298761e+00
1.003404341833639579e+00
9.807682858154295191e-01
9.635300502023588232e-01
9.467094807572448145e-01
9.376913630717130799e-01
9.314992321174158096e-01
9.270208488777080813e-01
9.284921635295295683e-01
9.352656833085873922e-01
9.407963163835477705e-01
9.509402747203061779e-01
9.601273474253916307e-01
9.692208510828407286e-01
9.771107548368186402e-01
9.840142006294234633e-01
9.925379115636167038e-01
1.001195159554789882e+00
1.007381927639187991e+00
1.011793592184054624e+00
1.018356470334856434e+00
1.021533467326437350e+00
1.025915192676911003e+00
1.025707056479321366e+00
1.024637855078276649e+00
1.024762285724232669e+00
1.023696802796868255e+00
1.020815499063981724e+00
1.016149766242151031e+00
1.014087870053238527e+00
1.009215160240829245e+00
1.005854948506155866e+00
1.002576686324224697e+00
1.000155776418516274e+00
9.984133476553700426e-01
9.946606043386705398e-01
9.929949725405263772e-01
9.920169439527435351e-01
9.907038041627268532e-01
9.902006277216864882e-01
9.866861775350780350e-01
9.867914412254834566e-01
9.867923228584160045e-01
9.881722103938700430e-01
9.902689648686519019e-01
9.955750980384823201e-01
9.988531612290677542e-01
1.003798688927190152e+00
1.008653817297676891e+00
1.010124554218630122e+00
1.012803068685665941e+00
1.013331943660169099e+00
1.011547778492155159e+00
1.009263406130404217e+00
1.007607307704651234e+00
1.001438944426706223e+00
9.996274750477065485e-01
9.972821839359352625e-01
9.942779969104084126e-01
9.937620404244755790e-01
9.918190499969197216e-01
9.929377391439702105e-01
9.924472568976797637e-01
9.945061189702284477e-01
9.936174037676415161e-01
9.943599961446649704e-01
9.956842053972022599e-01
9.949043260259647914e-01
9.933053642644448233e-01
9.933758757901046677e-01
9.903522859318273364e-01
9.901412371366846710e-01
9.914025102520815924e-01
9.937237720909642968e-01
9.982960477769000640e-01
1.002774299619872300e+00
1.004275588903331462e+00
1.006918851897326217e+00
1.007059615936758412e+00
1.006904103812574336e+00
1.005812588795488516e+00
1.003152158654996517e+00
1.002266984222675683e+00
1.001042906607360505e+00
9.996817818636173358e-01
9.988499053209742851e-01
9.985946587955303322e-01
9.978426173237808783e-01
9.986286647830424634e-01
9.970059077848129059e-01
9.968471045308662237e-01
9.967728785072206277e-01
9.970965489814903604e-01
9.971067668346447199e-01
9.975151454958386399e-01
9.965769270366612309e-01
9.988676999005116075e-01
9.993976021911434859e-01
1.000738091652101591e+00
1.003550474373719137e+00
1.004978476987285818e+00
1.006186127729478352e+00
1.007407320338513657e+00
1.008211003441205289e+00
1.008452122724049049e+00
1.007916424800719302e+00
1.006366402288957351e+00
1.005286693564958700e+00
1.003675878509373787e+00
1.003154293657006368e+00
1.001048363053671508e+00
1.001039770277783569e+00
9.983378009345363902e-01
9.973904609212929095e-01
9.967617524911900340e-01
9.968256981228384994e-01
9.956894446924234865e-01
9.945126875799015220e-01
9.946337338533334238e-01
9.943176572949368186e-01
9.961136230339001640e-01
9.968901855616131291e-01
9.978270494811605218e-01
9.976225572280786880e-01
9.989825439293811282e-01
1.000321095804612481e+00
1.000467491090335281e+00
1.002428359771146749e+00
1.002925910176383439e+00
1.002860658269656202e+00
1.003681257807992333e+00
1.003108122946706260e+00
1.003610297707814736e+00
1.002836137968183827e+00
1.003018867454297469e+00
1.003067908749739390e+00
1.002302809907295478e+00
1.002208324269296291e+00
1.001352879942298824e+00
1.000728400623100756e+00
1.000675747328871656e+00
1.000073451190657936e+00
1.000593999568392123e+00
9.995974315790018272e-01
9.999786264627852361e-01
9.991320871359746780e-01
9.992223768478123436e-01
9.997869024792825909e-01
9.993080051686151766e-01
9.992420068458303106e-01
9.989408294014535672e-01
9.989052869799081025e-01
9.995162797623506901e-01
9.986743851685980777e-01
9.992141748495821929e-01
9.994835883821284739e-01
1.000034690877967147e+00
9.992787715843368668e-01
9.994360157028148173e-01
1.000324707498515986e+00
1.000886773806951791e+00
1.000761176971438182e+00
1.000969147761280764e+00
1.001590313094272711e+00
1.001476738018824530e+00
1.000425021292314254e+00
1.001080201923689295e+00
1.000574312067235905e+00
1.001644350053444432e+00
1.000789786967948736e+00
1.000260367982784837e+00
1.000038344877446583e+00
1.000665154587183414e+00
9.999453415583114957e-01
9.994370555410936330e-01
9.991213893285916248e-01
9.995381832949739032e-01
9.992839032004261490e-01
9.997879746350833985e-01
9.993856204673677857e-01
9.996517774356409314e-01
9.998137092475023469e-01
9.997059211069159179e-01
9.989383817343449046e-01
1.000260961467237752e+00
1.000608063814858228e+00
1.000052615961165792e+00
1.000641674827744021e+00
1.000374214498644498e+00
1.001195306692596043e+00
1.000939400342786945e+00
1.000887261703875541e+00
1.001056704148740151e+00
1.000885715468452730e+00
1.000653345746863376e+00
1.000579681459031978e+00
1.000562133042462998e+00
1.000354239946468660e+00
1.000145201748187551e+00
9.997767020048226039e-01
9.999401116268420431e-01
1.000310593182284880e+00
9.997796878539254584e-01
1.000089667450092756e+00
1.000005550708608304e+00
9.998034453218155315e-01
9.999048480719237020e-01
9.996280901056768808e-01
9.997809636007396472e-01
9.942066564049016897e-01
9.833171371735663913e-01
9.719867532342602034e-01
9.606521415624924565e-01
9.505531919078239467e-01
9.396367400830447636e-01
9.286743650157728291e-01
9.178351808835395476e-01
9.065932265198672901e-01
8.961803995425984271e-01
8.851686666457855290e-01
8.745745972159778558e-01
8.640580350941878818e-01
8.534548453202039919e-01
8.430406870893411009e-01
8.327424732115024097e-01
8.227384447046119931e-01
8.121220669871468401e-01
