0.000000000000000000e+00
0.000000000000000000e+00
0.000000000000000000e+00
0.000000000000000000e+00
0.000000000000000000e+00
0.000000000000000000e+00
0.000000000000000000e+00
0.000000000000000000e+00
0.000000000000000000e+00
0.000000000000000000e+00
0.000000000000000000e+00
0.000000000000000000e+00
0.000000000000000000e+00
0.000000000000000000e+00
0.000000000000000000e+00
0.000000000000000000e+00
0.000000000000000000e+00
0.000000000000000000e+00
0.000000000000000000e+00
0.000000000000000000e+00
1.294974139970316844e-05
3.177624723840244414e-02
9.817984805781312385e-01
3.363606876446665339e+00
3.458026803034985441e+00
1.969782854462605481e+00
9.204265753244683657e-01
4.251603621918438880e-01
2.196826917218992758e-01
1.342956775613234344e-01
1.911753712277723671e-01
6.911155404480018305e-01
1.476890554328562200e+00
1.757527302999349894e+00
1.497272407267103311e+00
1.118279076462417754e+00
8.546762550181286056e-01
7.400543752397531483e-01
7.267545570414102318e-01
7.727808750935671878e-01
8.456428971162225361e-01
9.331619993104207644e-01
1.009158101043371891e+00
1.076063823344489023e+00
1.129215069795296955e+00
1.167503695139833431e+00
1.183440845995696211e+00
1.186195556540208695e+00
1.172347595984992275e+00
1.147132199113524376e+00
1.112903033759393923e+00
1.079770471268797660e+00
1.047781658366536472e+00
1.026731521158296356e+00
9.986762572543499417e-01
9.791801598853611122e-01
9.586872058290251131e-01
9.447310552623120472e-01
9.341445094491851453e-01
9.289635683697913260e-01
9.250543826595156727e-01
9.265187120421587430e-01
9.328466609316867775e-01
9.412745110442791718e-01
9.492743614931314911e-01
9.585772155576185449e-01
9.687305982008654892e-01
9.778791409088201103e-01
9.847829274570496505e-01
9.920097210649835295e-01
9.971791996996354213e-01
1.005455307400414666e+00
1.010868855959507817e+00
1.016280546811882957e+00
1.021111948045397844e+00
1.023051271862378542e+00
1.023610806483350233e+00
1.025278170026247215e+00
1.022682114451848756e+00
1.021529460403304723e+00
1.019329377639840439e+00
1.015024575537195828e+00
1.012250345740075996e+00
1.009299102225658329e+00
1.004637401864526991e+00
1.002324392555519417e+00
9.993828766430744581e-01
9.955496797773094597e-01
9.940930457761749661e-01
9.917431597121989517e-01
9.902646535934398475e-01
9.891726405384135834e-01
9.879552875602966022e-01
9.851731151175281420e-01
9.839989629927445858e-01
9.849614229437453350e-01
9.853022796732754385e-01
9.885122571449487250e-01
9.936654969589341357e-01
9.983068099066430001e-01
1.000469025662659828e+00
1.006696190840094207e+00
1.009706875063288267e+00
1.011105901858071032e+00
1.011285767866092700e+00
1.010696668279898125e+00
1.007701009595799002e+00
1.004807178866221840e+00
1.000945328290154590e+00
9.999126581953232673e-01
9.957825252644466607e-01
9.944266791801649186e-01
9.924901039269837799e-01
9.925708814668166013e-01
9.922881906293753440e-01
9.944749526714879995e-01
9.938812210212855103e-01
9.929833804210166370e-01
9.935894113942311812e-01
9.944996721976617771e-01
9.939699358750584413e-01
9.923652598596869323e-01
9.920684515614041077e-01
9.896151075005225062e-01
9.902618809007157630e-01
9.916889948427838331e-01
9.939056016291183404e-01
9.972665957731138286e-01
1.000703957602079752e+00
1.003448913719909630e+00
1.006121022438393187e+00
1.006159423212382498e+00
1.005567072343720003e+00
1.004379834362240098e+00
1.003789994153773346e+00
1.002103075771227703e+00
1.000803756840136893e+00
9.991271705985941276e-01
9.991662911000267489e-01
9.979623603658670516e-01
9.979820931190970246e-01
9.978129597832104958e-01
9.964255071830580013e-01
9.968162603519745701e-01
9.964193598849867550e-01
9.960252956709180205e-01
9.963033575977782164e-01
9.954995978985897720e-01
9.965382726353031462e-01
9.976381963773705008e-01
9.986397347872651986e-01
1.000197942392069272e+00
1.002351350602359359e+00
1.004159020253471812e+00
1.006036498422734127e+00
1.006447209906343954e+00
1.007939184949675271e+00
1.008298486526791660e+00
1.007508349746707221e+00
1.006548081213879398e+00
1.004910107617249082e+00
1.004293678607948159e+00
1.003083824521329381e+00
1.001780287644595369e+00
9.999649295911698932e-01
9.986771988396823119e-01
9.981227605766298527e-01
9.975173165696850086e-01
9.956202963448460563e-01
9.942240294449592453e-01
9.944679355309326008e-01
9.942780559393330497e-01
9.938460924573577771e-01
9.956548187413336581e-01
9.961815998445103792e-01
9.968650343857067275e-01
9.979532420791444869e-01
9.983901545142369605e-01
9.994911326093030013e-01
1.000405999242877986e+00
1.001112987356728823e+00
1.002008240961723251e+00
1.002505288531946981e+00
1.003748521045638942e+00
1.003335868224818794e+00
1.003090779819092893e+00
1.003102942199871839e+00
1.002934537611323673e+00
1.002622087476207513e+00
1.001878381504256232e+00
1.002169677253339275e+00
1.001233174090351730e+00
1.000999820061508006e+00
1.000475890789944478e+00
9.998625940071592666e-01
9.993524465212296759e-01
9.996488062748837278e-01
9.991142911785814151e-01
9.988546102960949025e-01
9.990329631305119307e-01
9.982520976498611143e-01
9.984841019024222053e-01
9.983064382899622391e-01
9.987930202348003217e-01
9.985385206066229591e-01
9.991778127188074565e-01
9.986512102155475912e-01
9.997741408704413635e-01
9.999956064786204024e-01
9.995427393439325625e-01
9.997010716916948647e-01
1.000264147720229424e+00
1.000369763992793759e+00
1.000478239168793637e+00
1.001182182895248074e+00
1.001411217667059095e+00
1.001176874735324240e+00
1.001302727337746168e+00
1.001244105441310595e+00
1.001493853630781139e+00
1.001112603310609916e+00
1.001321239243517569e+00
1.001202458529971473e+00
1.000302872672758525e+00
1.000653618792519461e+00
1.000043055158295280e+00
9.993507655235011056e-01
9.998703524390978314e-01
9.993564695684992172e-01
9.995417244670138368e-01
9.991565878861535799e-01
9.988560683300117260e-01
9.993989824627361740e-01
9.985067792371403739e-01
9.995306460007830074e-01
9.997823301809716234e-01
1.000003854933569691e+00
9.995669671736092665e-01
1.000050925485914899e+00
1.000455810681845525e+00
1.000917738437755666e+00
1.001081346471740741e+00
1.001157218791622894e+00
1.001555743747776228e+00
1.000684043975738957e+00
1.000514885298465773e+00
1.001323773158706798e+00
1.000053398053055487e+00
1.001259884573366676e+00
1.000311815475469546e+00
1.000305982912101710e+00
1.000283329164232793e+00
9.997413939327466359e-01
1.000040408200487896e+00
9.992086707218633679e-01
9.997580246145564287e-01
9.995178156662292146e-01
9.994435983761243980e-01
9.995430345315542420e-01
9.996054376948728670e-01
1.000032228756842834e+00
9.992312638183679097e-01
9.945786763775573691e-01
9.828446725972366238e-01
9.718046042196564205e-01
9.611101532024620697e-01
9.501684134238640445e-01
9.395039989078057818e-01
9.288231365824641816e-01
9.175532267052002311e-01
9.063759195387880441e-01
8.956993327569169328e-01
8.852378922353308921e-01
8.744037080612915291e-01
8.640978211647691865e-01
8.531888381015697576e-01
8.430328446140967769e-01
8.327302380298312601e-01
8.223794873791184790e-01
8.120656102089615080e-01
