0.000000000000000000e+00
0.000000000000000000e+00
0.000000000000000000e+00
0.000000000000000000e+00
0.000000000000000000e+00
0.000000000000000000e+00
0.000000000000000000e+00
0.000000000000000000e+00
0.000000000000000000e+00
0.000000000000000000e+00
0.000000000000000000e+00
0.000000000000000000e+00
0.000000000000000000e+00
0.000000000000000000e+00
0.000000000000000000e+00
0.000000000000000000e+00
0.000000000000000000e+00
0.000000000000000000e+00
0.000000000000000000e+00
0.000000000000000000e+00
0.000000000000000000e+00
0.000000000000000000e+00
0.000000000000000000e+00
0.000000000000000000e+00
0.000000000000000000e+00
3.334260182079815116e-02
7.644601535518023017e-01
2.851526632709212361e+00
3.472630301566445254e+00
2.368994440664238255e+00
1.189681905704222054e+00
5.948418227646170564e-01
3.393166137736502996e-01
2.556222973706079316e-01
2.509840257287024312e-01
2.807179248353522394e-01
2.919773644417924530e-01
3.135131852172714506e-01
3.463247531555604941e-01
3.318628621062078010e-01
3.744294782850722814e-01
4.002905818927222081e-01
5.074647201909983085e-01
6.367940028255513196e-01
8.043725146701551365e-01
9.953483359386957607e-01
1.145673700733255806e+00
1.289819713349803942e+00
1.371354561632175839e+00
1.457038208371433052e+00
1.517122967014172819e+00
1.554368354166071331e+00
1.542518021641623438e+00
1.462797165775839403e+00
1.360880614950594314e+00
1.214573234912822652e+00
1.098172873166005425e+00
9.881677617335199448e-01
9.308462281387880344e-01
8.832787685894514240e-01
8.586758375408056754e-01
8.648865707985701201e-01
8.768106303461322693e-01
8.811718879748908773e-01
9.106361662800273038e-01
9.295669813494481515e-01
9.522362714854557542e-01
9.646629346395393378e-01
9.757659102315000554e-01
9.994174326517578644e-01
1.000761187670016650e+00
1.023789207351909925e+00
1.027404311750970356e+00
1.035968242576139398e+00
1.029313685281178392e+00
1.039032134072065405e+00
1.038361928458806815e+00
1.042502214483105760e+00
1.021644965899461299e+00
1.004520914108437468e+00
1.002855872402570014e+00
9.844518458631794644e-01
9.821607329089079297e-01
9.698347721644912101e-01
9.719076207371242226e-01
9.671793181229191294e-01
9.797718452177130999e-01
9.840838142895467211e-01
9.957367327519077715e-01
9.876077978623664100e-01
9.958173616642147508e-01
9.880494193027449246e-01
1.006115088531051249e+00
1.008961242184439611e+00
1.016256191904522987e+00
1.008659197540073382e+00
1.007744686928911726e+00
1.006850250137493408e+00
1.016805935661254656e+00
1.010379268765710048e+00
1.005400302784622113e+00
9.997728238712595417e-01
9.995526900633050493e-01
9.952616900023365520e-01
9.987748336328472476e-01
9.943170918258111834e-01
9.969576962691369948e-01
9.903796427139024416e-01
9.871009177610163832e-01
9.913345737316038297e-01
9.877711023717060668e-01
9.960117593392553426e-01
9.969222331519270730e-01
9.947688294316564539e-01
1.002150930264730011e+00
9.946115974150403494e-01
9.954163674384164384e-01
1.012480350029919762e+00
1.005732374381088867e+00
9.996385619768082265e-01
9.976281986145154601e-01
1.001147561596827273e+00
1.000986151364805288e+00
9.993985088640339187e-01
9.982586045961260313e-01
9.962396035829388374e-01
9.938003999451153758e-01
9.940281921666850318e-01
1.002928035511051030e+00
9.932121308501765666e-01
9.990520029792391288e-01
9.920497734388614708e-01
9.925443583714855800e-01
9.958141308320311857e-01
9.971869005306536193e-01
9.961598289247769467e-01
9.998599993750832970e-01
9.959465611293680798e-01
1.000099248519273898e+00
9.942978538962106150e-01
9.977134748939452402e-01
9.956204779566011354e-01
9.996027094788673129e-01
9.996516136100803696e-01
9.978016159103041405e-01
1.002228475501827365e+00
1.000915364695526222e+00
1.001377091618136594e+00
1.001256609027543210e+00
1.001265327054068788e+00
1.001136310504789240e+00
1.000107903770478979e+00
1.005849792145203203e+00
1.000086260802112603e+00
9.983856993552836512e-01
1.004095976969135107e+00
9.987358406710923342e-01
1.003583731077373198e+00
1.001435782199543212e+00
1.005374711079297212e+00
1.005339354903950877e+00
9.981505619202321045e-01
1.001105444526001476e+00
1.003137099394441289e+00
1.005168790979947602e+00
9.958732587487256760e-01
1.003327414457620304e+00
9.952805443097297866e-01
9.988092610928051007e-01
9.962380913450219477e-01
9.972858858485543765e-01
1.001045584389097520e+00
9.997807858387799396e-01
9.953817225950170045e-01
1.000579212424689279e+00
9.994564034586420620e-01
9.981519496401342062e-01
1.000036898871691005e+00
9.996590999061976124e-01
1.000303247306111087e+00
9.983063017928630600e-01
9.988523179768483695e-01
9.995379019429145862e-01
1.001354624735710130e+00
9.987776516764266255e-01
9.974905194092309468e-01
9.975801674606805669e-01
9.968731319869144070e-01
9.964065659593176472e-01
9.944234295402217816e-01
9.990454739718999111e-01
9.996155226754948053e-01
9.997947489312636327e-01
9.970608563302586491e-01
1.000253105012618882e+00
9.967672898774495582e-01
9.963339188213976572e-01
9.980628083384706084e-01
9.952662033052929180e-01
9.929875953328749505e-01
9.950522378824206982e-01
9.993184916000368290e-01
9.977213145879627598e-01
9.950644530613456107e-01
9.921015045310841440e-01
9.957274611828990096e-01
9.975678834468117984e-01
9.974413338521954664e-01
9.935665826959588776e-01
9.933305140233994468e-01
9.957183804362791379e-01
9.988868372589082556e-01
9.950689097725899934e-01
9.980847771637693100e-01
1.001315469122294965e+00
9.958951680142956731e-01
9.977005969426642196e-01
9.973230762783213965e-01
9.983780194944683606e-01
9.981760821209949563e-01
9.978223769430147883e-01
9.970906045697643938e-01
9.968445197092213883e-01
9.967187346669398318e-01
1.001085928475457187e+00
9.966660028017294559e-01
1.000326445238588935e+00
9.976821236962433170e-01
1.000075423112142481e+00
9.982652871273809403e-01
1.000488237980635242e+00
9.974033894509276577e-01
9.981881071141412987e-01
9.948471973114398903e-01
9.944859370514931296e-01
9.967783070959067571e-01
9.957790207807711846e-01
9.980665537965586198e-01
9.971138598056914493e-01
9.959742316764966796e-01
9.974240502935028951e-01
9.984471362011529960e-01
9.991389701366948373e-01
9.975352600859245245e-01
9.965660496545019065e-01
9.977566012624358160e-01
9.946188194814177264e-01
9.946788817380766146e-01
9.944296547418839394e-01
9.958405301685824274e-01
9.936117056936381031e-01
9.990634679794440087e-01
9.981451804109314763e-01
9.933716753337104022e-01
9.965939651664954546e-01
9.951561460955300475e-01
9.953442232642917276e-01
9.990127862614323062e-01
9.949095358995381222e-01
9.955954817222493203e-01
9.998602673182188649e-01
9.933443970663026201e-01
9.975548701282880293e-01
9.952213782834878897e-01
9.978219104393452055e-01
9.980624562654728527e-01
9.948867983552541761e-01
9.963823014923964827e-01
9.969616222468544731e-01
9.972089248712971976e-01
9.970656579041629053e-01
9.965027028435313738e-01
9.957838704653211304e-01
9.973654619279287425e-01
9.974415346281308992e-01
9.918570449222451346e-01
9.823175655471227952e-01
9.707452080683400819e-01
9.608617985993882504e-01
9.494506632793711098e-01
