0.000000000000000000e+00
0.000000000000000000e+00
0.000000000000000000e+00
0.000000000000000000e+00
0.000000000000000000e+00
0.000000000000000000e+00
0.000000000000000000e+00
0.000000000000000000e+00
0.000000000000000000e+00
0.000000000000000000e+00
0.000000000000000000e+00
0.000000000000000000e+00
0.000000000000000000e+00
0.000000000000000000e+00
0.000000000000000000e+00
0.000000000000000000e+00
0.000000000000000000e+00
0.000000000000000000e+00
0.000000000000000000e+00
0.000000000000000000e+00
0.000000000000000000e+00
0.000000000000000000e+00
0.000000000000000000e+00
0.000000000000000000e+00
0.000000000000000000e+00
3.220832603509111991e-02
7.645940944498477165e-01
2.960842923689451123e+00
3.615627609300454015e+00
2.450981093057884586e+00
1.233724220496708934e+00
6.138124657608161616e-01
3.506067107536136596e-01
2.659069810631692343e-01
2.595928517221308129e-01
2.807671093622045588e-01
3.103933453956541078e-01
3.227945841029711271e-01
3.347558856241494851e-01
3.460579439896734888e-01
3.567534622364676999e-01
4.279124219555094921e-01
5.267433882045264859e-01
6.482683939965095954e-01
8.134056856744423802e-01
9.919413916254121721e-01
1.148360433718932816e+00
1.286348825568806253e+00
1.381366050875151963e+00
1.470456341871693606e+00
1.514990265261154878e+00
1.571413621961402995e+00
1.545680047203847662e+00
1.481121447098420196e+00
1.363116019829669456e+00
1.246258428144221497e+00
1.113752617282640411e+00
1.020184884455194618e+00
9.445500935321898828e-01
8.923343573817531516e-01
8.648019626830412143e-01
8.784662667792166868e-01
8.804757195392959312e-01
8.848659254904216453e-01
9.072313092193625694e-01
9.268351110470710585e-01
9.506007477588074295e-01
9.755315146547126615e-01
9.708409072889948588e-01
1.006423294056417284e+00
1.018464760989364670e+00
1.023823552329834241e+00
1.041196579762476260e+00
1.058143660981808898e+00
1.051602804501599042e+00
1.065879043728384490e+00
1.047855881791401433e+00
1.046851166506284958e+00
1.027509123523179912e+00
1.014727168073596753e+00
1.012499541663707703e+00
9.896754043258008116e-01
9.823328170783438562e-01
9.801870076965715217e-01
9.711173828203745195e-01
9.718622264812718514e-01
9.792250771716868307e-01
9.849583417337907099e-01
9.819006105600213141e-01
9.940056652773527901e-01
1.001333005530806730e+00
9.972999686194569113e-01
9.998355069137979667e-01
1.014353972677316307e+00
1.011577184962600295e+00
1.006478308865417226e+00
1.009832155789298191e+00
1.011374940628496422e+00
1.008902628641281218e+00
1.013757933568188996e+00
1.001355434435020841e+00
1.007234933132861610e+00
1.007384920769984982e+00
1.001803870335247648e+00
9.998324882019331561e-01
9.977055204613939354e-01
9.913797491004150420e-01
9.954614216180097674e-01
9.921865394925958315e-01
9.895449131570462908e-01
9.986163590773312615e-01
9.941585316550349827e-01
1.004683510556456438e+00
9.994612746965674255e-01
1.002524459857033534e+00
1.000552294636946060e+00
1.005943159089611960e+00
1.003648885400476143e+00
1.000681237889588626e+00
1.004927977840520237e+00
1.007109284662205173e+00
1.009384284731188242e+00
1.001210943507745643e+00
1.003742149265574479e+00
1.002774524527872302e+00
1.003122429097163870e+00
1.001978770089210657e+00
1.001135124290969847e+00
9.981868581713653210e-01
9.964478595454755450e-01
9.934474557775714310e-01
9.989446795889340702e-01
9.968359790305835189e-01
9.960198092092931166e-01
9.955992047765516162e-01
9.882273558735471530e-01
9.926036401467394077e-01
9.932581930953540139e-01
9.959066758697785460e-01
9.946625691987328599e-01
9.963295237740777965e-01
9.951376116961343499e-01
9.991206055316343981e-01
9.929495327501790536e-01
9.957925875006472527e-01
9.962399613679937538e-01
9.932313205789592425e-01
9.949069361612301599e-01
9.940602860713425581e-01
9.896141221104006735e-01
9.980136774461045857e-01
9.964873899784784106e-01
9.931138491187766482e-01
9.917572923952743258e-01
9.950584033995291122e-01
9.948811705970138641e-01
9.970187660520397621e-01
9.951961384622041162e-01
9.919823527129746354e-01
9.918964659295337327e-01
9.911024733381120777e-01
9.954329454950529010e-01
9.940154740244889764e-01
9.936536851825954475e-01
9.949945084470381840e-01
9.911007013578424507e-01
9.972513715573355642e-01
9.961222196100234516e-01
9.950931756198099221e-01
9.936835044384088045e-01
9.992141307398609840e-01
9.954796194385304720e-01
9.940380259686063535e-01
9.961534297908019031e-01
9.956897855050352852e-01
9.948891360831600972e-01
9.958455817726780124e-01
9.973704362877657825e-01
9.965705441140136900e-01
9.950476616913404015e-01
9.943449854685720846e-01
9.943963648300371272e-01
9.954332133573003949e-01
9.976490898492721415e-01
9.992793728978839329e-01
9.964855640254615121e-01
9.992418171599000143e-01
9.969739779670830915e-01
9.976401511982568859e-01
9.939627533759429756e-01
9.921972772187663825e-01
9.936291021834599002e-01
9.958530910256315760e-01
9.955424265238046466e-01
9.938478185922980934e-01
9.966557901662264074e-01
1.000550630166690880e+00
9.967787671229672020e-01
9.980797493041225765e-01
9.955740845479025269e-01
9.931193491670464724e-01
9.935860101725310090e-01
9.951703369717516123e-01
1.000046087906726999e+00
9.993893207694524161e-01
9.972582346594069946e-01
9.982208317312878387e-01
9.950674442167147804e-01
9.942907156810044667e-01
9.921446372624249666e-01
9.998293407227953900e-01
9.982455132807108722e-01
9.919757215266936656e-01
9.961450305027058638e-01
9.927686650999101303e-01
9.926769284085157352e-01
9.958585272468822858e-01
9.961067925028782577e-01
9.963049226203373188e-01
9.947960681826826246e-01
9.994230734245139747e-01
9.985385362526115749e-01
9.976556993047509536e-01
9.960844106747005489e-01
9.975467145345175979e-01
9.980690907042750748e-01
9.952228682814771021e-01
9.980503271486927952e-01
9.996932649629401979e-01
9.974794166200419143e-01
9.969793001868926252e-01
9.943026787184574555e-01
9.970702317405638615e-01
9.969491816493337710e-01
9.977950708241565270e-01
9.988480269971401482e-01
9.977132666768960823e-01
9.977254868308876867e-01
9.987647684062775921e-01
9.956769263528655323e-01
9.988807110526638500e-01
9.946873752336861108e-01
9.962596326484662868e-01
9.987698452621180945e-01
9.970259271969487136e-01
9.986111134972394110e-01
9.979077921767752768e-01
9.977460538702805914e-01
9.962218237251904140e-01
9.977212454622573778e-01
9.998060370522670048e-01
9.988692643407210969e-01
9.999743666940280606e-01
1.000485809854735120e+00
1.000938319800444010e+00
9.967786571523127304e-01
9.997898146494834659e-01
9.972365136828258425e-01
9.985374649513623080e-01
9.979032209323419611e-01
1.001190899817341107e+00
9.976793686105253078e-01
9.986093104738668069e-01
1.000687114519932752e+00
9.967275990790088747e-01
9.971802116247537873e-01
9.980155661403017353e-01
9.962874691108826175e-01
9.974962683263065566e-01
9.984810739004358338e-01
9.971846204401891844e-01
9.978491484052689486e-01
9.948624773288338163e-01
9.971362874857823133e-01
9.957688130019514139e-01
9.929588657217183201e-01
9.816944177716452336e-01
9.711535978504991506e-01
9.612380699556755115e-01
9.482241811095302175e-01
