0.000000000000000000e+00
0.000000000000000000e+00
0.000000000000000000e+00
0.000000000000000000e+00
0.000000000000000000e+00
0.000000000000000000e+00
0.000000000000000000e+00
0.000000000000000000e+00
0.000000000000000000e+00
0.000000000000000000e+00
0.000000000000000000e+00
0.000000000000000000e+00
0.000000000000000000e+00
0.000000000000000000e+00
0.000000000000000000e+00
0.000000000000000000e+00
0.000000000000000000e+00
0.000000000000000000e+00
0.000000000000000000e+00
0.000000000000000000e+00
0.000000000000000000e+00
0.000000000000000000e+00
0.000000000000000000e+00
0.000000000000000000e+00
0.000000000000000000e+00
3.276733421477742714e-02
7.722514397896084182e-01
2.861354733823924246e+00
3.501494032092300923e+00
2.349874727784791340e+00
1.196062061793185638e+00
5.755119417605716325e-01
3.171587713800260167e-01
2.544251634424153363e-01
2.553021885161150251e-01
2.717038731644524363e-01
2.945725995677611619e-01
3.121447789742669565e-01
3.151419776550692387e-01
3.278901008803723482e-01
3.419476282189453653e-01
3.981815780164557617e-01
4.903535067010388326e-01
6.129936544439007484e-01
7.875865931212852056e-01
9.659195301748079165e-01
1.120293724211326891e+00
1.246166595554791368e+00
1.352935735699740682e+00
1.433737166994623058e+00
1.499875290484008028e+00
1.536371209976670427e+00
1.494603798563499453e+00
1.456474848790725307e+00
1.320671950986477716e+00
1.196209273530078665e+00
1.082961117280436758e+00
9.922110297890031072e-01
9.106077160119331326e-01
8.811467662569842929e-01
8.529174545800147778e-01
8.438271639463431617e-01
8.649518582702636627e-01
8.854866866616935006e-01
9.006452975976283470e-01
9.170207335898011847e-01
9.408943705275946146e-01
9.703630160313987396e-01
9.824396748944740354e-01
9.874400226977558814e-01
1.008540048358001151e+00
1.030727587823156766e+00
1.025510491830514459e+00
1.047496835672457438e+00
1.048310334287359424e+00
1.041464401685636032e+00
1.049814003839564025e+00
1.027000378685465787e+00
1.025418653191032092e+00
1.020600556659802427e+00
1.001492459688895664e+00
9.892859575531451899e-01
9.861125976742975974e-01
9.835772926883465939e-01
9.744750855788830712e-01
9.761478983421176814e-01
9.791425999212366449e-01
9.767847014638892933e-01
9.870347041129889920e-01
9.927221068951739280e-01
9.958823008305334179e-01
9.927364155940289203e-01
1.000841142239500492e+00
1.008861395646738712e+00
1.007999196851366408e+00
1.003192965411730642e+00
1.006805407469971492e+00
1.011092449686407546e+00
1.011713774199300531e+00
9.995283644787270605e-01
9.991832348294437116e-01
9.993590687137136053e-01
9.851576095840490765e-01
9.893575479132377115e-01
9.860054557270534481e-01
9.912259206394867794e-01
9.841675725092032812e-01
9.905238765322028627e-01
9.846114401056349497e-01
9.872177058349144163e-01
9.781869250566396223e-01
9.923626955777480330e-01
9.895280843567176854e-01
9.884081176173249439e-01
9.981865491060141204e-01
1.000381659020182168e+00
9.950639866890406138e-01
9.935799371485272147e-01
9.983512893777917174e-01
9.888363153107544434e-01
9.910092666420082796e-01
9.939686417023548826e-01
1.000774616026266051e+00
9.986777664424324463e-01
9.921673787262592636e-01
9.958664611895733376e-01
9.978544193295738607e-01
9.910744865340883614e-01
9.940572950366531879e-01
9.947086534676179426e-01
9.828411672082499884e-01
9.976649092167432231e-01
9.961304981953591486e-01
9.941868266439628510e-01
9.967180796011996247e-01
9.955846758181878808e-01
9.959188762622438462e-01
9.963536951106768402e-01
1.000487870681491920e+00
9.973838030925391562e-01
9.912907626344822365e-01
9.942190684502355547e-01
9.966849465983858014e-01
1.000695496369666371e+00
9.988469156713941643e-01
9.979347666407928363e-01
9.981717253697512948e-01
9.922122731414407815e-01
9.959098867232508701e-01
9.978365729237252957e-01
9.991252450210044156e-01
9.935114634848125625e-01
9.960059934311259466e-01
9.976042907483845257e-01
9.928288022956565095e-01
9.962700100919599233e-01
9.995349066785301773e-01
9.949502638058606019e-01
9.929239656432204963e-01
9.964713284722453990e-01
9.953216946546564747e-01
9.982162224634449910e-01
9.960522118404052661e-01
9.991482867322809547e-01
9.961724092100756600e-01
1.000927929670950345e+00
1.000103528714914924e+00
9.951655584962868506e-01
9.986344183555696530e-01
9.952705071880706411e-01
9.952311897688282949e-01
9.995604041434527076e-01
9.947366345484415229e-01
9.936261555337038143e-01
9.979769011758080621e-01
9.892474177429745330e-01
9.947603703495883076e-01
9.946933884094922851e-01
9.944491481835978641e-01
9.965697960811836786e-01
9.971890882869083317e-01
1.002718043466670261e+00
9.978460162242115405e-01
9.984794026474188566e-01
9.933682453486110120e-01
9.990467768029214213e-01
9.990221435945887407e-01
9.975602529912799277e-01
1.000432822354996532e+00
1.000893105089786905e+00
9.976071238122645735e-01
1.002071004704107704e+00
1.002628122510604403e+00
1.000437875989405034e+00
9.981317895893161429e-01
9.996893164810407573e-01
9.987256126112927790e-01
1.000851232792109746e+00
1.002055739179986693e+00
1.000932463860651600e+00
9.979747824136733225e-01
9.963361799443535283e-01
1.000528588349507642e+00
9.965006850081760126e-01
9.987067831768534631e-01
1.001222148339091289e+00
1.000821846481803057e+00
9.997888241888848171e-01
1.001231627112147748e+00
1.000068235416559093e+00
9.976062252504290795e-01
9.968360757012995066e-01
1.000574739946581859e+00
1.001614313247404908e+00
1.000448479754400877e+00
1.004077152740012302e+00
1.002777144675611964e+00
9.981133722965987998e-01
9.992409590475012093e-01
9.952721955895728057e-01
9.984267975175290522e-01
9.962719192187254880e-01
1.002903895487964103e+00
1.002670653939396805e+00
9.994568082039613222e-01
1.001631752140990095e+00
1.000829009148471282e+00
9.997760865943102759e-01
1.001333028815047266e+00
1.000685900798180539e+00
1.004528831713116244e+00
1.001833539942793116e+00
1.001886273830703500e+00
1.000436544031642505e+00
1.003113059452141798e+00
1.000753197936282923e+00
1.000789254238430237e+00
1.003000107501319516e+00
1.000027548244093012e+00
9.994116604777606439e-01
1.000565474145290068e+00
9.981551399053194551e-01
9.970801953113161975e-01
9.990800473546763705e-01
9.978366888663544598e-01
1.000697161004736602e+00
1.003515061404460340e+00
1.001100205073640170e+00
1.000164995134936285e+00
9.982153844616118432e-01
9.985269624800797716e-01
9.974280671772565166e-01
9.973847789962215771e-01
9.974034027328356755e-01
9.981004407298151859e-01
9.995479861480858208e-01
9.971150881160518731e-01
9.960255928503444212e-01
9.999395267689479283e-01
1.001325642072776523e+00
9.977895949712660695e-01
9.979608493188555363e-01
1.001599163668178027e+00
9.990126760702418007e-01
1.003860810795412783e+00
9.995227278085403455e-01
9.982374409668790527e-01
9.984427740457079148e-01
1.001164565314468957e+00
9.992364082787843493e-01
1.000201426037831576e+00
9.995564990841145914e-01
9.998323649408344949e-01
1.001340859227454416e+00
1.000658909174788391e+00
9.946651008393723181e-01
9.839229400332473174e-01
9.713652045500240639e-01
9.641488018902437673e-01
9.534146655771027490e-01
