0.000000000000000000e+00
0.000000000000000000e+00
0.000000000000000000e+00
0.000000000000000000e+00
0.000000000000000000e+00
0.000000000000000000e+00
0.000000000000000000e+00
0.000000000000000000e+00
0.000000000000000000e+00
0.000000000000000000e+00
0.000000000000000000e+00
0.000000000000000000e+00
0.000000000000000000e+00
0.000000000000000000e+00
0.000000000000000000e+00
0.000000000000000000e+00
0.000000000000000000e+00
0.000000000000000000e+00
0.000000000000000000e+00
0.000000000000000000e+00
0.000000000000000000e+00
0.000000000000000000e+00
0.000000000000000000e+00
0.000000000000000000e+00
0.000000000000000000e+00
3.049364387656998757e-02
7.655366880689136178e-01
2.752361121866883309e+00
3.397206796833378561e+00
2.286648146568375672e+00
1.193698873299366081e+00
5.726326828331044227e-01
3.438877043032199099e-01
2.604182359387778312e-01
2.407146126981595247e-01
2.498443411010214110e-01
2.933764487373091701e-01
3.023198781925849898e-01
3.204529636860533603e-01
3.154803001269143037e-01
3.629150572325743340e-01
4.094482462719589155e-01
5.167129976859800022e-01
6.336773764026129019e-01
8.082317315262557145e-01
9.866026755640601165e-01
1.144848036917807566e+00
1.286651634676973410e+00
1.393610557961260321e+00
1.454960360498380290e+00
1.527992680507501255e+00
1.577749899763548180e+00
1.554730865959354169e+00
1.471060602146069929e+00
1.367219964131545007e+00
1.225496941778699611e+00
1.100641406928046351e+00
1.000134619373271638e+00
9.448437938791462987e-01
8.919407805413885892e-01
8.715604068748099564e-01
8.643223058217330834e-01
8.755062348597784094e-01
8.877227751766463282e-01
9.060281172012807360e-01
9.298084930837188233e-01
9.561180648644271862e-01
9.689604734357945004e-01
9.872865512597156501e-01
9.968741219319706692e-01
1.014921038731608549e+00
1.020772071122465485e+00
1.041536397488136423e+00
1.059702679116542923e+00
1.042698743764230773e+00
1.051480745363362779e+00
1.055301607606432990e+00
1.041018845537371895e+00
1.019537634118680591e+00
1.019445026016918776e+00
9.964770294389335703e-01
9.993787296344669446e-01
9.935970835414523750e-01
9.918444955646167349e-01
9.767102637584490488e-01
9.841668316425536966e-01
9.826472819212671572e-01
9.773086659794247844e-01
9.936580576563016631e-01
9.977921443126163137e-01
1.003221661305816914e+00
1.005409665796000995e+00
1.010258254287850210e+00
1.011893328900683731e+00
1.016346350855903413e+00
1.011247367116196116e+00
1.023674280989358421e+00
1.006858393879223712e+00
1.018877793567862122e+00
1.004678607704986293e+00
1.018566193851827784e+00
1.004783439796526068e+00
1.007236097705685562e+00
1.006119594284570651e+00
1.005981286208432302e+00
1.000655306557895141e+00
9.911515891771972564e-01
9.945445514731159342e-01
9.948895202692260575e-01
9.940513372420736182e-01
9.887241180473215207e-01
9.963521621330224676e-01
9.946651683819122125e-01
9.945371735683802283e-01
9.988987283573061982e-01
9.992374720772029262e-01
1.001397483718224679e+00
9.998224275719411747e-01
1.001074540816256242e+00
1.008140939297003547e+00
1.013865797367750954e+00
1.011156036343394904e+00
1.006608438089887869e+00
1.009961182645865208e+00
1.011271259608892192e+00
9.995735253022380862e-01
1.005699086369534534e+00
1.010449967791963388e+00
1.003741257586089564e+00
1.004854486412254388e+00
1.010179827644302586e+00
9.992150998459876643e-01
1.000468009181180618e+00
1.008393217413685150e+00
1.001865537571272613e+00
1.006705551982280511e+00
1.005835783460724775e+00
1.001463521610417295e+00
1.007788547238305465e+00
1.005953736282586330e+00
1.002444620163265077e+00
1.007672004946236433e+00
9.961253662609641513e-01
1.002262136116623292e+00
1.007308724687017154e+00
1.003148952679261630e+00
1.007367611292617537e+00
1.006677687299156077e+00
1.000527698828732603e+00
1.003316146698114641e+00
1.003798564282964545e+00
9.996670169824586338e-01
1.000880651828845558e+00
9.994451214317972010e-01
9.995699896153892317e-01
1.006476626440073296e+00
1.001646335680552946e+00
9.982319104694934442e-01
1.000275516809101983e+00
9.960117463611892763e-01
1.002057411171249912e+00
1.001638504630074422e+00
1.004354486111999289e+00
9.981589710783672631e-01
9.966214119612283318e-01
1.005522563772741407e+00
9.999253128148610781e-01
1.001253158140692490e+00
9.999268068551566691e-01
9.962847926247289099e-01
1.001470063316757475e+00
1.001583472479788517e+00
1.000505821520959460e+00
1.004213400461579697e+00
9.985798668596238548e-01
1.000747486396123653e+00
9.946216274672476931e-01
9.979466431190805453e-01
9.967257921773742257e-01
9.986855875204189159e-01
9.952959902407908510e-01
9.961398291320622267e-01
9.968331175411636602e-01
9.968577223643610985e-01
9.958867523978564007e-01
1.000367137887610225e+00
1.001593251383230632e+00
9.980497478905244746e-01
9.962513590324467705e-01
9.968351556581728223e-01
9.943641941378071891e-01
9.978791675755942503e-01
9.989769438723499206e-01
9.959051952942610253e-01
9.968462544454974594e-01
1.001798992722312764e+00
9.972876577977155543e-01
9.988884510796938176e-01
9.970150794005164796e-01
9.977041147513575625e-01
9.975737418047457838e-01
9.977391565003427276e-01
9.987294810494335984e-01
1.001053002229925548e+00
1.001231529244057228e+00
9.992877086305147483e-01
1.001493907689003704e+00
1.001299736370044435e+00
9.956061480949315312e-01
1.000844672156476545e+00
9.957457147228327976e-01
9.950693325339213802e-01
9.972058548556113067e-01
9.956603917692413708e-01
9.979633349526217945e-01
9.968803129801223628e-01
9.981550258281276511e-01
1.000668831304597717e+00
9.994458085166959549e-01
9.952645817753904556e-01
9.976744207280929810e-01
9.966004484336015157e-01
9.957600066250206217e-01
9.964900876277855701e-01
1.002264402600639759e+00
9.970396143620089413e-01
9.965895372542444841e-01
9.990595294277531124e-01
9.973554293977370255e-01
9.941510550448677819e-01
9.974947992907284844e-01
9.993397350242241295e-01
9.937137765107501020e-01
9.947147414531291032e-01
9.987632508661262731e-01
9.992050753150392151e-01
9.966413811292167413e-01
9.992308198849053635e-01
1.000024782017982838e+00
9.970258304962824614e-01
9.971790674063721882e-01
9.984872566002401806e-01
9.995698090397066027e-01
9.977439414142023066e-01
9.962368731146995504e-01
9.937894483350711017e-01
9.954605247354383346e-01
9.952931526074633162e-01
9.946310285617957492e-01
9.959125270289029830e-01
9.971950661455762921e-01
9.956538664744648548e-01
9.971696820283006968e-01
9.973818392058472204e-01
9.981779496633250703e-01
9.967421254929476060e-01
9.947405401149057580e-01
9.966922772573438838e-01
9.938912101816292921e-01
9.930742384138618872e-01
9.959275476306522767e-01
9.949002763691850992e-01
9.960975452934320851e-01
9.918239679885564319e-01
9.976877031527433548e-01
9.970013451150125938e-01
9.966155403396680379e-01
9.976295825391829908e-01
9.953436627975965623e-01
9.961722070946139596e-01
9.950210765027075466e-01
9.953885551411365551e-01
9.965075640597020890e-01
9.971351619974847535e-01
9.957422297114075782e-01
9.906291654998066187e-01
9.794815361366832063e-01
9.737418145775330602e-01
9.577698522258416558e-01
9.480864704362500506e-01
