0.000000000000000000e+00
0.000000000000000000e+00
0.000000000000000000e+00
0.000000000000000000e+00
0.000000000000000000e+00
0.000000000000000000e+00
0.000000000000000000e+00
0.000000000000000000e+00
0.000000000000000000e+00
0.000000000000000000e+00
0.000000000000000000e+00
0.000000000000000000e+00
0.000000000000000000e+00
0.000000000000000000e+00
0.000000000000000000e+00
0.000000000000000000e+00
0.000000000000000000e+00
0.000000000000000000e+00
0.000000000000000000e+00
0.000000000000000000e+00
0.000000000000000000e+00
0.000000000000000000e+00
0.000000000000000000e+00
0.000000000000000000e+00
0.000000000000000000e+00
3.220376457218453864e-02
8.024857948132847474e-01
2.971450753299397896e+00
3.658236840611551965e+00
2.436366294701717727e+00
1.255264110718625314e+00
6.225037155643007303e-01
3.326607503383432474e-01
2.628968702768111898e-01
2.531722842321746936e-01
2.674924266734803324e-01
3.113231405735346069e-01
3.236713848957525341e-01
3.309575407679414827e-01
3.335369332669860243e-01
3.595276360708340446e-01
4.185974792488286744e-01
5.127145797523610105e-01
6.477848179749000623e-01
8.093597400924882335e-01
9.820431423313240593e-01
1.143826487227730837e+00
1.276309706068927463e+00
1.347842687855828503e+00
1.456935832741502734e+00
1.528147359461392352e+00
1.554001256917332041e+00
1.537728457277276028e+00
1.454104923872591826e+00
1.342831352981670667e+00
1.207754830931703882e+00
1.088107778868050879e+00
9.819227193054790304e-01
9.276822988801528558e-01
8.925744345187425210e-01
8.750594882435689392e-01
8.558014225755358195e-01
8.657378130983237607e-01
8.805579800636592624e-01
9.017569668156028007e-01
9.162497036074384038e-01
9.381028102361573806e-01
9.636783853793247090e-01
9.694789744765008876e-01
1.000832279444601847e+00
1.012876353770945759e+00
1.010482429196841503e+00
1.029096008938886531e+00
1.045746201082062621e+00
1.042504760627183114e+00
1.046187465712061337e+00
1.035831583401070288e+00
1.030101800146809410e+00
1.016385890361195532e+00
1.002589914473045907e+00
1.004004931646176990e+00
9.862148420168722618e-01
9.823570767152283167e-01
9.676344411618771346e-01
9.651396424932383589e-01
9.670850135486332988e-01
9.673206143621412290e-01
9.791543788240751889e-01
9.818325396751186318e-01
9.866460371442781208e-01
9.842874361063832511e-01
1.002028855383438444e+00
9.928057399488224855e-01
1.005369895907240352e+00
1.002572071131227593e+00
1.009892011668900524e+00
1.006246022416714014e+00
1.002965294223974402e+00
1.003277354185612369e+00
1.009514600661993500e+00
1.008516791605556406e+00
9.963343278567732275e-01
9.987042069391879329e-01
1.000485498954711394e+00
9.912898391998126169e-01
9.934346241962337398e-01
9.929060636531725770e-01
9.923374142607167547e-01
9.902355182814571721e-01
9.864215158868268052e-01
9.896257060834413588e-01
9.914834208354110778e-01
9.866610399510172824e-01
9.939246092532928456e-01
9.960492014533419702e-01
9.990629670545644325e-01
9.990002219461815436e-01
9.943649184785291473e-01
9.958936418458335105e-01
9.999446604559142360e-01
9.945217302463931208e-01
9.999005735068966505e-01
1.001328511827539680e+00
1.000076076514238244e+00
9.950397963099967269e-01
9.952022201514278965e-01
9.975515523670841489e-01
9.924084130485797406e-01
9.947792462500950617e-01
9.956215438567619369e-01
9.956247986847104325e-01
9.922009650186925933e-01
9.932744151574328662e-01
9.893272573825456773e-01
9.886554353091737690e-01
9.941137998477530546e-01
9.910505741503393695e-01
9.880199888132396024e-01
9.968381033616416920e-01
9.905407193215882700e-01
1.002948350349276430e+00
9.930620559837129990e-01
9.957754950348099987e-01
9.952119968793982085e-01
9.976930842764192287e-01
9.971756864811662791e-01
9.939801115358576356e-01
9.934967322842515047e-01
9.965164808073170288e-01
9.957015612004984639e-01
9.967922360781562574e-01
9.919373661049377677e-01
9.973802519024442814e-01
9.879513477587681392e-01
9.980465170908275896e-01
9.968097730849574400e-01
1.000456840589416307e+00
9.930827470694637560e-01
9.925279641195409175e-01
9.967900623440083541e-01
9.980920581772700917e-01
9.897991245509683012e-01
9.979455385444114812e-01
9.999122098151360660e-01
9.963261418686216730e-01
9.950405638960433397e-01
9.980728503064522084e-01
9.964633772276738632e-01
9.922040665056590658e-01
9.977874991507403868e-01
9.945205118163414904e-01
1.001167399861234708e+00
1.002704372585708992e+00
9.983150417971918822e-01
9.956339841050703132e-01
9.936169652030529820e-01
9.988279847546018830e-01
9.953291181622410111e-01
9.949286630284759347e-01
9.959191270246856575e-01
1.002384431478058113e+00
9.961909238574676584e-01
9.945465740999809290e-01
9.969628872949629628e-01
9.948583519723305235e-01
9.953049185269293719e-01
9.966438593126052403e-01
9.947240544781049687e-01
9.933729781027429429e-01
9.988024748890332871e-01
9.931343539095321971e-01
9.972434200163260432e-01
9.943666464707946462e-01
9.957380310882965047e-01
9.925410595828729754e-01
9.957727130693645456e-01
9.940057737273066962e-01
1.000833158194969208e+00
9.915225114613031021e-01
9.963923661755157424e-01
9.926882474179864468e-01
9.931805416284505972e-01
9.947762919104480295e-01
9.966329202559297551e-01
9.971426951583434173e-01
9.987891086095033177e-01
9.968537933558625497e-01
9.960629187336295098e-01
1.001018161740241164e+00
9.948840413136599281e-01
9.995915385239600992e-01
9.952784316314797763e-01
9.967399455378852524e-01
9.986265244736314273e-01
9.996814081335709812e-01
9.980158227827903294e-01
1.002732063333256818e+00
9.979324678220787836e-01
1.000278789990099781e+00
9.957399660918019313e-01
9.974784828538272308e-01
9.973960554064376094e-01
9.965148341405859478e-01
9.940956146131528781e-01
1.002601484021738321e+00
9.971987859742208471e-01
9.991822902704120546e-01
9.987898982313845320e-01
9.977271411466527296e-01
9.975879867260126765e-01
9.945427614053438115e-01
9.972016997609615130e-01
9.983998950880429435e-01
9.995580255122453739e-01
9.976807223531942714e-01
9.951040953738850003e-01
9.963525586571991832e-01
9.952512929170972411e-01
9.978967258481430402e-01
9.960205822816023957e-01
9.968134604107892205e-01
9.983980220104734515e-01
9.958695570827225119e-01
9.976968977409306216e-01
1.000174159349934477e+00
9.999703400377697449e-01
9.972113265049104003e-01
9.980374118627669544e-01
9.976474188581415659e-01
9.996313038646303939e-01
1.002275402147726258e+00
9.966005225882329510e-01
9.976874011065061110e-01
9.989914825031213086e-01
9.972941329050474257e-01
9.966743980508377954e-01
9.966114801660407307e-01
9.992503622484746328e-01
9.981519722653048321e-01
9.982710616741291565e-01
9.992793113480271661e-01
1.000543816550784726e+00
9.978358024188056508e-01
9.965760980752689235e-01
1.000086012652791734e+00
9.995657126055619290e-01
9.989102235343568781e-01
9.990213795521896145e-01
9.980491261290354021e-01
1.000034058717817143e+00
1.000984688912438969e+00
1.000581720254940077e+00
1.000699310328275526e+00
9.993042875883239029e-01
9.986679559854056976e-01
9.953357955228786524e-01
9.850559718420784927e-01
9.759283130038336473e-01
9.635655461612121497e-01
9.535774055663261972e-01
