0.000000000000000000e+00
0.000000000000000000e+00
0.000000000000000000e+00
0.000000000000000000e+00
0.000000000000000000e+00
0.000000000000000000e+00
0.000000000000000000e+00
0.000000000000000000e+00
0.000000000000000000e+00
0.000000000000000000e+00
0.000000000000000000e+00
0.000000000000000000e+00
0.000000000000000000e+00
0.000000000000000000e+00
0.000000000000000000e+00
0.000000000000000000e+00
0.000000000000000000e+00
0.000000000000000000e+00
0.000000000000000000e+00
0.000000000000000000e+00
0.000000000000000000e+00
0.000000000000000000e+00
0.000000000000000000e+00
0.000000000000000000e+00
0.000000000000000000e+00
3.135292674258678691e-02
7.709206755768750474e-01
2.861556085713411690e+00
3.584786767541711328e+00
2.393878539189456145e+00
1.226539239179139651e+00
5.977420595453553087e-01
3.409519929582344178e-01
2.553342329984081838e-01
2.454194818814795231e-01
2.609093303182715151e-01
2.813129175773171342e-01
3.146194485951345765e-01
3.261242771941127994e-01
3.388079185358445211e-01
3.384434657109361422e-01
4.186526183488255004e-01
5.059067106790900992e-01
6.544330886346036991e-01
7.991701793676132537e-01
9.848584780999342092e-01
1.137376463517624448e+00
1.273684657864730729e+00
1.344474260239365559e+00
1.438367093236536665e+00
1.517083004528252843e+00
1.560286081128900770e+00
1.530600806189766239e+00
1.465305520831913677e+00
1.347126935385702495e+00
1.227892370292496649e+00
1.105147974696401247e+00
9.896205394973363045e-01
9.214674779322510334e-01
8.921160771664149447e-01
8.811503715519283242e-01
8.622851130181586887e-01
8.682244379278187818e-01
8.961655208714163212e-01
9.020094133731006991e-01
9.270419410264792992e-01
9.533996268671405261e-01
9.712095103488239678e-01
9.973379421029385794e-01
9.881469827201613265e-01
1.012002842434465144e+00
1.016453050043311768e+00
1.038224028826294720e+00
1.031987782142038235e+00
1.038768076482530445e+00
1.036992664323165281e+00
1.043727968199398504e+00
1.029157348745007416e+00
1.022054471801366216e+00
1.005273509108870700e+00
9.910080281836761706e-01
9.858703441753615682e-01
9.827588141431334856e-01
9.716167849784052013e-01
9.724317050139577034e-01
9.659699473178593454e-01
9.836497901438491231e-01
9.741507679240387629e-01
9.967533037756414194e-01
9.890669009788635169e-01
9.913876961665960552e-01
9.900946213699792775e-01
1.002035292552808876e+00
1.008004261921421119e+00
1.009885876151986883e+00
1.006163464607034763e+00
1.015873269394062417e+00
1.017039066122047197e+00
1.005186266900753189e+00
1.003768607340884023e+00
1.008484468028259640e+00
1.000783711851056967e+00
9.867150798804245060e-01
9.929517761548033450e-01
1.000518507051963768e+00
9.995941570561643896e-01
9.954065179777529249e-01
9.942164762534991818e-01
9.943180979447733270e-01
9.956415261426633245e-01
9.959346377525263305e-01
9.863061708758650292e-01
9.898959188943022847e-01
9.944584209638190897e-01
9.901573431915775547e-01
9.955541090469531840e-01
9.992547299724804377e-01
1.007948640745598423e+00
1.001318124423125511e+00
1.001815730167588070e+00
1.000333471145030240e+00
9.958886597568287202e-01
1.004523773590928482e+00
1.001094982307821457e+00
1.005383511714795564e+00
1.006678421366185905e+00
9.969300287337862221e-01
9.921286476892360318e-01
9.998832618082253987e-01
9.986706795436461892e-01
1.002787167426795190e+00
1.000263968586296404e+00
9.991277669695514119e-01
9.947722627403261519e-01
1.000200247100033302e+00
9.979801949447613119e-01
9.971203263040265830e-01
1.005807577469196579e+00
9.972979583610632748e-01
1.002082308551178746e+00
1.001268186551561135e+00
1.006163011547423602e+00
9.990194123202054133e-01
9.973864346993680519e-01
9.999195615627505251e-01
9.972194803187621748e-01
1.007903745432471077e+00
1.004856858725990509e+00
9.999511321109244566e-01
1.002019663219140932e+00
1.006023751012245171e+00
1.003988155872092003e+00
1.003146703791681915e+00
9.984185786162952381e-01
1.001431679084924031e+00
9.987578777974818189e-01
1.003789962894907628e+00
1.002554032036537590e+00
9.991811976217700453e-01
1.003755779717816266e+00
1.005764569898192295e+00
1.000440482858822921e+00
1.006353117881689796e+00
1.003289039011998618e+00
1.002286700553837617e+00
1.002859440338121466e+00
1.001821656317525733e+00
9.997328600744451732e-01
1.001461751543248901e+00
1.000609330862297863e+00
1.001231895436800245e+00
1.002313930706683065e+00
1.002587278674228477e+00
1.004111662902916535e+00
1.001609003150218058e+00
9.991882929343292030e-01
9.971804469934441029e-01
1.004526445065800244e+00
9.989982335028814164e-01
9.995020891864100365e-01
1.000001757530335933e+00
9.990286711340486958e-01
9.977162750670957037e-01
1.000716424626576284e+00
9.979680170266888029e-01
9.966103504740239094e-01
9.967804698787472439e-01
1.000913202962465443e+00
1.000316867476268134e+00
9.984281832464614315e-01
9.986742905392147485e-01
9.986080916201901525e-01
9.981742272660656390e-01
1.000002950546706515e+00
1.002824253801965604e+00
1.003629666537681375e+00
9.991773358430647844e-01
9.970302460727656912e-01
1.000055084436490827e+00
1.000431093549917660e+00
9.962403432655172475e-01
1.000483471305919192e+00
1.003007764940522240e+00
9.966209676324060407e-01
9.972385834342439859e-01
9.982447177899682611e-01
1.001336357353507234e+00
9.963232769041453496e-01
1.000177846838347984e+00
9.986091241740415736e-01
9.962259903812296091e-01
9.950490216349684447e-01
9.985008854727411842e-01
9.980992877939600660e-01
9.956635180109865146e-01
9.926950219656125451e-01
9.963113400230166894e-01
9.937968465422730713e-01
9.946993096451731686e-01
9.931857404125102873e-01
9.937440558273836766e-01
9.941082571594426209e-01
9.939128223283680841e-01
9.939482515314100874e-01
9.896221961569515724e-01
9.949315643025957723e-01
9.926874147249256097e-01
9.926396130965569053e-01
9.995200415654750259e-01
9.925636290967149167e-01
9.954238628403394573e-01
9.952716415973530406e-01
9.947388695886031362e-01
9.945458689699085975e-01
9.949536882016329908e-01
9.952452006588416999e-01
9.966428758326738579e-01
9.933712384955381003e-01
9.942839290965069798e-01
9.951758559764660728e-01
9.975152049774412832e-01
9.965939869976052634e-01
9.952001079708484577e-01
9.963402256490340170e-01
9.971865775726802550e-01
9.933451535156794243e-01
9.953872403189292228e-01
9.968676923013360947e-01
9.962899866034640173e-01
9.950582257927340635e-01
9.936223326977607906e-01
9.953515227562200751e-01
9.953330312806987212e-01
9.937406657071506944e-01
9.981953347648874209e-01
9.960702577051112616e-01
9.954721168278991561e-01
9.945456950163572563e-01
9.976204764682020665e-01
9.964481976478875014e-01
9.966520980252174811e-01
9.969213263067859820e-01
9.958044310007548860e-01
9.985147457354907052e-01
9.958645625573172566e-01
9.968074340538732869e-01
9.988852084830114331e-01
9.941689698068587600e-01
9.982937244752868589e-01
9.927084527004715886e-01
9.981348496027653283e-01
9.998358999704862748e-01
1.000703817181239241e+00
9.957659593883797511e-01
9.990947047337327414e-01
9.957770614834574596e-01
9.811973463895888870e-01
9.703857270766940157e-01
9.593596731927553911e-01
9.495387865390637616e-01
