0.000000000000000000e+00
0.000000000000000000e+00
0.000000000000000000e+00
0.000000000000000000e+00
0.000000000000000000e+00
0.000000000000000000e+00
0.000000000000000000e+00
0.000000000000000000e+00
0.000000000000000000e+00
0.000000000000000000e+00
0.000000000000000000e+00
0.000000000000000000e+00
0.000000000000000000e+00
0.000000000000000000e+00
0.000000000000000000e+00
0.000000000000000000e+00
0.000000000000000000e+00
0.000000000000000000e+00
0.000000000000000000e+00
0.000000000000000000e+00
0.000000000000000000e+00
0.000000000000000000e+00
0.000000000000000000e+00
0.000000000000000000e+00
0.000000000000000000e+00
3.591061402342992509e-02
7.800985118723983147e-01
2.863298381222662226e+00
3.531122199375063442e+00
2.340029509648778205e+00
1.233219456161858130e+00
5.846218706215843275e-01
3.423297047523826686e-01
2.577919442797038663e-01
2.461793241506853580e-01
2.653013202170431128e-01
2.986809001384000406e-01
3.142000725665690664e-01
3.160963605251115305e-01
3.247651535621063346e-01
3.482481553494935489e-01
4.052764884235977583e-01
5.022767788861485228e-01
6.540893468142903178e-01
8.341135586400534319e-01
9.742193417944926548e-01
1.153490201787997327e+00
1.279748468630750979e+00
1.379198393272462297e+00
1.462916715726858108e+00
1.538406762152863649e+00
1.572396313420226788e+00
1.551060903699141846e+00
1.471863474802486582e+00
1.347835412919087483e+00
1.224188454438155382e+00
1.102044565007176402e+00
1.014603240584317945e+00
9.406234545912022238e-01
8.864986015887971194e-01
8.761713974403780858e-01
8.717750762758592620e-01
8.803049534784306296e-01
8.817099896755130617e-01
9.084451209689446971e-01
9.248111859647250022e-01
9.405438151373858302e-01
9.602334188524140890e-01
9.874263409393849722e-01
1.006067969443369625e+00
1.004281043164585885e+00
1.029898697781135297e+00
1.031304059500756098e+00
1.047588264056897867e+00
1.039223174405955463e+00
1.038897027241862059e+00
1.044028432738310919e+00
1.042718458980539165e+00
1.019269555585911702e+00
1.012762885425070980e+00
9.987693125856361709e-01
9.850138565198786056e-01
9.852981230515480693e-01
9.777897919950251371e-01
9.820658165662143890e-01
9.681781755439144987e-01
9.680678646439617729e-01
9.713651385834168872e-01
9.765151554158202352e-01
9.816333981579388190e-01
9.942766467237794670e-01
9.969705122432318545e-01
1.002955343124233956e+00
1.007482174932263108e+00
1.010203214483612832e+00
1.015170910748160127e+00
1.014740921782052441e+00
1.007076366892982078e+00
1.005759138248775386e+00
1.008597077652112040e+00
1.008003854770090690e+00
1.006824304518612490e+00
1.006204338222332684e+00
1.003482381935127066e+00
9.966912371655013425e-01
9.899094293455835691e-01
9.936147835874299394e-01
9.908367011320826645e-01
9.928567742113004746e-01
9.926903947661431804e-01
9.904699331711875887e-01
1.000722082989712103e+00
9.929544035907998945e-01
9.963681061134995742e-01
9.911704351403081148e-01
9.935608501582411378e-01
9.896600786521333459e-01
1.001602371478577114e+00
9.999086494292892535e-01
9.956390882398121756e-01
9.998359586007079525e-01
1.001801685883924486e+00
1.001939857790526300e+00
1.002489054261525459e+00
9.949156183143846865e-01
9.993879454266203499e-01
9.951166261564742266e-01
9.933299758573552740e-01
1.002994872077350275e+00
9.971135424196846397e-01
9.934924522478711939e-01
9.996303346252510824e-01
9.907535137802996328e-01
9.940204253561572001e-01
9.920298760937752425e-01
9.987621758060291066e-01
9.933338167089279525e-01
9.966234356092260604e-01
9.969320402082971766e-01
9.964817417463929239e-01
9.971450449823692219e-01
9.968292192667519425e-01
9.951370252781096548e-01
9.970403580252134024e-01
9.903541390748323847e-01
9.980802359955136538e-01
9.996054438338795034e-01
9.975388543697915056e-01
9.985132873222599681e-01
9.963787496927112297e-01
9.915531055751680700e-01
9.955132348196786829e-01
9.951880873468864630e-01
9.933709523796429020e-01
9.949959544626749697e-01
9.948797602471323165e-01
9.948366287586500878e-01
9.980766912070713204e-01
1.000565818381644823e+00
9.951696580679459947e-01
9.934490146370883457e-01
9.922630476253943010e-01
9.950879687994090839e-01
9.928053798227349791e-01
1.001004773544832416e+00
9.940874803389617709e-01
9.909676293474964925e-01
9.983750099630837038e-01
9.904508111358913958e-01
9.912883120844302454e-01
9.970750046970215941e-01
9.946628407836752839e-01
9.964563741218546156e-01
9.946144765950954980e-01
9.939057423641772804e-01
9.924083497917849384e-01
9.915592567852388184e-01
9.955843396778937260e-01
9.909060177268262937e-01
9.926263954625962338e-01
9.921316330949399021e-01
9.963418245802381223e-01
9.928821637071999495e-01
9.913155558987652993e-01
9.926103122181283434e-01
9.920905696049187039e-01
9.959744185420030815e-01
9.935191892533723479e-01
9.974342099630435499e-01
9.959881236207853705e-01
9.965807294249920956e-01
9.942005239989090137e-01
9.988683919085539209e-01
1.000901894723042362e+00
9.957464605122888779e-01
9.958667367818838656e-01
9.924192242782494677e-01
9.981801719124380190e-01
9.981395693250018075e-01
9.983849198074302711e-01
9.938406301716273816e-01
9.957874404426561021e-01
9.978417772091175975e-01
9.997048013016481827e-01
9.990328516066412368e-01
9.960794452930442633e-01
9.969742799569949465e-01
9.973278068278048636e-01
9.967461376596311595e-01
9.944746917937590247e-01
9.998937727145132959e-01
9.946292381750025946e-01
9.969963520148313885e-01
9.975067707957330221e-01
9.980207531932968612e-01
9.964268406099094921e-01
9.942107588914518290e-01
9.988301944859049319e-01
9.964015381344432098e-01
9.953758728269466172e-01
9.963672865108958998e-01
9.977989319453759443e-01
9.992208046266560784e-01
9.950338487628958006e-01
9.961625926992789815e-01
9.964667785643708253e-01
9.946421489207325495e-01
9.946159331414430316e-01
9.968701551703587072e-01
9.940152016125149981e-01
9.983236995137639846e-01
9.925361778295880288e-01
9.976014984496252014e-01
9.975227766206630209e-01
9.944396493548751659e-01
9.996007979378551678e-01
9.979553600946319269e-01
9.972846315229989544e-01
9.981834215063445370e-01
9.961598376964115875e-01
9.992144252052407305e-01
9.970169412064631143e-01
9.984903884216353998e-01
9.944042803985219114e-01
9.998451710219556920e-01
9.985681179752788905e-01
9.965406439918694792e-01
9.956600385912058870e-01
9.977477729718746691e-01
9.963460304860123351e-01
9.938803406722845901e-01
9.961635064732472511e-01
9.987980247341351481e-01
9.973163433646041742e-01
9.992037759188733270e-01
9.995661018427717259e-01
9.967484526003989043e-01
9.987243542086573500e-01
9.965985596291809800e-01
9.950730802722006496e-01
9.941725422678366897e-01
9.950591112847790853e-01
9.972509589170797106e-01
9.992501297144510408e-01
9.987346844323219397e-01
9.969181148352238564e-01
9.967212691808270408e-01
9.975589063273125889e-01
9.994645304262862462e-01
9.988135536307108930e-01
9.965135465576031581e-01
1.000913807738756267e+00
1.001378826244793796e+00
9.994885590996442915e-01
9.960470616619140349e-01
9.970051574091730595e-01
9.838766049504009681e-01
9.711806327653486060e-01
9.618482444196444492e-01
9.547169433200836108e-01
