0.000000000000000000e+00
0.000000000000000000e+00
0.000000000000000000e+00
0.000000000000000000e+00
0.000000000000000000e+00
0.000000000000000000e+00
0.000000000000000000e+00
0.000000000000000000e+00
0.000000000000000000e+00
0.000000000000000000e+00
0.000000000000000000e+00
0.000000000000000000e+00
0.000000000000000000e+00
0.000000000000000000e+00
0.000000000000000000e+00
0.000000000000000000e+00
0.000000000000000000e+00
0.000000000000000000e+00
0.000000000000000000e+00
0.000000000000000000e+00
1.587052315592348461e-05
2.841028462765009255e-02
9.104013396796596380e-01
3.138773820034105988e+00
3.275164888614953362e+00
1.895003426298152549e+00
8.920149487470624416e-01
4.219784164913584212e-01
2.232359639534091389e-01
2.260342393112896586e-01
7.690237361356093704e-01
1.636277619259610905e+00
1.871641760575992741e+00
1.482766740277863260e+00
1.040544255406899987e+00
7.475741682212545536e-01
6.286110053359578176e-01
6.106847231543977017e-01
6.512035137674915264e-01
7.285343312248762082e-01
8.230108001424696340e-01
9.149229745779231537e-01
1.005034927695909186e+00
1.074860198883647922e+00
1.141843961210282865e+00
1.179185090816590398e+00
1.207038776922291223e+00
1.212737715391777549e+00
1.196334154119605531e+00
1.166744047202789014e+00
1.128248698267512173e+00
1.086932421731463316e+00
1.047910478114685295e+00
1.014988224760901225e+00
9.846191145155127611e-01
9.652931510671335369e-01
9.464744362094954511e-01
9.359981321846612135e-01
9.327195140134200146e-01
9.250305364641455697e-01
9.272431111777316159e-01
9.329014991597088802e-01
9.397973768421662433e-01
9.512573036902176593e-01
9.635677977607366440e-01
9.769822501180771557e-01
9.872006378840754159e-01
9.957273707310050348e-01
1.008127219710477140e+00
1.010722259944491164e+00
1.016059077495122809e+00
1.018905913716992018e+00
1.019982927465659550e+00
1.019723099589906923e+00
1.018864402741131547e+00
1.016089855876443515e+00
1.012989275990529681e+00
1.008956333928186622e+00
1.006127076479671256e+00
1.003977041359815470e+00
1.000587073375319269e+00
1.000046959596634810e+00
9.994182165536893425e-01
9.978331528578373577e-01
9.965939528204633691e-01
9.954085916587736005e-01
9.982711902024685724e-01
9.984765495495054877e-01
9.972688068419593987e-01
9.976609332679037268e-01
9.973370031522655887e-01
9.970916096203187307e-01
9.976722714035834993e-01
9.975949346480074142e-01
9.976851097040770888e-01
9.971380424476985471e-01
9.964193199402827661e-01
9.980246339363378905e-01
9.972323888960819005e-01
9.972809281342647214e-01
9.982264506364283418e-01
9.971904129758804025e-01
9.986795944408517478e-01
9.991780472625614307e-01
1.000280347457242813e+00
1.000397346316359570e+00
1.001069357965922668e+00
9.999547510464690259e-01
1.000359954921979933e+00
1.000347179166733769e+00
1.002232324118663032e+00
9.999931286008355569e-01
1.001568890860466299e+00
1.001287920123733022e+00
1.000953485072576310e+00
1.001080534454351190e+00
9.992538730831134197e-01
9.993053309134545259e-01
1.000445036976866930e+00
9.989239510280140122e-01
1.000161905660482242e+00
9.998325776010286159e-01
9.991197157560895992e-01
9.986639472065268475e-01
9.990871456781889037e-01
9.989236856983032542e-01
9.986179952356089018e-01
1.000269214930711081e+00
9.986181229974202544e-01
9.992311268281132142e-01
9.999690153403678616e-01
9.996793829437515821e-01
9.996778163707382703e-01
9.994477063039212128e-01
9.992875773647290627e-01
1.000014822692416372e+00
1.000601040140631337e+00
1.000767388606184527e+00
1.000155876218658868e+00
9.989797555203940860e-01
1.000984218029415507e+00
9.992454858217747482e-01
9.997406279595012490e-01
1.000920590132507781e+00
1.000352784146480545e+00
9.994932785545290743e-01
1.000298935095837560e+00
9.997034427024679148e-01
1.000367256789962411e+00
1.000119236012730228e+00
1.000142874364846168e+00
9.996154599663025220e-01
1.000082018004101458e+00
9.993219702329249055e-01
9.993109850303282249e-01
9.993917070429181315e-01
1.000220580163801110e+00
9.999660683515988469e-01
9.993008336960671478e-01
1.000200416670933068e+00
1.000029481468905690e+00
1.000192479475869645e+00
9.999508597091957274e-01
1.000066275529700288e+00
9.998180390071171875e-01
9.996513260850761196e-01
9.993868775005071425e-01
9.988743832593884875e-01
9.998435131372012119e-01
1.000610479647169759e+00
1.000618585943964911e+00
9.994886170229720923e-01
9.986999789246135961e-01
9.992731541969561704e-01
1.000017597816061254e+00
9.992843408319436183e-01
9.996790723260856604e-01
9.988348544409324514e-01
9.993237561034402638e-01
9.998992142051640331e-01
9.996467106245817691e-01
1.000045784741829813e+00
9.996666830693701211e-01
9.991036886230761915e-01
9.999409847635415405e-01
1.000040160654403376e+00
1.000022181040960190e+00
9.995059552182018470e-01
9.993930699805385620e-01
9.995265346421152719e-01
9.995320909730641690e-01
9.999456067767269474e-01
9.996602323101624332e-01
1.000652876152568815e+00
1.000034821115689310e+00
9.996554055063349153e-01
9.994286757893501294e-01
9.992293225546204916e-01
9.998954483427434647e-01
9.999214632902129196e-01
9.993514327940402620e-01
1.000064725563588386e+00
9.999839755407397002e-01
9.999940775979925256e-01
9.994755453523243016e-01
9.992127474401417686e-01
9.996440380603673903e-01
9.991955944715688043e-01
9.992985383156703927e-01
1.000140236281777062e+00
9.994462386050133595e-01
1.000308101851687725e+00
9.997564620176427885e-01
9.995374071215269440e-01
9.995940269350390706e-01
9.997812241614695283e-01
9.991496591550127482e-01
9.995949470504306156e-01
1.000131789779140856e+00
9.997732048758058987e-01
1.000424367416222315e+00
9.997556839387848893e-01
9.999867271546335479e-01
1.000045145456543105e+00
9.998052739274055911e-01
9.996331657189095887e-01
1.000595525116560802e+00
9.995666921922696790e-01
9.998641454249894700e-01
9.995605590087180969e-01
9.997582105222739823e-01
9.998550304380335874e-01
9.999038198215980389e-01
9.994288719408600530e-01
9.999656374062960706e-01
9.999828696451749099e-01
1.000264847432341231e+00
9.996660002250556953e-01
9.998351407906856947e-01
1.000046271051356239e+00
1.000392324627018104e+00
9.998047134447825002e-01
9.997597178082130442e-01
1.000067865452316296e+00
9.999279976809841708e-01
1.000333102487089176e+00
1.000045611735774553e+00
9.997217119263601681e-01
9.998165612079146225e-01
1.000176757266492134e+00
9.997918619114111172e-01
9.997164079672336001e-01
1.000173805243359304e+00
1.000229663526767121e+00
1.000261383408912685e+00
9.996941011426151436e-01
1.000172407282823972e+00
1.000110509328185682e+00
9.995651035808795770e-01
9.999306638083632626e-01
1.000187237876756452e+00
9.998199653750826643e-01
1.000063071806533532e+00
9.999319460442978036e-01
1.000133880656415286e+00
1.000862002119812688e+00
1.000163281095707291e+00
1.000339933111915380e+00
1.000349170445854474e+00
1.000254032257021919e+00
1.000177354883782233e+00
1.000166069948748682e+00
9.995628520579172838e-01
1.000062697608503193e+00
9.995208056888252868e-01
9.947988931657160139e-01
9.838278757019487397e-01
9.736065352406001461e-01
9.630372853419745249e-01
9.524109308236978766e-01
