0.000000000000000000e+00
0.000000000000000000e+00
0.000000000000000000e+00
0.000000000000000000e+00
0.000000000000000000e+00
0.000000000000000000e+00
0.000000000000000000e+00
0.000000000000000000e+00
0.000000000000000000e+00
0.000000000000000000e+00
0.000000000000000000e+00
0.000000000000000000e+00
0.000000000000000000e+00
0.000000000000000000e+00
0.000000000000000000e+00
0.000000000000000000e+00
0.000000000000000000e+00
0.000000000000000000e+00
0.000000000000000000e+00
0.000000000000000000e+00
1.586955219758124310e-05
2.946178360907573957e-02
9.119528853495444398e-01
3.138243635318100910e+00
3.282253546558415724e+00
1.896467075780976730e+00
8.969751236545026041e-01
4.223053809134503234e-01
2.230498641930230563e-01
2.278751728105814223e-01
7.749134577548961733e-01
1.639605750892933811e+00
1.871603030801203493e+00
1.487044440555895353e+00
1.033302006767522707e+00
7.527099348752461783e-01
6.256286477185114547e-01
6.100449767432303272e-01
6.535576737839452477e-01
7.260358812638750825e-01
8.184506415273147262e-01
9.171520369850060250e-01
1.002646949852504354e+00
1.074695738558431257e+00
1.138735830568113450e+00
1.187602775457287541e+00
1.209007109518078327e+00
1.210697550102518338e+00
1.195543531376419333e+00
1.166277934727479870e+00
1.126442952708870182e+00
1.089536806553289994e+00
1.047306692802131955e+00
1.016387314922521989e+00
9.835617811160670687e-01
9.621070937249649457e-01
9.461490700566598244e-01
9.366671650334023047e-01
9.310758752679487715e-01
9.294713975131441153e-01
9.268856905028060034e-01
9.314723478413481361e-01
9.424054624253582757e-01
9.524629555044362705e-01
9.631512979699274890e-01
9.755014142733127169e-01
9.893560321252761192e-01
9.989604668498557327e-01
1.005093030063358928e+00
1.009808371059028653e+00
1.015027945341487881e+00
1.017576629709743274e+00
1.021235251258099774e+00
1.022656203285735366e+00
1.020596385938883577e+00
1.017951492156185855e+00
1.015000601328012397e+00
1.012158594793805433e+00
1.007408859019705227e+00
1.004423267133432107e+00
1.000992150973658124e+00
9.996202331092112203e-01
9.989111524360935190e-01
9.968986291139118050e-01
9.975727461890384618e-01
9.971087707442356507e-01
9.973310967759130286e-01
9.969125742393861733e-01
9.993624991690653880e-01
9.982710824936127381e-01
9.983192785217982479e-01
9.974998824312819590e-01
9.969992492703907416e-01
9.981298138687468846e-01
9.978257475218941241e-01
9.981785077907262549e-01
9.957516458823604255e-01
9.970766382819338247e-01
9.996945590689180206e-01
9.980190002351849721e-01
9.969052903118174047e-01
9.998921800862314857e-01
9.998629049746499131e-01
9.990359673938369323e-01
9.994818746920021146e-01
9.999358040414537685e-01
9.994343391370178464e-01
1.001452634544848896e+00
1.001966331141261213e+00
1.000734930843766080e+00
1.000887203201949127e+00
1.001746006455130011e+00
1.001162925159207573e+00
1.000861092924713258e+00
1.000141261988466423e+00
9.991051922051826795e-01
1.000389487414384604e+00
1.001365212970746654e+00
9.995292543614993086e-01
9.994252386048071424e-01
9.996197340203931692e-01
9.996747099099790868e-01
9.986563058746533716e-01
1.000109058380584059e+00
9.990161235922002669e-01
9.994419400275786902e-01
9.996590394927014067e-01
1.000416877715432529e+00
9.996586561381688441e-01
9.984321563862471605e-01
9.997480303557414461e-01
9.997362617959977271e-01
9.998339866164216438e-01
1.000070365451921850e+00
9.994546866565082732e-01
1.000914234748417009e+00
9.989466931876407330e-01
1.001658065645470774e+00
1.000088427343927888e+00
1.000742882681092016e+00
1.001028744386835534e+00
9.995738079358134076e-01
1.000910001097828239e+00
1.000251658666134968e+00
1.001383188934795720e+00
9.990943560575095139e-01
1.000545118418738832e+00
1.000586610274459387e+00
9.993571586474202517e-01
9.996566307891362468e-01
9.994971050152641201e-01
9.999954709296776656e-01
9.994638185217776805e-01
9.987127497035994672e-01
9.994208689888599562e-01
1.000182986373365335e+00
9.999150881936939017e-01
1.000368210613353792e+00
9.994401646835733288e-01
1.000318832674753633e+00
9.997002919179218683e-01
9.994438373824009458e-01
9.999599082902610458e-01
9.999354728028403416e-01
9.993705971509118102e-01
9.999401270683458964e-01
1.000685950493027443e+00
9.996404178482616310e-01
1.000400940395061999e+00
9.999272620738909323e-01
9.998850479886046694e-01
9.998361487275541082e-01
1.000160998374051147e+00
9.990181237773627654e-01
1.000242730397480795e+00
1.000926113327767819e+00
1.000123889989166015e+00
9.999949432008700123e-01
9.995716237577080276e-01
1.001231336865396448e+00
1.000311356026299503e+00
1.000296639454219205e+00
9.997266912314296539e-01
9.999896813566123699e-01
1.000021290621068815e+00
1.000097033902159982e+00
1.000455212751394152e+00
9.995945089534697958e-01
1.000209191633477435e+00
1.000742630755623308e+00
9.998179716271793360e-01
1.000152179067535174e+00
9.996329149492133581e-01
9.993185676810053542e-01
9.992327137712779805e-01
9.999371932737753932e-01
9.998097854245535654e-01
1.000223667984180498e+00
9.999614130852134686e-01
1.000271576409654140e+00
1.000120945599358047e+00
9.991492407372235540e-01
1.000157041391519952e+00
9.999686566815703115e-01
9.991883805810242158e-01
1.000685992669703372e+00
1.000426032697263601e+00
1.001038336836103548e+00
1.000598589311449516e+00
9.999016857582192497e-01
9.998067565701519444e-01
1.000383646391333592e+00
9.997910196118228177e-01
1.000603948624874118e+00
1.000242105830980055e+00
1.000599540534399035e+00
1.000282814622518224e+00
1.000189049179712963e+00
9.995934620129395265e-01
1.000111601551753493e+00
1.000570327011498506e+00
9.997406092524171450e-01
1.000320741494642895e+00
1.000314601167703321e+00
1.000257095815308084e+00
1.000206128025111774e+00
1.000182725532624106e+00
1.000056383856763764e+00
1.000246163497412022e+00
1.000287019124593613e+00
9.997708686034962877e-01
1.000240324114211932e+00
1.000744075998206695e+00
1.000169449706108660e+00
1.000144033286766376e+00
1.000229715455049906e+00
1.000487013502672884e+00
1.000831294689171980e+00
1.000188514784096316e+00
1.000027999688527958e+00
1.000188000914526754e+00
1.000278239307787587e+00
9.998020022266314033e-01
9.997523144593610800e-01
1.000016455642404267e+00
9.996905191475597974e-01
1.000135596312447861e+00
1.000076636349209291e+00
9.999739173898157807e-01
1.000696995365766950e+00
9.995424333729143740e-01
1.000565142033045030e+00
1.000809730520751950e+00
1.000531046783031286e+00
1.000297510141186619e+00
9.997228603948041803e-01
1.000270800235885327e+00
1.000423156927382484e+00
9.991425857441995628e-01
1.000348426534932944e+00
1.000168609259906249e+00
9.998625865745869312e-01
1.000638770367667130e+00
1.000060992745879895e+00
1.000343382366561062e+00
1.000179523306669704e+00
1.000014744419925883e+00
9.996858513200462815e-01
1.000324702398833754e+00
9.997948861394667652e-01
9.998741235752403034e-01
1.000209128547572046e+00
1.000527386270216423e+00
9.998877264262328035e-01
1.000438581131479987e+00
9.944502958537901893e-01
9.843198933334847966e-01
9.733771027602647896e-01
9.631196677259690198e-01
9.516853588451288370e-01
