0.000000000000000000e+00
0.000000000000000000e+00
0.000000000000000000e+00
0.000000000000000000e+00
0.000000000000000000e+00
0.000000000000000000e+00
0.000000000000000000e+00
0.000000000000000000e+00
0.000000000000000000e+00
0.000000000000000000e+00
0.000000000000000000e+00
0.000000000000000000e+00
0.000000000000000000e+00
0.000000000000000000e+00
0.000000000000000000e+00
0.000000000000000000e+00
0.000000000000000000e+00
0.000000000000000000e+00
0.000000000000000000e+00
0.000000000000000000e+00
1.586403220928417904e-05
2.743233154971567653e-02
9.114249632870934370e-01
3.165836894767277698e+00
3.288287285800686188e+00
1.911802850750577099e+00
8.981347446753589203e-01
4.199543735960822866e-01
2.248110231415083315e-01
2.285390889880881682e-01
7.770450343603512167e-01
1.642213856094168811e+00
1.877839038864513199e+00
1.496793856844754966e+00
1.034880860869292984e+00
7.460621107732647861e-01
6.258264379301715641e-01
6.078176284221739056e-01
6.487104497348233911e-01
7.253217957371556057e-01
8.166577893768478535e-01
9.122296897512508496e-01
1.004236261142821496e+00
1.081598543860457395e+00
1.141363485226560837e+00
1.183031600263253269e+00
1.209400694846079150e+00
1.215061086063321749e+00
1.199359900510292620e+00
1.172232025652258258e+00
1.128691913923498547e+00
1.090588339578191013e+00
1.050735742403892337e+00
1.018694218703864118e+00
9.872470628042071539e-01
9.655477800057493676e-01
9.471860486473291374e-01
9.373235362122358527e-01
9.317223331474919767e-01
9.274115171289522008e-01
9.270223659519410964e-01
9.326750904897581629e-01
9.411422147709230801e-01
9.522407981538485444e-01
9.633788628184658531e-01
9.767225514210825521e-01
9.882745643922347112e-01
9.978256317233995532e-01
1.005000638862763251e+00
1.011319392550166896e+00
1.017166227530701628e+00
1.021031331116397212e+00
1.021433139083748776e+00
1.023338546485388800e+00
1.020965832030111375e+00
1.015962049205313633e+00
1.016273480258589101e+00
1.012172893710463040e+00
1.008311503680387355e+00
1.004023251655444593e+00
1.002909801023940339e+00
1.002079410492073608e+00
1.001111902120507491e+00
9.980868583303773578e-01
9.991075142090944938e-01
9.986428117539226657e-01
1.000144350114237080e+00
9.976562257143347656e-01
9.977982838749371863e-01
1.000003302431929919e+00
9.978897985544189497e-01
9.968231847831685588e-01
9.988828917302474686e-01
9.987879287139136419e-01
9.978131853045899557e-01
9.980952454110724181e-01
9.982401666399707274e-01
9.976725636790179097e-01
9.982437520527388530e-01
9.989158659131335272e-01
9.994462210504468924e-01
1.000520434882173237e+00
9.997975510242799180e-01
1.000394677118966680e+00
1.000658329006615554e+00
1.001467367579377710e+00
1.002265487361718499e+00
1.002722245099761267e+00
1.001007202421948739e+00
1.001788287111192943e+00
1.001757976299405772e+00
1.001034985955067125e+00
1.002218781235144185e+00
1.002317389181763607e+00
1.001267359287890235e+00
1.000660601780167580e+00
1.000533806325001329e+00
1.001048779610921979e+00
9.999551344185768631e-01
9.995735027670230588e-01
9.992426403668464019e-01
9.995085722616218193e-01
9.993665097015835830e-01
1.000063721393821936e+00
9.992997281998932113e-01
9.996518741651733153e-01
9.995271738254466465e-01
9.991221795702970310e-01
9.994995284840052507e-01
1.000313513838474222e+00
1.000076093526144350e+00
1.001070570600573584e+00
1.001641286873982573e+00
1.000947464741269499e+00
1.000083106365286412e+00
9.998012158204296895e-01
9.994015964244824524e-01
1.000420508011982124e+00
1.000394088866430442e+00
1.000137455171631551e+00
1.000566376753644571e+00
1.000671502400705126e+00
9.998722526648969877e-01
1.000559144909535236e+00
9.997277638682808831e-01
9.998413831917348782e-01
1.000236551564123388e+00
9.997772978793409981e-01
1.001148582238819751e+00
1.000486495374133700e+00
9.998539358832538859e-01
9.998263090071609627e-01
9.998573550259758358e-01
1.000610698164960510e+00
1.000227510145524690e+00
1.001107209040351886e+00
9.997698409324859981e-01
1.001284727920007001e+00
9.997032750710794780e-01
9.998495293921911831e-01
9.996637042671238094e-01
9.999631351164566251e-01
1.000940605598628963e+00
1.000822899617673789e+00
9.998529202636836644e-01
1.000921794154571831e+00
1.000730669802222250e+00
1.000378389658789002e+00
9.995522473934270735e-01
1.000062442979041011e+00
9.997742033605645506e-01
9.999556276759228313e-01
1.000045939679814033e+00
1.000084352266818577e+00
9.997445867484043847e-01
1.000853123788783217e+00
1.000081462207840666e+00
9.995053071431372338e-01
1.001234709613413987e+00
9.990873188169604457e-01
9.997513755633529176e-01
1.001321512400529246e+00
1.000530745538685151e+00
1.000334167787087836e+00
1.000763187494464468e+00
9.997947042908963411e-01
1.000441947940746923e+00
1.000129359904191162e+00
1.000212217581390783e+00
1.000244314254205902e+00
1.000564587335812439e+00
1.000082493004735618e+00
9.993609652196981941e-01
1.000101497814876117e+00
1.000257548456449319e+00
1.000167737596160844e+00
9.990646437605289476e-01
1.000011490314706597e+00
1.000459926395852905e+00
1.000366792320521059e+00
1.000418151524467225e+00
1.000226573869431590e+00
1.000104132409935564e+00
1.000608524304168023e+00
1.000106847320172632e+00
9.997966367265647136e-01
1.000248028628785368e+00
1.000879083238950917e+00
1.000141486295506033e+00
9.999002812011794639e-01
1.000076742612673097e+00
1.000204274247357361e+00
1.000679983335013290e+00
1.000563109713634269e+00
1.000058389777944479e+00
9.999486739621713527e-01
9.995571737955849523e-01
9.997429008937764872e-01
9.999576672975152292e-01
1.000493928531446697e+00
1.000141513294583895e+00
1.000431643108272262e+00
1.000047549660182389e+00
9.998332991727904018e-01
1.000978454691584529e+00
1.000009286939500308e+00
1.000673965640746621e+00
9.997853165173382628e-01
1.000433997764451188e+00
1.000377760844188169e+00
9.996727447948333678e-01
9.997187092167735267e-01
1.000079820187788515e+00
9.998161743203364260e-01
9.999183790872474553e-01
9.994190222324530470e-01
9.999076053901488903e-01
1.000402310015663154e+00
1.000157597578816615e+00
9.997147975071821735e-01
9.993789562966681750e-01
1.000125474208664711e+00
1.000271680551267695e+00
9.999937580326153652e-01
9.995491503412325951e-01
1.000531484948589789e+00
1.000529131107697811e+00
1.000110318362289474e+00
1.000138253079171147e+00
9.999622188630301611e-01
1.000111932970052298e+00
1.000172200560453195e+00
9.999539409518287680e-01
9.996595324360729728e-01
9.997929827641547362e-01
9.998950491832974130e-01
9.997180385787302059e-01
9.997449148980142031e-01
9.997360658225976637e-01
9.997484589190750448e-01
1.000368828237146124e+00
1.000184812544492541e+00
9.995890215754187347e-01
9.997149610987943191e-01
9.997797327513899823e-01
1.000041725870346898e+00
1.000562882243062557e+00
1.000404287728438479e+00
9.998001813056539566e-01
1.000037092552368501e+00
9.999322355062046919e-01
1.000143191390151953e+00
1.000234504554810000e+00
1.000419960190852109e+00
9.993870524879115980e-01
9.943705900351703653e-01
9.838595034418746721e-01
9.724856339827199214e-01
9.624977725916704641e-01
9.516769817805887932e-01
