0.000000000000000000e+00
0.000000000000000000e+00
0.000000000000000000e+00
0.000000000000000000e+00
0.000000000000000000e+00
0.000000000000000000e+00
0.000000000000000000e+00
0.000000000000000000e+00
0.000000000000000000e+00
0.000000000000000000e+00
0.000000000000000000e+00
0.000000000000000000e+00
0.000000000000000000e+00
0.000000000000000000e+00
0.000000000000000000e+00
0.000000000000000000e+00
0.000000000000000000e+00
0.000000000000000000e+00
0.000000000000000000e+00
0.000000000000000000e+00
0.000000000000000000e+00
2.850561279891532240e-02
9.147646313974500121e-01
3.164099035524231329e+00
3.282201157154156057e+00
1.904051277275306653e+00
8.957309416417660319e-01
4.226704600286939062e-01
2.230683870922739453e-01
2.273150040109832293e-01
7.756812844299612042e-01
1.642101839388069751e+00
1.873378172382478946e+00
1.492520633618947379e+00
1.032672131175628394e+00
7.504418054704246055e-01
6.255324151316876691e-01
6.082867894858801083e-01
6.502595453795851910e-01
7.239396501477135537e-01
8.197650104049609698e-01
9.125839847539294336e-01
9.995696742349923225e-01
1.077797245033218276e+00
1.140461557388227964e+00
1.182951554610426559e+00
1.208973121619946189e+00
1.213693552569208300e+00
1.195058378667049226e+00
1.166171642872603220e+00
1.129352704294275478e+00
1.087867828462770747e+00
1.048304471309987385e+00
1.017605702440539162e+00
9.845174957812553584e-01
9.632887866273135424e-01
9.464720442426342029e-01
9.352168034215216919e-01
9.330776423872279013e-01
9.276383865307780141e-01
9.245203835104180978e-01
9.326805977398634484e-01
9.404043004266793293e-01
9.520769723515948302e-01
9.657679409537029969e-01
9.765935242145049600e-01
9.860057973615832250e-01
9.987788814615470301e-01
1.004695822745318212e+00
1.009633304778515761e+00
1.014442556166595288e+00
1.016824532513579404e+00
1.020406784870018901e+00
1.021030073410435612e+00
1.018262713666833852e+00
1.017829924212536152e+00
1.014066386947500398e+00
1.009484004459957784e+00
1.007963787033254954e+00
1.002991096694380468e+00
1.003365456549353940e+00
9.980807440639559713e-01
9.983599666873580469e-01
9.969841247543212992e-01
9.980760393000169817e-01
9.976647406756903314e-01
9.964208259164849535e-01
9.973518664377820642e-01
9.970082014834522610e-01
9.979012046228898924e-01
9.983347884959073992e-01
9.967792853854753332e-01
9.970083925660004898e-01
9.980197217318413916e-01
9.965440647994689982e-01
9.983875744154138143e-01
9.975639393759351270e-01
9.971525111055137280e-01
9.984019202757433709e-01
9.977251667137472246e-01
9.981090384360027379e-01
9.995912392605608154e-01
9.982624946165342683e-01
1.000497765227963187e+00
9.989483662480779236e-01
1.001555527542996593e+00
1.000447368705001061e+00
1.000564919449681067e+00
1.000714980397387821e+00
1.001154374172739114e+00
1.001493224111291491e+00
1.000988327671568312e+00
1.000666079804486630e+00
1.001818160673304092e+00
1.000850458713540725e+00
9.997174353285050996e-01
9.996294939681701353e-01
1.000811760334766376e+00
1.000085425018288454e+00
9.997919137376243270e-01
9.991645768982752029e-01
1.000296411509064898e+00
9.985142320355875345e-01
9.984512339542410686e-01
9.975824220685475252e-01
9.998115034261202405e-01
9.991003159693989666e-01
9.991536188451812794e-01
9.992272423193586661e-01
9.999724595117105430e-01
1.000680965875368367e+00
9.987916077622390754e-01
1.000619342499286413e+00
1.000546646293866582e+00
9.989324118474465219e-01
9.990693335107192485e-01
9.998771688642125177e-01
1.000496637587607207e+00
9.989641927307064684e-01
1.000126518842435308e+00
9.997792097930928712e-01
9.997621640675929955e-01
1.001339619995824215e+00
9.998310564042063309e-01
1.000058221502270417e+00
1.000159188585004522e+00
9.994559998740641937e-01
1.000117325504195964e+00
1.000008507540607994e+00
9.994045722381759145e-01
9.996817918374790723e-01
9.997123650099906111e-01
1.000423319773175335e+00
9.993773080543811860e-01
9.996625715174165538e-01
9.989903851988887196e-01
1.001138306111839960e+00
1.000158558107904216e+00
9.989121655601342908e-01
9.995659335239512888e-01
1.000439184632714973e+00
9.998221276423178150e-01
1.000489907891994434e+00
9.989179479527239280e-01
9.991880116950875301e-01
9.999856773101992724e-01
1.000146264205047819e+00
1.000197987119775700e+00
1.000579021713827510e+00
1.000738463397900624e+00
1.000508036454340832e+00
1.000115597814177137e+00
1.000611977275395637e+00
1.000284493359491211e+00
1.000852217949050216e+00
1.000553655614810022e+00
1.000741602344623171e+00
9.999993852144875017e-01
9.993059707198072017e-01
9.996141365428019565e-01
9.997614135208423569e-01
1.001300266839046937e+00
9.998658596923472031e-01
9.996688487529118428e-01
9.999265781666442088e-01
1.000438922869536729e+00
9.999150397824247971e-01
1.000243486484336808e+00
1.000440750952451996e+00
1.000019853967024419e+00
1.000496550716389432e+00
9.996438752182454923e-01
9.993939994863739740e-01
9.999184811632217951e-01
1.000109449612778034e+00
9.999464938840902928e-01
1.000248576280797774e+00
9.995810685308527122e-01
1.000110852911024306e+00
1.000692255435298383e+00
1.000765539552189498e+00
1.000120503174902753e+00
1.000590423679108554e+00
1.000316582484123806e+00
1.000245834615071328e+00
9.996019042885617711e-01
1.000210581335782223e+00
1.000361624392784865e+00
1.000185607894155115e+00
9.999957760177634603e-01
9.999531500751834834e-01
9.997012664987059427e-01
1.000112728056678169e+00
9.995218513970111074e-01
1.000346628336024279e+00
9.999068541634833496e-01
1.000344882130903335e+00
1.000107180494596015e+00
1.000217764577067570e+00
9.998208069966187939e-01
1.000262609007053882e+00
9.996088118962084268e-01
9.997419383230481404e-01
9.999293327116978158e-01
1.000266928511273745e+00
9.996316500156813278e-01
1.000196212176140742e+00
1.000418815702412978e+00
1.000415528798353604e+00
9.998015689336104961e-01
9.995052936091004536e-01
1.000039753530103992e+00
9.997106518578486867e-01
1.000069533380575137e+00
9.997795145482866186e-01
1.000301359784074196e+00
9.999981974521662265e-01
1.000308252299604961e+00
1.000056067900401802e+00
1.000534345761019628e+00
1.000351696764317788e+00
1.000397919013493064e+00
1.000140789279286846e+00
1.000374942304935066e+00
1.000166931021879035e+00
1.000052271578268259e+00
1.000678087093741064e+00
9.999032075576038681e-01
9.997619067998786413e-01
9.996781689218853240e-01
1.000463093869389031e+00
9.997179274859462339e-01
1.000255349983959707e+00
9.998663372494022150e-01
1.000307832489124360e+00
1.000336532130295053e+00
1.000120175378654830e+00
1.000137420606438843e+00
1.000785511919010551e+00
1.000223142458237069e+00
9.998908151521137544e-01
1.000778642711345645e+00
1.000282601846193886e+00
9.999165417792473809e-01
1.000203137191323144e+00
1.000393186139783896e+00
1.000452773221371716e+00
1.000107417940118149e+00
9.998092916766757599e-01
1.000394855368640590e+00
1.000313223985403344e+00
1.000001071785382001e+00
1.000606859525183356e+00
1.000727597052845974e+00
9.995023956525769249e-01
9.942512079075229714e-01
9.834612075607676029e-01
9.730613343623797373e-01
9.627312017011679934e-01
9.519214892961176400e-01
