0.000000000000000000e+00
0.000000000000000000e+00
0.000000000000000000e+00
0.000000000000000000e+00
0.000000000000000000e+00
0.000000000000000000e+00
0.000000000000000000e+00
0.000000000000000000e+00
0.000000000000000000e+00
0.000000000000000000e+00
0.000000000000000000e+00
0.000000000000000000e+00
0.000000000000000000e+00
0.000000000000000000e+00
0.000000000000000000e+00
0.000000000000000000e+00
0.000000000000000000e+00
0.000000000000000000e+00
0.000000000000000000e+00
0.000000000000000000e+00
0.000000000000000000e+00
2.794499747391373384e-02
9.064912849547291929e-01
3.134617666142784476e+00
3.251436992474806775e+00
1.886864241013156862e+00
8.927083826197820260e-01
4.195346439059677301e-01
2.228790420731650568e-01
2.291705484291781669e-01
7.727899975648482300e-01
1.630624360060989764e+00
1.858363826755886405e+00
1.479017682058002769e+00
1.032555356183383788e+00
7.516173627448512473e-01
6.284957575899149385e-01
6.148089911428716858e-01
6.559351090672601581e-01
7.309720395332638399e-01
8.202993061749213055e-01
9.174512863155683817e-01
1.001073782230916809e+00
1.075311697146465573e+00
1.136390071191124340e+00
1.183226113227085152e+00
1.204413961386255894e+00
1.206732763817047083e+00
1.187972721251666197e+00
1.161344247919922967e+00
1.124879998438087725e+00
1.085868299085502642e+00
1.045059225738970810e+00
1.013670277264486996e+00
9.865055091222200145e-01
9.620691819581878024e-01
9.467861824143573024e-01
9.351786861030467746e-01
9.275468047559092266e-01
9.274653601150498750e-01
9.281343344189194600e-01
9.330469930666792644e-01
9.396740543291186576e-01
9.520407506195724956e-01
9.633085810691818240e-01
9.753837696933498336e-01
9.870807153157045155e-01
9.968226914509474845e-01
1.004537289874498418e+00
1.008647658442542117e+00
1.015038369024344744e+00
1.018808530334237572e+00
1.021152200717894809e+00
1.017899037407311358e+00
1.020450492192543912e+00
1.017956434452355508e+00
1.012985399919568819e+00
1.008804281922157653e+00
1.006232502662627315e+00
1.004467370607968091e+00
1.003146852316820992e+00
9.990487460138414155e-01
9.972219679644198642e-01
9.977479330824866599e-01
9.953131379162838410e-01
9.964795898517521122e-01
9.955318999366349342e-01
9.965823984087933685e-01
9.981515708389984143e-01
9.951896437537501861e-01
9.982472767008485626e-01
9.979323565028510590e-01
9.973009816855389342e-01
9.968748321752023411e-01
9.976437097755741501e-01
9.989773904576857433e-01
9.967964356661163094e-01
9.972026700312376368e-01
9.971299022262801737e-01
9.989397197459986000e-01
9.988816386068072317e-01
1.000160496745796435e+00
9.987089848278315474e-01
9.995542891388212725e-01
9.994423712070426014e-01
1.000166033469932048e+00
1.001265070019565329e+00
9.999645364407006021e-01
1.000461788307498656e+00
1.000882083224029495e+00
1.001945487946866997e+00
1.001325918295326467e+00
1.000563624489045234e+00
1.001391609364507440e+00
9.997243018020215422e-01
1.000830309882376090e+00
9.990389023361062604e-01
1.000250831207435187e+00
9.997910954165480923e-01
9.997825056096982799e-01
1.000022812316212928e+00
9.993873740827673435e-01
9.979988200681848554e-01
9.992668433476749046e-01
9.994678779747596664e-01
9.982342673080794038e-01
1.000614686826374111e+00
9.986603899720623012e-01
9.991709523963766548e-01
9.987767024676740268e-01
9.993651750133801803e-01
9.995792215274124093e-01
9.996539878283526859e-01
9.989017734117789926e-01
1.000149693052567068e+00
1.000332257909413158e+00
9.996750726531270503e-01
9.998279208454771139e-01
1.000439619033168581e+00
1.000276772306213813e+00
9.985128995900418580e-01
9.996566661330822390e-01
1.001097108156766113e+00
9.999818138230121001e-01
1.000622217049630613e+00
9.995065891566191629e-01
1.000573768052567480e+00
9.999768986160985085e-01
9.996876226369401097e-01
9.997102105613924206e-01
9.999663838495767010e-01
9.997413277453608416e-01
1.000047917645579210e+00
1.000399828736561858e+00
9.996417474947956183e-01
9.995775575157124226e-01
9.998650210144951478e-01
1.000005730657585135e+00
1.000094364657727164e+00
9.993470759654974334e-01
9.994420337737893734e-01
9.994419057379281268e-01
9.998184780195866761e-01
9.999793489669848157e-01
1.000352787914160047e+00
9.991210019282779076e-01
1.000754951295262041e+00
1.000095864041289806e+00
1.000465588948788564e+00
1.001434208253348945e+00
9.997732126335797664e-01
1.000535574841491249e+00
9.996998363079975247e-01
9.999462248339255899e-01
1.000127892087279813e+00
1.000569667882732716e+00
9.994986391541247350e-01
9.995982704489450033e-01
1.000253211023273137e+00
9.994439352774064922e-01
9.999200215671143477e-01
1.000348655921565744e+00
1.000088460995695039e+00
1.000324990146604032e+00
1.000582882577927268e+00
9.991362423249694480e-01
1.000057973904261210e+00
1.000002437279660095e+00
1.000172424416047257e+00
9.991341382044729436e-01
9.997912711248008177e-01
1.001389308674784928e+00
1.000136039623001682e+00
1.000325684925245984e+00
9.997693495800060726e-01
9.996973157955887368e-01
1.000036705033330531e+00
1.000937681524967982e+00
1.000137074431859618e+00
1.000654784242119399e+00
1.000169839534061911e+00
9.999676842717408753e-01
9.997875840397056901e-01
1.000289767297251498e+00
1.000215826075638414e+00
9.998726136942970300e-01
1.000512099876000871e+00
9.998855932631013355e-01
1.000241689501756737e+00
1.000164296778526474e+00
1.000025612023400345e+00
1.000189718700238650e+00
9.999141331278746936e-01
1.000187328269206644e+00
1.000025344428194130e+00
9.990232870328143999e-01
9.990028257944584267e-01
9.996863786343215263e-01
1.000061465180364761e+00
1.000418275683839564e+00
1.000321692545373287e+00
1.000369601561941435e+00
1.000441449371286318e+00
1.000373283683483772e+00
1.000085189747672354e+00
1.000496485065071495e+00
9.997949042273706066e-01
1.000486648711642168e+00
1.000273374191586351e+00
9.999566739746794664e-01
1.000244801426345420e+00
1.000198662764400837e+00
1.000201324999597130e+00
1.000247871824055057e+00
9.995525244018936828e-01
1.000437857437578071e+00
1.000342696644773266e+00
9.998226093196870279e-01
1.000228796676595033e+00
1.000145080379835516e+00
1.000263993970398779e+00
1.000220042370743911e+00
1.000569497006897679e+00
9.997894130387081635e-01
1.000645719005312406e+00
9.999845759320517002e-01
1.000239322564001165e+00
1.000313035071286105e+00
1.000577727418238583e+00
9.999977145216091268e-01
1.000263485778537076e+00
1.000432151781232903e+00
9.999627092306037079e-01
1.000097478589004441e+00
1.000116666664514042e+00
9.997711070806870604e-01
1.000077238351701814e+00
1.000132289512847716e+00
9.999484379149953250e-01
1.000190666542662754e+00
1.000789140962289547e+00
1.000011747816984098e+00
1.000009526244798108e+00
1.000069026765845193e+00
1.000156436298876406e+00
1.000436333300450453e+00
1.000513041255775004e+00
1.000679862945177412e+00
9.999532261453438764e-01
1.000577600035390979e+00
1.000223764123022496e+00
1.000345937241081007e+00
1.000678943215443706e+00
1.000236314230677159e+00
1.000261399930045370e+00
9.942692178139499459e-01
9.842654275074228520e-01
9.732267072458582469e-01
9.622050307846533590e-01
9.517370787581252989e-01
