0.000000000000000000e+00
0.000000000000000000e+00
0.000000000000000000e+00
0.000000000000000000e+00
0.000000000000000000e+00
0.000000000000000000e+00
0.000000000000000000e+00
0.000000000000000000e+00
0.000000000000000000e+00
0.000000000000000000e+00
0.000000000000000000e+00
0.000000000000000000e+00
0.000000000000000000e+00
0.000000000000000000e+00
0.000000000000000000e+00
0.000000000000000000e+00
0.000000000000000000e+00
0.000000000000000000e+00
0.000000000000000000e+00
0.000000000000000000e+00
0.000000000000000000e+00
0.000000000000000000e+00
0.000000000000000000e+00
0.000000000000000000e+00
0.000000000000000000e+00
0.000000000000000000e+00
0.000000000000000000e+00
0.000000000000000000e+00
0.000000000000000000e+00
0.000000000000000000e+00
0.000000000000000000e+00
5.187063821977088394e-03
5.354660853072317622e-02
2.263057421385099854e-01
5.425970081667305100e-01
8.891032094340747260e-01
1.142827706319855752e+00
1.298841354767976020e+00
1.370760393578347003e+00
1.394494687578369696e+00
1.380422383006704612e+00
1.359562310487870684e+00
1.341900185590473749e+00
1.300590705677970638e+00
1.275864093502372176e+00
1.236201958284864899e+00
1.198919867755189550e+00
1.179718648325079000e+00
1.175093884799306654e+00
1.172513632031661146e+00
1.179597152420387873e+00
1.160411177340372690e+00
1.126587069708566924e+00
1.078912154324236372e+00
1.037584651087436471e+00
9.871082116895038006e-01
9.833448230408985413e-01
9.613579604163617898e-01
9.715874857485379268e-01
9.719655350973657182e-01
9.725691656114260342e-01
9.772771342708379549e-01
9.897531833817249103e-01
9.946957623290875183e-01
1.002088951660832450e+00
1.003344865903891048e+00
1.008715407542537745e+00
1.010856849472055563e+00
1.013382725930285222e+00
1.013084250253480478e+00
1.008885270060822625e+00
1.015587263204289714e+00
1.016533086385780438e+00
1.019285572502226733e+00
1.010808522111010799e+00
1.011921356491749302e+00
1.011360516163666734e+00
1.012472055521693726e+00
1.012243142236695093e+00
1.011786728627918519e+00
1.009328301161480423e+00
1.013349480083781007e+00
1.005494512889280712e+00
1.008402853591883863e+00
1.000439994771703089e+00
9.910147296105084047e-01
9.898958418488656985e-01
9.872915799459535124e-01
9.891445837348353809e-01
9.869560345036284543e-01
9.844266209373683241e-01
9.858700667914563898e-01
9.843476494752725348e-01
9.814214976062992646e-01
9.913539162564527496e-01
9.942233978493452140e-01
9.902208893894954844e-01
9.942162567090792047e-01
9.967260906262260800e-01
9.980970544994411942e-01
1.001017004476562500e+00
9.970169937293751339e-01
1.002791114273698270e+00
1.000330174635709168e+00
9.979835780035906101e-01
1.003422958829721434e+00
1.000551389579276806e+00
1.002190330027856291e+00
1.003118183661116936e+00
9.990705043511851624e-01
1.003861662995188198e+00
1.004240546087718400e+00
1.001686361217009491e+00
9.988128286188276972e-01
1.002421270492983796e+00
9.982658696379921315e-01
9.972146581915833918e-01
9.984239573577811111e-01
9.998008432795485456e-01
9.964984355414474582e-01
9.953771325416174154e-01
9.960365725451046925e-01
9.938854984451463981e-01
9.979840056157952555e-01
9.993952747078962418e-01
9.961359940505468691e-01
9.952954948322850770e-01
1.001261312844258677e+00
9.980339887115020625e-01
9.981252582634293491e-01
9.986237802285146126e-01
9.980822270582832001e-01
9.960977941047601814e-01
1.000834829475771848e+00
9.993778082943719498e-01
9.984371208604361225e-01
1.002030102162015046e+00
1.004112559686973105e+00
1.002181496974147823e+00
1.000008442608473880e+00
9.990239209792974862e-01
1.000712261639392864e+00
1.003474513028887571e+00
1.001319124603769595e+00
9.990010814170260378e-01
1.000796087930995171e+00
9.977191913550202962e-01
1.000206423894085317e+00
9.980808090631635432e-01
1.000095933441611962e+00
9.997551198913523507e-01
1.000131007565693952e+00
1.000391417560954732e+00
9.992955629185706901e-01
1.001230155834376578e+00
9.997069698712309771e-01
9.995582410259812312e-01
1.001389224901275465e+00
1.000084976027485473e+00
9.998653981269111091e-01
9.975954634585941783e-01
1.001339369214090613e+00
9.991979974118471164e-01
1.001103149476112897e+00
9.975770259539541440e-01
9.972532982351376418e-01
1.001043003800155651e+00
9.979484938790502691e-01
1.000039641151542646e+00
1.000867488883793177e+00
9.995020817542195068e-01
1.000074034270661771e+00
9.994469695320947755e-01
1.001363172777980148e+00
9.993271114172054270e-01
9.989137729175622260e-01
1.000674385359741514e+00
9.996254711332425158e-01
9.987364262499145440e-01
9.969637223265020998e-01
9.979073404298359762e-01
1.000750616686627348e+00
9.988870150423643235e-01
9.997662331882524178e-01
9.979685920203970051e-01
9.976107932641952170e-01
1.000796034028382353e+00
9.972942565669964399e-01
9.958994951417701191e-01
1.000264609140162131e+00
9.964996000485523142e-01
9.975353650986761300e-01
9.984542093617061465e-01
9.967361962922471896e-01
9.981693868096811473e-01
9.984258205091327554e-01
9.994859164574995125e-01
9.963972894186554630e-01
9.983334667212014901e-01
9.975396864540087005e-01
9.992828162257856306e-01
1.000118264619570096e+00
9.981339494073563356e-01
9.982836190726169789e-01
9.984551151366228838e-01
9.980694981487638895e-01
9.986490671364001148e-01
9.988310820535082346e-01
9.981322104320430322e-01
9.995055939219308350e-01
9.976959669157716704e-01
9.986809171391287654e-01
9.978211642410030890e-01
9.984029170169860246e-01
9.996738041573998146e-01
1.001136778405977035e+00
9.986756156305944820e-01
9.965461270303970220e-01
9.979356238805553447e-01
9.999564719295050974e-01
9.981849328436800395e-01
9.990914992814720064e-01
9.985632659961740654e-01
9.977571576010888510e-01
9.986596648874965787e-01
9.984913372908442719e-01
9.975512710932773475e-01
9.981527270452897893e-01
9.982640290841018338e-01
9.979901926483487618e-01
9.990721413366399073e-01
9.987311460943352204e-01
9.960790275465055688e-01
9.983007218682026229e-01
9.972544081172359798e-01
9.968560003660834612e-01
1.000282552299666117e+00
9.981439793953981177e-01
9.989007104828790951e-01
9.991214633078513430e-01
9.978752047676138215e-01
9.986755708523931130e-01
1.000235069689167311e+00
9.980679845723334775e-01
9.982295246489928386e-01
9.990746054668480092e-01
1.000443537849428965e+00
9.983060548522245670e-01
1.000781828589369704e+00
9.991351696081045564e-01
9.984161533349381612e-01
1.001051398194688469e+00
9.988996978707997965e-01
9.989774568359052198e-01
9.991759106390076806e-01
9.979240021293070972e-01
9.993707611261745116e-01
9.986474420242343886e-01
1.000497855878114351e+00
9.992530435239183051e-01
9.986290732875714449e-01
9.988928533337259053e-01
9.996656257057824346e-01
9.982834500167743208e-01
1.000526504349830592e+00
1.000515242788370340e+00
9.994943503607945923e-01
9.982681087708108469e-01
9.981628518563679942e-01
9.999703477082856340e-01
1.001447965860070566e+00
9.969730253588940938e-01
9.982700428711456242e-01
9.987217216328012626e-01
9.992519092797383928e-01
9.993012609161564530e-01
9.997755974834097170e-01
9.997990183387414076e-01
1.000441522730485255e+00
1.000694913974843780e+00
9.998725418235604456e-01
9.980571798083692769e-01
9.986331204967735520e-01
1.000163801025272692e+00
9.980446788820653836e-01
9.992915842066768528e-01
9.987297943438273595e-01
9.993009190593886704e-01
9.992045367989040860e-01
9.991811732369999532e-01
1.000304855624969846e+00
9.992862890172417023e-01
1.000076493352095364e+00
9.995135237928870486e-01
9.981418372322747867e-01
9.989809017473604280e-01
9.987951563747022865e-01
9.986384406703524563e-01
9.999678730809274940e-01
9.988988622604119128e-01
9.988973469608590783e-01
1.000333527294975156e+00
9.986720022592967538e-01
1.000111995092328510e+00
9.995870685279948376e-01
1.000178175278064296e+00
9.988055300647218360e-01
9.998477373045602246e-01
9.988140949362875887e-01
1.000561762089384743e+00
9.998577730344382353e-01
9.993225467601108969e-01
9.999356078632390954e-01
9.994969311686625613e-01
9.988944245125910282e-01
9.994481231632609264e-01
9.994816012401006589e-01
9.986432411303667322e-01
9.991318704197938994e-01
9.982020037474507168e-01
9.982731482196786077e-01
9.989310835237293906e-01
9.987346380891737319e-01
9.982706853274549985e-01
9.994625239735964728e-01
9.991547930431231572e-01
9.991046173032425148e-01
9.979134421453879078e-01
9.982848752252250213e-01
9.987119128337376139e-01
9.990594869586918447e-01
9.976479945892045009e-01
9.984810376090961226e-01
9.991596675230367541e-01
9.990660752616991047e-01
9.991824575673086128e-01
9.985605682684970397e-01
9.996381395187533547e-01
1.000089597998683022e+00
9.973660406488812358e-01
9.912386811235630590e-01
9.825740915128234887e-01
9.745114197690120106e-01
9.660644000085040206e-01
9.574415587956849327e-01
9.479267380899669693e-01
9.380040480966127525e-01
9.312061207509169103e-01
9.228126129919358434e-01
9.150466548308431314e-01
9.062294207737028318e-01
8.971703008033120597e-01
8.891087519774247827e-01
8.817559844827330684e-01
8.732467940884334201e-01
8.650061574196148406e-01
8.570241126323997483e-01
8.492081094469577929e-01
8.412802916767232464e-01
8.334190110193213652e-01
8.249590156625884463e-01
8.181373164983493096e-01
8.096233779443284817e-01
8.029137520257723093e-01
7.946017079326797017e-01
7.874486221778195238e-01
7.797204383789769766e-01
7.730368803429250590e-01
7.646693652993279411e-01
7.575228995351611649e-01
7.505031726568026640e-01
7.420457523189538662e-01
7.344542320975868677e-01
7.269189168881234897e-01
7.208893206958717492e-01
7.124871551257657698e-01
7.064637194492475736e-01
6.990167256151530450e-01
6.913558225383152900e-01
6.838524235488518954e-01
6.781180522015787249e-01
6.701480932607304375e-01
6.636937667698927790e-01
6.560990587572036459e-01
6.498253542518261927e-01
6.422150724474845473e-01
6.365373524181429099e-01
6.300392910054961604e-01
6.227822694925774227e-01
6.151842315969622277e-01
6.090884627487807013e-01
6.030770925682760186e-01
5.960268053700402691e-01
5.892139030122461874e-01
5.824682122010480523e-01
5.769063453929403895e-01
5.692725790187348478e-01
5.627362015911980819e-01
5.564119648072050062e-01
5.504843473822647049e-01
5.440887008250719914e-01
5.376891944313231253e-01
5.317609402928088480e-01
5.256121858714752904e-01
5.187560077711298456e-01
5.129126208588589142e-01
5.063028698936370420e-01
5.000303739009206438e-01
4.942532198686391265e-01
4.883781041031422521e-01
4.818303634758284160e-01
4.761662261755102987e-01
4.694182384971219979e-01
4.641558172387807435e-01
4.578930783303895025e-01
4.521801121909602150e-01
4.456337562554810727e-01
4.403929984325545832e-01
4.343657944555061601e-01
4.287689528576119624e-01
4.232313719581908273e-01
4.171114653126489769e-01
4.111103686637846977e-01
4.057518036762675639e-01
3.992292525493929545e-01
3.940257643929326314e-01
3.888276442534044364e-01
3.835285873409333690e-01
3.780030900180833542e-01
3.720594725196896824e-01
3.665465098293153035e-01
3.615109377672199864e-01
3.556866345068683266e-01
3.500122915975740212e-01
3.447292867093412760e-01
3.394268284612411701e-01
3.344112240290454396e-01
3.287736454204993608e-01
3.235370154240591600e-01
3.180638968470069772e-01
3.122969519207373090e-01
3.078388359312942413e-01
3.025695677327699395e-01
2.974100633772800983e-01
2.926215457936109376e-01
2.866445305413176659e-01
2.819384338616354735e-01
2.776299146179282973e-01
2.721275638183685563e-01
2.665660766189406616e-01
2.617038911244831678e-01
2.567106981896397078e-01
2.513090572330015093e-01
2.466087984786898002e-01
2.418053954975829534e-01
2.363327757637471160e-01
2.318937367642558700e-01
2.272846341508727164e-01
2.223249962472348129e-01
2.173131523802298293e-01
2.129185029131398232e-01
2.080518025558838469e-01
2.029029751924681102e-01
1.979680415610964306e-01
1.935643277188482669e-01
1.890350584677734924e-01
1.843895896879645113e-01
1.797258343026282568e-01
1.747372068053058003e-01
1.702748489157446810e-01
1.655103638246286646e-01
1.604708660058466463e-01
1.564111195822739386e-01
1.515357656921907381e-01
1.473244535940229916e-01
1.431838680071013115e-01
1.383610874422830650e-01
1.340106025081102548e-01
1.293587734077341900e-01
1.248870762806265911e-01
1.205775313852099767e-01
1.165819211306947933e-01
1.126866595549309152e-01
1.091609424298260467e-01
1.059671625744053047e-01
1.027264367116389188e-01
9.938360509847554702e-02
9.641962194907865991e-02
9.351476139526651576e-02
9.058411674050366458e-02
8.796420598993731632e-02
8.523723724568595117e-02
8.288181573884290110e-02
8.067416036462905782e-02
7.787018417152806460e-02
7.522676442596205881e-02
7.329049173073397261e-02
7.093220333524756505e-02
6.887853261575048458e-02
6.674696885452410799e-02
6.457456735485518629e-02
6.248329983813267346e-02
6.077870192943185534e-02
5.883807809185701704e-02
5.687055264916554553e-02
5.496646482745622814e-02
5.333132447657257247e-02
5.146059475298481178e-02
4.997729190142971567e-02
4.837964557781450348e-02
4.677020116537459332e-02
4.518913690924330345e-02
4.362352841634051237e-02
4.226822258460300602e-02
4.097496716502147668e-02
3.941141985005913034e-02
3.811628212634744772e-02
3.667773004918803426e-02
3.566609122218372674e-02
3.418303040672277665e-02
3.276914595756617865e-02
3.178664376206059156e-02
3.039180676161832781e-02
2.944375770015179514e-02
2.842766055576574635e-02
2.724241636112840342e-02
2.631932326904391772e-02
2.520509463400433942e-02
2.422625907836700038e-02
2.327278608485685782e-02
2.237001561895097385e-02
2.150504630226354741e-02
2.048586049792079297e-02
1.966444866738730965e-02
1.903040642594566040e-02
1.804256061819631968e-02
1.726997934964795769e-02
1.638562640825932601e-02
1.576549221384493382e-02
1.510700288747771243e-02
1.439062805137017974e-02
1.350330948747078055e-02
1.289973666362500063e-02
1.237117966548432688e-02
1.168514738852092366e-02
1.113513631809500554e-02
1.059385637352121441e-02
9.953805060022866483e-03
9.452937873124853466e-03
8.879694319564470847e-03
8.395852073273590843e-03
7.922038864866753904e-03
7.463963485010152374e-03
6.958739781863437952e-03
6.549369130590014694e-03
6.171070119062908692e-03
5.694428715023832320e-03
5.379414940759179656e-03
4.967607660923275929e-03
4.663759461744682380e-03
4.305975404518148225e-03
3.946536068154960462e-03
3.644030656316289869e-03
3.375165852856359602e-03
3.100643612627401215e-03
2.770274141186939831e-03
2.549499561688889620e-03
2.309307568003484117e-03
2.080167206613240793e-03
1.865669713276059882e-03
1.634211272844490054e-03
1.478430355823756939e-03
1.282022388453305829e-03
1.112187891771695058e-03
9.617218197476507446e-04
8.338791255406451976e-04
6.990010836333170529e-04
5.614502137783618880e-04
4.749177200005135760e-04
3.836991750389560809e-04
3.043073177856482994e-04
2.230909292569039899e-04
1.547345788612521577e-04
1.159054682382771944e-04
7.248621477649484432e-05
4.170832667007236169e-05
1.779034219122537175e-05
4.639581912959597742e-06
4.954101246370724720e-07
0.000000000000000000e+00
0.000000000000000000e+00
0.000000000000000000e+00
0.000000000000000000e+00
0.000000000000000000e+00
0.000000000000000000e+00
0.000000000000000000e+00
0.000000000000000000e+00
0.000000000000000000e+00
0.000000000000000000e+00
0.000000000000000000e+00
0.000000000000000000e+00
0.000000000000000000e+00
0.000000000000000000e+00
0.000000000000000000e+00
0.000000000000000000e+00
0.000000000000000000e+00
0.000000000000000000e+00
0.000000000000000000e+00
0.000000000000000000e+00
0.000000000000000000e+00
0.000000000000000000e+00
0.000000000000000000e+00
0.000000000000000000e+00
0.000000000000000000e+00
0.000000000000000000e+00
0.000000000000000000e+00
0.000000000000000000e+00
0.000000000000000000e+00
0.000000000000000000e+00
0.000000000000000000e+00
0.000000000000000000e+00
0.000000000000000000e+00
0.000000000000000000e+00
0.000000000000000000e+00
0.000000000000000000e+00
0.000000000000000000e+00
0.000000000000000000e+00
0.000000000000000000e+00
0.000000000000000000e+00
0.000000000000000000e+00
0.000000000000000000e+00
0.000000000000000000e+00
0.000000000000000000e+00
0.000000000000000000e+00
0.000000000000000000e+00
0.000000000000000000e+00
0.000000000000000000e+00
0.000000000000000000e+00
0.000000000000000000e+00
0.000000000000000000e+00
0.000000000000000000e+00
0.000000000000000000e+00
0.000000000000000000e+00
0.000000000000000000e+00
0.000000000000000000e+00
0.000000000000000000e+00
0.000000000000000000e+00
0.000000000000000000e+00
0.000000000000000000e+00
0.000000000000000000e+00
