0.000000000000000000e+00
0.000000000000000000e+00
0.000000000000000000e+00
0.000000000000000000e+00
0.000000000000000000e+00
0.000000000000000000e+00
0.000000000000000000e+00
0.000000000000000000e+00
0.000000000000000000e+00
0.000000000000000000e+00
0.000000000000000000e+00
0.000000000000000000e+00
0.000000000000000000e+00
0.000000000000000000e+00
0.000000000000000000e+00
0.000000000000000000e+00
0.000000000000000000e+00
0.000000000000000000e+00
0.000000000000000000e+00
0.000000000000000000e+00
0.000000000000000000e+00
0.000000000000000000e+00
0.000000000000000000e+00
0.000000000000000000e+00
0.000000000000000000e+00
0.000000000000000000e+00
0.000000000000000000e+00
0.000000000000000000e+00
0.000000000000000000e+00
0.000000000000000000e+00
0.000000000000000000e+00
5.071901118926734099e-03
5.127370263274746987e-02
2.284507367496502184e-01
5.388124747414065885e-01
8.913452815903245563e-01
1.147702228192784002e+00
1.281096237872894505e+00
1.352346039127820365e+00
1.393607297810118828e+00
1.368352244486428226e+00
1.348300209743036548e+00
1.325716771066135502e+00
1.294452088667235712e+00
1.263500792467947331e+00
1.232636368278466898e+00
1.201669112416497764e+00
1.178906678994936064e+00
1.184624865017006146e+00
1.182901423819462838e+00
1.180339289027556582e+00
1.164855788883783827e+00
1.131963926772493467e+00
1.082751015550807772e+00
1.033620452816386148e+00
9.955582608225667096e-01
9.841356366139147882e-01
9.767213730848615105e-01
9.614134719183939914e-01
9.770098727931110227e-01
9.710737311453030429e-01
9.840112472061584015e-01
9.877386230394897826e-01
9.877238705001092356e-01
9.970645122772336943e-01
1.003099098384701682e+00
1.005257430236581762e+00
1.013953215343708303e+00
1.010051893825377078e+00
1.011033219596854771e+00
1.010896934795652680e+00
1.015216808481887112e+00
1.004095635713957435e+00
1.011768956588153801e+00
1.008593449777138495e+00
1.016276784138445910e+00
1.011860394810643715e+00
1.009293641177352763e+00
1.009535524666993700e+00
1.012196863136627156e+00
1.010734905288339425e+00
1.012862519901660319e+00
9.980115587696664070e-01
1.005298500395015227e+00
1.002118831637193619e+00
9.963319209130792053e-01
9.893431258255690475e-01
9.891198516064576562e-01
9.841996310563132511e-01
9.870907806783321137e-01
9.779877696393304287e-01
9.831443950721349134e-01
9.859790262028605978e-01
9.846671534140015725e-01
9.885886034055344496e-01
9.921997184419723004e-01
9.897808382333990185e-01
9.952115622552240026e-01
9.912823157408899855e-01
9.961709731143842950e-01
9.990898957174844108e-01
1.000057723991510050e+00
1.006851178729564644e+00
1.002657416476536278e+00
1.001911360971801335e+00
1.003726426224858415e+00
1.000824302532535182e+00
1.005744806049444939e+00
1.001764131352067988e+00
9.987382862703163555e-01
1.001962075597439439e+00
1.002007229480400330e+00
9.993121294255601361e-01
1.001714930875916343e+00
1.000143079788724965e+00
9.977164071214749130e-01
9.977410544240223889e-01
9.996253282196329026e-01
9.977118420382590225e-01
9.927063384876975149e-01
9.965558354955139642e-01
9.932755372647851244e-01
9.987045535999417023e-01
9.951848837537015102e-01
9.950620579031836943e-01
9.974639411436424519e-01
9.929429963450543406e-01
9.947874815053061592e-01
1.000067121538998016e+00
9.951584960722015261e-01
9.954406889707549944e-01
9.962111090612080222e-01
1.001464386347242774e+00
1.000525089162380921e+00
9.978399326048779105e-01
9.954331521466315280e-01
9.993496951740673540e-01
1.001873680538045264e+00
1.001722288390640481e+00
1.000872705696519649e+00
9.992185158145079349e-01
9.984735797645075683e-01
9.990734132478782392e-01
1.003050815111635741e+00
1.000744734052777529e+00
9.978370386760788691e-01
1.000561972025761914e+00
1.002146240967179081e+00
9.973753590397785862e-01
9.981975014825245074e-01
9.957888287227997237e-01
9.951731070038600802e-01
9.994678478838886493e-01
9.980832467331132163e-01
1.001100011281404356e+00
9.962484081725601071e-01
9.991073087637077910e-01
1.000872828043420038e+00
9.960397577592017271e-01
9.986834197382506995e-01
9.988151053411767899e-01
9.994897157077319294e-01
9.997255784165615111e-01
1.000527034692484607e+00
9.987771145785462323e-01
9.998486291449617536e-01
9.998300821202983357e-01
1.001092240450567772e+00
1.000132938211329536e+00
9.975180360030667659e-01
9.977502097562843675e-01
1.000534279188088238e+00
1.000332661728712269e+00
1.000975486719803298e+00
1.000275731464395967e+00
9.984015959186685052e-01
1.001837123187995005e+00
9.989836577661219685e-01
9.991520813416531199e-01
9.989423402484051140e-01
1.000498063820711492e+00
9.988216955213101711e-01
9.995517169460441664e-01
9.976434651853504088e-01
1.001010264142263573e+00
1.000246002875935014e+00
1.001676809205264584e+00
9.998105352422730352e-01
1.003870075488581648e+00
9.981129885304763638e-01
1.001739999495161904e+00
9.985885326462470291e-01
1.000302360832981519e+00
1.001483008492132676e+00
9.996702170853547509e-01
9.994701117088294895e-01
1.000653148266795744e+00
1.001052835864717938e+00
9.974760390580872382e-01
9.980547438689280071e-01
1.001330939450395308e+00
9.990628573293915959e-01
9.989678248694834339e-01
9.983250774954200990e-01
9.997572996137863433e-01
9.999971181109391649e-01
1.002131543404872760e+00
9.984759160933798228e-01
9.984055500038364617e-01
9.995250585737812665e-01
1.000555046739482590e+00
9.989049602066552014e-01
9.989856039558190348e-01
1.000199100108160266e+00
1.001168838500382074e+00
9.992191278958310052e-01
1.001058662953931977e+00
9.992097078797187448e-01
9.992597386722930075e-01
9.992661948438870123e-01
9.999289909705646462e-01
9.994864573375629169e-01
9.988866959009962132e-01
9.976633931286964518e-01
1.000300883153831144e+00
1.000597350682394193e+00
9.988930715438469887e-01
1.001512929750067782e+00
9.991227517411016557e-01
9.996191089869591595e-01
9.977935971570239815e-01
9.983388940115738297e-01
9.980549685793481673e-01
9.990137978295073884e-01
9.985627261565758195e-01
1.000863518665266572e+00
9.995016603232806940e-01
9.977905702028934121e-01
9.993859919111675039e-01
9.995709714384555244e-01
9.989490262583563540e-01
9.993415842448444275e-01
1.000216949731188354e+00
1.000278363879527177e+00
9.990041655846356727e-01
9.989482774299958123e-01
9.993621054655061897e-01
9.993687764774393800e-01
9.986020348078756825e-01
9.991127477490127085e-01
9.988224389562077032e-01
9.984879668995174651e-01
9.975901104119766494e-01
9.981420352108608673e-01
9.983842949833419134e-01
9.963484473758961180e-01
9.976329292695426121e-01
9.969223650405955039e-01
9.981255422076231731e-01
9.994147928444879758e-01
9.987416891179008438e-01
9.968912502146933807e-01
9.983841014335391728e-01
9.983569109758226867e-01
9.987381405905428888e-01
9.975713048162357932e-01
9.970050379429694631e-01
9.983112305783697904e-01
9.993006073575517734e-01
9.983280128645347640e-01
9.976011847283641210e-01
9.981025010119700669e-01
1.000200148868846117e+00
9.998014349432134962e-01
9.987891679036421388e-01
9.989648500027716871e-01
9.985133932674687962e-01
9.991810616293999026e-01
9.987434634281276979e-01
9.985266710276726743e-01
9.994484494538182773e-01
9.993741853516980855e-01
9.986409703812173522e-01
9.979529885637002939e-01
9.991119078979309176e-01
9.994695216281045402e-01
9.986432417752439950e-01
9.989314273958619372e-01
1.000506151983253211e+00
9.992305956457454563e-01
9.998573325697848180e-01
9.990028190298592126e-01
9.964680523945054214e-01
9.990330167523310267e-01
9.996344446354983315e-01
9.980466927804538813e-01
9.998535729231570190e-01
9.991780942386093711e-01
1.001552280069318623e+00
9.994711456195626287e-01
9.989643379585975147e-01
1.000700357856930234e+00
9.993952761672493246e-01
9.988263830642295504e-01
9.975661061589867762e-01
9.982857772866505774e-01
9.989565693774531407e-01
9.978906190623163530e-01
1.000140702532051229e+00
9.984169851224568015e-01
1.000011431313838406e+00
9.980990326437141347e-01
9.998954759479714571e-01
9.995526144959324677e-01
9.995176999399129070e-01
9.984995819848484500e-01
1.000019078024673824e+00
9.996750245109912170e-01
9.989355667117896243e-01
9.993522649535577784e-01
9.993840797563785516e-01
9.987581742083520009e-01
9.986503583920072202e-01
9.985717861804990214e-01
9.992160633930327052e-01
9.983674534065071215e-01
9.986843643290447270e-01
1.000239906678601631e+00
9.989055758598628376e-01
9.990123876444761963e-01
9.976570914993755368e-01
9.990525979906774712e-01
9.983269287864721120e-01
9.988153279165589149e-01
9.993546794097404318e-01
9.988353447827256204e-01
9.981211725485786834e-01
9.989188016833354666e-01
9.990017735217677775e-01
9.988942509715655893e-01
9.918398912368295850e-01
9.817524644883615093e-01
9.737627928718092241e-01
9.641281386857334379e-01
9.562749874126172944e-01
9.482003706437303059e-01
9.380297306968038429e-01
9.321125713459234019e-01
9.227677431708879441e-01
9.149228602387794451e-01
9.051579247575284315e-01
8.979832924428374774e-01
8.904418008566107323e-01
8.819779753968449709e-01
8.729691192857964577e-01
8.656662984246259462e-01
8.573227288330637075e-01
8.498218246831050759e-01
8.413992334694345709e-01
8.347161390131642156e-01
8.260592016320651432e-01
8.167494532152628217e-01
8.099596669082842482e-01
8.020824834760083011e-01
7.953224791978722452e-01
7.871301900035549970e-01
7.800146815782674770e-01
7.713941796614032231e-01
7.640779082877551254e-01
7.570736537512803288e-01
7.494358992339665848e-01
7.420951519909179117e-01
7.347918217840178068e-01
7.272058385309412287e-01
7.200821848436080863e-01
7.138697293206335281e-01
7.068616985932659746e-01
6.993719867330642215e-01
6.922153389608270979e-01
6.849507705345434516e-01
6.764473157915374957e-01
6.714493783082603473e-01
6.642137921997439687e-01
6.565112923672065115e-01
6.491305174301683634e-01
6.435873379851773102e-01
6.353725006834123334e-01
6.292589836108778423e-01
6.231070722328285738e-01
6.149176638726479016e-01
6.082399754416478732e-01
6.016377017792470250e-01
5.953048576921121660e-01
5.888549336830172232e-01
5.822285806612161885e-01
5.760609089772100733e-01
5.695132356681352759e-01
5.621774312381948580e-01
5.574204335134521626e-01
5.501180805592784662e-01
5.433633397244270746e-01
5.371390849027983805e-01
5.317264481450839630e-01
5.244663287982253008e-01
5.182931472195106970e-01
5.121980581093511509e-01
5.052563450522551403e-01
4.998003573426492152e-01
4.942614330491374997e-01
4.880492326311851037e-01
4.818943404659818963e-01
4.756978544760749883e-01
4.699987280612083484e-01
4.637480070892601725e-01
4.572494687953109205e-01
4.514629968378829350e-01
4.466683744236952247e-01
4.402525262713988252e-01
4.343388988149575747e-01
4.287196870708798735e-01
4.231589787364133382e-01
4.171072551936490513e-01
4.117577876606300924e-01
4.054690893316845179e-01
4.006794400766794939e-01
3.943830183414900326e-01
3.889687221412663209e-01
3.840059794620119815e-01
3.774004241577058050e-01
3.720706136307172507e-01
3.667460765803148282e-01
3.608002773663914753e-01
3.562263440599608977e-01
3.498527826711326782e-01
3.457555615118977355e-01
3.397532297673825918e-01
3.343869540544520125e-01
3.289896409193048821e-01
3.230910269796856138e-01
3.184270012287133689e-01
3.127532291886347404e-01
3.080873005761114447e-01
3.028492521939343818e-01
2.973644848783568162e-01
2.921057133901956981e-01
2.871000330141699752e-01
2.823304345145166705e-01
2.766055211181704387e-01
2.713206068313825936e-01
2.671530307655001213e-01
2.618310705982161979e-01
2.566133461661753712e-01
2.517922024003664272e-01
2.465663685234399938e-01
2.414646076444150469e-01
2.370549453484371016e-01
2.325942869500089438e-01
2.273571231667680381e-01
2.223649836951250292e-01
2.173956807161459837e-01
2.122875059845756029e-01
2.077690607480608409e-01
2.034031731616003369e-01
1.989686287065449977e-01
1.938628515293346899e-01
1.889223245109712401e-01
1.844725268102804516e-01
1.796971194513737047e-01
1.749180258811159350e-01
1.705759901927979549e-01
1.655755509834659356e-01
1.612125532420274621e-01
1.563457137813005215e-01
1.521751265260748165e-01
1.477908527109330072e-01
1.431453583485824965e-01
1.384863833297294844e-01
1.337994194862961173e-01
1.298607990203794471e-01
1.251346928797562597e-01
1.207318882943881622e-01
1.167207634827218676e-01
1.128147836443126328e-01
1.089148866233596580e-01
1.058236644962606554e-01
1.026902336318506748e-01
9.942167536651330684e-02
9.657468243294745069e-02
9.349681171233242827e-02
9.082946601688671184e-02
8.817831854725369234e-02
8.545303449768731907e-02
8.278804121930355420e-02
8.031841083243801416e-02
7.783742022762672741e-02
7.543751442465369828e-02
7.320941893955487667e-02
7.088237775923675321e-02
6.872622207598529098e-02
6.698194276248986556e-02
6.465787472511362599e-02
6.263059335712363451e-02
6.078449484490745791e-02
5.891916440953490902e-02
5.688364395876192858e-02
5.513502595217089491e-02
5.326176083591788180e-02
5.176411189279030850e-02
4.986154251015055550e-02
4.840841133868196977e-02
4.686005398732619176e-02
4.516865284719254886e-02
4.367734803369687641e-02
4.206738146553604119e-02
4.076667226194615606e-02
3.928138329913076487e-02
3.801330925789714321e-02
3.675387967567400604e-02
3.534346833078895467e-02
3.401356792186049915e-02
3.291253564419255317e-02
3.171811589930497582e-02
3.054222692732921907e-02
2.933438718336710618e-02
2.836629701492713804e-02
2.727653415089663011e-02
2.620989967972680093e-02
2.505557266883047529e-02
2.432955444594476699e-02
2.330611239651154964e-02
2.216867909128956288e-02
2.137976553611951186e-02
2.060609607378059011e-02
1.968937251788762180e-02
1.884902607200630159e-02
1.802299084819902406e-02
1.726596670271157014e-02
1.647623895262455632e-02
1.573860197619833881e-02
1.497114224703102910e-02
1.436958773586856884e-02
1.368869365425615797e-02
1.295927619448964709e-02
1.241693702130915351e-02
1.167555188480177454e-02
1.114324793266506519e-02
1.059254450540966785e-02
9.993507384699869614e-03
9.502181236679535514e-03
8.963978269519910780e-03
8.452266764866753213e-03
8.032207955976795530e-03
7.440698348969762739e-03
7.012836446661055087e-03
6.553969516993152049e-03
6.210120484044566111e-03
5.811632904574841850e-03
5.432339335521198069e-03
5.039220391231094900e-03
4.643028237354173207e-03
4.403098340449517790e-03
4.060539569071599034e-03
3.712614125785624469e-03
3.401353129114090268e-03
3.117758701424259375e-03
2.833643349679997037e-03
2.598383612742383424e-03
2.372576911666363433e-03
2.077202042385401827e-03
1.884577174531706489e-03
1.678528002456112231e-03
1.480387294250994773e-03
1.302814486276414330e-03
1.125252874673168292e-03
1.002637489879053788e-03
8.465024657714649700e-04
7.243123318410591479e-04
6.038201826764506017e-04
4.976571197635372857e-04
3.900085964876694893e-04
2.992219456419433453e-04
2.354427793676859614e-04
1.675483302571559080e-04
1.187635778303039647e-04
7.232031276524578936e-05
3.586990622647067393e-05
1.496415014524221978e-05
4.639678314293801554e-06
3.302802788529665912e-07
0.000000000000000000e+00
0.000000000000000000e+00
0.000000000000000000e+00
0.000000000000000000e+00
0.000000000000000000e+00
0.000000000000000000e+00
0.000000000000000000e+00
0.000000000000000000e+00
0.000000000000000000e+00
0.000000000000000000e+00
0.000000000000000000e+00
0.000000000000000000e+00
0.000000000000000000e+00
0.000000000000000000e+00
0.000000000000000000e+00
0.000000000000000000e+00
0.000000000000000000e+00
0.000000000000000000e+00
0.000000000000000000e+00
0.000000000000000000e+00
0.000000000000000000e+00
0.000000000000000000e+00
0.000000000000000000e+00
0.000000000000000000e+00
0.000000000000000000e+00
0.000000000000000000e+00
0.000000000000000000e+00
0.000000000000000000e+00
0.000000000000000000e+00
0.000000000000000000e+00
0.000000000000000000e+00
0.000000000000000000e+00
0.000000000000000000e+00
0.000000000000000000e+00
0.000000000000000000e+00
0.000000000000000000e+00
0.000000000000000000e+00
0.000000000000000000e+00
0.000000000000000000e+00
0.000000000000000000e+00
0.000000000000000000e+00
0.000000000000000000e+00
0.000000000000000000e+00
0.000000000000000000e+00
0.000000000000000000e+00
0.000000000000000000e+00
0.000000000000000000e+00
0.000000000000000000e+00
0.000000000000000000e+00
0.000000000000000000e+00
0.000000000000000000e+00
0.000000000000000000e+00
0.000000000000000000e+00
0.000000000000000000e+00
0.000000000000000000e+00
0.000000000000000000e+00
0.000000000000000000e+00
0.000000000000000000e+00
0.000000000000000000e+00
0.000000000000000000e+00
0.000000000000000000e+00
