0.000000000000000000e+00
0.000000000000000000e+00
0.000000000000000000e+00
0.000000000000000000e+00
0.000000000000000000e+00
0.000000000000000000e+00
0.000000000000000000e+00
0.000000000000000000e+00
0.000000000000000000e+00
0.000000000000000000e+00
0.000000000000000000e+00
0.000000000000000000e+00
0.000000000000000000e+00
0.000000000000000000e+00
0.000000000000000000e+00
0.000000000000000000e+00
0.000000000000000000e+00
0.000000000000000000e+00
0.000000000000000000e+00
0.000000000000000000e+00
0.000000000000000000e+00
0.000000000000000000e+00
0.000000000000000000e+00
0.000000000000000000e+00
0.000000000000000000e+00
0.000000000000000000e+00
3.980040483032498883e-05
2.077904275334817221e-03
2.806785411515945808e-02
1.934059710442275759e-01
7.382997056836262395e-01
1.539388882778341294e+00
2.062367426349966948e+00
2.123326994814186630e+00
1.919687145407245277e+00
1.654921169893883937e+00
1.433042494910138132e+00
1.268740011275768076e+00
1.173919196481899352e+00
1.100467960767046671e+00
1.015574348925380566e+00
9.484180797777994609e-01
9.174985185732954518e-01
9.044849206265621611e-01
9.106629380819807329e-01
9.226025021507293644e-01
9.351213091284164003e-01
9.488778113067385389e-01
9.589577268122216891e-01
9.651397993226754624e-01
9.714685110491805276e-01
9.777853194181275187e-01
9.816111752366275534e-01
9.871821129882438761e-01
9.848244443691879235e-01
9.815515599562560922e-01
9.775050823524749077e-01
9.686987544098676350e-01
9.658235220410836819e-01
9.581492345361038998e-01
9.538309556268181888e-01
9.509860524444423424e-01
9.511799659764912374e-01
9.574433695697021074e-01
9.660862213486201000e-01
9.758352131122898232e-01
9.893741113715508462e-01
9.999118935305445488e-01
1.008244891167789481e+00
1.018203153830882002e+00
1.024274614702460617e+00
1.032317624335526762e+00
1.035129283584403703e+00
1.035403777085922572e+00
1.035153535340597397e+00
1.032951830210243616e+00
1.028827315690519217e+00
1.024900778949600744e+00
1.019330115514509805e+00
1.013396689398093020e+00
1.007292129115512802e+00
1.001538380479348289e+00
9.967753133595076420e-01
9.930275482006473142e-01
9.887123853314109256e-01
9.869344877708852160e-01
9.866493875450782491e-01
9.846760815041269987e-01
9.863079241834870059e-01
9.871669638670711455e-01
9.889032487179232334e-01
9.923222068188161105e-01
9.943280689519762294e-01
9.949493523960063479e-01
9.977956421803919618e-01
9.986558872337053527e-01
1.000788576866649571e+00
1.001797190347687216e+00
1.001411126385112871e+00
1.001041103085920536e+00
1.003850933577661753e+00
1.003263403605702875e+00
1.004635483965044651e+00
1.004681378320129381e+00
1.003986637318516006e+00
1.004575520080200235e+00
1.004688236612172547e+00
1.004275143142637772e+00
1.004268218351206166e+00
1.003269007499646204e+00
1.003166916135634246e+00
1.002327730258230742e+00
1.001356289548852363e+00
1.000833035567699092e+00
1.000864380057326031e+00
9.993430169701031929e-01
9.991692500840145819e-01
9.995272204435553531e-01
9.988651455623297482e-01
9.983276600711737947e-01
9.987077778414532592e-01
9.990483221381246670e-01
9.979790474037812942e-01
9.989890996728073569e-01
9.973525896378471201e-01
9.991554113644768309e-01
9.989911662390758007e-01
9.994687759781386571e-01
9.997090051181495296e-01
9.996907837827818666e-01
9.995938318315431559e-01
1.000026127606922666e+00
1.000268746171167455e+00
1.000913492234240421e+00
1.001250507894828390e+00
1.000885135213739785e+00
1.000572480519565266e+00
1.001263019226573459e+00
1.000191109368711695e+00
1.001362106797353047e+00
1.000591679995820549e+00
1.001523111282247136e+00
1.000941741825698506e+00
1.000795987399883957e+00
1.000726910973384287e+00
1.000726267894201715e+00
9.996888510933656935e-01
1.000477745962611742e+00
9.998114419093353522e-01
1.000046409121036595e+00
1.000565469385055861e+00
1.000350703084335713e+00
1.000580627178365489e+00
1.000419521996024352e+00
9.996703775222928190e-01
1.000141528784491474e+00
9.997281227247772906e-01
1.000606914712519169e+00
1.000155610047452459e+00
1.000548540136038111e+00
1.000622684774785220e+00
9.999879816014795031e-01
1.000506314665537744e+00
9.994012203436724029e-01
9.999602955709542274e-01
1.000156129223213952e+00
1.000827805884610289e+00
1.000693956465277035e+00
1.000132108415505039e+00
1.000082886119962877e+00
1.000790713718750169e+00
1.001356102361306011e+00
1.000707503721048441e+00
1.001337458921511381e+00
1.000913604990832040e+00
1.000511102031862443e+00
1.000595308431197150e+00
1.000519572262337897e+00
9.998822643477399685e-01
1.000866011171472447e+00
1.000376431001416933e+00
1.000749506508434861e+00
9.999757954154435691e-01
1.000520082441098690e+00
1.000210719330978382e+00
1.000238158965518487e+00
9.996952108361955025e-01
1.000578749274760648e+00
1.000226417722342775e+00
1.000387360454316754e+00
1.001003746625175106e+00
1.000108371641486249e+00
1.000015350016956628e+00
1.000438048893145027e+00
9.999950300201426723e-01
9.998365980943457743e-01
1.000124683342068499e+00
1.000245640704528816e+00
1.000152282871320963e+00
1.000148810878099370e+00
1.000284397447483098e+00
9.998584954276670267e-01
9.999593554932254547e-01
9.999960750553348321e-01
9.997275125514175631e-01
9.998917708766928980e-01
1.000432276483171901e+00
1.000395481849667423e+00
1.000117890173223945e+00
1.000245041752477748e+00
1.000276276246633511e+00
1.000514450611669215e+00
9.999180245151193525e-01
9.998463553702136020e-01
1.000307018164307227e+00
9.999481805620914487e-01
9.998856508986402325e-01
1.000030760577717226e+00
9.997272077922958466e-01
1.000058540838147936e+00
1.000029609445965306e+00
9.996007950785944507e-01
9.996502068712128652e-01
1.000108256653090777e+00
9.999730547224142674e-01
1.000045227791899194e+00
1.000301329690898688e+00
1.000220004433745702e+00
9.994993082756328251e-01
1.000392202924160978e+00
9.996966646982570204e-01
9.997694690401399686e-01
1.000381592388572383e+00
1.000274781292814996e+00
9.999155008770734820e-01
9.999055977161707132e-01
9.995825142568381949e-01
9.995567019409267173e-01
9.996544680439221064e-01
9.998850714018597818e-01
1.000160566816497898e+00
1.000035038972736601e+00
1.000111641801845197e+00
9.995603865883195827e-01
9.998978903148366681e-01
9.999522648473625486e-01
1.000309034634141447e+00
9.995998971450772430e-01
1.000047639845734526e+00
9.998871143218936997e-01
9.998772414358437777e-01
9.995908833958667694e-01
1.000054597944375567e+00
1.000224999032400142e+00
9.997411487454341827e-01
1.000068256382795395e+00
1.000268535139670290e+00
9.998932566148130974e-01
9.997633735515352171e-01
9.998226139190362627e-01
9.997141737998082034e-01
9.993378768551809399e-01
9.997564753556017481e-01
1.000014961970415284e+00
1.000101432018925873e+00
9.998142850540918669e-01
9.998814659820627337e-01
9.999719156639016449e-01
1.000319649707593017e+00
1.000138942419795729e+00
1.000033863865857020e+00
1.000005120069134668e+00
9.998597260044274071e-01
9.999319536769305516e-01
1.000051941119354915e+00
9.997915944472146599e-01
1.000158608275147465e+00
9.996432250476152692e-01
9.999731499152592074e-01
1.000202834930597806e+00
1.000173258353593386e+00
9.996952764528770352e-01
1.000057322701856322e+00
9.998350454438780233e-01
1.000007176193861813e+00
9.998346138805778160e-01
9.997946625827087708e-01
9.996594534744487337e-01
9.999103296560855059e-01
1.000082971497268547e+00
9.997862750685865274e-01
1.000073576857955837e+00
1.000065346136416622e+00
1.000163555744061572e+00
1.000112212536675704e+00
9.999088635891910659e-01
1.000259853803019183e+00
1.000012267277404776e+00
1.000233897889402757e+00
1.000026337340052196e+00
1.000041146022802474e+00
1.000103321384233634e+00
9.998844183870980729e-01
9.997941662964485721e-01
1.000138259571732968e+00
9.999082977415588713e-01
9.997514555122769542e-01
1.000231918076575299e+00
1.000139991743431933e+00
9.999956519617315687e-01
9.996949898057072570e-01
9.999327023602371245e-01
1.000085838791151538e+00
9.999838020874571853e-01
1.000056270561819671e+00
1.000108852973722984e+00
1.000047974334191681e+00
1.000244637027732919e+00
1.000290952509195863e+00
9.998144527950726390e-01
9.998912285961888413e-01
1.000115526938700983e+00
9.997705570064386871e-01
1.000175869667591755e+00
1.000228888455497733e+00
9.998702334441089690e-01
9.997465702398743437e-01
1.000111518307579495e+00
1.000264030212611566e+00
1.000022343994114715e+00
1.000060498689383071e+00
9.999203915330593384e-01
9.999530570212197267e-01
1.000019151980589660e+00
1.000070497888468912e+00
9.998963765906589973e-01
1.000203351250230410e+00
1.000323297566243719e+00
1.000445703019039012e+00
9.994016703669513779e-01
9.926908344144774743e-01
9.840723256670423913e-01
9.751998455251980058e-01
9.668460232961854084e-01
9.583015501769512889e-01
9.492007072905443987e-01
9.408290700278967300e-01
9.324146335140657271e-01
9.239418479303314058e-01
9.153881238553196464e-01
9.076274886528710173e-01
8.992679989745563374e-01
8.908997145736797796e-01
8.825097394780373472e-01
8.745849039985564843e-01
8.666323200371162105e-01
8.585087161195705807e-01
8.504554637732361089e-01
8.426053334405481099e-01
8.348787716679239024e-01
8.266606269105054583e-01
8.191982955727877824e-01
8.112717952457946247e-01
8.034739927685986549e-01
7.958597501625047643e-01
7.880442567944034860e-01
7.805166519740358577e-01
7.728333902373264452e-01
7.654823001112867065e-01
7.580247399481812032e-01
7.505575340839413245e-01
7.432465257512614887e-01
7.356750429073861675e-01
7.285392156110671591e-01
7.212030902690492740e-01
7.138704201156329532e-01
7.067521548406263676e-01
6.993633809474448793e-01
6.923918760682650220e-01
6.853358434781116060e-01
6.780494813887191219e-01
6.712209086076920128e-01
6.641999140065009133e-01
6.572842340694625696e-01
6.503939616424214698e-01
6.435990784696937750e-01
6.366149713772916163e-01
6.298432004135887663e-01
6.230794728175492736e-01
6.164958820684844909e-01
6.095436429948398738e-01
6.029974303021048421e-01
5.962239305981091864e-01
5.895304241684804492e-01
5.831875511010791158e-01
5.766616649513162107e-01
5.701266444081847240e-01
5.635814793485700580e-01
5.572117082191113679e-01
5.508653726090319003e-01
5.444155875511982323e-01
5.381082862970408831e-01
5.319028599301784954e-01
5.255393682866998928e-01
5.192285605414079797e-01
5.131156747322602740e-01
5.070148169974143526e-01
5.007845174087564022e-01
4.945086401768564177e-01
4.884441188314834759e-01
4.823367219505017567e-01
4.765631912209645771e-01
4.704172368198120124e-01
4.644424172629327274e-01
4.583580248229315868e-01
4.525184815586465459e-01
4.466436918953754498e-01
4.410733628186346844e-01
4.349150060991819333e-01
4.291302139133909566e-01
4.233501813388360624e-01
4.176124477007256974e-01
4.119260377777513304e-01
4.062123852985071726e-01
4.004832502649713355e-01
3.949650905943637436e-01
3.891911119963440968e-01
3.836118749276763995e-01
3.782194821819511166e-01
3.726152520288057435e-01
3.670398801642442144e-01
3.616603917687156167e-01
3.560817631905109359e-01
3.506476027463110157e-01
3.451889466747780078e-01
3.397616389873169829e-01
3.345071764038686779e-01
3.291898257093374691e-01
3.237494557313803090e-01
3.184454049654349972e-01
3.132499764008006005e-01
3.080078082299428921e-01
3.027720060022179305e-01
2.975103674515429120e-01
2.925843244860231729e-01
2.872774819860256512e-01
2.821395614821800568e-01
2.769286959502019196e-01
2.719616803193540822e-01
2.669364798791186155e-01
2.619453331584122857e-01
2.569137516654694808e-01
2.518246242258000978e-01
2.470326066117483066e-01
2.419090799023101424e-01
2.370814762126598751e-01
2.321918016819571051e-01
2.272779719085754602e-01
2.223268497699524004e-01
2.176167742186182474e-01
2.127748550106246805e-01
2.079924567976428607e-01
2.031799949540560868e-01
1.985019092038352306e-01
1.936988540576690954e-01
1.890225423036371588e-01
1.842992149482861053e-01
1.796104637650348113e-01
1.748729409480637431e-01
1.703319179262294258e-01
1.656769693229150908e-01
1.611237142170293957e-01
1.565920380573591897e-01
1.519711306859585498e-01
1.474495183124278075e-01
1.429762346649212923e-01
1.385800102005891599e-01
1.340175916106928489e-01
1.294938797178756262e-01
1.251081357985306119e-01
1.207267878864588390e-01
1.166877845313211703e-01
1.129672943834154203e-01
1.093835594074049622e-01
1.059856982279977072e-01
1.026587140079827098e-01
9.959263649567048904e-02
9.651035243743298631e-02
9.363606848399667892e-02
9.083263638296301679e-02
8.801350406972698048e-02
8.539431380930341542e-02
8.277169090267796903e-02
8.031959104110426850e-02
7.785089975451046918e-02
7.552804185438394269e-02
7.316541613169204317e-02
7.098022548098398277e-02
6.872282323362667589e-02
6.668493795745548958e-02
6.459985056306537243e-02
6.259912698910767570e-02
6.065038316755735903e-02
5.871890272177962555e-02
5.690438343916525560e-02
5.511720388027508549e-02
5.328619764649220741e-02
5.155871981543508342e-02
4.991648777295536882e-02
4.829298427745749855e-02
4.667653846010482582e-02
4.514399500181523472e-02
4.365850887833758881e-02
4.215122408532638587e-02
4.073705012434340744e-02
3.933113720198787994e-02
3.797460089072911965e-02
3.665500164165655383e-02
3.536174151121225517e-02
3.416734841049805932e-02
3.290358617277683306e-02
3.170929345188461951e-02
3.057265429352862274e-02
2.940308262574203857e-02
2.833158329300353162e-02
2.723307437320495600e-02
2.623002651262924118e-02
2.518670871741690923e-02
2.421294057012344375e-02
2.322785297780817840e-02
2.233503638114592987e-02
2.138624163247975982e-02
2.052567301860948670e-02
1.968588104777601808e-02
1.882794795544182401e-02
1.801634396992584514e-02
1.721350335756997516e-02
1.644910279876998088e-02
1.571735424404772929e-02
1.500678079529985977e-02
1.430109835967922557e-02
1.362532876936798851e-02
1.295121072061851918e-02
1.233682187780013768e-02
1.170043465716452853e-02
1.111444754262204231e-02
1.052955775157141463e-02
9.979553637275361336e-03
9.431153682793288334e-03
8.908225465591513778e-03
8.403963732809740378e-03
7.926457574673024045e-03
7.461609302398912458e-03
7.003461820781532905e-03
6.560568323120684851e-03
6.156204762975935225e-03
5.744432998838459696e-03
5.357568106347538467e-03
4.986090376500765774e-03
4.624077829448313727e-03
4.278505083469998430e-03
3.968236010156797264e-03
3.658701308154481413e-03
3.357821948757547335e-03
3.069858899880123070e-03
2.800925905819384026e-03
2.558637168924589051e-03
2.313311743501635445e-03
2.073154720790002566e-03
1.857786088837342156e-03
1.660794681109527661e-03
1.472292040840351328e-03
1.299195846057475548e-03
1.132500171134002412e-03
9.798014404496615311e-04
8.381904436021192810e-04
7.023119719294163487e-04
5.898128577294878012e-04
4.792468309190009890e-04
3.908968276680900491e-04
3.045439892450279630e-04
2.310996845086824741e-04
1.670548788306025869e-04
1.132447754511259347e-04
7.179286123442330198e-05
3.956558109205358318e-05
1.650548591296733568e-05
4.319302807519895273e-06
3.587196882185308527e-07
0.000000000000000000e+00
0.000000000000000000e+00
0.000000000000000000e+00
0.000000000000000000e+00
0.000000000000000000e+00
0.000000000000000000e+00
0.000000000000000000e+00
0.000000000000000000e+00
0.000000000000000000e+00
0.000000000000000000e+00
0.000000000000000000e+00
0.000000000000000000e+00
0.000000000000000000e+00
0.000000000000000000e+00
0.000000000000000000e+00
0.000000000000000000e+00
0.000000000000000000e+00
0.000000000000000000e+00
0.000000000000000000e+00
0.000000000000000000e+00
0.000000000000000000e+00
0.000000000000000000e+00
0.000000000000000000e+00
0.000000000000000000e+00
0.000000000000000000e+00
0.000000000000000000e+00
0.000000000000000000e+00
0.000000000000000000e+00
0.000000000000000000e+00
0.000000000000000000e+00
0.000000000000000000e+00
0.000000000000000000e+00
0.000000000000000000e+00
0.000000000000000000e+00
0.000000000000000000e+00
0.000000000000000000e+00
0.000000000000000000e+00
0.000000000000000000e+00
0.000000000000000000e+00
0.000000000000000000e+00
0.000000000000000000e+00
0.000000000000000000e+00
0.000000000000000000e+00
0.000000000000000000e+00
0.000000000000000000e+00
0.000000000000000000e+00
0.000000000000000000e+00
0.000000000000000000e+00
0.000000000000000000e+00
0.000000000000000000e+00
0.000000000000000000e+00
0.000000000000000000e+00
0.000000000000000000e+00
0.000000000000000000e+00
0.000000000000000000e+00
0.000000000000000000e+00
0.000000000000000000e+00
0.000000000000000000e+00
0.000000000000000000e+00
0.000000000000000000e+00
0.000000000000000000e+00
