0.000000000000000000e+00
0.000000000000000000e+00
0.000000000000000000e+00
0.000000000000000000e+00
0.000000000000000000e+00
0.000000000000000000e+00
0.000000000000000000e+00
0.000000000000000000e+00
0.000000000000000000e+00
0.000000000000000000e+00
0.000000000000000000e+00
0.000000000000000000e+00
0.000000000000000000e+00
0.000000000000000000e+00
0.000000000000000000e+00
0.000000000000000000e+00
0.000000000000000000e+00
0.000000000000000000e+00
0.000000000000000000e+00
0.000000000000000000e+00
0.000000000000000000e+00
0.000000000000000000e+00
0.000000000000000000e+00
0.000000000000000000e+00
0.000000000000000000e+00
0.000000000000000000e+00
3.095601617697455458e-05
1.852053835187513972e-03
2.794945915238377862e-02
1.943097516548626114e-01
7.385201845839048929e-01
1.539364831712007442e+00
2.066417087446561496e+00
2.125155159518525405e+00
1.913739183811729250e+00
1.653147226681871418e+00
1.430699404165336919e+00
1.272272997156544294e+00
1.173409282107029217e+00
1.099026012959350096e+00
1.019489144132388558e+00
9.504440684478748791e-01
9.159088979065206360e-01
9.053787735465471664e-01
9.115282679028172685e-01
9.224343228095727154e-01
9.374971662459254951e-01
9.508699945968510647e-01
9.606998320880806297e-01
9.664638632768755011e-01
9.706875726848757102e-01
9.773414247658372966e-01
9.822310464967021204e-01
9.864771051149776593e-01
9.842372451103129638e-01
9.840124162845115263e-01
9.794253861409332185e-01
9.712772306463491878e-01
9.660558632543930768e-01
9.586266084564390999e-01
9.538447805511892641e-01
9.524604156954221690e-01
9.525424729994275141e-01
9.595506706406620179e-01
9.674584600146386437e-01
9.775374341469047490e-01
9.886371133637242847e-01
1.001064535500853392e+00
1.009317967321415210e+00
1.020532404905593715e+00
1.027433890971401587e+00
1.032072180597471522e+00
1.033752063261421661e+00
1.036058888989825011e+00
1.035683865859746700e+00
1.032348077980707712e+00
1.031045240829942200e+00
1.025727288508269108e+00
1.020368653664320391e+00
1.014753349521664738e+00
1.008809012996241039e+00
1.003655689292859865e+00
9.977734325971312490e-01
9.917448341651698973e-01
9.896831368182309463e-01
9.876813775411809049e-01
9.868424887354407815e-01
9.852498683063790619e-01
9.874058594844731251e-01
9.872410171864474115e-01
9.906674755442036462e-01
9.919733406090882610e-01
9.937051294724815742e-01
9.960894914855757953e-01
9.978639866088593324e-01
9.992470146877432402e-01
1.000851656336348539e+00
1.001858756716931476e+00
1.002271844909100817e+00
1.003623957176424275e+00
1.003287387731204960e+00
1.003775513798537355e+00
1.004737770010187381e+00
1.005229453961240305e+00
1.004875045812632761e+00
1.004859579168034367e+00
1.005548425569350313e+00
1.004219399915062594e+00
1.004175065136260869e+00
1.003595453231202361e+00
1.003834777321712446e+00
1.002023914514866609e+00
1.001484442788826312e+00
1.001520540855564523e+00
1.001569150607199088e+00
1.000508804569747889e+00
1.000676531355603416e+00
9.999337113525408327e-01
9.988596742425522867e-01
9.993743856055541386e-01
9.988294842726483935e-01
9.987980274103358536e-01
9.989588006558172140e-01
9.994758091507014441e-01
9.993350129534930293e-01
9.984174714784432858e-01
9.989652034232076039e-01
9.998439454815707395e-01
1.000055484413776785e+00
9.998921766065210770e-01
9.998855978183778248e-01
9.999633018315146060e-01
1.000747932966507436e+00
1.001271278510599716e+00
1.001878455093552889e+00
1.001318511157261115e+00
1.001564860622998321e+00
1.001627176832090349e+00
1.000996653580649598e+00
1.001133003789439480e+00
1.001820015027125033e+00
1.001292350477172022e+00
1.001418927366804379e+00
1.001884405674261069e+00
1.000746646429108599e+00
1.001397487707750278e+00
1.001821735967077354e+00
1.001194540339930938e+00
1.001072188738206581e+00
1.000854337072419664e+00
1.000694552580306818e+00
9.998633879702228944e-01
1.000333059383873291e+00
9.999627404555530008e-01
9.998948508850040717e-01
9.999579328146237511e-01
1.000196327507884231e+00
1.000154996990387568e+00
1.000875282134436439e+00
1.000317258012491273e+00
1.000407356101101763e+00
1.000382443331817583e+00
1.001020791762780693e+00
1.001295922034572516e+00
1.000393927724129384e+00
1.000735069450583437e+00
1.001073621305559103e+00
1.000381836169415894e+00
1.000119423987833489e+00
1.001314921908260436e+00
1.000370410068826432e+00
1.001094707065595335e+00
1.000168403693281416e+00
1.001070813604161058e+00
1.000910361752406441e+00
1.000493325436902392e+00
1.000559640734422384e+00
1.000814800820775119e+00
1.000682013988003938e+00
1.000430481860798526e+00
1.000693160016986161e+00
1.000341445059372170e+00
1.001006661319997715e+00
1.000778267550392453e+00
1.000584869056599269e+00
1.000283125036835807e+00
1.000775397829282376e+00
1.000320366132707806e+00
1.000311108368376667e+00
1.000311720573058283e+00
1.000123079498546952e+00
1.000379357971626471e+00
1.000124661106178481e+00
9.998696433011240448e-01
1.000027899174198875e+00
1.000535621592731905e+00
1.000716030733906470e+00
1.000112995347841371e+00
1.000017628005797299e+00
1.000275414648328587e+00
1.000488440741288398e+00
1.000530325704142909e+00
1.000197047513188053e+00
1.000378107889442481e+00
1.000813713016097006e+00
1.000223542928957876e+00
1.000422128287865364e+00
1.000204919442099882e+00
9.998580349590385774e-01
1.000274873074706417e+00
9.997295508310459766e-01
1.000335232246139849e+00
1.000745084154346376e+00
1.000580896535378184e+00
9.998466871769993158e-01
1.000746885750116943e+00
1.000155809975463495e+00
1.000510749208052497e+00
1.000114053267961323e+00
1.000086263359107441e+00
1.000549455186339198e+00
1.000652322971688379e+00
1.000431733551444102e+00
1.000141007722138653e+00
1.000314420368053847e+00
1.000311968105165095e+00
1.000163040507990431e+00
1.000480778438092022e+00
1.000130583897016923e+00
1.000676190685661604e+00
1.000545278790653470e+00
1.000300983362491181e+00
1.000231110976001148e+00
1.000122720526464004e+00
1.000407415778319153e+00
1.000586088510699412e+00
1.000557107015127345e+00
1.000196343484266004e+00
1.000473408025429833e+00
1.000683961087539320e+00
1.000276753406775798e+00
1.000467486823658492e+00
1.000550763050026770e+00
1.000538215065097880e+00
1.000678346623939730e+00
1.000460245816494842e+00
1.000652796162499136e+00
1.000378037313579771e+00
1.000391698330949986e+00
1.000263782243683730e+00
1.000385674906249189e+00
1.000572556068256125e+00
1.000019359933838725e+00
1.000015743221392306e+00
1.000523171202229111e+00
1.000783259970301486e+00
1.001051467660954764e+00
1.000263097812266633e+00
1.000652879337309509e+00
1.000587700903312394e+00
1.000855698874965283e+00
1.000604029673843431e+00
1.000306539319721466e+00
1.000671296857716497e+00
1.000538863345902918e+00
1.000330239911989771e+00
1.000102995122780447e+00
1.000801801098434973e+00
1.000271971278002825e+00
1.000433288034360269e+00
1.000329382385452215e+00
1.000384920462227933e+00
1.000448966213358659e+00
1.000343366865038774e+00
1.000288881739650471e+00
1.000272950120705939e+00
1.000680521690040070e+00
1.000212477128191058e+00
1.000117812634131464e+00
1.000505452162832931e+00
1.000098227731378575e+00
1.000613976660818416e+00
1.000096045919226295e+00
1.000314380509396139e+00
1.000444194436022283e+00
1.000797805141872443e+00
1.000444034511461355e+00
1.000393629268782281e+00
1.000588484397772593e+00
1.000364843962183725e+00
1.000238227353540621e+00
1.000490228202653320e+00
1.000338149823965628e+00
1.000262694761378413e+00
1.000428729907068881e+00
1.000564382471345271e+00
1.000375216211633278e+00
1.000387869800056118e+00
1.000142434467405694e+00
1.000201576553127136e+00
1.000146667695224867e+00
1.000062074788816258e+00
1.000133339926702725e+00
1.000114178549834199e+00
1.000315716418797241e+00
1.000191116558106996e+00
1.000406128387339333e+00
1.000379053488077874e+00
1.000452282849448205e+00
1.000201487378444609e+00
1.000132642738380095e+00
1.000261118770473079e+00
1.000152661997344428e+00
1.000081736395788568e+00
1.000059534788412918e+00
1.000669343174281467e+00
1.000273258029975132e+00
1.000419945812564437e+00
1.000204942369605554e+00
1.000254864042517289e+00
1.000272473695932307e+00
1.000156985663318121e+00
1.000335908550681108e+00
9.998788973550503112e-01
1.000037273741423594e+00
1.000118459886281563e+00
1.000221554789287648e+00
1.000341375083265483e+00
1.000283821587952149e+00
9.999736424165759363e-01
1.000339800282940006e+00
1.000184782808948736e+00
1.000258562904703163e+00
1.000005010898266322e+00
1.000068544578465612e+00
1.000387003986787260e+00
1.000136140159265885e+00
1.000011842953278718e+00
1.000168018546278459e+00
9.993345352705536033e-01
9.923475466973935566e-01
9.837308724346788269e-01
9.751349879981229263e-01
9.666333313324771970e-01
9.578174333930131734e-01
9.494268600942017411e-01
9.407466568408493490e-01
9.323579116721723015e-01
9.237999453231441338e-01
9.157012451807277076e-01
9.068720336060125398e-01
8.987877136678293910e-01
8.905588885222657236e-01
8.823646661779055433e-01
8.742866607473810392e-01
8.662891173653286536e-01
8.583499992799827893e-01
8.502597075183477848e-01
8.424463951778093929e-01
8.345014569463433673e-01
8.263501997056320603e-01
8.187019535076657251e-01
8.109157332994416656e-01
8.032665967605727708e-01
7.955053566627132700e-01
7.879916334883806384e-01
7.801580144435806830e-01
7.728589914109019743e-01
7.650848108569585637e-01
7.578486151777489299e-01
7.500416133408329689e-01
7.429851679577581525e-01
7.355402408757015786e-01
7.282017350873586370e-01
7.207878022959257613e-01
7.138383606965846839e-01
7.065351465842137912e-01
6.992623849484640441e-01
6.919777103771577176e-01
6.849437252465947479e-01
6.779613715002438257e-01
6.706845643148697800e-01
6.640226595080656047e-01
6.572388623032778820e-01
6.502612453102513124e-01
6.432411699535774963e-01
6.365544708232352411e-01
6.295854162010087185e-01
6.226038392204409355e-01
6.161925541317497812e-01
6.093816341749321852e-01
6.026498024925797115e-01
5.961697025781304005e-01
5.897035375518097089e-01
5.828243847260615729e-01
5.764402229820096979e-01
5.700385292532494930e-01
5.634188574166090202e-01
5.569313608105191937e-01
5.506730098981909016e-01
5.442331902367321117e-01
5.379203249678822241e-01
5.315158549990351977e-01
5.254690270264190666e-01
5.189754061487324988e-01
5.127531368323450245e-01
5.066213572423163836e-01
5.004880973659038279e-01
4.943678938321861005e-01
4.883301760613425468e-01
4.822229474476895095e-01
4.762469051796806574e-01
4.701412161823327329e-01
4.642998641139591265e-01
4.581500669001255521e-01
4.524211416325627511e-01
4.464795524094647972e-01
4.405923733738015824e-01
4.347209192243163822e-01
4.289915875950358615e-01
4.231456055202913458e-01
4.172676030244280576e-01
4.117367046374942330e-01
4.060319974031058599e-01
4.002862849884950003e-01
3.946797925443975563e-01
3.890173486815898252e-01
3.835202603300522650e-01
3.778822904725755993e-01
3.724239538349338186e-01
3.667648194417351126e-01
3.613724080852035447e-01
3.559309634296936031e-01
3.504086272433508675e-01
3.449681615559136993e-01
3.396835028899877762e-01
3.343578015833323369e-01
3.289500663105328626e-01
3.235924230624316889e-01
3.185066235798767464e-01
3.131358518620751541e-01
3.077752815090129546e-01
3.026654734110814648e-01
2.974218557022939025e-01
2.924029753206228710e-01
2.871850640500667184e-01
2.820338914656191354e-01
2.770112242683011594e-01
2.718539499287287442e-01
2.666945822325978988e-01
2.618325528687321935e-01
2.567585777044453232e-01
2.519379381411145369e-01
2.469129383434102987e-01
2.419272092033089294e-01
2.370316356022738880e-01
2.321131425840066154e-01
2.273054704897121414e-01
2.223221345419703898e-01
2.175124295607346325e-01
2.126754264859350430e-01
2.078651932569668404e-01
2.031979690535928862e-01
1.983925915851179611e-01
1.936606254353902823e-01
1.889306375398511761e-01
1.842283655759713312e-01
1.795967430962510936e-01
1.748512650724271533e-01
1.702684824345801484e-01
1.656252615732651534e-01
1.610164772108785003e-01
1.564846520547800712e-01
1.520422897645226923e-01
1.473453163519072295e-01
1.427531335679506630e-01
1.383797135632287290e-01
1.339607919372978739e-01
1.293577928900596363e-01
1.250263219106257095e-01
1.206938192088280598e-01
1.166032783506364690e-01
1.129473475101822888e-01
1.093462887913504988e-01
1.059942948106379484e-01
1.027101259036447140e-01
9.956810660389799061e-02
9.655526743929122857e-02
9.361862605873330634e-02
9.079236218712885553e-02
8.801616474171071458e-02
8.536925881874050936e-02
8.283204618018785714e-02
8.027968216971517745e-02
7.782195107526293509e-02
7.544035097579816773e-02
7.316261076257471463e-02
7.091840522320974616e-02
6.879625086298624126e-02
6.665437950549502055e-02
6.456675217919391474e-02
6.253624184856286516e-02
6.060897049495649058e-02
5.875136403024881770e-02
5.684087831331984669e-02
5.509006647457290878e-02
5.328940261265265738e-02
5.154517892370493598e-02
4.991093311126703486e-02
4.833133119343846484e-02
4.671615871404234677e-02
4.511731902658046994e-02
4.367014924982391688e-02
4.219011664200907757e-02
4.074640562285910400e-02
3.935004624783319804e-02
3.800515520262080088e-02
3.669360879365601152e-02
3.541218641946348306e-02
3.412136016313547376e-02
3.289092397513620342e-02
3.175530710359433795e-02
3.057031811467643759e-02
2.941795437208372457e-02
2.833457309464505747e-02
2.727726915976260227e-02
2.619780255297968555e-02
2.519241951072749564e-02
2.419936599974235186e-02
2.322586861741514005e-02
2.229651485834929434e-02
2.140351605952284936e-02
2.051935094014549488e-02
1.966015493619279603e-02
1.881362082083114923e-02
1.802082621159645237e-02
1.725960685906708855e-02
1.647168128191679043e-02
1.572195888362776586e-02
1.500485596665802716e-02
1.431585857183283184e-02
1.362711947998259190e-02
1.296601474245983633e-02
1.232736428837406112e-02
1.171745034983072593e-02
1.110491815681180668e-02
1.054366736879590663e-02
9.972119634195482363e-03
9.428617154483984880e-03
8.912412746261085678e-03
8.413114538342472346e-03
7.924544456136875178e-03
7.469010985635991980e-03
7.002095743516993480e-03
6.549396618120317815e-03
6.157139616279509904e-03
5.734170239463563801e-03
5.366007526372294605e-03
4.996708475046747477e-03
4.622025947567336319e-03
4.285099696280432295e-03
3.960866268207692553e-03
3.651169846838904672e-03
3.360107050568651894e-03
3.076432954181848155e-03
2.804853176673070651e-03
2.546551583848019606e-03
2.314296682382017620e-03
2.078219410384068815e-03
1.869095000037433469e-03
1.660134500106345400e-03
1.469293970720747262e-03
1.293118172848603921e-03
1.129209795030839932e-03
9.780839424576748698e-04
8.396479443870464351e-04
7.055020137301098180e-04
5.933266084713720604e-04
4.825901604713399642e-04
3.907691855937924625e-04
3.061860346717657421e-04
2.302741005440374898e-04
1.660396008009285256e-04
1.152704785059309093e-04
7.251140399434266961e-05
3.971979029305670785e-05
1.655973943840133623e-05
4.364316094055669565e-06
3.587213772232123367e-07
0.000000000000000000e+00
0.000000000000000000e+00
0.000000000000000000e+00
0.000000000000000000e+00
0.000000000000000000e+00
0.000000000000000000e+00
0.000000000000000000e+00
0.000000000000000000e+00
0.000000000000000000e+00
0.000000000000000000e+00
0.000000000000000000e+00
0.000000000000000000e+00
0.000000000000000000e+00
0.000000000000000000e+00
0.000000000000000000e+00
0.000000000000000000e+00
0.000000000000000000e+00
0.000000000000000000e+00
0.000000000000000000e+00
0.000000000000000000e+00
0.000000000000000000e+00
0.000000000000000000e+00
0.000000000000000000e+00
0.000000000000000000e+00
0.000000000000000000e+00
0.000000000000000000e+00
0.000000000000000000e+00
0.000000000000000000e+00
0.000000000000000000e+00
0.000000000000000000e+00
0.000000000000000000e+00
0.000000000000000000e+00
0.000000000000000000e+00
0.000000000000000000e+00
0.000000000000000000e+00
0.000000000000000000e+00
0.000000000000000000e+00
0.000000000000000000e+00
0.000000000000000000e+00
0.000000000000000000e+00
0.000000000000000000e+00
0.000000000000000000e+00
0.000000000000000000e+00
0.000000000000000000e+00
0.000000000000000000e+00
0.000000000000000000e+00
0.000000000000000000e+00
0.000000000000000000e+00
0.000000000000000000e+00
0.000000000000000000e+00
0.000000000000000000e+00
0.000000000000000000e+00
0.000000000000000000e+00
0.000000000000000000e+00
0.000000000000000000e+00
0.000000000000000000e+00
0.000000000000000000e+00
0.000000000000000000e+00
0.000000000000000000e+00
0.000000000000000000e+00
0.000000000000000000e+00
