0.000000000000000000e+00
0.000000000000000000e+00
0.000000000000000000e+00
0.000000000000000000e+00
0.000000000000000000e+00
0.000000000000000000e+00
0.000000000000000000e+00
0.000000000000000000e+00
0.000000000000000000e+00
0.000000000000000000e+00
0.000000000000000000e+00
0.000000000000000000e+00
0.000000000000000000e+00
0.000000000000000000e+00
0.000000000000000000e+00
0.000000000000000000e+00
0.000000000000000000e+00
0.000000000000000000e+00
0.000000000000000000e+00
0.000000000000000000e+00
0.000000000000000000e+00
0.000000000000000000e+00
0.000000000000000000e+00
0.000000000000000000e+00
0.000000000000000000e+00
0.000000000000000000e+00
3.095209056906305024e-05
1.983211892111982726e-03
2.824792948775430718e-02
1.921905753242025838e-01
7.371280181994469549e-01
1.544974879594933848e+00
2.060475131209871691e+00
2.116274675984261666e+00
1.919651023355043451e+00
1.653223417040676768e+00
1.428863039665100532e+00
1.268331144269229549e+00
1.167233090292398190e+00
1.097292415063563453e+00
1.016775602822204583e+00
9.502387949671173839e-01
9.127771965758418871e-01
9.033323742440296789e-01
9.096233771975794635e-01
9.184308135984436960e-01
9.358042132148678416e-01
9.499001984776149765e-01
9.589185248486975510e-01
9.618306648682178883e-01
9.685747649033963347e-01
9.755595397271394909e-01
9.806632006444256922e-01
9.829473929296432821e-01
9.831923788690202226e-01
9.803085969255425081e-01
9.762689412446114989e-01
9.695826686263406824e-01
9.630794893975812565e-01
9.578532944067241761e-01
9.531426485250809044e-01
9.498854805132697088e-01
9.506082887750385568e-01
9.566248490429432039e-01
9.667580134634925493e-01
9.763023717117708111e-01
9.870005276968103480e-01
9.978575074684624679e-01
1.009479192907123624e+00
1.017589563069330572e+00
1.025584740372716519e+00
1.030637696710625217e+00
1.033270025870817399e+00
1.035255505244705665e+00
1.034399356089444444e+00
1.033115534211929587e+00
1.029413289512931318e+00
1.024661367563030501e+00
1.019995848923797022e+00
1.013478335315529888e+00
1.008615429879211822e+00
1.003016461930101633e+00
9.971098726017737501e-01
9.922172502518570303e-01
9.905022949404530541e-01
9.869647872206915862e-01
9.852850146757419214e-01
9.847026807752427002e-01
9.863449022548478329e-01
9.881253675996415353e-01
9.900091131247742426e-01
9.917132703927689086e-01
9.941097490962682581e-01
9.949816784556263505e-01
9.973764801938428404e-01
9.991686495606497687e-01
1.000857463052383434e+00
1.001454030792776839e+00
1.001586204130404223e+00
1.001888453065520102e+00
1.002380420282927842e+00
1.003401042489009409e+00
1.004457538733370292e+00
1.004227634053677098e+00
1.005216842463518168e+00
1.004125293539697372e+00
1.004345972260030750e+00
1.003927321286954610e+00
1.002907848994266882e+00
1.003302423238122465e+00
1.001363264366433636e+00
1.001072024528746551e+00
1.000236086070880770e+00
1.000866559572598735e+00
9.996767005891368241e-01
9.993704452140511618e-01
9.991348822933909801e-01
9.991473981478417032e-01
9.981666295153236446e-01
9.990351855211709875e-01
9.977303337358041091e-01
9.979445450479700330e-01
9.980827625714721041e-01
9.977264957067479845e-01
9.981642493486567735e-01
9.974296119573305974e-01
9.983661628883641059e-01
9.991572296471629144e-01
9.988617260011678489e-01
9.988902182617265257e-01
9.993406652596960038e-01
9.998481673823572669e-01
9.994468349203943225e-01
1.000222526858355554e+00
1.000243131785734763e+00
9.998495489824441584e-01
1.000444805762249700e+00
1.000372030499382392e+00
1.000394552536105985e+00
9.999946145107627693e-01
1.000393832773774472e+00
1.000636472504265351e+00
1.000245255490155083e+00
1.000528857342182443e+00
1.000402296435143112e+00
1.001026695327106975e+00
9.998340390743244432e-01
1.000014859630163677e+00
9.993743341295745486e-01
9.993890724733528463e-01
9.993231289518762495e-01
9.996284855194551566e-01
9.996460268361427870e-01
9.995616559800424294e-01
9.995510452560254500e-01
9.992918401157147024e-01
1.000020673766820689e+00
9.991255387322270920e-01
9.995165236471629244e-01
1.000121679379565531e+00
9.993918841222543259e-01
9.999727999777765497e-01
9.997394356303186402e-01
1.000074729013314290e+00
1.000087805444236810e+00
1.000378455144417478e+00
1.000695294120045542e+00
1.000040349411143170e+00
1.000767000071742130e+00
1.000183333334096369e+00
1.000484341035265068e+00
1.001065633893584161e+00
1.000921786205428043e+00
1.000388937406497147e+00
1.000615563900074889e+00
1.000890552763887165e+00
1.000136682763370644e+00
9.998219623430021352e-01
1.000556479599364668e+00
1.000661103296031529e+00
9.998414536208966030e-01
1.000199505865189797e+00
1.000016866066355981e+00
9.998741524474645814e-01
9.992281914320280123e-01
1.000342552324448464e+00
1.000580898624537030e+00
1.000516111626757798e+00
1.000799552573526041e+00
1.000171550680660326e+00
1.000225591059199282e+00
1.000714189619598571e+00
1.000540976632477319e+00
1.000567369675616991e+00
1.000806792187338923e+00
1.000737979412132939e+00
1.001104994956962591e+00
1.000592921761215059e+00
1.000677789093612713e+00
1.000224878323633160e+00
1.000967757002714453e+00
1.000731572681150316e+00
1.000634722737166804e+00
1.000123088950252592e+00
1.000697936203380545e+00
1.000856936068651670e+00
1.000113194043290132e+00
9.998391240914514810e-01
1.000438751054655517e+00
1.000547800009861099e+00
1.000717207446552903e+00
9.999332474222344391e-01
1.000396453797985696e+00
1.000454078561568982e+00
1.000888794786750635e+00
1.000527629302977672e+00
1.000134389482038699e+00
1.000596765738746452e+00
1.000455699515534036e+00
1.001067121639420243e+00
1.000605058222966859e+00
1.000474916350158727e+00
1.000651072578968126e+00
1.000606158208199981e+00
1.000596151578505122e+00
1.000793575434318017e+00
1.000469811175298318e+00
1.001162983177153132e+00
1.000586409127251830e+00
1.000620459132357976e+00
1.000674003863356143e+00
1.000135771699292686e+00
1.000336768635916362e+00
1.000510572198830550e+00
1.000411006712101925e+00
1.000690798936967552e+00
1.000538826757899180e+00
1.000272058431444400e+00
1.000290738825850179e+00
1.000350785991516833e+00
1.000501638000964366e+00
1.000779588619030269e+00
1.000250401930877997e+00
1.000668764997582505e+00
1.000842102619169172e+00
1.000034829790072743e+00
1.000679995782927989e+00
1.000513636494548386e+00
1.000284700779869418e+00
1.000338333028999660e+00
1.000437275212868071e+00
1.000297887785745798e+00
1.000557475705500465e+00
1.000368513678086435e+00
1.000476171689778759e+00
1.000680229428245527e+00
1.000106323283624032e+00
1.000465930930916514e+00
1.000484761331293715e+00
1.000450114819217751e+00
1.000379510884465972e+00
1.000686091199582517e+00
1.000339366800352181e+00
1.000475206031710140e+00
1.000409541132424085e+00
1.000316389390803362e+00
1.000438835005788896e+00
1.000509750962011113e+00
1.000167825965099455e+00
9.999869330142719948e-01
1.000359183169196919e+00
1.000327152984973322e+00
1.000281989825417384e+00
1.000155481719309902e+00
1.000527193149517213e+00
1.000335707102950611e+00
1.000434523860693981e+00
1.000239731777274210e+00
9.999192752177429311e-01
1.000143316704906304e+00
1.000296755477426247e+00
1.000337418818134427e+00
1.000497041068734161e+00
1.000481341035460492e+00
1.000468419226863581e+00
1.000927417403964181e+00
1.000192161284662040e+00
1.000509742115626155e+00
1.000304926180975773e+00
1.000601375979248031e+00
1.000301932782241554e+00
1.000321470160755455e+00
1.000250968251052308e+00
1.000341736877844889e+00
1.000432951402950410e+00
9.998136926270595470e-01
1.000094655965128476e+00
1.000507292130851988e+00
1.000435448989813070e+00
1.000438364223841026e+00
1.000398035416448783e+00
1.000315594832004384e+00
1.000250727206092094e+00
1.000626073895040102e+00
1.000187256256148904e+00
1.000324553545504980e+00
1.000730106657849117e+00
1.000245361608353756e+00
1.000459883588287413e+00
1.000488653296811359e+00
1.000145998150952398e+00
1.000292890335113372e+00
1.000382314514768112e+00
1.000286692725381288e+00
1.000409295799363329e+00
1.000410194674742792e+00
1.000164702022755536e+00
1.000384021964780601e+00
1.000089920834412283e+00
1.000296437564634600e+00
1.000542341904967270e+00
1.000490173069380928e+00
9.999038346872637373e-01
1.000512277020355834e+00
1.000287453903019541e+00
1.000047851216414374e+00
1.000367679973380497e+00
1.000215272164145741e+00
1.000330362018995389e+00
1.000122116496934055e+00
1.000342049874760830e+00
1.000315138636563184e+00
1.000166268365827449e+00
1.000362501238017954e+00
1.000302983715942728e+00
1.000137670980546512e+00
1.000138542452446710e+00
1.000119825382023597e+00
1.000221148803942084e+00
9.994382018036925830e-01
9.925718454873198038e-01
9.838210717405150296e-01
9.753197996829516825e-01
9.668288767853340238e-01
9.575134020029123505e-01
9.490969289156951927e-01
9.407399270812343284e-01
9.326227619390787815e-01
9.240402890474224140e-01
9.154218766118964457e-01
9.071170789189777484e-01
8.989634960800513275e-01
8.905567231213380452e-01
8.824125429419044098e-01
8.745204195635292166e-01
8.662444775037979605e-01
8.583311446599785066e-01
8.500987670756696701e-01
8.424428848571627881e-01
8.343428879487884142e-01
8.264784654812523668e-01
8.184892930957820001e-01
8.110849858742494867e-01
8.032739517153836273e-01
7.958493610482061387e-01
7.877832142774015001e-01
7.800810446610910720e-01
7.726165100635949967e-01
7.651061848893582207e-01
7.577989807361107388e-01
7.500133736074633406e-01
7.427316804305555964e-01
7.355541933172824454e-01
7.281273105292431769e-01
7.207577549644428316e-01
7.137217375378138717e-01
7.065448367162610044e-01
6.990852988273211777e-01
6.920309041580454679e-01
6.851338871480675552e-01
6.779235097334920246e-01
6.709894794395229178e-01
6.638144497575085845e-01
6.569227796579114598e-01
6.503059120957832562e-01
6.430810258399622947e-01
6.363195341474778832e-01
6.297557458577911493e-01
6.227641797761676035e-01
6.159855334713671970e-01
6.092434644618494044e-01
6.025899326416696011e-01
5.960523729933315806e-01
5.893281155370430069e-01
5.828159061695332710e-01
5.765807691356459319e-01
5.699792984776020921e-01
5.633221332838738160e-01
5.570045492541445542e-01
5.503837871264063430e-01
5.441182888985147681e-01
5.377963577253439542e-01
5.315640039143745277e-01
5.253131234334763588e-01
5.189224241433429974e-01
5.128126136828451420e-01
5.065018764621114222e-01
5.003078374831904096e-01
4.943839415627154232e-01
4.881619297747344932e-01
4.822112966624207409e-01
4.760059738491564940e-01
4.700460434436444235e-01
4.642027886428841676e-01
4.582328829523079627e-01
4.522231535433366978e-01
4.465041910730107033e-01
4.404418417880127112e-01
4.346815721891679196e-01
4.287963453514908041e-01
4.231528896105400950e-01
4.174270170985447947e-01
4.116057685652196874e-01
4.060027056166370940e-01
4.002329558805565179e-01
3.946865524254691837e-01
3.890637931318686182e-01
3.833888026939795135e-01
3.779677501252108884e-01
3.721659369576874599e-01
3.669273657989760573e-01
3.612941072996468383e-01
3.558612890644226590e-01
3.504188907557753696e-01
3.451137667057081471e-01
3.396735844467786425e-01
3.342199200856920127e-01
3.289313418693034508e-01
3.236729873967897353e-01
3.182066142470287295e-01
3.130341407501439632e-01
3.078268258892231102e-01
3.026101529770900411e-01
2.974027696384307640e-01
2.922559018834956501e-01
2.871746825320589669e-01
2.819880163937564244e-01
2.768347426004080791e-01
2.718245702305610023e-01
2.667800337336595495e-01
2.617494956424322172e-01
2.567761227939424074e-01
2.517286574486026773e-01
2.468130570553631054e-01
2.418160391348716520e-01
2.369538746287234710e-01
2.321035427202150780e-01
2.271164180708894476e-01
2.221721414005610740e-01
2.174475017723942749e-01
2.126946161922232126e-01
2.079212751622688538e-01
2.029841763304768010e-01
1.982814222235418922e-01
1.934942630075279779e-01
1.888301765257799081e-01
1.841834978517311039e-01
1.795277736514724887e-01
1.748641946279891612e-01
1.702900996144627588e-01
1.656075409334585025e-01
1.609959465650575849e-01
1.565027686211729885e-01
1.518038097845354206e-01
1.473615001499300192e-01
1.427983223563401849e-01
1.383575285946800348e-01
1.338465002509252322e-01
1.293370619621808937e-01
1.249935698017383412e-01
1.205725617375875414e-01
1.165952962609379528e-01
1.128190381214791010e-01
1.093210641552602724e-01
1.059149698865341355e-01
1.026582473718640615e-01
9.947520539846067822e-02
9.642675020182822632e-02
9.362579332129214449e-02
9.072006273152041778e-02
8.796658915744688667e-02
8.528034879655070621e-02
8.263672611821713809e-02
8.017269243298756620e-02
7.780417020629641633e-02
7.535546086786441833e-02
7.313014018398203420e-02
7.088450557533942931e-02
6.872235493954444163e-02
6.660563601692456870e-02
6.450997931448325395e-02
6.255332832672290400e-02
6.055026907608450359e-02
5.871371737320692924e-02
5.681915041393059002e-02
5.497419931809706395e-02
5.319325918844841627e-02
5.154264549661160405e-02
4.987658379819073784e-02
4.823769150263412103e-02
4.660546589132678885e-02
4.509690276295594269e-02
4.359259417837327982e-02
4.214032979217323394e-02
4.067518848602438841e-02
3.928893846659906042e-02
3.790745124924388421e-02
3.660614737360471521e-02
3.532886842478013406e-02
3.407953167511926923e-02
3.284963620156831215e-02
3.171678346399382786e-02
3.050131787848763334e-02
2.939818920829724569e-02
2.829177424696999177e-02
2.719368386669123935e-02
2.619595915539994421e-02
2.515982760033038876e-02
2.414550803799247677e-02
2.318608279689644489e-02
2.224994545011285338e-02
2.133792008154400746e-02
2.046613935470522824e-02
1.962248458246574137e-02
1.877683066653551211e-02
1.796029885685878832e-02
1.720355764532989842e-02
1.641194423977714728e-02
1.567295103482057791e-02
1.497919174251561084e-02
1.425810673781595199e-02
1.359518577522153722e-02
1.294903840492867692e-02
1.229486060051284378e-02
1.168119908261162389e-02
1.106561579333271636e-02
1.049714007635526268e-02
9.944519494527783929e-03
9.402389601686805126e-03
8.897994461629961035e-03
8.402076775060246527e-03
7.902148672330596910e-03
7.429424855285159113e-03
6.987817109269003901e-03
6.540435374042233643e-03
6.144815503232011270e-03
5.732279852932306227e-03
5.345423309289795352e-03
4.976929271674333799e-03
4.622362426593589098e-03
4.273425597661578181e-03
3.951617193947400825e-03
3.646829910259366449e-03
3.341030125653471176e-03
3.069513292661105695e-03
2.807876960642748890e-03
2.540596706156775849e-03
2.295816870550657605e-03
2.076504920725951928e-03
1.863811847396065367e-03
1.656393561156699595e-03
1.467938125682110347e-03
1.293352143885068140e-03
1.128991060438619800e-03
9.740268423402487826e-04
8.293022412269791159e-04
7.062254821621000633e-04
5.862582456819396192e-04
4.805245724170512816e-04
3.897023970654401692e-04
3.005163833807532174e-04
2.254416248057670459e-04
1.660826129341680607e-04
1.118627632597074924e-04
7.071146954111854569e-05
3.906250373109673122e-05
1.672014627873844985e-05
4.093839181941828874e-06
2.600400179955863796e-07
0.000000000000000000e+00
0.000000000000000000e+00
0.000000000000000000e+00
0.000000000000000000e+00
0.000000000000000000e+00
0.000000000000000000e+00
0.000000000000000000e+00
0.000000000000000000e+00
0.000000000000000000e+00
0.000000000000000000e+00
0.000000000000000000e+00
0.000000000000000000e+00
0.000000000000000000e+00
0.000000000000000000e+00
0.000000000000000000e+00
0.000000000000000000e+00
0.000000000000000000e+00
0.000000000000000000e+00
0.000000000000000000e+00
0.000000000000000000e+00
0.000000000000000000e+00
0.000000000000000000e+00
0.000000000000000000e+00
0.000000000000000000e+00
0.000000000000000000e+00
0.000000000000000000e+00
0.000000000000000000e+00
0.000000000000000000e+00
0.000000000000000000e+00
0.000000000000000000e+00
0.000000000000000000e+00
0.000000000000000000e+00
0.000000000000000000e+00
0.000000000000000000e+00
0.000000000000000000e+00
0.000000000000000000e+00
0.000000000000000000e+00
0.000000000000000000e+00
0.000000000000000000e+00
0.000000000000000000e+00
0.000000000000000000e+00
0.000000000000000000e+00
0.000000000000000000e+00
0.000000000000000000e+00
0.000000000000000000e+00
0.000000000000000000e+00
0.000000000000000000e+00
0.000000000000000000e+00
0.000000000000000000e+00
0.000000000000000000e+00
0.000000000000000000e+00
0.000000000000000000e+00
0.000000000000000000e+00
0.000000000000000000e+00
0.000000000000000000e+00
0.000000000000000000e+00
0.000000000000000000e+00
0.000000000000000000e+00
0.000000000000000000e+00
0.000000000000000000e+00
0.000000000000000000e+00
