0.000000000000000000e+00
0.000000000000000000e+00
0.000000000000000000e+00
0.000000000000000000e+00
0.000000000000000000e+00
0.000000000000000000e+00
0.000000000000000000e+00
0.000000000000000000e+00
0.000000000000000000e+00
0.000000000000000000e+00
0.000000000000000000e+00
0.000000000000000000e+00
0.000000000000000000e+00
0.000000000000000000e+00
0.000000000000000000e+00
0.000000000000000000e+00
0.000000000000000000e+00
0.000000000000000000e+00
0.000000000000000000e+00
0.000000000000000000e+00
0.000000000000000000e+00
0.000000000000000000e+00
0.000000000000000000e+00
0.000000000000000000e+00
0.000000000000000000e+00
0.000000000000000000e+00
2.089401498878905999e-02
3.808966670653471942e-01
1.380999268232138588e+00
1.826518556731084653e+00
1.417119653687853864e+00
8.302648526587254052e-01
4.785422070886100054e-01
3.416716720671916785e-01
2.931170948486749861e-01
2.815863996247655043e-01
2.928903145910949912e-01
3.078214843921938670e-01
2.943839680621933574e-01
2.811528764908867162e-01
2.642626742269837403e-01
2.998873662569856435e-01
3.356474424430817005e-01
4.361023920872125204e-01
5.455233994095723959e-01
6.934134939656085850e-01
8.777734996003160317e-01
1.020057343092805047e+00
1.164674364889993541e+00
1.303195015173084226e+00
1.388147315580650298e+00
1.474755600066753880e+00
1.544574109355513869e+00
1.543026906468854875e+00
1.487248158592214820e+00
1.412010592824503474e+00
1.295333853688391823e+00
1.185206461886129325e+00
1.076258506372454793e+00
1.006790556038743123e+00
9.712519861726967019e-01
9.208315120028329748e-01
9.095934353978988307e-01
9.006121065755391397e-01
9.052982522638336471e-01
9.183265786284431353e-01
9.304733635382972379e-01
9.481558643008626275e-01
9.588616132187249841e-01
9.892694465166753659e-01
9.923662417681117232e-01
1.026327577859852180e+00
1.049050708305946156e+00
1.061694994540085535e+00
1.080488112542659973e+00
1.072277950341560260e+00
1.079994675056018538e+00
1.080336335090597455e+00
1.067557521022701073e+00
1.052723401278468751e+00
1.035431925368315964e+00
1.027358567445570747e+00
1.006150230553295666e+00
9.921372837898716490e-01
9.906706575530913605e-01
9.802581730221464618e-01
9.791947940326163335e-01
9.876078442662793444e-01
9.804040554795557805e-01
9.873750641344992696e-01
9.836866264427052142e-01
9.833128603824849989e-01
9.886827895717720249e-01
9.872604789999571695e-01
9.942170868558188879e-01
1.005896581130685696e+00
1.005186692245354951e+00
1.014287329511307068e+00
1.020365245933079201e+00
1.027360365359965222e+00
1.038349751919837693e+00
1.028392423033030578e+00
1.032995780318863188e+00
1.019728127104233550e+00
1.012346334048438212e+00
9.891866558826092337e-01
9.840611866819258813e-01
9.680271406111049526e-01
9.592374111905783707e-01
9.744229110618360945e-01
9.875125062960550260e-01
1.003876149017049801e+00
1.032807836753305786e+00
1.062142339125806023e+00
1.084540411100369806e+00
1.124461111826748017e+00
1.145885043820345617e+00
1.151259751960229005e+00
1.153169278466964043e+00
1.149594195792513540e+00
1.122893733808348671e+00
1.096873691098609216e+00
1.066094549630252297e+00
1.020947756532343709e+00
9.940868492848382587e-01
9.730978703600469126e-01
9.776708747575109104e-01
9.791662633267040894e-01
9.925411339709441227e-01
1.012169195704975655e+00
1.018553118564065496e+00
1.036652319488297280e+00
1.037352048944496952e+00
1.043429042624461456e+00
1.027576201586202442e+00
1.031815412418310096e+00
1.023198452065258168e+00
1.009707625552502597e+00
1.006211874784122884e+00
9.941991130278799993e-01
9.964711522368514540e-01
9.926298124967660730e-01
9.900339051431416015e-01
9.886045274117247761e-01
9.962005830451385879e-01
9.976397038308241205e-01
1.001690772281145003e+00
1.000863545450851433e+00
9.991884106543559296e-01
1.006401194631325824e+00
1.000692618399728895e+00
9.985377556386623166e-01
9.948338080910478221e-01
9.949272619481061009e-01
9.957923815577411908e-01
9.943091673191924995e-01
9.937915203216117765e-01
1.000772619764086269e+00
1.002772185593309384e+00
9.999374275424401937e-01
1.000580646892133885e+00
1.004788369135626303e+00
1.003800935920153847e+00
1.005203769871508612e+00
1.003472995836131920e+00
1.002859586064829500e+00
1.011667854041204739e+00
1.003657240006152085e+00
1.009951119178965850e+00
1.009534898743433828e+00
1.003240502786911792e+00
1.006037322521566857e+00
1.004970919343725511e+00
1.000738410108727106e+00
1.003575174612211907e+00
1.000797137055369213e+00
1.005132907780183826e+00
9.993244007357405811e-01
1.002175706633812835e+00
1.001839357345192694e+00
1.000245847482355899e+00
1.002536052285167623e+00
1.002124747983589526e+00
1.001519481587478833e+00
1.001310861203864810e+00
9.956616784878253856e-01
1.001150554002164350e+00
9.988482933382576423e-01
1.003341902695805699e+00
1.000388823927947479e+00
1.000246250252143865e+00
9.991464780096790399e-01
1.001058513884840240e+00
1.005734679245637864e+00
1.005469336169628081e+00
9.970787476857835285e-01
1.002723224418392567e+00
9.992032149479466163e-01
1.002269569750052991e+00
9.987380982714235689e-01
1.001082023552770650e+00
9.973716367224885193e-01
1.000899256915805946e+00
9.971105903186213704e-01
9.985790936028392517e-01
1.001284087028014413e+00
1.000013969763804189e+00
1.001982002621857770e+00
9.987274414791937893e-01
9.982211729136809542e-01
9.983897105342092182e-01
9.981219538939726243e-01
9.990550326178039287e-01
9.970294585947371280e-01
9.954555699387740431e-01
9.992105718688836236e-01
9.971443802434531989e-01
9.975146631243718698e-01
9.986735899196053090e-01
9.979145301324124917e-01
9.957897973316179874e-01
1.001844638255906084e+00
9.980858605928158989e-01
9.988225079688276553e-01
9.975870955099606086e-01
1.003138757132423065e+00
1.002110255652453707e+00
9.999119843591677270e-01
9.998919046999900084e-01
9.986574383488098228e-01
9.985878243078736283e-01
9.981470746670521033e-01
9.999629913869132469e-01
9.977554891370972179e-01
9.973891022520301464e-01
9.947090661276662971e-01
9.968094585399998042e-01
9.958645788184548042e-01
9.942249617977242382e-01
9.975902203559655623e-01
9.950399737155093405e-01
9.944046195878022409e-01
9.948359807283663203e-01
9.964316384355503819e-01
9.931198350998248214e-01
9.945542321906002403e-01
9.970449175326641100e-01
9.951035984817315772e-01
9.947058058738086350e-01
9.917761748896590790e-01
9.924863006484221373e-01
9.888007361583818211e-01
9.927287118037841918e-01
9.946560979379525103e-01
9.918750736336710006e-01
9.881575745116418785e-01
9.884091996669642777e-01
9.946288218105679979e-01
9.915224835958112992e-01
9.929991697752471591e-01
9.941821477156416176e-01
9.892274541163620372e-01
9.956091508377178378e-01
9.924577796558450293e-01
9.926236429152868190e-01
9.945037168131498628e-01
9.933996638410078628e-01
9.929534916696078906e-01
9.914766681624310740e-01
9.923710627274352492e-01
9.947900001726067698e-01
9.888270411997021059e-01
9.740187403325871740e-01
9.672421323114415159e-01
9.550339574536332865e-01
9.443153403792473588e-01
9.329663212457345312e-01
9.230022531640016403e-01
9.132889213249864024e-01
9.033842355335756080e-01
