0.000000000000000000e+00
0.000000000000000000e+00
0.000000000000000000e+00
0.000000000000000000e+00
0.000000000000000000e+00
0.000000000000000000e+00
0.000000000000000000e+00
0.000000000000000000e+00
0.000000000000000000e+00
0.000000000000000000e+00
0.000000000000000000e+00
0.000000000000000000e+00
0.000000000000000000e+00
0.000000000000000000e+00
0.000000000000000000e+00
0.000000000000000000e+00
0.000000000000000000e+00
0.000000000000000000e+00
0.000000000000000000e+00
0.000000000000000000e+00
0.000000000000000000e+00
0.000000000000000000e+00
0.000000000000000000e+00
0.000000000000000000e+00
0.000000000000000000e+00
0.000000000000000000e+00
1.677103027215550921e-02
3.255143451572897750e-01
1.184485644025111029e+00
1.550610113048852323e+00
1.184105111097600638e+00
7.133588761491665986e-01
4.217157283281012248e-01
3.010851775964661359e-01
2.608498778399679363e-01
2.678114829949523323e-01
2.717450032972860141e-01
2.733733520872102529e-01
2.742075536247449707e-01
2.480010499717970607e-01
2.521509129428935458e-01
2.632413288603208112e-01
3.232638040685543168e-01
4.015321145802696057e-01
5.196137218575745953e-01
6.776856783771119108e-01
8.545099028742412228e-01
9.973439168681588196e-01
1.138136103118818632e+00
1.281431131036887328e+00
1.379584955218340570e+00
1.484074835787965840e+00
1.538906384956739259e+00
1.550052132027461615e+00
1.488037213782097412e+00
1.390892708479818385e+00
1.278764237958306627e+00
1.165175171661362752e+00
1.070613378316353836e+00
9.849693866435244027e-01
9.422857793321930409e-01
9.058169458821765385e-01
9.068705075166370033e-01
8.990287419156151039e-01
8.926723682919261993e-01
9.077505466489443897e-01
9.210445900721329071e-01
9.240042201045582937e-01
9.435598379909344580e-01
9.682114757206186084e-01
9.810326328601354229e-01
1.003678482121481697e+00
1.027024624805881414e+00
1.047772256680744585e+00
1.058137104184234234e+00
1.069960062641788445e+00
1.050089202189680160e+00
1.046087373466516590e+00
1.055139332522093687e+00
1.037286122004588140e+00
1.023922096533409931e+00
9.981647365835367713e-01
1.001036921770371624e+00
9.747390296963539535e-01
9.620002714886141115e-01
9.533645303013680294e-01
9.584431165987856716e-01
9.583256096769314780e-01
9.519284882338366893e-01
9.643789686286131646e-01
9.734563768349424606e-01
9.740210144431535877e-01
9.769516692743202002e-01
9.698604829089811918e-01
9.802984096313446249e-01
9.854309113570566270e-01
9.997832445801270174e-01
1.007269075542733372e+00
1.013450287274652029e+00
1.014675356295477782e+00
1.020315971291181789e+00
1.014630025162897242e+00
1.017921232517244645e+00
1.009468212674393239e+00
9.990819538953275014e-01
9.870672731260812238e-01
9.787474536856549667e-01
9.588685678555398662e-01
9.537738693783669452e-01
9.571592462977920324e-01
9.726330669598535206e-01
9.955233950494978279e-01
1.021569121719664075e+00
1.052587080919873186e+00
1.080499816660420498e+00
1.120782588330451857e+00
1.136907775970161349e+00
1.143526781988837282e+00
1.143628439171506139e+00
1.136656908643916664e+00
1.119797878057427365e+00
1.084959754219599004e+00
1.045199066316192749e+00
1.015440750377881729e+00
9.884805668003365797e-01
9.735876182322623640e-01
9.654476248585254217e-01
9.713634706764773252e-01
9.805339360941219828e-01
1.000878106264476264e+00
1.018150240015265107e+00
1.026385969387834773e+00
1.036622735381535820e+00
1.035279223587288522e+00
1.035280553767907508e+00
1.021644185902110813e+00
1.010253524937837266e+00
1.008133927368416671e+00
9.915851875236796342e-01
9.870051023473964680e-01
9.840293531486298262e-01
9.805469905858277269e-01
9.850337840260637856e-01
9.849497469534355121e-01
9.903778100973570364e-01
9.931196664322843315e-01
9.906743166984892657e-01
9.938840118285405811e-01
9.891421356449338065e-01
9.957036936871613841e-01
9.972471019556470306e-01
9.984023317923390595e-01
9.919440430318882118e-01
9.889369450639444725e-01
9.959066202006708890e-01
9.955484808225110172e-01
9.965766698914512167e-01
9.966189557673577060e-01
9.992095296406617866e-01
9.993192241197412784e-01
9.998658305598324691e-01
1.003224415614293763e+00
1.002388360556825786e+00
1.002783389207495102e+00
1.003216063950724157e+00
9.985315447465066274e-01
9.972023623652972457e-01
1.003383680268505662e+00
1.003247964454323293e+00
9.946981378922140626e-01
1.000228263514565619e+00
1.002909830019887094e+00
9.962344698136036403e-01
1.000974204648476418e+00
1.000371977197923146e+00
1.000752870415966278e+00
9.958852315865731608e-01
1.001353701910047578e+00
9.937410986958071790e-01
1.002662276771026040e+00
9.970240186857179943e-01
9.962025899583364374e-01
9.939826133262701369e-01
9.937530870526193327e-01
1.000033279421101096e+00
9.986628809752652325e-01
9.935392012758810232e-01
1.002764684989585042e+00
9.996203468260360658e-01
9.994330454487044824e-01
9.963904806073267117e-01
9.980746298405449579e-01
1.001816978612630527e+00
9.991113372967623807e-01
9.989603635048421859e-01
1.002796880037646554e+00
1.001847928482321182e+00
9.994063698725471623e-01
1.004230658329718029e+00
1.001815177253176703e+00
1.002164528893509488e+00
1.001278180435537513e+00
9.999036520781708903e-01
9.993190395544186977e-01
1.001098997758008036e+00
1.001480202132561059e+00
1.005244043253212594e+00
1.003861603316125617e+00
9.993056868370956414e-01
9.968673736956276121e-01
1.000583405319183994e+00
9.985687296213494601e-01
1.000669795181706734e+00
9.997097250916423539e-01
1.001506494456415597e+00
1.000515962393656810e+00
9.954060583185833089e-01
9.997072282163651513e-01
1.002957894301452102e+00
9.937239328532310179e-01
9.968957415634047692e-01
9.989190531595505407e-01
9.982759137967105456e-01
9.997535401560645463e-01
9.986290005720098728e-01
9.993913070409726762e-01
1.000270624468138747e+00
9.975217263520124167e-01
1.000411314145672081e+00
1.001504356948802688e+00
1.000647300609751600e+00
1.000452225969250986e+00
1.000837883278983931e+00
1.001853152223970422e+00
9.995245083136109487e-01
9.980835545774670026e-01
9.964792782975637753e-01
9.995770401199955968e-01
9.999672458288307864e-01
9.974176531965248671e-01
9.980873709962930773e-01
9.982946495768105777e-01
9.962776995286296566e-01
9.998030041457541817e-01
9.998845865837372449e-01
9.971603514108320354e-01
9.956231408250875159e-01
9.959253918936923355e-01
9.948240682399233092e-01
9.985814948198264984e-01
9.942065850029063734e-01
9.986921004536541968e-01
9.961065753592645011e-01
9.985096517865620358e-01
9.994669417285235724e-01
9.947437879444257502e-01
9.976124060410253014e-01
9.989242456863910435e-01
9.989462888505404869e-01
9.989555297399022038e-01
9.992425007805393333e-01
1.002057032946646720e+00
9.996855651407431376e-01
1.001053355929137245e+00
9.981572835286811607e-01
9.975363017670193511e-01
9.989791203474243098e-01
9.975093970561959011e-01
9.982194324395596841e-01
9.986442296826704146e-01
9.971090075496159555e-01
9.897983135308525693e-01
9.823598477876018809e-01
9.685241530845654090e-01
9.597223995223036486e-01
9.494402729243475170e-01
9.373645083153988589e-01
9.257011272224159315e-01
9.188785884844411500e-01
9.045365191093445167e-01
