0.000000000000000000e+00
0.000000000000000000e+00
0.000000000000000000e+00
0.000000000000000000e+00
0.000000000000000000e+00
0.000000000000000000e+00
0.000000000000000000e+00
0.000000000000000000e+00
0.000000000000000000e+00
0.000000000000000000e+00
0.000000000000000000e+00
0.000000000000000000e+00
0.000000000000000000e+00
0.000000000000000000e+00
0.000000000000000000e+00
0.000000000000000000e+00
0.000000000000000000e+00
0.000000000000000000e+00
0.000000000000000000e+00
0.000000000000000000e+00
0.000000000000000000e+00
0.000000000000000000e+00
0.000000000000000000e+00
0.000000000000000000e+00
0.000000000000000000e+00
0.000000000000000000e+00
1.457506801488718529e-02
3.383612638537600859e-01
1.176687610448677201e+00
1.614896745067759154e+00
1.220929533038317638e+00
7.205379106094745856e-01
4.112126557587306719e-01
3.049438346697684876e-01
2.667541711655833092e-01
2.793696652294782035e-01
3.018184837493154693e-01
2.967867428668183316e-01
2.875639627917895846e-01
2.585824553457379271e-01
2.586878003446379526e-01
2.775466551545710536e-01
3.225933535161993326e-01
4.124480097781890175e-01
5.326131444313498831e-01
6.719719451428748380e-01
8.310459930943023821e-01
1.021809499424527479e+00
1.161729145906084559e+00
1.288598027963953285e+00
1.388399960244347309e+00
1.481156151512141417e+00
1.528626842526686680e+00
1.549144197790292443e+00
1.491777621272877719e+00
1.402389354583811976e+00
1.284639076660335943e+00
1.160666301949731194e+00
1.065679685690213763e+00
9.983003063644202424e-01
9.525915980998072019e-01
9.073632564398368405e-01
9.027878185630142660e-01
8.970903088847558271e-01
8.993408765479321554e-01
9.054486371528179811e-01
9.189521608520989648e-01
9.249902646189667177e-01
9.341558386230155442e-01
9.568094352994555019e-01
9.805311013900182004e-01
1.009474359297410251e+00
1.017755630856171045e+00
1.035297553520132086e+00
1.031458565351815349e+00
1.057173486332770862e+00
1.050210650675313273e+00
1.036467825767834805e+00
1.034112493259695453e+00
1.015809097925129079e+00
1.006584632695849191e+00
9.877632911080785894e-01
9.853591062569531100e-01
9.758607426224126247e-01
9.635037959650092354e-01
9.663028974008964767e-01
9.483233833626215636e-01
9.457418529184122846e-01
9.618988145941325119e-01
9.517602162432555746e-01
9.660036817010035914e-01
9.726643420817223662e-01
9.694449179918962489e-01
9.702050412674504409e-01
9.793022445284609301e-01
9.823015988445554791e-01
9.915831727228031633e-01
1.000055767803414764e+00
9.999392927898183014e-01
1.015349458867873977e+00
1.019892960238206525e+00
1.014368744154998225e+00
1.017854408776689645e+00
1.013984959403183561e+00
1.002135256292276289e+00
9.862817048689758170e-01
9.760718249704550820e-01
9.645150651243346029e-01
9.596315040788092610e-01
9.725641900178005894e-01
9.711436728921855055e-01
9.923148017189770131e-01
1.025875002444622375e+00
1.043125792421627507e+00
1.080259725020938699e+00
1.113770630583660548e+00
1.132187246685305793e+00
1.148866963377133787e+00
1.145156117747631264e+00
1.135484079603131358e+00
1.114228793499822956e+00
1.083115191103571240e+00
1.051899584294815782e+00
1.017509339877711527e+00
9.857909279292202953e-01
9.707691848328329209e-01
9.679618180344914391e-01
9.780255845040207729e-01
9.875547896246479329e-01
1.000301986112943631e+00
1.011942909019448722e+00
1.024154131552728941e+00
1.021009063105800641e+00
1.022340346456732885e+00
1.024330724858245389e+00
1.014137865973627539e+00
1.009740651741976247e+00
9.980899892445890265e-01
1.002094674473049452e+00
9.823602662778049277e-01
9.837287386988488036e-01
9.798769068447121811e-01
9.872404098492620905e-01
9.840994795784299143e-01
9.918933533301633743e-01
9.879766483302520053e-01
9.923982932015524838e-01
9.974973673110776318e-01
9.950037597033386527e-01
9.909318997130034390e-01
9.951940059150665707e-01
9.924667474208066498e-01
9.932049759393798416e-01
9.964136744309826099e-01
9.930561160840635226e-01
9.922981990469030844e-01
9.899801913725754243e-01
9.938618917390753538e-01
9.970904666967669305e-01
9.933729631221139833e-01
9.962008794329517691e-01
9.994974236443409099e-01
9.987610670327081719e-01
1.001703245178164448e+00
9.994754959200686795e-01
1.002968193961465637e+00
1.000020860543242796e+00
1.002228394085925789e+00
1.001068380901795507e+00
1.004282642732983177e+00
9.989880813234249812e-01
1.000525213359857224e+00
1.002485415835151050e+00
9.997978289000343244e-01
1.000600750376225978e+00
9.996336588176566451e-01
1.000062568844580113e+00
9.946068813815029941e-01
9.966905743742968671e-01
9.981087436263822443e-01
9.983554573874987570e-01
9.995504593494713985e-01
1.001691608833609415e+00
9.967289929535354531e-01
9.957695538523461121e-01
9.952555271116328983e-01
9.935457894798678247e-01
1.000029070985803514e+00
1.000356271654482931e+00
9.991149171010244023e-01
9.973494686592769831e-01
1.000016681789230866e+00
9.946210713619048072e-01
9.967836082647001383e-01
9.953723606497681953e-01
1.003968749546247929e+00
9.940363703508008353e-01
9.977560962023082070e-01
9.967723124283465186e-01
9.952048482901343363e-01
9.983946616018907205e-01
9.966915713758897066e-01
9.938382185570160399e-01
9.941081569014983410e-01
9.968053741503259957e-01
9.913079537429138055e-01
9.925644081031153032e-01
9.929252638453608393e-01
9.922472287019082904e-01
9.886896926517684259e-01
9.955463350371441811e-01
9.967156495792617310e-01
9.923184356799723549e-01
9.925401189612607089e-01
9.949477774597633717e-01
9.969811383920857972e-01
9.955680270466031878e-01
9.984093089352498174e-01
9.955134892401902302e-01
9.972870349863548478e-01
9.984989168931570624e-01
9.986720134207457411e-01
9.982905872821862259e-01
9.984289021361589800e-01
9.970574231101975160e-01
9.957431154322993194e-01
9.991190862199004208e-01
9.977662290786377675e-01
9.982779120921299043e-01
1.000825670021378233e+00
9.993656521065104048e-01
9.977853395258514668e-01
1.000847210511696783e+00
1.000901163449754883e+00
1.002445647863499767e+00
9.942673075336180277e-01
9.955042899053807570e-01
9.996060111642675050e-01
9.971662610331717413e-01
1.001971756633636801e+00
9.984451517722686686e-01
9.954657168798238809e-01
9.999339293607231172e-01
9.992885943745656308e-01
9.979709366555340466e-01
1.000499887481642647e+00
9.983237334287535791e-01
9.971306022862663765e-01
9.974068328818901374e-01
9.958098239161137233e-01
9.959270511157156669e-01
9.971712701007849899e-01
9.958441266058599695e-01
9.997665313786346930e-01
1.001899923084524691e+00
9.995757348244707075e-01
1.001026625112682478e+00
1.000994645475450584e+00
9.980659325452116981e-01
9.989385127531228425e-01
1.000650619942335950e+00
9.977232875382012756e-01
9.973200938168963470e-01
9.980125283409105874e-01
9.994776587822971070e-01
9.986264720873873069e-01
9.980481547650900120e-01
9.998204269265235089e-01
9.945060202503935853e-01
9.967419121510853186e-01
9.959902697163671714e-01
9.936662257097160778e-01
9.790517622727679115e-01
9.678206446418442521e-01
9.600027488494379257e-01
9.485345082415784779e-01
9.370021281150111570e-01
9.284853725610949793e-01
9.149766735680772145e-01
9.070590975292395219e-01
