0.000000000000000000e+00
0.000000000000000000e+00
0.000000000000000000e+00
0.000000000000000000e+00
0.000000000000000000e+00
0.000000000000000000e+00
0.000000000000000000e+00
0.000000000000000000e+00
0.000000000000000000e+00
0.000000000000000000e+00
0.000000000000000000e+00
0.000000000000000000e+00
0.000000000000000000e+00
0.000000000000000000e+00
0.000000000000000000e+00
0.000000000000000000e+00
0.000000000000000000e+00
0.000000000000000000e+00
0.000000000000000000e+00
0.000000000000000000e+00
0.000000000000000000e+00
0.000000000000000000e+00
0.000000000000000000e+00
0.000000000000000000e+00
0.000000000000000000e+00
0.000000000000000000e+00
2.557701232124033261e-02
3.738849471970944749e-01
1.401477087902328389e+00
1.821637154629851318e+00
1.420543813494830943e+00
8.264803927739301503e-01
4.942597057149294981e-01
3.189067434155715142e-01
2.505467915061218021e-01
2.623786436795789156e-01
2.740053582552853806e-01
2.773053148097645026e-01
2.641301749292138124e-01
2.550116251682224555e-01
2.478735204239818635e-01
2.747634890446015721e-01
3.277500205470110783e-01
4.210527017403185579e-01
5.422112464636729134e-01
6.932935053211214393e-01
8.530821865006267268e-01
1.025138178009843415e+00
1.153521731903605296e+00
1.290979440678680534e+00
1.393577162981998852e+00
1.458034523306383834e+00
1.529791147784028693e+00
1.522805794338549568e+00
1.493188610707210984e+00
1.404186229168502775e+00
1.265795631537760313e+00
1.160401688534595133e+00
1.068185487954527169e+00
9.988106683941675445e-01
9.423718981573436793e-01
9.167248240615728516e-01
8.969209872625899527e-01
8.955280398705024458e-01
8.922110685685020748e-01
9.028143703566254841e-01
9.183213367972927754e-01
9.295947852031516412e-01
9.565360604198760441e-01
9.682369346024531920e-01
9.922622627197248413e-01
1.012004940947820009e+00
1.036131193048716703e+00
1.037805477490961081e+00
1.061359322780255354e+00
1.052643348850823557e+00
1.053324852790191279e+00
1.059634606398216272e+00
1.054124302188226281e+00
1.036451960465753386e+00
1.021204769171353055e+00
9.999626241743999611e-01
9.968403927055762281e-01
9.813905285345694285e-01
9.785075494522698092e-01
9.743011523269735630e-01
9.722208725790408845e-01
9.764138744646982948e-01
9.783698891448359136e-01
9.759682368274218422e-01
9.716173081135506262e-01
9.834412103982623776e-01
9.968998129082030646e-01
9.918410149672034493e-01
9.999225643261849816e-01
9.965852172438959267e-01
9.988540565946374405e-01
1.012930604207068264e+00
1.021613798968338926e+00
1.036202907557831177e+00
1.037485859578517688e+00
1.041067185594697797e+00
1.028960628059149229e+00
1.020749608090464999e+00
1.016695753162395244e+00
9.936087175102127356e-01
9.807250672633416322e-01
9.733615006357491106e-01
9.653303720456432035e-01
9.776139747025404114e-01
9.802957345485735496e-01
1.000824652357026556e+00
1.033123921767530762e+00
1.063309866994056163e+00
1.092715550608555741e+00
1.121642857515276370e+00
1.138234113410684145e+00
1.151078547121293205e+00
1.153769179622615937e+00
1.137150674681277618e+00
1.122425794973927138e+00
1.088285206356588874e+00
1.049544692633488818e+00
1.016026969501653054e+00
9.882938781789064597e-01
9.670638276877892014e-01
9.710631694024201011e-01
9.703747098341756194e-01
9.830072802582799918e-01
1.004234478091823979e+00
1.009386481270318381e+00
1.025313434014344383e+00
1.023604119552663949e+00
1.026642801568642849e+00
1.032201009211562548e+00
1.019704543701454913e+00
1.013723656175977927e+00
1.006950068183075642e+00
9.995910489806194565e-01
9.862642858536458945e-01
9.889483993760166403e-01
9.844546156362385947e-01
9.834325249812128078e-01
9.834312959482149896e-01
9.902924001000930065e-01
9.885515913869492577e-01
9.970256492800648740e-01
9.944460754006471115e-01
9.940526006224508215e-01
9.896311291905821594e-01
9.925643629230713749e-01
9.978588434568128607e-01
9.972900745539352574e-01
9.936510221526352327e-01
9.891079333827530462e-01
9.974920688421586856e-01
9.956133931337707299e-01
9.993315637938897655e-01
9.985251588914511034e-01
9.998242262653191936e-01
1.002363175965558018e+00
9.967942806101569575e-01
1.000268691017679235e+00
9.984752931498234174e-01
9.988927766510530271e-01
9.997773499650718376e-01
9.991263882828455012e-01
9.989497710577497358e-01
1.005768607716119423e+00
9.988843737095078890e-01
1.000357693691507066e+00
9.977096976663537564e-01
9.973536048420931222e-01
9.977158276746979082e-01
9.958855882431812967e-01
9.928907895567138375e-01
9.948166482842367708e-01
9.988861801168048560e-01
1.001001845990560080e+00
9.951911773756240143e-01
9.995498636901141154e-01
9.963995258024697099e-01
9.978627517815594761e-01
9.945827930423630781e-01
9.958602800367288843e-01
9.994549963038259488e-01
9.942301914282249964e-01
9.963670152602456254e-01
9.905746881150061522e-01
9.968920921434586413e-01
9.961831361796369411e-01
9.948341330153526174e-01
9.991774563338992055e-01
9.914612996809535339e-01
9.950273528208501972e-01
9.960176690600561766e-01
9.906832563557238513e-01
9.944081586345473456e-01
9.950371897256843345e-01
9.918618942128444305e-01
9.921886105833146452e-01
9.937967970238129611e-01
9.942744807176542299e-01
9.895408230133604377e-01
9.950778489126912429e-01
9.894511454141977636e-01
9.897751052802503668e-01
9.919804020113528464e-01
9.905833745920342714e-01
9.889609121457925145e-01
9.885755814802270613e-01
9.923331856330881440e-01
9.939702861606625195e-01
9.918338760884337635e-01
9.949626460919185345e-01
9.902379237184146810e-01
9.952090192658827883e-01
9.931098374408415808e-01
9.937544171748887711e-01
9.907860255072947764e-01
9.943060789402077271e-01
9.975569668714707738e-01
9.935303206871640702e-01
9.954016095335336267e-01
9.953069743564114669e-01
9.936326579275847060e-01
9.926493460290624071e-01
9.979259169807226382e-01
9.952886571158847673e-01
9.949220808694420048e-01
9.924412282201970914e-01
9.915879041166635322e-01
9.893153692259464282e-01
9.917004293066384868e-01
9.911777878078860127e-01
9.931741637959036195e-01
9.911023636670205361e-01
9.910882224285347819e-01
9.886590659182138419e-01
9.930111061733354338e-01
9.952830930077709581e-01
9.947776639559237077e-01
9.957149333751139642e-01
9.963850166308652057e-01
9.949041632982000838e-01
9.925554273717391851e-01
9.917283112829665681e-01
9.989008575550599733e-01
9.951691182673106928e-01
9.941148742355939705e-01
9.942862192606723992e-01
9.950433226478887505e-01
9.963480399572187673e-01
9.919053357517149117e-01
9.975813272025275680e-01
9.986436994748234541e-01
9.954932310200889090e-01
9.963699078641017337e-01
9.989954242454757161e-01
9.962731589023026135e-01
9.959512910479243475e-01
9.950261434965632645e-01
9.978648459677311733e-01
9.947675382819783918e-01
9.952417960656039231e-01
9.926062054630298004e-01
9.945483884091487203e-01
9.947278398714027858e-01
9.951074516124176483e-01
9.959141331198728686e-01
9.967186657395663563e-01
9.888998676595960324e-01
9.781591763682260243e-01
9.678406344849785903e-01
9.562952783395983758e-01
9.479481374467342292e-01
9.375944671141703823e-01
9.253308987301593902e-01
9.132887044405224586e-01
9.028635488737130066e-01
