0.000000000000000000e+00
0.000000000000000000e+00
0.000000000000000000e+00
0.000000000000000000e+00
0.000000000000000000e+00
0.000000000000000000e+00
0.000000000000000000e+00
0.000000000000000000e+00
0.000000000000000000e+00
0.000000000000000000e+00
0.000000000000000000e+00
0.000000000000000000e+00
0.000000000000000000e+00
0.000000000000000000e+00
0.000000000000000000e+00
0.000000000000000000e+00
0.000000000000000000e+00
0.000000000000000000e+00
0.000000000000000000e+00
0.000000000000000000e+00
0.000000000000000000e+00
0.000000000000000000e+00
0.000000000000000000e+00
0.000000000000000000e+00
0.000000000000000000e+00
0.000000000000000000e+00
1.511975062952385443e-02
3.642805232624096168e-01
1.265641064791785508e+00
1.702399164787754327e+00
1.306003587044902492e+00
7.632836295431245643e-01
4.408608552069376851e-01
3.091373183238542710e-01
2.598478549497396095e-01
2.530753464943098496e-01
2.682370381464687092e-01
2.685380306037689069e-01
2.671437422417985985e-01
2.513146216025403112e-01
2.468263607423660799e-01
2.766643291326856824e-01
3.312446706782012362e-01
4.261790093540157032e-01
5.415904346435072014e-01
6.886152451872422642e-01
8.636123900472443271e-01
1.036852712828060463e+00
1.195875335587479382e+00
1.319268913203591298e+00
1.412440246793692511e+00
1.471608695549122103e+00
1.553096183529043328e+00
1.540572340028909526e+00
1.511403226922002352e+00
1.397947264655734712e+00
1.286485497175521742e+00
1.171119603020547295e+00
1.080255114814516970e+00
9.929864227939761978e-01
9.475092378339347032e-01
9.197546712990980478e-01
8.993564390884981607e-01
8.972535908185883535e-01
8.946621561558613100e-01
8.940146084218871803e-01
9.085437090457165743e-01
9.304702923918631852e-01
9.502859986207178311e-01
9.572723217424824460e-01
9.874114646511027438e-01
1.001528241568789834e+00
1.016699750558188953e+00
1.040901840436899928e+00
1.045566801036309057e+00
1.054701658695907041e+00
1.051754740347904615e+00
1.048511305594837628e+00
1.050824386254818110e+00
1.041845427819159786e+00
1.019578269093172729e+00
9.993625208843550656e-01
9.957635834499981575e-01
9.922708829411470699e-01
9.732237831474055412e-01
9.738071436834473404e-01
9.639883506971207439e-01
9.646754810284723369e-01
9.670823030769953865e-01
9.646581075027717000e-01
9.726888046527104592e-01
9.761503572044473165e-01
9.820788747618265369e-01
9.883931247482705684e-01
9.829358908872053435e-01
9.968595552983103847e-01
9.919600650773334749e-01
1.008782634668148326e+00
1.014711442461858626e+00
1.030067245125650066e+00
1.025307164740871357e+00
1.026587079635628008e+00
1.016430533514311563e+00
1.018692936693477824e+00
1.001464529360801547e+00
9.886755790386125842e-01
9.715409806297345963e-01
9.693049435200895569e-01
9.629841321168010060e-01
9.727856976654810639e-01
9.768898645362068534e-01
1.001904999711066058e+00
1.026749840211775844e+00
1.058840535755565471e+00
1.076536757050457593e+00
1.112988112259385209e+00
1.135857544276913211e+00
1.145889724035638491e+00
1.154364210338600927e+00
1.143467291521941709e+00
1.108850567816375809e+00
1.085585419807369778e+00
1.048801962407944766e+00
1.017581846210925844e+00
9.860420906619528081e-01
9.755027327411215365e-01
9.690209431160710096e-01
9.766007861455197059e-01
9.895693723574426892e-01
1.001481360617860750e+00
1.017606979013808255e+00
1.022956505221547685e+00
1.045779081714181658e+00
1.034579882594311107e+00
1.030854396703213105e+00
1.023119243257400557e+00
1.016338627265395589e+00
1.005449116436754720e+00
9.944147181529910950e-01
9.897435459273639102e-01
9.858376913025002075e-01
9.811040571202684912e-01
9.868646427713710922e-01
9.814749627453804859e-01
9.894547148361947375e-01
9.934933428513864628e-01
9.855091617436440021e-01
9.941647149033738806e-01
9.899959705803466070e-01
9.869897187114746728e-01
9.880757977002676551e-01
9.913185280089598095e-01
9.855415522340157386e-01
9.833457960616903692e-01
9.901346921668119361e-01
9.867351161684451144e-01
9.891432349526304568e-01
9.902900421324347668e-01
9.877248106802899441e-01
9.927807053422675887e-01
1.000662298294197061e+00
9.977097834963515322e-01
1.000873807918115865e+00
9.994080592893881398e-01
9.941936862501530303e-01
9.962360684832588520e-01
9.979140462762201569e-01
9.947739885399173865e-01
9.955276925434646262e-01
9.932711106383563804e-01
9.998654095772243622e-01
9.954666154795429600e-01
9.942233021773145829e-01
9.944689499440214631e-01
9.983275941131457554e-01
9.944865862901217657e-01
9.983597047987777806e-01
9.966899117610698022e-01
9.975579976188866382e-01
9.943180849082358108e-01
9.987450688332261128e-01
9.946566207307796503e-01
9.947133869542286178e-01
9.948761243982566782e-01
9.994917620381977841e-01
9.973967266329422099e-01
9.938124832071583148e-01
9.968929429886713711e-01
9.973853370328782386e-01
9.979193752712297583e-01
9.948492782152474900e-01
9.960743119293583581e-01
9.962667776856204416e-01
9.960720477876828793e-01
9.963032860578504568e-01
9.972606838319083566e-01
9.986870730514382233e-01
1.000775987476187678e+00
9.947850898561843014e-01
9.997980555314814888e-01
9.979330308583668208e-01
9.974394692907300186e-01
9.970246711058357025e-01
1.000159767200762495e+00
9.925351339473154066e-01
9.976663191674597364e-01
1.000048333032415693e+00
9.942307035303336038e-01
9.958687668072638832e-01
1.000201709070043465e+00
9.966384462093366148e-01
1.000258305353621591e+00
9.950735601688233123e-01
9.950289538128294087e-01
9.948076403614944940e-01
9.970337448012484005e-01
9.951025187118759385e-01
9.985519834397318384e-01
1.000028385426131150e+00
1.002939243149578052e+00
9.972462817893343878e-01
1.002468548119624936e+00
9.986336575773043789e-01
9.992797942155290380e-01
9.981432850997762340e-01
9.974356248030934458e-01
1.000329504111290735e+00
1.002134308674562213e+00
1.003303495987690308e+00
9.962177493018684604e-01
9.990940920932827041e-01
1.001379293894925748e+00
9.958162153482840173e-01
9.993557304544955500e-01
1.001605018901500443e+00
9.991604466015743258e-01
9.979985327648058790e-01
1.002711573008704393e+00
9.957361456095523700e-01
9.980311809991270211e-01
9.997796893815600328e-01
9.989093855011932366e-01
9.957047289368164966e-01
9.999791353222474699e-01
9.973195542663151336e-01
9.993983672901668447e-01
9.996407998455025812e-01
1.000874215817911139e+00
9.954958425685126455e-01
9.973112126189673798e-01
9.986320851351659922e-01
9.982185567863478548e-01
9.956604152813477437e-01
9.982611640192459168e-01
9.997619580935881434e-01
1.000640854884367270e+00
1.000301838224011641e+00
1.000811452678067592e+00
1.003279814150369376e+00
1.001884374425626278e+00
1.005206590048265625e+00
9.976179984384374588e-01
1.004352540819460238e+00
1.000531240677210443e+00
1.003133302073848432e+00
1.000085718584251326e+00
1.001791180488491140e+00
1.001125465624932653e+00
9.989153080704972210e-01
1.000634005375702795e+00
1.000149489398973524e+00
9.941103703403333380e-01
9.817573287048358965e-01
9.699658617019429885e-01
9.617482845717498785e-01
9.499967964176937452e-01
9.363114199072327670e-01
9.278804902553952072e-01
9.189189907379140543e-01
9.068982331683498321e-01
