0.000000000000000000e+00
0.000000000000000000e+00
0.000000000000000000e+00
0.000000000000000000e+00
0.000000000000000000e+00
0.000000000000000000e+00
0.000000000000000000e+00
0.000000000000000000e+00
0.000000000000000000e+00
0.000000000000000000e+00
0.000000000000000000e+00
0.000000000000000000e+00
0.000000000000000000e+00
0.000000000000000000e+00
0.000000000000000000e+00
0.000000000000000000e+00
0.000000000000000000e+00
0.000000000000000000e+00
0.000000000000000000e+00
0.000000000000000000e+00
0.000000000000000000e+00
0.000000000000000000e+00
0.000000000000000000e+00
0.000000000000000000e+00
0.000000000000000000e+00
2.969985777686345624e-04
1.430047447165805168e-02
3.008308934847692129e-01
1.169350307617753160e+00
1.578325289089092642e+00
1.215151218291410151e+00
7.252298230414276903e-01
4.110415330733391825e-01
3.089107170423990856e-01
2.581617928690925767e-01
2.649719823900571480e-01
2.850105946448606153e-01
2.897907834150598161e-01
2.658120574459809093e-01
2.588374011853943335e-01
2.465670001269081313e-01
2.666766726512243557e-01
3.223886951574490012e-01
4.096018453116735958e-01
5.190712281864990896e-01
6.735770900235230618e-01
8.308017171007646695e-01
9.879399916295309447e-01
1.141645530331688585e+00
1.273342676412812846e+00
1.381850651350755799e+00
1.472241284580408927e+00
1.545628404380609666e+00
1.542575403363247277e+00
1.482651529501942456e+00
1.396409792857539633e+00
1.271606900030028520e+00
1.159005285663472717e+00
1.062775319493737047e+00
9.826710653216875757e-01
9.328307998867070294e-01
9.033549259062897407e-01
8.957429460026598012e-01
8.740281704315007172e-01
8.733214742999538815e-01
8.902128901896431135e-01
8.988875856929796626e-01
9.079330174777576756e-01
9.317127255810314646e-01
9.604754875400668412e-01
9.712714751065626428e-01
9.951842170368385698e-01
1.018188853878119193e+00
1.031036747521740571e+00
1.027938440271977560e+00
1.037551115178286798e+00
1.048392393834276515e+00
1.038523295060394425e+00
1.030192718924004325e+00
1.019535796741204647e+00
1.000324421946167108e+00
9.929092444717053656e-01
9.782360219409130808e-01
9.641428892664847261e-01
9.687790244276951457e-01
9.537275180340513137e-01
9.545715687911384695e-01
9.545731219621900188e-01
9.516182154006646021e-01
9.561758042262517021e-01
9.629890902742446190e-01
9.612263840542992765e-01
9.665154056372404767e-01
9.673163729399666400e-01
9.855374943414076938e-01
9.793647233509290562e-01
9.853891146612285823e-01
1.002420833128970790e+00
1.003790021939776400e+00
1.016978168163110929e+00
1.022503637598313642e+00
1.015747522520862312e+00
1.014169869883280617e+00
1.004151221063574129e+00
9.941693005635443559e-01
9.851124487935084550e-01
9.664272098645292353e-01
9.624366513441069415e-01
9.587400770483536228e-01
9.547274287823613870e-01
9.675331286611207338e-01
9.885989324568869030e-01
1.021860093153577731e+00
1.038792498786460072e+00
1.085726821649588780e+00
1.107084361653335236e+00
1.132617997331213600e+00
1.148535985964263428e+00
1.137362345758369475e+00
1.127617587291199541e+00
1.102421869426901679e+00
1.082426462686503443e+00
1.038324820481477673e+00
1.011827109291060012e+00
9.763861360369852083e-01
9.596006448161313873e-01
9.594197215991909777e-01
9.628571545067337034e-01
9.810676072068551523e-01
9.976585065255025864e-01
1.001537661061853601e+00
1.023032866833663013e+00
1.020026026431292143e+00
1.027831555253084117e+00
1.019587372409110237e+00
1.017396378245050581e+00
1.009800541491920445e+00
9.939605149808222739e-01
9.813507755232331320e-01
9.805719613485209818e-01
9.782579335435442891e-01
9.795768607531810668e-01
9.755311016836424320e-01
9.783309398001808210e-01
9.828471508205806062e-01
9.779415700873086426e-01
9.835981803837229309e-01
9.827620507187224685e-01
9.861333693828860936e-01
9.916082925478629795e-01
9.832328810658197416e-01
9.880939053060296962e-01
9.857254110521219692e-01
9.893268083010166025e-01
9.881890414883777174e-01
9.865353253554854929e-01
9.864675767055838262e-01
9.934619866581508862e-01
9.910451386466866408e-01
9.908123474400618580e-01
9.874492582868780177e-01
9.943866290519690621e-01
9.943642964242273008e-01
9.935383613686964432e-01
9.974554791674318244e-01
9.959027939848440480e-01
9.958341957250628207e-01
9.961092953547411311e-01
9.962397074716138334e-01
9.968758692819136291e-01
9.974086778338485670e-01
9.908347182572584400e-01
9.955426761325935070e-01
9.926784865493056831e-01
9.971596307292558414e-01
9.927139228584944686e-01
9.991424660650524148e-01
9.931332799406491496e-01
9.985739518253353708e-01
9.957213782478443465e-01
9.971389672160575479e-01
9.946773096119289059e-01
9.945524337349566091e-01
9.968663988604075099e-01
9.951851441595692682e-01
9.924268454767978254e-01
9.947347062926299444e-01
9.988324281762774870e-01
1.000178233055519117e+00
9.918984024576434910e-01
9.977717565121305698e-01
9.997818523832061599e-01
9.937737677023674721e-01
9.969100421264885936e-01
1.001205854900276471e+00
9.985243894462809688e-01
9.998723116052750104e-01
9.982450544679245530e-01
1.000364447647937638e+00
9.954467534707189813e-01
9.991053876748078322e-01
1.000673114004483333e+00
9.980539247735163988e-01
9.956429814934526501e-01
9.955729400696348153e-01
9.962026156953124323e-01
9.987890532590509851e-01
9.998708928671393714e-01
9.976871087594955112e-01
9.961418598043008110e-01
1.000334732747109268e+00
9.985575714386563106e-01
9.985916166049448872e-01
9.992930860288641304e-01
1.000055639666709295e+00
9.960862544291191334e-01
1.001118187602716869e+00
1.002904493544268139e+00
1.000732424726349157e+00
1.001143929393821130e+00
1.002229830110505038e+00
1.001515293153750319e+00
9.999654771610474446e-01
1.000703892814777118e+00
1.003941797227645871e+00
1.004093722718460535e+00
1.001410278227289563e+00
1.002877489890572349e+00
1.004373196436049165e+00
1.002277046647424896e+00
9.968203098127440542e-01
1.000495183664554810e+00
1.000336211429666555e+00
1.000377064551647210e+00
1.002091379099192991e+00
1.000167379148795499e+00
9.982192998300069009e-01
9.997029976238558380e-01
1.002389919002489860e+00
9.988249847240298074e-01
9.990312890385866229e-01
9.986766774686813841e-01
9.960637659159092827e-01
9.985645918950539768e-01
9.988329805423723506e-01
9.980832321124282203e-01
9.957201964081573431e-01
1.000971145945812601e+00
9.980139124853596444e-01
9.984662584602013169e-01
9.976175900778235794e-01
1.000576997317651040e+00
9.999047495102005856e-01
9.995696164727790878e-01
9.982039157016391329e-01
9.971662272892225509e-01
9.970068053403683406e-01
9.954157280109168227e-01
9.982909426448869361e-01
9.985797835713429160e-01
9.980947486061694240e-01
9.984126762217915285e-01
9.975615625585914081e-01
9.970311851033031303e-01
9.929353990652020068e-01
9.989097721008048936e-01
9.993004052620618749e-01
9.948040460571222487e-01
9.949844783864527642e-01
9.953077005271296906e-01
9.949258307862141049e-01
9.897248110061425130e-01
9.782395231508990152e-01
9.679334499933809344e-01
9.594405547286787295e-01
9.488618355475516575e-01
9.375770706834900547e-01
9.260437677194635064e-01
9.149728796790986829e-01
9.053418883001383977e-01
