0.000000000000000000e+00
0.000000000000000000e+00
0.000000000000000000e+00
0.000000000000000000e+00
0.000000000000000000e+00
0.000000000000000000e+00
0.000000000000000000e+00
0.000000000000000000e+00
0.000000000000000000e+00
0.000000000000000000e+00
0.000000000000000000e+00
0.000000000000000000e+00
0.000000000000000000e+00
0.000000000000000000e+00
0.000000000000000000e+00
0.000000000000000000e+00
0.000000000000000000e+00
0.000000000000000000e+00
0.000000000000000000e+00
0.000000000000000000e+00
0.000000000000000000e+00
0.000000000000000000e+00
0.000000000000000000e+00
0.000000000000000000e+00
0.000000000000000000e+00
2.970196600949088920e-04
1.787686198145983785e-02
3.345640447188931721e-01
1.180847058716912867e+00
1.553136165148402803e+00
1.196758723344874431e+00
7.171058295658691017e-01
4.478256986159092623e-01
2.905171613764901961e-01
2.531495818197873060e-01
2.482851833084303572e-01
2.642986753887267004e-01
2.741532998964097412e-01
2.593154621366952628e-01
2.417720362996389205e-01
2.431695309663224336e-01
2.613123440002412812e-01
3.186688251335297317e-01
4.091205408200513927e-01
5.262284969162887016e-01
6.703594089409972145e-01
8.527466034290065444e-01
1.006330384061896455e+00
1.155029195038135059e+00
1.283286916621203977e+00
1.369603150938588643e+00
1.468631608161325097e+00
1.532282903303857191e+00
1.526218799395632209e+00
1.484252472745378082e+00
1.402278059709083369e+00
1.270426496013484341e+00
1.161424427269084791e+00
1.058843410384271655e+00
9.836137852560672412e-01
9.364327162569423546e-01
9.031126333347976320e-01
8.871036182099393264e-01
8.944969883747866390e-01
9.004982370012065696e-01
8.965792398581813316e-01
9.110067149860282543e-01
9.287705902234214550e-01
9.364717186098361346e-01
9.641826953898186003e-01
9.816391005668464453e-01
9.939324377106955044e-01
1.012565129209954451e+00
1.029786990960550819e+00
1.042140953139662374e+00
1.043520938193492009e+00
1.037376816406198721e+00
1.039915561293375479e+00
1.025250557239774762e+00
1.012181611378885515e+00
1.004955959366025553e+00
9.924271979251773068e-01
9.783622210627473947e-01
9.675358130927421696e-01
9.726892064200938215e-01
9.713665901391648205e-01
9.615321246070799299e-01
9.557005007902729110e-01
9.632029662061017961e-01
9.589203404063467717e-01
9.643074059128732278e-01
9.786443391590707863e-01
9.728373712465915313e-01
9.757590395011360718e-01
9.786426400828447392e-01
9.833524037250644945e-01
9.913914389667712879e-01
1.000256869505140811e+00
9.992225258549097822e-01
1.009421699845071352e+00
1.019267716041607930e+00
1.015350891855993698e+00
1.017771832362541540e+00
1.013562930835697040e+00
9.936384701558944599e-01
9.858418490295781655e-01
9.713664379385382741e-01
9.528271010689298715e-01
9.506040759074879665e-01
9.490440037003554652e-01
9.595496657148487873e-01
9.823144542772541676e-01
1.009387211821978658e+00
1.038461390509636040e+00
1.072028019867566018e+00
1.097780210753707575e+00
1.127845275288181348e+00
1.134682667636994768e+00
1.135929956629170734e+00
1.122949857377957494e+00
1.096247785898843974e+00
1.067063265760233470e+00
1.039904551607265804e+00
9.959164494382738431e-01
9.840197465122225706e-01
9.538433708067471928e-01
9.566270338770649362e-01
9.570200252419249765e-01
9.751478560795613371e-01
9.900007034556277397e-01
1.009264753247216984e+00
1.014481959699309987e+00
1.022166883600279963e+00
1.029822874608902872e+00
1.016702045440165403e+00
1.008147343095534110e+00
1.010400939839352308e+00
1.002837932377053543e+00
9.937156319104675228e-01
9.813959370684919303e-01
9.854509515631432182e-01
9.794920385651060268e-01
9.740117800489821454e-01
9.759239931717478278e-01
9.842953012934926305e-01
9.840146947722623327e-01
9.931090391085097835e-01
9.874397097796205891e-01
9.919757119784509136e-01
9.915836144468133106e-01
9.846927376121654696e-01
9.850922850951542298e-01
9.911193817738114253e-01
9.911677828931071410e-01
9.926693972930590304e-01
9.927963517006617167e-01
9.948185542747994825e-01
9.932132486456114462e-01
9.978816732447356452e-01
9.952333187352623289e-01
9.995018263308764750e-01
1.002655488481315027e+00
9.985897893056492336e-01
9.960006183216061348e-01
9.988968155213830968e-01
9.981032485871372817e-01
9.987407514936799124e-01
1.001550135041843426e+00
9.979840388951686236e-01
1.000281373995750567e+00
1.001838359759358088e+00
9.959093910580042452e-01
9.990213562127705504e-01
9.920302656222563797e-01
9.957523774747869538e-01
9.947536157261311907e-01
9.981034902828666011e-01
9.960362471437447240e-01
1.003403808755522819e+00
9.997967375303933313e-01
1.000518010658403956e+00
9.960203249632950673e-01
9.935095178137504091e-01
9.990940900005158554e-01
1.005418811963652681e+00
9.971564825347826178e-01
9.996090473268599563e-01
1.001161514595755309e+00
1.000787416660574802e+00
1.004544920653343665e+00
1.002457345410151746e+00
9.993260980344135236e-01
9.987754795282401954e-01
9.969498539052449315e-01
1.005050261124956767e+00
9.984133288636373171e-01
1.003790281105435334e+00
9.962756649051638380e-01
9.998864012978165849e-01
1.000705561080886596e+00
9.972014621177226479e-01
9.950685609895185690e-01
9.995049581136982164e-01
9.984842831344707959e-01
9.975927645044579961e-01
9.967124352906997498e-01
9.978724527224439589e-01
9.999508408204008658e-01
9.947809001986861466e-01
9.968419149356995135e-01
9.968485569242744315e-01
9.980152736205210040e-01
9.962541992919707878e-01
1.000402243685210468e+00
9.945177980530008899e-01
9.962526263586175546e-01
9.951395953947043127e-01
9.938170399164241164e-01
9.972390035063161129e-01
9.945397741946110370e-01
9.925476012871532472e-01
9.975784492025998595e-01
9.956703909030869548e-01
1.001211889589927129e+00
9.991610536369850415e-01
9.955800859397109237e-01
9.961574186440057543e-01
9.970295076616305652e-01
9.933902562229709465e-01
9.967994567544450346e-01
9.965202353075519603e-01
9.952607029720091925e-01
9.921635190791998626e-01
9.967883623257265402e-01
9.966406266090372945e-01
9.920640520478893887e-01
9.960281217091173644e-01
9.966953627851863340e-01
9.948170974539066735e-01
9.981718701843496078e-01
9.931778094275498514e-01
9.958495948774440665e-01
9.979049301131382999e-01
9.931884549433706022e-01
9.956048344059597044e-01
9.971092757130922690e-01
9.980479476737609268e-01
9.964288692881928533e-01
9.961797993049227307e-01
9.980189358709152803e-01
9.934496427641459348e-01
9.995944520062390870e-01
9.948494955856688193e-01
9.973260797935388222e-01
9.946602772212528309e-01
9.985685419836058951e-01
9.982754375357896226e-01
9.978781018089604160e-01
9.989139252487807541e-01
9.942332679348110380e-01
9.969957025354945213e-01
9.963141537444476503e-01
9.949552688417726554e-01
9.935688000483825499e-01
9.927380633810038990e-01
9.950045631912408650e-01
9.959771133874909532e-01
9.953443637973651281e-01
9.988383725174601047e-01
9.958224918010789573e-01
9.946110309538106486e-01
9.906755479212893123e-01
9.785873004458202074e-01
9.667574915681363956e-01
9.571912417658947625e-01
9.480664555075464239e-01
9.379240729293364387e-01
9.274866077462098346e-01
9.157550659109093827e-01
9.060564523146874549e-01
