0.000000000000000000e+00
0.000000000000000000e+00
0.000000000000000000e+00
0.000000000000000000e+00
0.000000000000000000e+00
0.000000000000000000e+00
0.000000000000000000e+00
0.000000000000000000e+00
0.000000000000000000e+00
0.000000000000000000e+00
0.000000000000000000e+00
0.000000000000000000e+00
0.000000000000000000e+00
0.000000000000000000e+00
0.000000000000000000e+00
0.000000000000000000e+00
0.000000000000000000e+00
0.000000000000000000e+00
0.000000000000000000e+00
0.000000000000000000e+00
1.654197951010780927e-05
3.310138355667135296e-02
1.000319136143935861e+00
3.372053112953436127e+00
3.423414526667488023e+00
1.945262703347687916e+00
8.875605936486320457e-01
4.084091897345845101e-01
2.091935247457087088e-01
1.293428845142706451e-01
1.852461428582680980e-01
6.933362672792704462e-01
1.462385362352113471e+00
1.734591907561252366e+00
1.468829084497723647e+00
1.084265878377945524e+00
8.225673629183662960e-01
7.039849577704907491e-01
6.907770914929849404e-01
7.370853999762011499e-01
8.204103987038986467e-01
9.119533948725988548e-01
1.002172921992410481e+00
1.070518609751955674e+00
1.125619555599769450e+00
1.170482710184745923e+00
1.198850030310695036e+00
1.205289592271552301e+00
1.193729045264486421e+00
1.167331050366466005e+00
1.131147979117304914e+00
1.093381019870976800e+00
1.058791075759343281e+00
1.031010487084821348e+00
1.005731007988268200e+00
9.846958570896020557e-01
9.675951236320976534e-01
9.506847331507154442e-01
9.379736917331289447e-01
9.328907049304967503e-01
9.295223858449391807e-01
9.255398188601340337e-01
9.306362952156709278e-01
9.359242924512010120e-01
9.464277660204539755e-01
9.572538034461950396e-01
9.650574824154434239e-01
9.763296560012940661e-01
9.854449891387370153e-01
9.958664193210923221e-01
1.002181824904018415e+00
1.008801339693417898e+00
1.013662243330326174e+00
1.020508690981443589e+00
1.021735296081640598e+00
1.026557245663585194e+00
1.029027102169578267e+00
1.028532619075627652e+00
1.025630504797663267e+00
1.023135486534238803e+00
1.023713229866521246e+00
1.015226570219969648e+00
1.010972151990727985e+00
1.009992817153495093e+00
1.006336090484917900e+00
1.000157223305064180e+00
9.987754886096256168e-01
9.949194555407079310e-01
9.931646554594916187e-01
9.909347585308995177e-01
9.908253400700511859e-01
9.885497492791569529e-01
9.868604205410230756e-01
9.859768008746119250e-01
9.856521548396097732e-01
9.849380374335136024e-01
9.851549494736631107e-01
9.891113235190260866e-01
9.923636498374608372e-01
9.966647166555200332e-01
1.001080833908633894e+00
1.004607237328759339e+00
1.009973542098601573e+00
1.011527848643646976e+00
1.012776212722703573e+00
1.010739040969550917e+00
1.008185646974766314e+00
1.005322057099787836e+00
1.001565972035670660e+00
9.994639568725454115e-01
9.969610089947938958e-01
9.941746982869441585e-01
9.946719042676762657e-01
9.942967318584189362e-01
9.921907409363038832e-01
9.939689943478940970e-01
9.948809126282839310e-01
9.950992031900439683e-01
9.958047344895092357e-01
9.939075084181440145e-01
9.952868717593000847e-01
9.946743970545841584e-01
9.923390586939265789e-01
9.927198823514986614e-01
9.921772575779861381e-01
9.920833658628029905e-01
9.946023529582265210e-01
9.977204031694580921e-01
1.000487397807244605e+00
1.004062332131258506e+00
1.005357375155579103e+00
1.004751958736001205e+00
1.004745680429139032e+00
1.003931614013438223e+00
1.003069406744719450e+00
1.000549681072869790e+00
9.988474412978991523e-01
9.983725764016553317e-01
9.992063933690484845e-01
9.976460087386314068e-01
9.977697294216905100e-01
9.968273334695363364e-01
9.964975089189861412e-01
9.948938416064122547e-01
9.956015973495651039e-01
9.952300367570376949e-01
9.960759002080568081e-01
9.961765398877442390e-01
9.965136310285975796e-01
9.977067289778575043e-01
9.987409379347096383e-01
1.001089046060336107e+00
1.002755303124518438e+00
1.003800497749531617e+00
1.006931598395260474e+00
1.008607122797213762e+00
1.007752045333133673e+00
1.008218320818931701e+00
1.007508801558960387e+00
1.006845716833490778e+00
1.005672012777594881e+00
1.005250903302543408e+00
1.002726701730315861e+00
1.001457636415751473e+00
1.000960013093751266e+00
9.990535448237222171e-01
9.988423637946670652e-01
9.961491656547912799e-01
9.958990375126846040e-01
9.949678299515439805e-01
9.938100222276246010e-01
9.946632196480547083e-01
9.948200164367799747e-01
9.960001376905813775e-01
9.968004596711970144e-01
9.976007679732494804e-01
9.985080440630084153e-01
9.999694004063488517e-01
1.000454670150408676e+00
1.002241515225829938e+00
1.002104890127942793e+00
1.003486480805549697e+00
1.002629104516289393e+00
1.003625348966459496e+00
1.003725526878211483e+00
1.002806012153845350e+00
1.003843298460325828e+00
1.002749718850849847e+00
1.002183809431743011e+00
1.001712795632091701e+00
1.001022443721936828e+00
1.000113428154141948e+00
1.000767143163740824e+00
9.999288749668305831e-01
9.992159008600467462e-01
9.987001967725444018e-01
9.995211471747319498e-01
9.993350705379675514e-01
9.993628157379431665e-01
9.988141142634870961e-01
9.989148303156786257e-01
9.987504610479472911e-01
9.986036878618580470e-01
9.991273173181738354e-01
9.988058870520842847e-01
9.986179071248089123e-01
9.990371496128227502e-01
9.994486136962519307e-01
9.995060257855650221e-01
9.999445377102721411e-01
1.000347668489599329e+00
9.998057994831712758e-01
1.000230974469659584e+00
1.000506403281937517e+00
1.000770102956508367e+00
1.001026256490696653e+00
1.000807612481544151e+00
1.001215161599026349e+00
1.001039429022935634e+00
1.001325381923844571e+00
9.999408281868329418e-01
1.000851724649742147e+00
1.000996474793379276e+00
1.000507125722474466e+00
9.996359263020553332e-01
1.000549011347008799e+00
9.996738439289333256e-01
9.993440439392581309e-01
9.998037738125737928e-01
9.993442982370156491e-01
9.993448570428098421e-01
9.993877731447355917e-01
9.992174013929951970e-01
9.992249793305164607e-01
9.995843933191258524e-01
9.989598909845791574e-01
9.987405594947657006e-01
9.997394405112881577e-01
1.000105493833022052e+00
1.000349735208763136e+00
1.000370934859230010e+00
1.000579466191378941e+00
1.000705730154840101e+00
1.000279252296108590e+00
1.001051135185899499e+00
1.001176102052692585e+00
9.997856907814314242e-01
1.000402072293587130e+00
9.995994445834330833e-01
1.000218402651539051e+00
1.000526931539540421e+00
9.996634998910162162e-01
9.999531812003706888e-01
9.988922414557832585e-01
9.996742353117383795e-01
9.994461710367134044e-01
9.996455997527836645e-01
9.995872764791982057e-01
9.993242909272351815e-01
9.996634467728805484e-01
9.993149583951730364e-01
9.995493817827916239e-01
9.994655664954882335e-01
1.000529604643306092e+00
1.000020537388673691e+00
1.000950802384302563e+00
1.000454456617708487e+00
1.000745901526224113e+00
1.000640878186300320e+00
1.000774556219541811e+00
1.000435704983914098e+00
9.932952274281807714e-01
9.828903320630604235e-01
9.709590821041356179e-01
9.609100142559213742e-01
9.494405042088549518e-01
9.390292314404766749e-01
9.283727191917677812e-01
9.166967688567166928e-01
9.064908334948926782e-01
