0.000000000000000000e+00
0.000000000000000000e+00
0.000000000000000000e+00
0.000000000000000000e+00
0.000000000000000000e+00
0.000000000000000000e+00
0.000000000000000000e+00
0.000000000000000000e+00
0.000000000000000000e+00
0.000000000000000000e+00
0.000000000000000000e+00
0.000000000000000000e+00
0.000000000000000000e+00
0.000000000000000000e+00
0.000000000000000000e+00
0.000000000000000000e+00
0.000000000000000000e+00
0.000000000000000000e+00
0.000000000000000000e+00
0.000000000000000000e+00
0.000000000000000000e+00
3.236806877552861339e-02
9.940256310560944275e-01
3.368265759180641528e+00
3.437625720521952033e+00
1.945603094573318925e+00
8.903703604989424703e-01
4.131426945321760025e-01
2.092884196160649524e-01
1.281944124726436818e-01
1.876935813009953935e-01
6.912120106021204524e-01
1.461324950912590515e+00
1.740067355724060238e+00
1.467349585690104874e+00
1.084421687936525158e+00
8.272189510720115990e-01
7.038564870739527635e-01
6.904712779581857474e-01
7.417817805933183406e-01
8.189365594779410840e-01
9.118085472363059996e-01
9.927712938259926068e-01
1.071003348640996222e+00
1.128875147691873471e+00
1.172978764663857199e+00
1.201629209998836822e+00
1.207254729012378514e+00
1.193754669571063021e+00
1.167524113571595690e+00
1.131330815687727309e+00
1.095283461643665746e+00
1.054191746295673360e+00
1.032037450302532910e+00
1.005865733864572231e+00
9.836937706009828419e-01
9.651715609607955937e-01
9.518766306134744948e-01
9.373332833009164755e-01
9.328978826305281968e-01
9.296134411820263788e-01
9.255969398091788980e-01
9.300364800443567947e-01
9.368243956782142945e-01
9.438796489153253866e-01
9.557478101686942562e-01
9.635670676511828292e-01
9.749410512453783317e-01
9.848728731866932540e-01
9.942108870925899788e-01
1.002212228662075377e+00
1.006651616361278645e+00
1.012062662183288664e+00
1.019172974712083235e+00
1.024344854997085275e+00
1.026227533341348863e+00
1.028452892633845650e+00
1.027603499208340487e+00
1.025004681214807034e+00
1.022368031741106353e+00
1.020783074530510648e+00
1.016091444959230872e+00
1.013012518006378704e+00
1.008194214890765661e+00
1.005286105185654533e+00
1.000292173652301608e+00
9.985878509335768261e-01
9.957619387990909177e-01
9.941031214179715247e-01
9.907217000186494538e-01
9.882009207547525209e-01
9.860416806671422618e-01
9.860592158097760684e-01
9.865594844691254472e-01
9.838395578547401987e-01
9.849260562304488209e-01
9.856727798613607039e-01
9.878430973258580661e-01
9.913703490693137610e-01
9.954198970235691446e-01
9.985810106986200418e-01
1.005671875740931087e+00
1.006509773713808897e+00
1.010245059026192216e+00
1.011537327145244802e+00
1.009536495797181965e+00
1.008801157533976589e+00
1.005780561529191708e+00
1.003941654096694558e+00
9.992132625995548967e-01
9.971653456219541356e-01
9.953202555152210751e-01
9.942745100805236991e-01
9.923273135678167822e-01
9.929680482302464251e-01
9.937951543647051134e-01
9.945050726792908913e-01
9.944563814700699833e-01
9.938450715262314716e-01
9.951308301751735641e-01
9.946752255887441052e-01
9.924182206377275550e-01
9.923362033968297080e-01
9.903523256108501815e-01
9.921113908106006241e-01
9.915858538881657802e-01
9.935844674746912020e-01
9.971169142628374393e-01
9.997137565271555504e-01
1.003068839452731398e+00
1.004784484181587834e+00
1.005068421915612964e+00
1.003540427988855788e+00
1.002921942016160139e+00
1.001931629517351263e+00
9.998096830956667569e-01
9.996689112274236289e-01
9.985922443337287291e-01
9.971695925696314466e-01
9.971614517125990673e-01
9.967420192941833790e-01
9.966767781723421260e-01
9.956528419446342149e-01
9.955001125635318804e-01
9.953728459060531275e-01
9.949785462787983370e-01
9.943048091325792370e-01
9.951621314179835975e-01
9.961431901719518534e-01
9.969299720800779419e-01
9.983463536159660201e-01
9.995143165168000055e-01
1.002279126318817104e+00
1.002963331301302219e+00
1.005333111262631141e+00
1.006904897375793473e+00
1.007268605103772696e+00
1.007421887539701189e+00
1.006594145183983713e+00
1.005374264614164570e+00
1.004678283677625128e+00
1.003703402854407178e+00
1.001372724967270145e+00
1.000629556543123799e+00
9.998262801594937077e-01
9.983200703447878688e-01
9.975121099018064985e-01
9.966802416938550513e-01
9.952494048112646707e-01
9.950749841278219154e-01
9.952123848609952805e-01
9.949669320007727968e-01
9.953820168272311530e-01
9.951831830311983484e-01
9.969094251177496036e-01
9.966642443588762390e-01
9.981818328419261865e-01
9.992959978062907478e-01
9.994913495718867891e-01
1.000605378062497497e+00
1.001200803014423268e+00
1.002344141838582114e+00
1.002347923730862345e+00
1.003069574256376661e+00
1.002920262166841381e+00
1.001868111025064900e+00
1.002707387395976646e+00
1.001720270787584077e+00
9.999189182494653272e-01
1.001203943415568842e+00
1.000741198371132956e+00
1.000755386670041824e+00
9.999342484621184246e-01
9.997468010102423808e-01
9.994056930142853901e-01
9.984700543215516699e-01
9.986510125205724231e-01
9.988577382838910168e-01
9.981730441988155844e-01
9.981484339729257416e-01
9.986146072631399973e-01
9.985273562857436280e-01
9.982667220967703647e-01
9.978132892206950100e-01
9.981302954320717680e-01
9.988434742247587206e-01
9.987728079821005522e-01
9.984473694523571252e-01
9.993148095043027368e-01
9.993582614785488927e-01
9.991157165760351511e-01
9.993974792513840022e-01
9.996065890127636688e-01
9.998367753551546944e-01
1.000832124691608316e+00
9.999880563209789797e-01
1.000893967172237442e+00
1.000596658202074662e+00
1.000714737358994411e+00
1.000883714977932382e+00
1.000864805940398838e+00
1.000181790436122098e+00
1.000147247157372687e+00
1.000654751926907116e+00
1.000598113009885770e+00
1.000257944908886198e+00
9.997273188148398937e-01
9.997178045220618259e-01
9.987382299812862518e-01
9.989253391824777228e-01
9.988407565346598682e-01
9.990308739024930107e-01
9.997663656246710273e-01
9.991660282637778723e-01
9.990440933694374470e-01
9.995135306299897104e-01
9.992838117234104089e-01
9.996707885509769076e-01
9.995347501660407641e-01
1.000065715791696119e+00
1.000535745722309189e+00
1.000328980818447233e+00
1.000188484042666470e+00
1.000185512735319193e+00
1.000896511395642063e+00
1.000934460251150293e+00
1.000786109851493411e+00
1.000353292405657513e+00
9.999737657876209829e-01
1.000347145365630741e+00
1.000658976936564581e+00
1.000350839042950524e+00
1.000238898681918398e+00
9.999750354873940816e-01
9.998030091623052451e-01
9.990697406169584127e-01
1.000017752034431995e+00
9.991266182192101164e-01
9.991267757035072750e-01
9.990941574219172061e-01
9.997425549124047128e-01
9.999686831721006364e-01
9.998523911119785446e-01
9.998973336341101525e-01
1.000307509747182078e+00
1.000486445809821712e+00
1.000443221842170161e+00
1.000930174681699203e+00
1.001015901815360154e+00
1.000596152837703423e+00
9.999734420902368637e-01
9.940947007703321292e-01
9.830478569724415694e-01
9.723977022087654243e-01
9.615896783673052450e-01
9.503202592911349500e-01
9.394889011430583858e-01
9.284446730214006571e-01
9.178367501588686750e-01
9.073568659720459006e-01
