0.000000000000000000e+00
0.000000000000000000e+00
0.000000000000000000e+00
0.000000000000000000e+00
0.000000000000000000e+00
0.000000000000000000e+00
0.000000000000000000e+00
0.000000000000000000e+00
0.000000000000000000e+00
0.000000000000000000e+00
0.000000000000000000e+00
0.000000000000000000e+00
0.000000000000000000e+00
0.000000000000000000e+00
0.000000000000000000e+00
0.000000000000000000e+00
0.000000000000000000e+00
0.000000000000000000e+00
0.000000000000000000e+00
0.000000000000000000e+00
0.000000000000000000e+00
3.137839224927085890e-02
9.983432031485039992e-01
3.370475131564869109e+00
3.430277642805243055e+00
1.935240579875959543e+00
8.969045792241590043e-01
4.092572937621812845e-01
2.070538962001471361e-01
1.281631757388551895e-01
1.870114668595284357e-01
6.873761624803202963e-01
1.467554749873023034e+00
1.738013619610784488e+00
1.466487772400400180e+00
1.083492526667554579e+00
8.228427700869926920e-01
7.048186966904557149e-01
6.937966847553527217e-01
7.396811395308683368e-01
8.237268492101957884e-01
9.184582465418783537e-01
9.972567686441238255e-01
1.069443843688597351e+00
1.131300415432384243e+00
1.171727082173944723e+00
1.197500795572201460e+00
1.205792914189632858e+00
1.192067342671324193e+00
1.165808361684168126e+00
1.135249934931439331e+00
1.094628314824272142e+00
1.061266875564353507e+00
1.034866941607251345e+00
1.005902635722346616e+00
9.832659697052114067e-01
9.669597294436232948e-01
9.512820273252093894e-01
9.394062553579315411e-01
9.322262130467920960e-01
9.269340485328684265e-01
9.257469462526348725e-01
9.300517651246237305e-01
9.384437732913221142e-01
9.461898992345021409e-01
9.577851175950625739e-01
9.681422764624046939e-01
9.781200440630613002e-01
9.842492597017089562e-01
9.932169451548995553e-01
1.002309021602636241e+00
1.008877752506082137e+00
1.014142891484379305e+00
1.019563542040766713e+00
1.025286968849163927e+00
1.026241170704333960e+00
1.026211943366182044e+00
1.027067528207004976e+00
1.025906930814804330e+00
1.022640667941807191e+00
1.019304926780498111e+00
1.015953809708487698e+00
1.010550869491061432e+00
1.008946996274099783e+00
1.005247955105548652e+00
1.001052970551977950e+00
9.968704506816257194e-01
9.955750195357975230e-01
9.950928352833352530e-01
9.911494537858283049e-01
9.892507220487845032e-01
9.901831770680543654e-01
9.890593860422542960e-01
9.858333511115079384e-01
9.851343800757884628e-01
9.843917050877295516e-01
9.862096366513476431e-01
9.895108249003622403e-01
9.924875286245711248e-01
9.951431663815777373e-01
1.002958003226215089e+00
1.005919799917919022e+00
1.007875319164693195e+00
1.011224615291174356e+00
1.011974178645178801e+00
1.010940423817193956e+00
1.007186721158047860e+00
1.006469868005989365e+00
1.003261722156862268e+00
9.998422681503613685e-01
9.957272730452014775e-01
9.957395972919923510e-01
9.941110500331188371e-01
9.935813718459093336e-01
9.940945076666160007e-01
9.938894333656488334e-01
9.967202825459786641e-01
9.962042233160104399e-01
9.964995902202644640e-01
9.955079474252225280e-01
9.953841090161311689e-01
9.957956001714184380e-01
9.941335855011931288e-01
9.919468453281519160e-01
9.926886271946118168e-01
9.931166447523533947e-01
9.946570191798667082e-01
9.972839759440040863e-01
1.000867657807632094e+00
1.003357499166053657e+00
1.005354445417217413e+00
1.004487883552199756e+00
1.004969617862315756e+00
1.003580756999587154e+00
1.001858986294919429e+00
1.001047462586647008e+00
9.998967870845784089e-01
9.990862899852676060e-01
9.984109452146557873e-01
9.984655965766596752e-01
9.980289522605848562e-01
9.970859783227818962e-01
9.973249168601979742e-01
9.972580792300492769e-01
9.966852183117015374e-01
9.970108173422523867e-01
9.956886983425144999e-01
9.961857744312040408e-01
9.968371747308107933e-01
9.971916302073339233e-01
9.993750546115887090e-01
9.998770024166582226e-01
1.002709290158676048e+00
1.004549618464284810e+00
1.005283297931111930e+00
1.007237811816608319e+00
1.007984838718036347e+00
1.007880673412230310e+00
1.006222276470571053e+00
1.006396219343815179e+00
1.005452372946170847e+00
1.003884584259238322e+00
1.002546171512191719e+00
1.000893952922080166e+00
9.995479626900279913e-01
9.992317927479344997e-01
9.976373945418506306e-01
9.966978409522192495e-01
9.963654807116970602e-01
9.944632543742523145e-01
9.947293091336071313e-01
9.953667926618461337e-01
9.949957529092158248e-01
9.966741189131411716e-01
9.963275431049071207e-01
9.962799799741245410e-01
9.982738306532723538e-01
9.997996121384097323e-01
1.000919129779510808e+00
1.001101496733114660e+00
1.002555289000709227e+00
1.001482205555103588e+00
1.004249918587733381e+00
1.003129088929423984e+00
1.003318221422953238e+00
1.002656560779339623e+00
1.002450827202802985e+00
1.003515840165813300e+00
1.001474403493291643e+00
1.001078798543493464e+00
1.001360676064037003e+00
1.000608276978535160e+00
9.992658459163825668e-01
1.000057632224143900e+00
9.996876247412902483e-01
9.995474155757622103e-01
9.989978660168082891e-01
9.985882446847725857e-01
9.988878713788541530e-01
9.985290072492597480e-01
9.997567145003982692e-01
9.991117422391734282e-01
9.991172501862027877e-01
9.994473824526735051e-01
9.993810527771433971e-01
9.990302178383544396e-01
9.993508566179115649e-01
9.993633940991201170e-01
9.996847050772537102e-01
9.994019867682260028e-01
9.993868178573832584e-01
9.994070082406798505e-01
1.000514385958599428e+00
1.000332365974935023e+00
1.000282858032335076e+00
1.000433337578319870e+00
1.001357084639324713e+00
1.000739854076603486e+00
1.001069389473570492e+00
1.001257712019492097e+00
1.000861618810881204e+00
1.000938886756383539e+00
1.000453018185002430e+00
1.000413986334750982e+00
1.000355680266894254e+00
1.000059790869462839e+00
1.000076475022745770e+00
1.000436106164098060e+00
9.996316163124489007e-01
9.993788233100509011e-01
9.998820859755017665e-01
9.993374344069468895e-01
9.993613239317694630e-01
9.993489125091764569e-01
9.995410366894835752e-01
9.991629329130851112e-01
9.995318445242872274e-01
9.998546900434608364e-01
9.994146601088950144e-01
9.991437593471995671e-01
1.000199559782679604e+00
1.000603490974953713e+00
1.000571522733299190e+00
1.000241244265715368e+00
1.000738532696434202e+00
1.000681635012881765e+00
1.001326723239896133e+00
1.000633668539827381e+00
1.000319345501169188e+00
1.000053760605677855e+00
1.000540987257615644e+00
1.000014812494003591e+00
1.000388830022308273e+00
1.000224767316352903e+00
1.000120326351113809e+00
9.999075052715253875e-01
9.997035339928230790e-01
9.996808679446004264e-01
1.000234456214270873e+00
9.991877989595335796e-01
9.992763425800843535e-01
9.997689833577855234e-01
1.000517718431059189e+00
9.999707602692415875e-01
1.000126248489683567e+00
1.000013452917015933e+00
1.000881694503007457e+00
1.000984958220280330e+00
1.000951744004911159e+00
1.001006074670940604e+00
1.000818864312933210e+00
9.941383898414001274e-01
9.827392463215698371e-01
9.718722782018344164e-01
9.604705381105196338e-01
9.499691258629588964e-01
9.390781797057965452e-01
9.283148393532582032e-01
9.178079339980746987e-01
9.072550097487641629e-01
