0.000000000000000000e+00
0.000000000000000000e+00
0.000000000000000000e+00
0.000000000000000000e+00
0.000000000000000000e+00
0.000000000000000000e+00
0.000000000000000000e+00
0.000000000000000000e+00
0.000000000000000000e+00
0.000000000000000000e+00
0.000000000000000000e+00
0.000000000000000000e+00
0.000000000000000000e+00
0.000000000000000000e+00
0.000000000000000000e+00
0.000000000000000000e+00
0.000000000000000000e+00
0.000000000000000000e+00
0.000000000000000000e+00
0.000000000000000000e+00
1.654380671529524668e-05
3.369163532825623225e-02
9.932193511787811291e-01
3.381880725458904724e+00
3.447446017111654104e+00
1.943328312682863990e+00
8.936290307960075285e-01
4.115251796627764636e-01
2.106719031576400336e-01
1.259294861599949134e-01
1.857973048517945758e-01
6.918081030353483429e-01
1.466904886057305513e+00
1.739560580385969724e+00
1.475411674573222198e+00
1.082294505159302256e+00
8.195631483213483559e-01
7.024853558645192120e-01
6.910504239704667873e-01
7.395154902004246189e-01
8.240662962269809100e-01
9.112062539425179741e-01
9.963550213135339284e-01
1.071415911712892743e+00
1.131797692475299932e+00
1.170464211303546387e+00
1.197991947148152381e+00
1.203733816689194214e+00
1.193370177633974683e+00
1.169154245909839407e+00
1.131867337948524899e+00
1.095077500959271477e+00
1.059622005020645519e+00
1.031189966457200180e+00
1.004762842353802865e+00
9.852809619653095652e-01
9.638964834105965274e-01
9.514186043278703986e-01
9.419623333898937689e-01
9.329112545148945390e-01
9.275029793492429731e-01
9.284770579198711182e-01
9.302673486477630593e-01
9.354965156032797324e-01
9.459456177456021519e-01
9.553270159780129500e-01
9.686706526408996876e-01
9.748655056095446580e-01
9.826980772495952365e-01
9.940199584304998393e-01
1.001939955436694341e+00
1.007170324882947998e+00
1.013549308093805168e+00
1.020739837932431060e+00
1.024811221837945263e+00
1.025709346004618494e+00
1.026457745583080117e+00
1.026844749443560190e+00
1.025795703499086553e+00
1.023527962888098664e+00
1.019442777760004359e+00
1.015920791779749255e+00
1.013285548984993456e+00
1.008887602690894614e+00
1.003980380634269753e+00
1.000185892333918192e+00
9.980893353775718291e-01
9.962455082906973569e-01
9.952879960436262774e-01
9.942336808879811416e-01
9.931991726657168895e-01
9.879056048639395238e-01
9.886078737607304490e-01
9.860491207926378454e-01
9.853086128960303336e-01
9.850460699243565044e-01
9.861508982662752221e-01
9.893383514662349443e-01
9.931090008722340823e-01
9.966413524714261563e-01
1.002540151262709678e+00
1.007557188950974236e+00
1.008828195661779725e+00
1.011503259128623489e+00
1.012725702259976934e+00
1.010516433193598296e+00
1.008354027545127485e+00
1.005756840016651887e+00
1.003026943135908455e+00
9.992919158319613082e-01
9.974430223666860273e-01
9.952974800117788678e-01
9.955147292300853268e-01
9.941884804235616713e-01
9.938571041361101699e-01
9.943263900229534213e-01
9.949160013769703381e-01
9.954307378027462683e-01
9.983155111350547894e-01
9.964983418777113577e-01
9.941933123612761714e-01
9.951615848342081350e-01
9.931576709680671744e-01
9.916970202606841811e-01
9.917857325369136001e-01
9.919276031897813484e-01
9.931812738697813892e-01
9.975615449714497762e-01
1.001166441912273219e+00
1.003517254295125616e+00
1.006312842013497910e+00
1.006224583355113555e+00
1.004258169136682310e+00
1.004175168084574521e+00
1.002542870246930340e+00
1.000298876232367240e+00
1.000381597542254752e+00
9.983581681755423487e-01
9.984539749821624843e-01
9.971162153315694665e-01
9.970383703870798753e-01
9.973903311275692518e-01
9.971921436711076447e-01
9.967641366083063170e-01
9.965554847120315918e-01
9.952256594454405025e-01
9.952576497604224137e-01
9.962105049849112604e-01
9.958732028936801983e-01
9.967509946540680232e-01
9.983136803546380778e-01
9.992006160390483060e-01
1.002833473885295312e+00
1.004911861456227795e+00
1.005872880276604375e+00
1.007582569453667531e+00
1.007988285992570177e+00
1.007545329130328016e+00
1.007726381637251922e+00
1.006197314062520443e+00
1.004569148288682490e+00
1.003897431664717788e+00
1.002081931573936213e+00
1.000903360805403874e+00
9.999812475884795049e-01
9.997722003008109315e-01
9.972685443478388478e-01
9.965620782604865946e-01
9.965304826184987474e-01
9.954889601348688721e-01
9.954689209029279340e-01
9.946487274489762553e-01
9.947880499306767099e-01
9.952032127583398946e-01
9.959034574611730362e-01
9.969975159014279331e-01
9.989815215597885878e-01
1.000122674371585862e+00
1.000676049399692458e+00
1.001245045620267726e+00
1.001061943571291968e+00
1.002786303254133760e+00
1.002891641401518985e+00
1.003007409166717823e+00
1.002935910874201975e+00
1.002423888291370524e+00
1.002842789729825768e+00
1.001346719885904957e+00
1.001361771503657794e+00
1.001105401965341146e+00
1.001503031415944323e+00
1.000188439882865987e+00
9.998984876954681855e-01
1.000103214601001378e+00
9.994097265059831425e-01
9.994871570478651712e-01
9.991701478937857761e-01
9.992983776384651851e-01
9.992488918362830708e-01
9.987287555730710586e-01
9.991170222966200276e-01
9.985550668728196966e-01
9.988181153146731273e-01
9.992736142451612569e-01
9.991696255846966856e-01
9.983987158398592854e-01
9.993236233133308000e-01
9.995619186007383972e-01
9.993696088163830371e-01
9.989521006810447856e-01
9.991092954228596446e-01
1.000155483625143837e+00
1.000170522640718263e+00
1.000606544006511500e+00
1.000211709558620488e+00
1.000410596012030640e+00
1.001090998128118414e+00
1.000864035308910438e+00
1.001330614815126419e+00
1.001166088119748165e+00
1.000062722312700547e+00
1.001040090634835344e+00
1.001440788683511052e+00
1.000282559580968567e+00
1.000621373083371068e+00
1.000771394264724501e+00
9.993182535784927989e-01
9.995850268130516136e-01
9.992239115899875790e-01
9.991873295304496416e-01
9.995365223521390785e-01
9.995814673886217472e-01
9.998140402875447252e-01
9.993518053801923040e-01
9.985974121111038659e-01
9.993013199773898014e-01
9.994713963821502123e-01
9.999472635780528584e-01
9.996973760712096757e-01
1.000160425545227660e+00
1.000443683537975748e+00
1.000407408021526612e+00
1.001786044032676681e+00
1.000473011919973176e+00
1.000559265728615310e+00
1.000752371826755915e+00
1.000896027177305969e+00
1.000119109719038279e+00
1.000317163276406296e+00
9.998279829508337491e-01
1.000294242756825769e+00
1.000090876227064163e+00
9.995212288053938465e-01
9.996831189110948479e-01
9.999465608542918993e-01
9.996132392356937846e-01
9.995593210942004259e-01
9.994847921942314750e-01
1.000192481452273574e+00
1.000440651713522255e+00
9.998684385741066771e-01
1.000241873783997759e+00
1.000543066682848758e+00
1.000568211377848460e+00
1.000314188749318989e+00
1.000730491986358439e+00
1.000328998432120864e+00
1.000327778153670133e+00
1.000936897219284250e+00
1.000677144641816563e+00
1.000658070731620608e+00
9.934102284636932012e-01
9.832603644033184320e-01
9.718144131183369394e-01
9.608864908039721486e-01
9.495204577809402968e-01
9.389763265458811459e-01
9.278083773526648592e-01
9.176139834500194326e-01
9.067017874581397852e-01
