0.000000000000000000e+00
0.000000000000000000e+00
0.000000000000000000e+00
0.000000000000000000e+00
0.000000000000000000e+00
0.000000000000000000e+00
0.000000000000000000e+00
0.000000000000000000e+00
0.000000000000000000e+00
0.000000000000000000e+00
0.000000000000000000e+00
0.000000000000000000e+00
0.000000000000000000e+00
0.000000000000000000e+00
0.000000000000000000e+00
0.000000000000000000e+00
0.000000000000000000e+00
0.000000000000000000e+00
0.000000000000000000e+00
0.000000000000000000e+00
1.654922298080243901e-05
3.237863231777934198e-02
9.953030307721721925e-01
3.395922148551474340e+00
3.428841650764770321e+00
1.932540840549897831e+00
8.971306208945337701e-01
4.140971810180349433e-01
2.089768513103151537e-01
1.265381857796368248e-01
1.854917552832199834e-01
6.904293189854676660e-01
1.468438770643354152e+00
1.742218810337832435e+00
1.471552690204861236e+00
1.079265490206692268e+00
8.186619474692409248e-01
7.033534187517549441e-01
6.878087390454998840e-01
7.389640501080555479e-01
8.178477891487662133e-01
9.113995638757850237e-01
9.992613874447447975e-01
1.075817617948809257e+00
1.129691822599033779e+00
1.172833131684075436e+00
1.195292636029188005e+00
1.205043546007497524e+00
1.190463657930646013e+00
1.168622896762296026e+00
1.130533173514116418e+00
1.096671294310919365e+00
1.060763883054734347e+00
1.028334216476508356e+00
1.007480517440939138e+00
9.850909076595638636e-01
9.646282475450360661e-01
9.541600914896420926e-01
9.389698005896839339e-01
9.297565956966159506e-01
9.249217883122237138e-01
9.264894795707446784e-01
9.288606106894873315e-01
9.355008941511492315e-01
9.442890063667945810e-01
9.545210389874448920e-01
9.660337506289613518e-01
9.748060425999666156e-01
9.865673256066506136e-01
9.916595930064471265e-01
9.987075451214059152e-01
1.006561200535443401e+00
1.013305457737254889e+00
1.019845621124165547e+00
1.022700307499012640e+00
1.025858444415043813e+00
1.026478813049087835e+00
1.026838117252416138e+00
1.023579266876308180e+00
1.021769704417228919e+00
1.018502369948713238e+00
1.014333782352185631e+00
1.011265626157541897e+00
1.008563420568036717e+00
1.003021166364278072e+00
9.997796929863104198e-01
9.966338989079919219e-01
9.951515989731011258e-01
9.907548416559424087e-01
9.906470310374231314e-01
9.901398068628358695e-01
9.871746803563513639e-01
9.858023454188779011e-01
9.840047640167047804e-01
9.861203664591238205e-01
9.840902577302245158e-01
9.842559497273241087e-01
9.875277568010660811e-01
9.905110860599958267e-01
9.958743626727719622e-01
1.000032268698807014e+00
1.004725065990791366e+00
1.008619529956131577e+00
1.010281138825806391e+00
1.011653322399841848e+00
1.010775393245802345e+00
1.007204272374205400e+00
1.005838717756537992e+00
1.001967315640745149e+00
9.979093717235449912e-01
9.967503866497496867e-01
9.944326624949330062e-01
9.941263813571385999e-01
9.917994924440103333e-01
9.936662198709590443e-01
9.922006300741389451e-01
9.944657600553298282e-01
9.947146890082408932e-01
9.956299869334748198e-01
9.958820138061573735e-01
9.965145873016828526e-01
9.947207280180756506e-01
9.935509620667651864e-01
9.909877718967762261e-01
9.900429178484564385e-01
9.926604375325881469e-01
9.941358742108171720e-01
9.967511884939548317e-01
1.000387530547743653e+00
1.003667020025266421e+00
1.005859690961184771e+00
1.005533048810379748e+00
1.004502953650802999e+00
1.004230318757126428e+00
1.001962458887623253e+00
1.000041766095516538e+00
9.996917610560591694e-01
1.000057027554584588e+00
9.986492215503651737e-01
9.965225718024876000e-01
9.971413782382499980e-01
9.972610489902246078e-01
9.972771070983307284e-01
9.965040373152619368e-01
9.964992952396810599e-01
9.952695623504259625e-01
9.958635188548063955e-01
9.961206826786702662e-01
9.957926388581166410e-01
9.975018438444654967e-01
9.979255607567769637e-01
9.999359804809287988e-01
1.002360775626112144e+00
1.004825772497695890e+00
1.005793044655043156e+00
1.007184899359560015e+00
1.008156970064378211e+00
1.007086087042338152e+00
1.007237528846855135e+00
1.005240236814216592e+00
1.004471378286727612e+00
1.004306907423676787e+00
1.002355999574078949e+00
1.000747563900553416e+00
1.000894218557675464e+00
9.983583299792612165e-01
9.971576794265947230e-01
9.963708984865224938e-01
9.957939155985207069e-01
9.945459213413907484e-01
9.954110083876221982e-01
9.950152803309643135e-01
9.947815432524463874e-01
9.959331988751706222e-01
9.956517712225113614e-01
9.973505722828750475e-01
9.981702146486456373e-01
9.998341080064188091e-01
9.996341376113223598e-01
1.001185312070081990e+00
1.002008642758510426e+00
1.003645889973680427e+00
1.002652727568117186e+00
1.002943272076308068e+00
1.002887641726867507e+00
1.003124034708045231e+00
1.002721727610637492e+00
1.003162095356126660e+00
1.001605229470405645e+00
1.002294581469073131e+00
1.001021057939917247e+00
1.001389200441699767e+00
1.000284787643526352e+00
1.000051638148553579e+00
9.998097385087911793e-01
1.000221517693179685e+00
9.995731106146719114e-01
9.986477270601832323e-01
9.988638624276890976e-01
9.986175623012032432e-01
9.987109600218632144e-01
9.984468179236324348e-01
9.988664041522012926e-01
9.980300420513891213e-01
9.986151669186804636e-01
9.992004693212352961e-01
9.988822916984978484e-01
9.990327338409705771e-01
9.996788701566757807e-01
9.996587310798575876e-01
9.999550814392420550e-01
9.989671973084750523e-01
1.000352855665529894e+00
1.001180745052278942e+00
1.000451479397445054e+00
1.000729581851216299e+00
1.001993970789403443e+00
1.001734011817575265e+00
1.001308316008136190e+00
1.001062312741292093e+00
1.001309367345392554e+00
1.001504782549560879e+00
1.001123984702634750e+00
1.000139354230690669e+00
1.000189034692727574e+00
1.000452258325871036e+00
9.997185038253806333e-01
9.995157923530985089e-01
9.995558430587130339e-01
9.998018378939433903e-01
9.998362652771722869e-01
9.987972574263537240e-01
9.993530499839839987e-01
9.992302687345696599e-01
9.997952838252134322e-01
9.993885398426660682e-01
1.000279046055656096e+00
9.999845802705826792e-01
1.000191593346139163e+00
1.000448332777186033e+00
1.000946204245515947e+00
1.001121847343140914e+00
1.000875642044867009e+00
1.000640883261376235e+00
1.000522274372703579e+00
1.001624427020384012e+00
1.000979519852389421e+00
1.001050216117632008e+00
1.000596781622093756e+00
1.001174210747333593e+00
9.998035074277533685e-01
9.999423224855779058e-01
1.000387007935538586e+00
1.000215748604122545e+00
9.994598574931984336e-01
9.991991727734710338e-01
9.998326440916384117e-01
9.996485632264171528e-01
9.998910670228068343e-01
1.000294249412860381e+00
1.000611042514689908e+00
1.000468939748817787e+00
1.000160137913960190e+00
1.000096097200459555e+00
1.001107015606099271e+00
1.000748256168459527e+00
1.000622606935265946e+00
1.000794483477619679e+00
1.000758792622600923e+00
1.001069212403520536e+00
1.000479150796352190e+00
9.945318438812255080e-01
9.836163721558723871e-01
9.720995617971482927e-01
9.613353051047728304e-01
9.503895547227455554e-01
9.395158459178647448e-01
9.294093094812777567e-01
9.186395049573808924e-01
9.079600459576125937e-01
