0.000000000000000000e+00
0.000000000000000000e+00
0.000000000000000000e+00
0.000000000000000000e+00
0.000000000000000000e+00
0.000000000000000000e+00
0.000000000000000000e+00
0.000000000000000000e+00
0.000000000000000000e+00
0.000000000000000000e+00
0.000000000000000000e+00
0.000000000000000000e+00
0.000000000000000000e+00
0.000000000000000000e+00
0.000000000000000000e+00
0.000000000000000000e+00
0.000000000000000000e+00
0.000000000000000000e+00
0.000000000000000000e+00
0.000000000000000000e+00
0.000000000000000000e+00
3.197703719950290013e-02
9.979458433180077304e-01
3.371878524570417923e+00
3.433784609689983114e+00
1.936756177524965095e+00
8.927793586545550442e-01
4.098710546720508718e-01
2.098933346978346937e-01
1.274398461825670126e-01
1.865152527652828851e-01
6.908634859699379627e-01
1.462589387735106383e+00
1.736775961078492525e+00
1.468865812346489719e+00
1.083775418734993501e+00
8.167411520150666959e-01
7.020318793667352786e-01
6.927359806463956327e-01
7.440984850147811525e-01
8.227792242470265416e-01
9.131582335398723549e-01
9.984128260816521605e-01
1.071859079639092549e+00
1.127954923797786835e+00
1.173546667546814914e+00
1.199354740693114874e+00
1.203834903358943276e+00
1.199757975529279541e+00
1.169074338498097720e+00
1.129426554885109013e+00
1.095575265575457147e+00
1.061796382871462718e+00
1.032851399211829113e+00
1.009124077573439582e+00
9.854522931054516821e-01
9.669982076402489080e-01
9.502091003679987713e-01
9.413303006561487551e-01
9.333943934682317201e-01
9.261427161220270321e-01
9.265098944247899260e-01
9.290444976062197657e-01
9.382559729538393345e-01
9.488057904685301969e-01
9.561377687474515996e-01
9.661016687547319126e-01
9.766241703661295848e-01
9.853365249385306335e-01
9.922267655142257281e-01
1.003620910482388551e+00
1.009224967219373159e+00
1.014736756446459331e+00
1.020142088313008788e+00
1.026246619649393343e+00
1.025894432964500336e+00
1.029693024982531124e+00
1.028254694613994547e+00
1.027019922078474590e+00
1.024360744456824790e+00
1.018812819326367913e+00
1.017273385686932485e+00
1.011612059963411303e+00
1.009258691090588522e+00
1.004199614078864933e+00
1.000071887602992371e+00
9.976861689178392334e-01
9.944855266050129927e-01
9.944004088521012363e-01
9.919603744581367843e-01
9.903526735987824292e-01
9.876127696610255136e-01
9.868828613135900429e-01
9.867025976055913139e-01
9.856018584154222495e-01
9.861033367062893573e-01
9.871983582488691455e-01
9.887010414606645092e-01
9.914561102552805760e-01
9.964839492598818183e-01
1.001015143745687341e+00
1.003529586741712221e+00
1.009539795598136669e+00
1.010677012252042539e+00
1.010777933074099577e+00
1.011285097679331280e+00
1.007388627702071160e+00
1.006018851153818616e+00
1.002662171024738980e+00
9.993351385642792462e-01
9.973647629226360944e-01
9.955294069356532827e-01
9.941579956408814756e-01
9.933727132778709112e-01
9.942086824989780913e-01
9.951145018764337991e-01
9.949159884674826371e-01
9.971518237792692529e-01
9.959073593187206530e-01
9.970014617985427652e-01
9.951253899417762394e-01
9.954778181176048291e-01
9.945739992351044778e-01
9.917455546048900006e-01
9.907420041599352967e-01
9.914867992034691602e-01
9.944161453601753076e-01
9.979139283298659180e-01
1.001580782769240896e+00
1.002895250407434657e+00
1.005826135668988375e+00
1.004679210823474111e+00
1.004882485724461816e+00
1.002866997314347142e+00
1.001355972588784837e+00
1.000512643553876480e+00
9.995610721429378787e-01
9.988585935295216656e-01
9.979252934318905144e-01
9.978172106079241654e-01
9.977893373306953029e-01
9.968936376400118204e-01
9.958531460717219286e-01
9.968347290054557774e-01
9.973501531260855479e-01
9.961195065465952014e-01
9.944525877117160739e-01
9.963189802047061061e-01
9.966626391224401305e-01
9.969194911311620722e-01
9.989819402192307018e-01
1.001119265885757725e+00
1.002955131508963538e+00
1.003992820869506586e+00
1.005467963900898098e+00
1.007761784948895345e+00
1.007992620664330374e+00
1.007838933382554147e+00
1.007446382523330186e+00
1.005475289056676713e+00
1.004952909800825855e+00
1.003351060602823308e+00
1.002313881366388992e+00
1.001718841459622755e+00
9.996864841601358354e-01
9.992075809233471606e-01
9.970174860407909900e-01
9.956068986893487072e-01
9.949934280501797623e-01
9.956734969916596345e-01
9.942282602547656278e-01
9.945176539246853853e-01
9.948786568781133877e-01
9.953729628405545427e-01
9.972736577404013314e-01
9.974192713573614144e-01
9.978658871891845639e-01
9.992692293244087587e-01
9.999111701555932763e-01
1.000655952624919687e+00
1.001586278960496568e+00
1.003235664001947081e+00
1.002952154604927371e+00
1.003439844828307281e+00
1.002439712839729991e+00
1.002861844773764055e+00
1.001858202728771685e+00
1.002128102133543530e+00
1.002403417008251418e+00
1.001639012131617434e+00
1.000658890677572188e+00
9.998914513156544892e-01
1.000474205778973724e+00
1.000414120218984682e+00
9.995380557739541594e-01
9.988121924940491780e-01
9.981186314020761285e-01
9.987037304026723517e-01
9.987622497910211283e-01
9.980544574851732964e-01
9.992413655897924851e-01
9.977992448068465636e-01
9.983321034255349113e-01
9.987928918743720352e-01
9.991490566055336586e-01
9.993625774231332803e-01
9.990150096908447797e-01
9.988468706315660750e-01
9.992219298981601661e-01
9.992529608763894844e-01
9.997492891571131413e-01
1.000139653396211914e+00
1.000216305000188655e+00
1.000201416170617197e+00
1.000312752575962305e+00
1.000976411011886613e+00
1.000139841389524165e+00
1.001182570313396525e+00
1.001299163740836384e+00
1.001493027085938126e+00
1.000805496332694444e+00
1.000652789299666390e+00
1.001351957448408214e+00
1.000495651380653772e+00
1.000045862789475049e+00
1.000181849983583948e+00
9.998261641838673830e-01
9.992073744525519219e-01
9.990815838183899622e-01
9.989465764004589188e-01
9.988672626549970346e-01
9.995253827759777998e-01
9.996704638335393023e-01
9.994361160583640213e-01
9.991570063009329594e-01
9.993921384974312483e-01
9.990733563164579945e-01
9.996934987116538052e-01
9.997175155533276625e-01
1.000622428325563362e+00
1.000864239038739001e+00
1.000444748665657357e+00
1.000767703823777888e+00
1.000780579622753130e+00
1.001296718387905349e+00
9.999056927643662496e-01
1.001199294429052866e+00
1.000680932771906395e+00
1.000703999090961416e+00
1.000511343235510164e+00
1.000717624043450105e+00
1.000018274455863665e+00
1.000376096084537370e+00
9.996594108491987374e-01
9.995655370311822274e-01
9.998386663856073664e-01
9.999032907998172126e-01
9.994323026792707454e-01
1.000196922301649582e+00
9.995764059647268551e-01
9.995473843568563055e-01
9.993402872218066779e-01
1.000059494642362434e+00
1.000662801799351520e+00
1.000081855495619898e+00
1.000123667693620710e+00
1.000305295229655389e+00
1.000268115725627016e+00
1.001008010454836672e+00
1.000667320695683760e+00
1.000610509427847017e+00
9.936719764281907175e-01
9.827554626000786220e-01
9.717485386087952870e-01
9.606701043948346896e-01
9.500787131609567115e-01
9.388254396536497293e-01
9.280493997146562757e-01
9.177134971214072623e-01
9.071856628479504359e-01
