0.000000000000000000e+00
0.000000000000000000e+00
0.000000000000000000e+00
0.000000000000000000e+00
0.000000000000000000e+00
0.000000000000000000e+00
0.000000000000000000e+00
0.000000000000000000e+00
0.000000000000000000e+00
0.000000000000000000e+00
0.000000000000000000e+00
0.000000000000000000e+00
0.000000000000000000e+00
0.000000000000000000e+00
0.000000000000000000e+00
0.000000000000000000e+00
0.000000000000000000e+00
0.000000000000000000e+00
0.000000000000000000e+00
0.000000000000000000e+00
1.654779987967079871e-05
3.254133794318440215e-02
9.971681221408121854e-01
3.383691862422979924e+00
3.431037834256691621e+00
1.948225278426281459e+00
8.914876808399871955e-01
4.105025405956788109e-01
2.098065669714548331e-01
1.304672969965234852e-01
1.864028844365955562e-01
6.931596609447602253e-01
1.471617994061850121e+00
1.738418702106375946e+00
1.468510292618614654e+00
1.084283138016121750e+00
8.203874386967541232e-01
7.061318857735034982e-01
6.896922161252323491e-01
7.400104873937605188e-01
8.176926537103837989e-01
9.130577329816553789e-01
9.963760225301914186e-01
1.068756036879992655e+00
1.130290120226475459e+00
1.173054803630357412e+00
1.201832349507629072e+00
1.207945551402815898e+00
1.196505705833973199e+00
1.169629470563327889e+00
1.136130614576473352e+00
1.096055123255446295e+00
1.061124371331970240e+00
1.034002558814702821e+00
1.006534482911074280e+00
9.855142622530023155e-01
9.650268214285968593e-01
9.532491765697892472e-01
9.384012777603497613e-01
9.297591602494306162e-01
9.284128444812287384e-01
9.282579722173510683e-01
9.302693122843478379e-01
9.358913611409884759e-01
9.460385172760178429e-01
9.547437479286827733e-01
9.666332889640620873e-01
9.763693932177096579e-01
9.867656139387018799e-01
9.940899663242007689e-01
9.995662738288458860e-01
1.010780789242280431e+00
1.015287928827604880e+00
1.020793085592312188e+00
1.026622553936138438e+00
1.028253351892246092e+00
1.029083721347838098e+00
1.025787483688277879e+00
1.024875066501824916e+00
1.025525922825514691e+00
1.021642316030135555e+00
1.015117795625427144e+00
1.011829634386254950e+00
1.007973902328586080e+00
1.005551419817103387e+00
1.002720358610201368e+00
9.985263893584788164e-01
9.961707301838043094e-01
9.929075590437143051e-01
9.911045479194040553e-01
9.921361599157768607e-01
9.869485581069316060e-01
9.881506359336310608e-01
9.859736475897558083e-01
9.846577423581462929e-01
9.850588488768663442e-01
9.862686701264146150e-01
9.892405745130439243e-01
9.923902129361052982e-01
9.958041817740055368e-01
1.001217521315381109e+00
1.007407446469905210e+00
1.009840321769616356e+00
1.011624685795999623e+00
1.011566328286003236e+00
1.011270277152352959e+00
1.008116631587903100e+00
1.006989098784474068e+00
1.002918673432481311e+00
1.000012856727489963e+00
9.977259282812838137e-01
9.961827899127774222e-01
9.938199656677012550e-01
9.942659271245064545e-01
9.927011326776978839e-01
9.937358064432033622e-01
9.945145145150583454e-01
9.953430320943297271e-01
9.961670007693729234e-01
9.970544903571200157e-01
9.948509890965392399e-01
9.950639561076832784e-01
9.942289262750575451e-01
9.921142388140747892e-01
9.925173848246147124e-01
9.911274609312996642e-01
9.940182215360127138e-01
9.977111893037784451e-01
1.002736671441948779e+00
1.003289139389895945e+00
1.004632467637917248e+00
1.005144904299519748e+00
1.005560762607189185e+00
1.004005415720988781e+00
1.002999399797971147e+00
9.999766065726429787e-01
9.996841901398023644e-01
9.982842208066375900e-01
9.973014835682854073e-01
9.979734449643360428e-01
9.970383666737562267e-01
9.972145477561628057e-01
9.973074679548250554e-01
9.971709104033290583e-01
9.964225984075291143e-01
9.961722667149642829e-01
9.967618005785011670e-01
9.959116184135941019e-01
9.958792241164146075e-01
9.973052767665560037e-01
9.997427567703941476e-01
1.001334914897900719e+00
1.002432496828461916e+00
1.003699967631206835e+00
1.005918978260258889e+00
1.008184762132316337e+00
1.007549721880752536e+00
1.007811511934761262e+00
1.006184642121818129e+00
1.005936014600528727e+00
1.004469245419075119e+00
1.003954666794269812e+00
1.001893924310393924e+00
1.002060570560635355e+00
1.000543655336317173e+00
9.990967791098800399e-01
9.973682472123980292e-01
9.971754820727241064e-01
9.962423445896336771e-01
9.947211392096922955e-01
9.944499304578346965e-01
9.939054980304528053e-01
9.948434972653499297e-01
9.960143854061290769e-01
9.962765522590838474e-01
9.978722866521974044e-01
9.983523120799311368e-01
9.991315250773030732e-01
9.994936017021909258e-01
1.000971419617725955e+00
1.001582814613471539e+00
1.003678458778082261e+00
1.002754669493478357e+00
1.002771095097616749e+00
1.002880887253762010e+00
1.002845137751601889e+00
1.002781683157863535e+00
1.004388747283509797e+00
1.002016118497078390e+00
1.001350524393690877e+00
1.001672505581470585e+00
1.001022379361396375e+00
1.000779712498199192e+00
9.998761014530100910e-01
9.997868277969668149e-01
9.992552370128228167e-01
9.992563970854630995e-01
9.992794092007730722e-01
9.984466261552931154e-01
9.988492319879519465e-01
9.992815290167402775e-01
9.988282935576460186e-01
9.990513965532442642e-01
9.990967570364928108e-01
9.993617296563730434e-01
9.984433688524423367e-01
9.996080545938875739e-01
9.991733129272715175e-01
9.995170655479336252e-01
1.000412060609474851e+00
9.999847834783536227e-01
1.000020129281643966e+00
1.000038401495965124e+00
1.000872016808599163e+00
1.001482477374259217e+00
1.001612719856958211e+00
1.001290338195352403e+00
1.001418646245757271e+00
1.001147618080698853e+00
1.001691706224877798e+00
1.001778619014019212e+00
1.001092588962536389e+00
1.000090370559892694e+00
1.000548503967513936e+00
1.000052791918133677e+00
1.000411503438185967e+00
9.999793507241970802e-01
9.993333491419691406e-01
9.996075028174093990e-01
9.998380174940599829e-01
9.993098871045734688e-01
9.988890473294603778e-01
9.990903168602915940e-01
9.993061057996855956e-01
9.985906536211017759e-01
9.992647248861584730e-01
9.990363831362947256e-01
9.993095269567752181e-01
1.000297198164992629e+00
1.001047550133899788e+00
1.000545784171006147e+00
1.001353828491853282e+00
1.000880886606920761e+00
1.001065369855669962e+00
1.000701753869940092e+00
1.000882555233582494e+00
1.000979755563620621e+00
1.000755998574390793e+00
1.000152665552304310e+00
1.000533237683931098e+00
9.999105143136614027e-01
9.998545759718839854e-01
9.997179710173681455e-01
1.000271529106010027e+00
9.997396773057369845e-01
9.993321024476481407e-01
9.998428720270050585e-01
9.996667679874401413e-01
9.991945916736391098e-01
9.994949104407832019e-01
9.998155023621094761e-01
1.000694057293740835e+00
9.995596271397756416e-01
9.998683450540464257e-01
1.000594010591202787e+00
1.000335291490948020e+00
1.000870128928145864e+00
1.000709589590327298e+00
1.000844376320515927e+00
1.000686633689450211e+00
1.001447050821984153e+00
9.940154683645747724e-01
9.830437682161060620e-01
9.714930140643818213e-01
9.609075830293245524e-01
9.499725139302307442e-01
9.393796485612385672e-01
9.283499041251556116e-01
9.178569000561039859e-01
9.073608356942721720e-01
