0.000000000000000000e+00
0.000000000000000000e+00
0.000000000000000000e+00
0.000000000000000000e+00
0.000000000000000000e+00
0.000000000000000000e+00
0.000000000000000000e+00
0.000000000000000000e+00
0.000000000000000000e+00
0.000000000000000000e+00
0.000000000000000000e+00
0.000000000000000000e+00
0.000000000000000000e+00
0.000000000000000000e+00
0.000000000000000000e+00
0.000000000000000000e+00
0.000000000000000000e+00
0.000000000000000000e+00
0.000000000000000000e+00
0.000000000000000000e+00
0.000000000000000000e+00
0.000000000000000000e+00
0.000000000000000000e+00
0.000000000000000000e+00
0.000000000000000000e+00
2.337690110944454919e-02
7.170270839522707718e-01
2.706047586353834689e+00
3.203375672566597832e+00
2.099043078036733512e+00
1.066945232878190764e+00
4.889707744573269510e-01
2.830432007791160443e-01
2.156022128087448364e-01
2.128644360334467078e-01
2.166224982567545032e-01
2.286882733408094615e-01
2.657513342228657871e-01
2.598181087552658974e-01
2.650986447352385311e-01
3.155016674347868588e-01
3.847035467993578650e-01
4.972674671179974637e-01
6.768543499975945288e-01
8.463758341380267503e-01
1.059250070650125775e+00
1.264359294373975651e+00
1.351776041024618014e+00
1.479184846112860496e+00
1.591421260719765085e+00
1.700402207803699994e+00
1.677760393381602766e+00
1.684090539085989935e+00
1.509301067117295725e+00
1.407933179469204488e+00
1.248870129377540827e+00
1.062980080677959238e+00
1.009278085206536613e+00
9.141730866883179818e-01
8.736837995366190102e-01
8.656349110234360378e-01
8.445801705568521944e-01
8.652831248695560529e-01
8.988829445221240277e-01
9.336535016013554067e-01
9.376975683183331745e-01
9.493858137348306636e-01
9.799947168192216784e-01
1.012879550822084918e+00
9.999411912049258611e-01
1.033204693014997622e+00
1.072530861268335078e+00
1.048691850649768664e+00
1.044387794144339576e+00
1.057625247172254257e+00
1.053019739575294933e+00
1.054245158124221371e+00
1.049256607858308099e+00
1.021666649238488933e+00
1.014266873962794691e+00
9.956759999941428019e-01
9.867462750824957940e-01
9.631565560543722260e-01
9.847427390109465550e-01
9.590006909837878180e-01
9.726596102060771631e-01
9.933075384592741086e-01
9.778485863349087870e-01
9.803808740303479041e-01
9.933112163880593037e-01
1.001489421475098673e+00
1.006880648118004373e+00
1.020097580536683646e+00
1.022450149948099574e+00
1.006671203395038017e+00
1.029178231436717050e+00
1.018910459176805006e+00
1.018973673274451208e+00
1.003938561328630907e+00
1.006382341925826651e+00
1.011979910543647998e+00
9.894939119784380566e-01
9.923479625623206068e-01
9.871611238256019494e-01
9.886028578972477776e-01
9.786011503093793307e-01
9.892953017934519311e-01
9.844049817137635605e-01
9.749523422562693664e-01
9.907206368927492512e-01
9.761905013196877645e-01
9.934571341641994513e-01
9.965449221281186265e-01
9.913059387326896843e-01
9.861454686474860898e-01
1.001669755764893033e+00
9.944887702995930390e-01
9.843779498885482093e-01
9.960730098658083786e-01
1.000897164157363628e+00
9.945620317897768681e-01
9.872262569739790328e-01
1.000131665695618066e+00
9.868665213712966011e-01
1.002503568863118311e+00
1.008107854561643979e+00
9.929845821170525388e-01
9.896659665727192134e-01
9.940407778361024516e-01
1.010892121478507155e+00
9.887265990285629691e-01
1.001220022562688383e+00
9.976020275605527177e-01
1.010009311905510909e+00
9.979878212835173734e-01
1.014190153411050899e+00
9.948970786031239300e-01
1.008856928466760561e+00
1.001275983956956273e+00
1.003215126973892035e+00
1.004901547849530674e+00
1.002517251455818492e+00
1.014231852569218217e+00
1.004236793811155826e+00
1.014351794206602486e+00
1.006351327324022105e+00
9.974705414425806271e-01
1.001693711892302829e+00
1.006086468936289835e+00
1.008940386399326039e+00
1.000750924787110030e+00
9.999750498375701291e-01
1.000359092856342613e+00
1.004949717101482953e+00
1.003897956587805451e+00
1.002056530273801149e+00
9.951367263456477597e-01
9.968658010784511303e-01
1.005027945187076943e+00
9.946813072470751527e-01
1.004530034802626259e+00
1.005777611609309341e+00
1.013083542780705670e+00
1.000634235526691063e+00
9.955515244896286919e-01
1.007354487989803982e+00
1.001551345844492014e+00
9.914570555348672931e-01
9.997365532124322662e-01
1.004048143543833982e+00
1.001282597473871716e+00
1.006804779952698237e+00
9.976988057641139607e-01
9.969000271171614136e-01
9.964284250476814764e-01
1.000530226902824449e+00
1.000957593982774174e+00
9.998441464277442181e-01
9.927086253203852850e-01
9.987041318559499725e-01
9.892436972897328262e-01
9.924678757122709083e-01
9.897614205222975414e-01
9.929242438812990734e-01
9.974120151276993917e-01
9.990763055469338294e-01
9.962039643623522567e-01
9.991196987630116544e-01
9.979777968001630750e-01
9.935585765256521595e-01
9.927726423374174658e-01
9.950926209598521810e-01
9.960801519683032401e-01
9.935259800527931340e-01
9.947725364564337092e-01
9.960908262952312686e-01
9.985776299792146204e-01
1.001011841288374615e+00
1.002703380488808582e+00
1.000411447661638809e+00
9.933565323400261882e-01
9.963924703852103937e-01
9.949948129388340723e-01
9.935458474620114666e-01
1.000166023244552171e+00
1.002455638083438627e+00
1.000821526772229353e+00
9.961121587825573220e-01
9.958911287045179028e-01
9.961773543325602720e-01
1.006477405407997905e+00
9.979028633256382674e-01
1.001803357600318023e+00
9.908287477563884060e-01
9.962329299345915601e-01
9.973205049836690872e-01
9.996969592804323401e-01
9.970466000689813812e-01
9.933147875228419688e-01
1.002848931398871768e+00
9.924966465509506008e-01
9.956142709381498035e-01
9.997490707692103795e-01
9.925981492819470065e-01
9.982915584804719078e-01
9.961341981451411476e-01
9.942969664619412118e-01
9.974592507172265199e-01
9.966823132649202943e-01
9.963741058754681523e-01
9.976909515106683335e-01
9.957092924593954342e-01
9.993846857185428867e-01
9.944678537916347150e-01
9.955077554515533445e-01
9.887388621507032793e-01
9.972811097769852529e-01
9.945381588243975557e-01
9.946457632913856539e-01
9.975771199442258208e-01
9.925840247170154562e-01
9.955679083667090534e-01
9.945910751250915949e-01
9.997396808586644923e-01
9.925004623765516509e-01
1.001142505460715482e+00
9.990617996176485160e-01
9.968165110705345944e-01
9.943082288407627534e-01
9.944944731354246059e-01
9.962309346209463623e-01
9.951443485743167727e-01
9.973820081058386577e-01
9.978974418707230454e-01
9.998409818865815479e-01
9.951737048995833446e-01
9.996182592862827843e-01
9.966364522354599353e-01
9.955287792148083126e-01
9.980865598094702529e-01
9.982514849115345923e-01
9.922338402437410609e-01
9.908843873703069294e-01
9.911963555324726505e-01
9.955044972692026484e-01
9.954781866595334705e-01
9.947553107091640090e-01
9.932894991261893569e-01
9.990317152699841330e-01
9.983907155608510164e-01
9.932734199651791496e-01
9.900347112445812003e-01
9.931975720860265477e-01
9.925193929071196575e-01
9.919424100479259376e-01
9.968642105101989115e-01
9.967259488774578013e-01
9.959550669826509051e-01
1.000633237327041902e+00
1.001586411558901046e+00
