0.000000000000000000e+00
0.000000000000000000e+00
0.000000000000000000e+00
0.000000000000000000e+00
0.000000000000000000e+00
0.000000000000000000e+00
0.000000000000000000e+00
0.000000000000000000e+00
0.000000000000000000e+00
0.000000000000000000e+00
0.000000000000000000e+00
0.000000000000000000e+00
0.000000000000000000e+00
0.000000000000000000e+00
0.000000000000000000e+00
0.000000000000000000e+00
0.000000000000000000e+00
0.000000000000000000e+00
0.000000000000000000e+00
0.000000000000000000e+00
0.000000000000000000e+00
0.000000000000000000e+00
0.000000000000000000e+00
0.000000000000000000e+00
0.000000000000000000e+00
2.630320190853136647e-02
7.090226912391874858e-01
2.588368509438861320e+00
2.848245130849804241e+00
1.887546976080561878e+00
9.125298628866581607e-01
4.283963968909594855e-01
2.536998743459139005e-01
1.941857917444848869e-01
1.607382429541521496e-01
1.854905601573959006e-01
1.963893927799921502e-01
1.973180019182406708e-01
2.265222486193664286e-01
2.257554660644750244e-01
2.715214122938877095e-01
3.641655481317299103e-01
4.615713692657848477e-01
6.481694873008212454e-01
8.257157643349017917e-01
1.045036123150118401e+00
1.205668919550704432e+00
1.317735251184301681e+00
1.487500257998295439e+00
1.567628929283751971e+00
1.621179082003572969e+00
1.632882068755449945e+00
1.607817868299697972e+00
1.526805975779973679e+00
1.348222189402715765e+00
1.240430631188296440e+00
1.057592486457020087e+00
9.557860300084152216e-01
8.817371585945726897e-01
8.462643170289581018e-01
8.375598578117505744e-01
8.462221930343737375e-01
8.472561656082299164e-01
8.751442395088575577e-01
8.841577788997840859e-01
9.022586282192175400e-01
9.147244684160151795e-01
9.442763462004931663e-01
9.548480495983907579e-01
9.497347198219788789e-01
1.011190097652204800e+00
1.007888473841250798e+00
1.029935523898719341e+00
1.032944048645146884e+00
1.029941980775580967e+00
1.018733223530809529e+00
1.011543688290630572e+00
1.012822032627856528e+00
9.858458244930262682e-01
9.817501705629596565e-01
9.746195521889006175e-01
9.528525298194169268e-01
9.684294732621168134e-01
9.529146318823077388e-01
9.430935828813821198e-01
9.504549405129457673e-01
9.459642948737551071e-01
9.652610440531743663e-01
9.783529970575768342e-01
9.664991722200120261e-01
9.673813631936627466e-01
9.875176578829745200e-01
9.813866371811226230e-01
9.873929422934195621e-01
1.001510747693984626e+00
1.001764263251760489e+00
1.006282437794757012e+00
1.001275075848507834e+00
9.933241511217991704e-01
9.847210682013537442e-01
9.942642600538839082e-01
9.726171610923367572e-01
9.891290993050732006e-01
9.817589727899195262e-01
9.856274507562633458e-01
9.697065514321437929e-01
9.664955764083789092e-01
9.642773326562705805e-01
9.816732613633538662e-01
9.900329964430734098e-01
9.828317583930511470e-01
9.971825339938170663e-01
9.794836924986524140e-01
9.933326363905011780e-01
9.856259712700642384e-01
1.000072094665140243e+00
9.998752501251412239e-01
9.879304521336977896e-01
9.927576160847644271e-01
9.991932199010438165e-01
9.930187726814331262e-01
9.968680550350432767e-01
9.963645863068991693e-01
9.906374791305899707e-01
9.876218403217199571e-01
9.995396715124654774e-01
9.950034981646369570e-01
9.823408523438664774e-01
9.933933463856781110e-01
9.906529777201507070e-01
9.888468540699293374e-01
9.879334614093444600e-01
9.854914226268983724e-01
9.902987735571827654e-01
9.964657221718026259e-01
9.879887354548785305e-01
9.829845529460909948e-01
9.902855380518442718e-01
9.806279348519413297e-01
9.876178027685683647e-01
9.898810292913579056e-01
9.920134945607408383e-01
9.879984888421275979e-01
9.956590901562606399e-01
9.867201081493011117e-01
9.888550673897247290e-01
9.849951915442036743e-01
9.949808531891560781e-01
9.977140626539118262e-01
9.845247922109872096e-01
9.789251771457437856e-01
9.843730664503524963e-01
9.817758781638821208e-01
9.902943299827009493e-01
9.847357538994619963e-01
9.850544259964323368e-01
9.856467092875865754e-01
9.830031774742445938e-01
9.963614890898403464e-01
9.909796899395260095e-01
9.977053082605398249e-01
9.911935186071200166e-01
9.915797869306400836e-01
9.922616734970546304e-01
9.929239805827168031e-01
9.914623981204629954e-01
9.821026152611591620e-01
9.850437729994125924e-01
9.861056360829755230e-01
9.928294116549802872e-01
9.782971498460316662e-01
9.835723687018380623e-01
9.795259122197882418e-01
9.736760791374386992e-01
9.835833511780741611e-01
9.892528757280741880e-01
9.896671774741467864e-01
9.884610057134364247e-01
9.852113839158322950e-01
9.844894889884481248e-01
9.923764401342081154e-01
9.881833147357672598e-01
9.821390818253395993e-01
9.959046409900769170e-01
9.863107496177627720e-01
9.889249031773877929e-01
9.812626205034502558e-01
9.927732530211953454e-01
9.874207533041422513e-01
9.868714917375875917e-01
9.849525210704607181e-01
9.888417079010091149e-01
9.878099871972156887e-01
9.910107322958709997e-01
9.881316159610358252e-01
9.821927917822808052e-01
9.853149365714035657e-01
9.915071252904371635e-01
9.913183434575394415e-01
9.865786604639327217e-01
9.969503664322085790e-01
9.918388053013533767e-01
9.888341964040584520e-01
9.962130386300078744e-01
9.945534071915569374e-01
9.862028207192320428e-01
9.861384659779677264e-01
9.931071860103478643e-01
9.921148442552197855e-01
9.947770344087176753e-01
9.966147776504229450e-01
9.930338689464986990e-01
1.000812424407948820e+00
9.935578583435998867e-01
9.955929371778554637e-01
9.908082767462245144e-01
1.003086606484854260e+00
9.985044536303407936e-01
9.943753476085326337e-01
9.903061662009459143e-01
9.985836060914976553e-01
1.000821871286022402e+00
9.903614580100660314e-01
9.985270282962801502e-01
9.922533541829436921e-01
9.972148083600166357e-01
1.000136006303278924e+00
9.973487954221068597e-01
9.933949505655462753e-01
1.000802930300602300e+00
9.914225572746961923e-01
9.978893634155722170e-01
9.977506517887667625e-01
9.906289415722764335e-01
9.957123761296924336e-01
9.972354601976113342e-01
9.927618447497907894e-01
1.001503068450829481e+00
1.001832179593380889e+00
9.920809003640612689e-01
9.934212078996454975e-01
9.980185271029583527e-01
9.951373113168983098e-01
1.002516763041589876e+00
9.950854539756748274e-01
9.949738327036425911e-01
9.918805126571422770e-01
9.959823657821893494e-01
9.912348218490979468e-01
9.921390166178792880e-01
9.962987187650268472e-01
1.001022094639782312e+00
9.933374700549237879e-01
9.942804354476328932e-01
9.899741873489501520e-01
9.958271462995316181e-01
9.921990014524719736e-01
9.950657324527222292e-01
9.994513198617468452e-01
9.927699460775224471e-01
9.909695968958817103e-01
9.954399806365256120e-01
9.878333540124742962e-01
9.919108125116063990e-01
9.885813618738226172e-01
9.920236399958302087e-01
9.936737869194938177e-01
9.888259656705135070e-01
9.941376924515391567e-01
9.959241062770143316e-01
9.935355031206806187e-01
9.940257002318582114e-01
9.974340037411328908e-01
9.927028621883507986e-01
9.927562069911323173e-01
9.956874219187784592e-01
9.959068293380037851e-01
9.911032823004221060e-01
9.958671238969699635e-01
9.950146789365665878e-01
