0.000000000000000000e+00
0.000000000000000000e+00
0.000000000000000000e+00
0.000000000000000000e+00
0.000000000000000000e+00
0.000000000000000000e+00
0.000000000000000000e+00
0.000000000000000000e+00
0.000000000000000000e+00
0.000000000000000000e+00
0.000000000000000000e+00
0.000000000000000000e+00
0.000000000000000000e+00
0.000000000000000000e+00
0.000000000000000000e+00
0.000000000000000000e+00
0.000000000000000000e+00
0.000000000000000000e+00
0.000000000000000000e+00
0.000000000000000000e+00
0.000000000000000000e+00
0.000000000000000000e+00
0.000000000000000000e+00
0.000000000000000000e+00
0.000000000000000000e+00
3.019849726273204915e-02
8.370749552505433178e-01
2.751577729342949308e+00
3.192811042733182170e+00
2.070886545928937394e+00
1.034376975929746090e+00
4.871095127782598122e-01
2.926701906766158712e-01
2.223996058027970790e-01
2.107590553942395861e-01
2.402714265750164335e-01
2.444048829689152991e-01
2.558702055574031964e-01
2.760872152382201627e-01
2.732482132395486762e-01
3.124467879011516014e-01
4.093903585510044740e-01
4.987252458371515540e-01
7.000290232898067622e-01
8.551067094742622610e-01
1.021423183201045415e+00
1.265377808626036549e+00
1.353048362130332194e+00
1.507087598317235821e+00
1.610729199162048708e+00
1.660844902901241982e+00
1.696098469601733827e+00
1.670026295052968512e+00
1.533813936092292440e+00
1.402543269889206412e+00
1.256617627805594939e+00
1.102390554744814954e+00
1.003258055031619911e+00
9.066843643922507523e-01
8.925692969194822801e-01
8.764612364470143469e-01
8.557280253906723866e-01
8.974897725919902536e-01
8.820143182605632015e-01
9.100015107394527902e-01
9.618699822596192828e-01
9.748466601001536391e-01
1.009301597375899195e+00
1.015421572659764182e+00
1.024577432628305251e+00
1.047339358618898597e+00
1.025188000942878652e+00
1.067127402447457740e+00
1.075930821139093219e+00
1.051350121406996685e+00
1.047579126050536047e+00
1.058908067432183575e+00
1.034500439695842600e+00
1.048405942958173576e+00
1.017987304039695617e+00
9.946127924782734997e-01
9.871413327221104650e-01
9.915585542625744431e-01
9.833067963287982494e-01
9.725926074434460000e-01
9.791798807921168191e-01
9.800395468426091883e-01
9.755569450571789369e-01
9.899526569695541456e-01
9.861448004418087443e-01
9.887599450231022713e-01
1.008807836234370425e+00
9.967392121844003139e-01
9.995914048110824401e-01
1.011535321427867506e+00
1.018525194235830655e+00
1.023240806086036958e+00
1.013155041890863917e+00
1.005681777240156061e+00
1.005789553009989401e+00
9.905150567544830364e-01
9.936001750544651845e-01
9.913721327451523457e-01
9.871518209037297709e-01
9.948033355953849188e-01
9.822950301445050325e-01
9.830929678016103734e-01
9.851714938194247040e-01
9.813562345085450334e-01
9.799986636404006690e-01
9.812791146423088806e-01
9.723685386970475353e-01
9.848418370503729813e-01
9.911203077052143096e-01
9.865442647195264980e-01
9.876761016459769671e-01
9.824624732500988333e-01
9.831559207963450620e-01
9.862125676572778277e-01
9.865009416400262188e-01
9.839825271371281934e-01
9.866486067470033872e-01
9.698037775893261214e-01
9.875569666142509639e-01
9.832412345730054959e-01
9.797415571551616464e-01
9.922232388716206719e-01
9.923083073975765833e-01
9.839834131730881284e-01
9.720187062371558051e-01
1.007100676708155174e+00
9.805946693758795796e-01
9.754477555139154932e-01
9.824301980629340791e-01
9.849305647039424683e-01
9.858701852320804759e-01
9.899067496832028024e-01
9.825972701369450890e-01
9.867228979196682737e-01
9.835653683758729393e-01
9.963153818117636007e-01
9.972806576323840488e-01
9.948450041662986187e-01
9.872424256659074748e-01
9.955616619850804483e-01
9.841384845015191951e-01
9.890205180444752164e-01
9.945245837314716786e-01
9.804285347370141901e-01
9.893520280625737184e-01
9.974211492242996968e-01
9.925226267204048103e-01
9.822999723210213974e-01
9.860247037332938724e-01
9.975330159884202574e-01
9.922898393283839935e-01
9.806322849618448467e-01
9.901315032483065659e-01
9.806780504423273648e-01
9.779821612669010733e-01
9.893933848149759624e-01
9.857528953965185581e-01
9.883645119229036435e-01
9.943460749839351243e-01
9.905577513173065007e-01
9.839432029340609009e-01
9.832429580415149584e-01
9.867569121012255140e-01
9.846294298538024181e-01
9.765517225186636230e-01
9.889931255411060773e-01
9.917953845257961865e-01
9.932102561027220666e-01
9.852035455955062693e-01
9.915452249645729799e-01
9.792082215538171486e-01
9.824605009162195035e-01
9.885936874498537641e-01
9.808287597188392049e-01
9.735485992295485058e-01
9.763248672324008615e-01
9.817695297501768392e-01
9.809688656826716091e-01
9.918109306740672260e-01
9.841967647119439500e-01
9.861702173635795710e-01
9.871888164241621189e-01
9.876791400338585936e-01
9.758725750760981477e-01
9.826245595648812614e-01
9.875054926655459919e-01
9.792575349482978142e-01
9.805984631645597860e-01
9.902347664781725456e-01
9.864087123589883044e-01
9.895208834657964747e-01
9.898444026236202786e-01
9.845398358430836883e-01
9.878452577109066990e-01
9.829808782591112903e-01
9.890063809879851009e-01
9.862980899990811956e-01
9.895120078103615269e-01
9.875210962570015738e-01
9.899299485929508036e-01
9.857496027969988583e-01
9.876353758994369514e-01
9.897333700668001777e-01
9.894141062718394553e-01
9.854761577861801403e-01
9.878733214944562802e-01
9.890340373276267361e-01
9.864113952271500452e-01
9.889089697218762520e-01
9.953653036933127751e-01
9.844029036060554239e-01
9.826151686955805209e-01
9.896438426656962717e-01
9.824903377616650557e-01
9.905207670130825592e-01
9.941958612043603205e-01
9.918762446979019209e-01
9.908377436511239811e-01
9.894736949317475272e-01
9.947439687981566303e-01
9.886818531145123989e-01
9.880594789969303626e-01
9.866386722405593446e-01
9.899975727066092634e-01
9.934650692774155134e-01
9.892874486167811954e-01
9.987508383252031718e-01
9.873886560224244269e-01
9.857933388369278793e-01
9.878182384500838742e-01
9.873287633273293284e-01
9.927360003905435493e-01
9.904025001480419865e-01
9.903897200146405400e-01
9.909942486116635196e-01
9.930659972596850293e-01
9.933206767141499194e-01
9.861471306782018109e-01
9.910351922425860716e-01
9.861137912954179852e-01
9.938635868438874255e-01
9.903828193080413955e-01
9.898318731293509476e-01
9.893602917750359271e-01
9.991431813560660569e-01
9.956442965612468665e-01
9.904867124807438250e-01
9.923648438887067158e-01
9.972780864946449997e-01
9.954814374692215750e-01
9.865688411655884060e-01
9.888285022333839214e-01
9.893035752299880192e-01
9.930978648271121534e-01
9.905012263098421643e-01
9.890914034173581282e-01
9.845613077124997226e-01
9.949931271881554684e-01
9.944353994191700297e-01
9.938757564549188794e-01
9.910494849357265323e-01
9.876577668515625907e-01
9.861216314297995833e-01
9.914440584587269623e-01
9.885223760927823733e-01
9.914955956448838759e-01
9.871445312290201279e-01
9.879664856677072837e-01
9.945006622672611929e-01
9.940865639822755728e-01
9.973665531276866281e-01
9.916818037015932008e-01
9.928976787387177039e-01
9.936294857791755364e-01
9.907896646717647693e-01
