0.000000000000000000e+00
0.000000000000000000e+00
0.000000000000000000e+00
0.000000000000000000e+00
0.000000000000000000e+00
0.000000000000000000e+00
0.000000000000000000e+00
0.000000000000000000e+00
0.000000000000000000e+00
0.000000000000000000e+00
0.000000000000000000e+00
0.000000000000000000e+00
0.000000000000000000e+00
0.000000000000000000e+00
0.000000000000000000e+00
0.000000000000000000e+00
0.000000000000000000e+00
0.000000000000000000e+00
0.000000000000000000e+00
0.000000000000000000e+00
0.000000000000000000e+00
0.000000000000000000e+00
0.000000000000000000e+00
0.000000000000000000e+00
0.000000000000000000e+00
3.604154124529444780e-02
7.630706106575991798e-01
2.796667419048661340e+00
3.310404511371137115e+00
2.083883212126216300e+00
1.082670211022063844e+00
5.126200756844292439e-01
2.854589166802991018e-01
2.201305863599169466e-01
2.293751257796242948e-01
2.292012939385677794e-01
2.648377848389685818e-01
2.788303368555598016e-01
3.021420587671351243e-01
2.862261939499320951e-01
3.193824472274590098e-01
3.648649202779241651e-01
4.920366124113150774e-01
6.618303436761846514e-01
8.374694812791207976e-01
1.058089389882691078e+00
1.287871953796271507e+00
1.389759286170940911e+00
1.526400936863606894e+00
1.598496624518259024e+00
1.653308928454692461e+00
1.699356300889196980e+00
1.679594510443153776e+00
1.578221201564903087e+00
1.427638213366100084e+00
1.265191473242897047e+00
1.119400540019420243e+00
9.926693251808388352e-01
9.360699236470353402e-01
8.715887591100074383e-01
8.919929511691216950e-01
8.798026094077699977e-01
8.875519728056604496e-01
9.193598566227497715e-01
9.382773024218188374e-01
9.531096266876311063e-01
9.736512832126917871e-01
9.917321222690519411e-01
1.017395187401096246e+00
1.027017318892620823e+00
1.050727533305064743e+00
1.066027492390253517e+00
1.071532522082230265e+00
1.074117373776188877e+00
1.070471513808263220e+00
1.067418589623672975e+00
1.049328832148272772e+00
1.039405099249751885e+00
1.033652438424985887e+00
9.926777627286368366e-01
1.005902006093103429e+00
9.947210017816502381e-01
9.603288016487234735e-01
9.703552414175096175e-01
9.795521641317073147e-01
9.696847182742455162e-01
9.680522107330998827e-01
9.953651690867956203e-01
9.770424141464822965e-01
9.831687312960482039e-01
9.850745937635082550e-01
9.968774178187492785e-01
1.011422105169751617e+00
1.006062331191090564e+00
1.008220982417942890e+00
1.008818816075792713e+00
1.017746821963051662e+00
1.010438165167824698e+00
1.009352472194922301e+00
9.985721065057440171e-01
1.017622366473731832e+00
1.003019232210683676e+00
1.016706393313073775e+00
1.006439342355322175e+00
9.979434669085794907e-01
1.001994882825096189e+00
9.857798767218248770e-01
9.863275518540687292e-01
9.883020003712416068e-01
9.992859310709233389e-01
1.007429402252785433e+00
9.968794728890251200e-01
1.010569204262370180e+00
1.005429142319933300e+00
1.007320048194303430e+00
1.005053630027322731e+00
9.992623166042670091e-01
1.000954895123308264e+00
1.003170062637056104e+00
9.982509227749283287e-01
9.981116263616690576e-01
9.993864997746917389e-01
9.976162941321889965e-01
1.000880797368876696e+00
9.989669382740289372e-01
1.001008796026419123e+00
1.008007822612661641e+00
9.917124626291580203e-01
9.985887783420021035e-01
9.986003027050386338e-01
9.967831154709928532e-01
1.000583763298657836e+00
9.948831991765808569e-01
9.882452661606092592e-01
9.933199873999755125e-01
9.790231328905475428e-01
9.889046059895337804e-01
1.004092220652063494e+00
9.916595959411944605e-01
9.948438761949215392e-01
9.996344490208342037e-01
9.986855163061045815e-01
9.965727931342115431e-01
9.992515887201744995e-01
9.844375046947427821e-01
9.937837739563251116e-01
9.938110603430481138e-01
1.000443245407859560e+00
9.997692571936482864e-01
9.836898787110708309e-01
9.972027974450611287e-01
9.993447590263089264e-01
9.888693523129350460e-01
1.002321168452367850e+00
1.001489806409264771e+00
9.939162560935858037e-01
9.948857729278369755e-01
9.876297481793638866e-01
9.953545497652397378e-01
9.902585430901691410e-01
1.001122608064276998e+00
1.002607370113786089e+00
1.001892745696799425e+00
9.921155264714676125e-01
1.001931717230657659e+00
1.001979532419594587e+00
1.000262934655100855e+00
9.988770472041867965e-01
9.940174687245112439e-01
9.985957460927770146e-01
1.003172875614852355e+00
9.955358388380401991e-01
9.947779013952307015e-01
1.000958000041479945e+00
9.944283351224155743e-01
1.002523320192725498e+00
9.958115699689580325e-01
9.942940943640334872e-01
9.932649533383202112e-01
9.912335699877874440e-01
9.979358350174173387e-01
9.920271547465779882e-01
9.974665679809128216e-01
9.993047956024089240e-01
1.002663733728286211e+00
9.939075842745531686e-01
9.952253162085064053e-01
9.991433213283583692e-01
9.931167335201801505e-01
9.983456389623200922e-01
1.000931544631205261e+00
9.984859708254313349e-01
1.003302536847856308e+00
9.915888646522883487e-01
9.957027024306442931e-01
9.981558334242207620e-01
9.956348989914057812e-01
1.005131769303027278e+00
9.994995439754675859e-01
1.001824098616279857e+00
1.002114403142581933e+00
9.944704852744317147e-01
9.968617035980327223e-01
1.007770252182639936e+00
9.990896600203471589e-01
9.998003613647988841e-01
9.981478180099088160e-01
9.946562032457113567e-01
9.960817464322874182e-01
9.947357654727206899e-01
9.970874560199144421e-01
1.002225130105489637e+00
9.986085087053754306e-01
9.983231515157506841e-01
1.002763548384409287e+00
9.969299094282806362e-01
1.000486473035425483e+00
1.008930535714444243e+00
9.986418439192488172e-01
9.981097048782419101e-01
1.000829491298480534e+00
1.000283263253173960e+00
1.005618188671935309e+00
1.001483973133091121e+00
1.002247591367392721e+00
9.943250000178995851e-01
1.007679951160188825e+00
9.944711034590654197e-01
1.005962830973297528e+00
9.975401231233116395e-01
9.982155342780971718e-01
1.008960401284656028e+00
9.955302118201988515e-01
1.004205740392198898e+00
9.996337495086868863e-01
9.974903055878835412e-01
9.929575175004725640e-01
1.002616320345070200e+00
9.988591816773332299e-01
9.941578320371167177e-01
9.904856846113999636e-01
9.956056334758759396e-01
9.958569773314163154e-01
9.990942262438707866e-01
9.949334361711578145e-01
9.955054560673889386e-01
9.897279450351491592e-01
9.942079082705095328e-01
9.946958746877672120e-01
9.920911588181403618e-01
9.971687188796468648e-01
1.000872394395742049e+00
9.936559253949729387e-01
9.909382575170927465e-01
9.921643021884458680e-01
9.925936148049312457e-01
1.004578898397946007e+00
9.886706529265950616e-01
9.913695511182648579e-01
9.956344249625448395e-01
9.927380047986795741e-01
9.917743116660361347e-01
9.908148481622758297e-01
9.881260789262997779e-01
9.930647776596974730e-01
9.931920590336776877e-01
9.887583397783977768e-01
9.937029310994783815e-01
9.848385964006671767e-01
9.950225590523092967e-01
9.910990447057009822e-01
9.941072473426828537e-01
9.865941038292789234e-01
9.912575249307435943e-01
9.914551729446559047e-01
9.902633897200968649e-01
9.937196328678464807e-01
9.869325644545640097e-01
9.933831158372028458e-01
9.896771632630715354e-01
