0.000000000000000000e+00
0.000000000000000000e+00
0.000000000000000000e+00
0.000000000000000000e+00
0.000000000000000000e+00
0.000000000000000000e+00
0.000000000000000000e+00
0.000000000000000000e+00
0.000000000000000000e+00
0.000000000000000000e+00
0.000000000000000000e+00
0.000000000000000000e+00
0.000000000000000000e+00
0.000000000000000000e+00
0.000000000000000000e+00
0.000000000000000000e+00
0.000000000000000000e+00
0.000000000000000000e+00
0.000000000000000000e+00
0.000000000000000000e+00
0.000000000000000000e+00
0.000000000000000000e+00
0.000000000000000000e+00
0.000000000000000000e+00
0.000000000000000000e+00
3.408785959960869416e-02
7.295800391860978173e-01
2.541634851467214240e+00
3.046329243285256005e+00
2.029694149651203094e+00
9.538218265286383390e-01
4.806236076718061745e-01
2.554325961103945941e-01
2.082438609622020154e-01
1.878338294181645107e-01
2.040367107417370152e-01
2.334190522370976073e-01
2.251901739709359085e-01
2.384273253621435884e-01
2.455871792821806010e-01
2.876682061644458277e-01
3.489929937837166207e-01
4.775808608619162010e-01
6.684179869419798470e-01
8.127071304702113697e-01
9.945907085139177317e-01
1.193052265159335157e+00
1.333111923940639043e+00
1.446454723502540229e+00
1.569805389745901225e+00
1.646585489637902189e+00
1.649889247098449419e+00
1.604181869234001301e+00
1.530391268426469997e+00
1.364503405711958273e+00
1.207002274468659708e+00
1.072792774129296411e+00
9.904022317560490229e-01
8.989043848694391325e-01
8.646499959460841600e-01
8.662393559750102279e-01
8.337772267019037953e-01
8.598447231237904553e-01
8.783719116400844351e-01
8.938232652073458961e-01
9.355357204292861217e-01
9.573101631393531319e-01
9.465325386177250166e-01
9.794361309857749776e-01
1.004167041643052594e+00
9.979284663314238468e-01
1.017661251024250202e+00
1.036415148151571541e+00
1.038771551513880897e+00
1.019060798963614234e+00
1.035912645805161736e+00
1.035090245242017870e+00
1.010027282387792047e+00
9.890836026561424799e-01
9.903132021774941895e-01
9.625391372407141599e-01
9.747268138905101909e-01
9.507752802270590387e-01
9.417652459794259023e-01
9.550004841347332629e-01
9.617307480931561736e-01
9.732293156125028100e-01
9.658368227616312973e-01
9.640270687854471943e-01
9.653775783523848020e-01
9.709959815274361583e-01
9.914968881830001912e-01
9.897919020142389446e-01
9.959021748881337066e-01
9.954339534027607517e-01
1.006086801088221350e+00
9.929612445726683223e-01
9.872889009534517868e-01
9.898665452860097025e-01
9.963000894147127084e-01
9.955102363444172653e-01
9.883484894604336324e-01
9.925488366599476420e-01
9.755313873965677507e-01
9.918087104859913961e-01
9.844771376066904223e-01
9.735032966563170742e-01
9.841956137130881688e-01
9.941149636028482339e-01
9.787347045855812055e-01
9.855843157808572563e-01
9.896373653042921381e-01
9.757753985086716764e-01
9.745870630288830938e-01
9.873499620649531794e-01
9.829090315156709945e-01
1.014081621178318349e+00
9.852416059966212503e-01
9.972350273282474253e-01
9.924572558517382737e-01
9.969912432719196804e-01
9.913738618592363716e-01
9.852997853327735145e-01
9.837765709712723572e-01
9.973350136385152886e-01
9.960621249549962419e-01
9.962879090718269603e-01
9.899163435209131778e-01
9.974306548882597712e-01
9.972309113528765590e-01
9.904859887246435513e-01
9.922912013359934669e-01
9.898886314232597794e-01
9.920664730505205364e-01
9.882583004284022365e-01
9.865239122707560870e-01
9.960880309641252373e-01
9.852033544971933177e-01
9.876036407994472910e-01
9.960181182432470415e-01
9.899760683292638808e-01
9.881171330902173144e-01
9.979095016681232000e-01
1.001551337060288649e+00
9.999313410407898450e-01
9.863236226512028804e-01
9.900506231367894872e-01
9.882294945997621705e-01
9.903310857670974965e-01
9.866770931222279550e-01
9.932950901571342417e-01
9.981075984877262330e-01
9.814928499039135001e-01
9.960039540303656791e-01
9.836831575079726386e-01
9.819164146223821055e-01
9.880018217097876754e-01
9.914794163914733005e-01
9.953959589159083743e-01
9.947547930151836582e-01
9.907575361553351279e-01
9.877783440609436694e-01
9.943197015232954072e-01
9.933299891307454388e-01
9.906991454020062093e-01
9.846830015820766668e-01
9.930876870292955072e-01
9.969101553532063731e-01
9.832163344265034688e-01
9.953705626074622614e-01
9.811579492096090815e-01
9.900133897332812349e-01
9.965547074709918407e-01
9.903394055669147988e-01
9.934569742200963782e-01
9.951232725338445828e-01
9.993719397972262719e-01
9.979938337766358636e-01
9.977765203753180545e-01
9.837415405377606392e-01
9.949562289668690829e-01
9.912329098671249783e-01
9.941491270212718945e-01
1.000422969198377254e+00
9.964178150949131174e-01
1.003042975572963735e+00
9.950650499703395102e-01
1.001973119791332412e+00
9.911207708062997890e-01
9.947983826012291031e-01
9.923229780110259801e-01
9.982042792572196621e-01
9.941161367542611371e-01
9.995320808700619564e-01
1.000632164015945458e+00
9.990722710725720157e-01
9.922266354078009831e-01
9.899822324688181130e-01
9.862536966974262409e-01
9.982889890047403902e-01
1.000550769103396576e+00
1.001767005157033541e+00
9.937046447756097134e-01
9.958617162592016125e-01
9.957179506435516192e-01
9.965796970316487258e-01
9.987891663444853352e-01
9.942312376879802738e-01
1.004109591775669275e+00
9.998429221399282030e-01
9.914807642066405524e-01
1.001752228919202903e+00
9.990508367606003581e-01
9.958557495023676598e-01
1.000537146554861589e+00
1.004393391419338366e+00
1.000933443659563160e+00
1.004737970915792422e+00
9.992504981439157552e-01
1.003444056236631798e+00
9.982322435389342496e-01
9.995025121224028197e-01
1.002232156401306362e+00
1.001043743739679970e+00
9.951491675056846065e-01
9.964941255495700645e-01
9.985050098046417411e-01
1.002510300726781933e+00
9.976245793076606860e-01
1.001047248894705755e+00
9.958851021912755730e-01
9.976411904398153618e-01
9.993302852413535886e-01
1.000187190386063740e+00
9.992193748627897776e-01
9.944745488894277674e-01
9.967610612199175879e-01
1.001814812735768445e+00
9.965938148793158646e-01
9.939535688579398398e-01
1.003959647232761654e+00
9.965095933127102734e-01
9.938979038323193516e-01
9.945215024709235241e-01
9.954301196556321063e-01
9.969950680401723497e-01
1.000503311293364561e+00
9.997657754001477715e-01
9.950998208820927005e-01
9.985348446203032857e-01
9.921126808370117622e-01
9.976470507409145316e-01
9.951947049535275758e-01
1.000151964638382740e+00
9.954760508959231702e-01
9.925113926648344576e-01
9.966866192373291522e-01
1.000910462850898686e+00
9.976553815469341169e-01
1.003506585027594378e+00
1.000745086668755279e+00
9.979408240735814228e-01
1.003919303768253446e+00
1.007160345466582951e+00
9.966258420760391035e-01
1.001280731158794124e+00
1.000192656392312696e+00
9.950653776612137236e-01
9.921478864975369349e-01
9.944437334855888988e-01
9.987301195787721131e-01
9.921856661925932963e-01
9.959202636467147096e-01
9.929522688409526676e-01
9.901270982902530271e-01
9.942680552675694505e-01
9.919855154762348137e-01
9.967342313713635216e-01
9.966202606227778649e-01
9.909447652040767052e-01
