0.000000000000000000e+00
0.000000000000000000e+00
0.000000000000000000e+00
0.000000000000000000e+00
0.000000000000000000e+00
0.000000000000000000e+00
0.000000000000000000e+00
0.000000000000000000e+00
0.000000000000000000e+00
0.000000000000000000e+00
0.000000000000000000e+00
0.000000000000000000e+00
0.000000000000000000e+00
0.000000000000000000e+00
0.000000000000000000e+00
0.000000000000000000e+00
0.000000000000000000e+00
0.000000000000000000e+00
0.000000000000000000e+00
0.000000000000000000e+00
0.000000000000000000e+00
0.000000000000000000e+00
0.000000000000000000e+00
0.000000000000000000e+00
0.000000000000000000e+00
3.214470298788781044e-02
7.801970765975505540e-01
2.638328110334449139e+00
3.212879471543529597e+00
2.001605883102549832e+00
1.045204546405454682e+00
5.081442082366601776e-01
2.776588359782546367e-01
2.082744501474849685e-01
2.006338684060329502e-01
2.251770283407266426e-01
2.334533394357908853e-01
2.788263864960060512e-01
2.465820339244434722e-01
2.634867632438062657e-01
2.973651755778530803e-01
3.946517266511450628e-01
4.937831326664969822e-01
6.782242182037133693e-01
8.640080296900615187e-01
1.111008717120356426e+00
1.291662192305302215e+00
1.409953990735363760e+00
1.536612623660066790e+00
1.592527850924893684e+00
1.693276335292706491e+00
1.698376873152834809e+00
1.654289819883681290e+00
1.570452809202081079e+00
1.404371742656826960e+00
1.270109206039566452e+00
1.120376867174885938e+00
1.004342574871478488e+00
9.362417629520540796e-01
8.903642414374642877e-01
8.639436799171303916e-01
8.707460427056953334e-01
8.956477429005598179e-01
9.063075650835793473e-01
9.332392263622638628e-01
9.498477710060697632e-01
9.637535714762642813e-01
9.944987196899376380e-01
9.974003653735133978e-01
1.023724123483659598e+00
1.025859545822176644e+00
1.047301722027393689e+00
1.054885984254817055e+00
1.079144338710327888e+00
1.054591817201569359e+00
1.058179678435696491e+00
1.051911813322165878e+00
1.049620801188445141e+00
1.041656068324992690e+00
1.019324496907819233e+00
1.014099083476623253e+00
9.874588049275115909e-01
9.885159621645129846e-01
9.774282575213748547e-01
9.863695920818645879e-01
9.831891814910143079e-01
9.752348637839212131e-01
9.886492021003691066e-01
9.805872851312653626e-01
9.961243474753356253e-01
1.005788986454734468e+00
9.978469166739927232e-01
1.013850968517831630e+00
1.006337921563458027e+00
1.026791807388522049e+00
1.010957714120829243e+00
1.021405790380601308e+00
1.021552305974890107e+00
1.018348371173410483e+00
9.901118710434799741e-01
1.003245408650164094e+00
9.941506371301978007e-01
9.882931082857138172e-01
9.762069027947803956e-01
9.763499695913480103e-01
9.854185523367293698e-01
1.006374840945115645e+00
9.897670184771545365e-01
9.850593542646475242e-01
9.890222904391704484e-01
9.910208982142250100e-01
9.980882470759110392e-01
9.928363911233500927e-01
9.850076209363521906e-01
1.004986465834528664e+00
9.932628839009830513e-01
9.976612363090556768e-01
9.985547906689419273e-01
9.856975007870970584e-01
9.909173528155563737e-01
9.984901281036525633e-01
9.976987816096479778e-01
9.968423075984255144e-01
9.858316054341773604e-01
1.002630965174427180e+00
9.891699429348616013e-01
9.927922879687650637e-01
9.990633776560521317e-01
9.978457161306996115e-01
9.922401693740549034e-01
9.891436009052086975e-01
1.002327993312306598e+00
1.003492842484697611e+00
9.954822516018343448e-01
9.942513864625394104e-01
9.905331071830089096e-01
9.992262464392838162e-01
9.821649904673021014e-01
9.933958200379837677e-01
9.906305394032661749e-01
9.931379977326565411e-01
9.937990280010685629e-01
1.000863732680675744e+00
9.961611512139830760e-01
9.856067589591143152e-01
9.915853221380628302e-01
9.994344981835479036e-01
9.898887378675614857e-01
9.907638178455846489e-01
9.923205904319494230e-01
9.953707683701902287e-01
9.868555280214510450e-01
9.892366875972530282e-01
9.944296057182123727e-01
9.837214987043406689e-01
9.842088907745581983e-01
9.994496652161539707e-01
9.850365245248744461e-01
9.975594320709287866e-01
9.941040965646302796e-01
9.829601067571740458e-01
9.918337476285746801e-01
9.912031698251414502e-01
9.945422686226423892e-01
9.868884082712249262e-01
9.854289654188874703e-01
9.797744322951641438e-01
9.908022690495249529e-01
9.971716308229712222e-01
9.961782466976676353e-01
9.932872418650646740e-01
9.887803926264001619e-01
9.923155907239035178e-01
9.901692154767266496e-01
9.903159283206156571e-01
9.800908221579123225e-01
9.863010881105154226e-01
9.876247997605138718e-01
9.911831824478372077e-01
9.972357352235566852e-01
9.837667789683990360e-01
9.977628416344471729e-01
9.908906245722910455e-01
9.836570267556542513e-01
9.840585101742050922e-01
9.919236836708777982e-01
9.926432347366599407e-01
9.930027448846883154e-01
9.870767281241440427e-01
9.811143206006982531e-01
9.925211089923241525e-01
9.850326516334064753e-01
9.873899745489390645e-01
9.823371720353845093e-01
9.907487504978134130e-01
9.876998390317306420e-01
9.886317931596634301e-01
9.825758723351231128e-01
9.854821700821549957e-01
9.824714819355541140e-01
9.877446430570928637e-01
9.876383184526562609e-01
9.770583145411926296e-01
9.868451909842603786e-01
9.851245601259286389e-01
9.897208321731870706e-01
9.849716049100519788e-01
9.901841419971963987e-01
9.895248156989698840e-01
9.857586555896484803e-01
9.912689941580427044e-01
9.944079322002418175e-01
9.880308617477533417e-01
9.896508999171124144e-01
9.835978218810742524e-01
9.860305190902931560e-01
9.879844710667051721e-01
9.833394790216569703e-01
9.844434723499013717e-01
9.878926691482015077e-01
9.846201726031137413e-01
9.839099727566601450e-01
9.871138705204278718e-01
9.870127051730158696e-01
9.857429642664978786e-01
9.935385357293599062e-01
9.915763139832062256e-01
9.874681902548341217e-01
9.889384970188742630e-01
9.870743320891174344e-01
9.872082996969306912e-01
9.906246279327931559e-01
9.935707788268585139e-01
9.882274370285097920e-01
9.849433551059317837e-01
9.943921848149357423e-01
9.880960109859715512e-01
9.924720989962489970e-01
9.848685499873265359e-01
9.913938328120045496e-01
9.844150944137127768e-01
9.881186992063782926e-01
9.856307526813488096e-01
9.847635420821286845e-01
9.877771230918991341e-01
9.899102185200268078e-01
9.967928400084347107e-01
9.988578065563584740e-01
9.875419606384001625e-01
9.860527349169074807e-01
9.895932773960539608e-01
9.944986310348863379e-01
9.899556207215546300e-01
9.890315424853657333e-01
9.885412884367615893e-01
9.949376151170806759e-01
9.941755725844040326e-01
9.929558591328081496e-01
9.903980224334328897e-01
9.931932847778052187e-01
9.901288030150744435e-01
9.883975135355149710e-01
9.899550252939844919e-01
9.907032027944809860e-01
9.959301397429571878e-01
9.875702653337837811e-01
9.913042046290808651e-01
9.954505711025229964e-01
9.881373561962497609e-01
9.870889338754902376e-01
9.909464819381161860e-01
9.900712084112434086e-01
9.875782486657970205e-01
9.919633200149168273e-01
9.885911188315499309e-01
9.868775028521554749e-01
9.949567281885702830e-01
9.912620734163969383e-01
9.947411550644219558e-01
9.957286753546447100e-01
