0.000000000000000000e+00
0.000000000000000000e+00
0.000000000000000000e+00
0.000000000000000000e+00
0.000000000000000000e+00
0.000000000000000000e+00
0.000000000000000000e+00
0.000000000000000000e+00
0.000000000000000000e+00
0.000000000000000000e+00
0.000000000000000000e+00
0.000000000000000000e+00
0.000000000000000000e+00
0.000000000000000000e+00
0.000000000000000000e+00
0.000000000000000000e+00
0.000000000000000000e+00
0.000000000000000000e+00
0.000000000000000000e+00
0.000000000000000000e+00
0.000000000000000000e+00
0.000000000000000000e+00
0.000000000000000000e+00
0.000000000000000000e+00
0.000000000000000000e+00
3.117393759501793996e-02
8.226768101872711236e-01
2.803626583484660095e+00
3.341906152315440526e+00
2.173611305679931327e+00
1.047358717274716300e+00
4.864913126982331470e-01
2.812869320394422168e-01
1.941843738237927219e-01
1.963972799939417424e-01
2.347519216126693342e-01
2.358557567781187359e-01
2.788560532815661519e-01
2.504548460848444735e-01
2.728535349723301695e-01
2.939207482005484207e-01
3.604844760192247866e-01
5.197901021369146779e-01
6.511779170453512178e-01
8.442650100054441831e-01
1.068285349064912237e+00
1.269825259376020421e+00
1.421054636608630739e+00
1.480756237861538427e+00
1.572530023005398681e+00
1.669111663318132432e+00
1.732715043382093700e+00
1.651707625065251595e+00
1.550256736724668238e+00
1.435874941549514228e+00
1.261811698682312688e+00
1.114145405397040101e+00
1.005982361192450769e+00
9.274555760016260919e-01
8.858062553755720048e-01
8.801324195783326587e-01
8.755287223486083459e-01
8.670364448682846836e-01
9.142598106204359310e-01
9.065368283081057799e-01
9.190862024871921943e-01
9.744573848413337069e-01
9.952997690721838708e-01
9.929159054461796918e-01
1.025931602552701660e+00
1.030812379762866327e+00
1.035392439507066831e+00
1.052587624811214262e+00
1.074920074474122966e+00
1.060753733708839297e+00
1.052957460814452295e+00
1.048126549353489478e+00
1.048255765857274868e+00
1.047935458806594333e+00
1.024043956285831003e+00
9.900591970807240960e-01
9.808872737322437141e-01
9.545532229510620414e-01
9.628120255332757171e-01
9.605660529322110897e-01
9.874536807378029302e-01
9.632305084920640414e-01
9.851134865348557534e-01
9.844124873078170523e-01
9.989985191562099631e-01
9.916630832813859708e-01
1.017400610110618775e+00
9.836007918851981113e-01
9.964443171735599680e-01
9.958989316091881872e-01
1.005577531820295301e+00
1.006411155907584787e+00
1.004200124994584442e+00
1.000369108416273134e+00
1.002183782273797785e+00
1.001094045860863924e+00
1.001574357205913923e+00
9.839359668262233072e-01
9.910961887485328914e-01
9.840538433928109896e-01
1.013016053123898308e+00
9.783859967579658923e-01
9.807169962379251871e-01
9.862943090852991368e-01
9.794053276134754293e-01
9.911263416223698997e-01
9.940157644609014520e-01
9.923413368158642278e-01
1.005030078772026769e+00
1.003112106196045961e+00
9.922762736026330410e-01
9.934262228763318658e-01
9.912271760140679566e-01
9.996983563899970449e-01
9.993190185682966353e-01
9.929678901836277438e-01
9.947149589618319299e-01
9.982149263011717011e-01
1.000266969043805965e+00
9.984868504598407579e-01
9.908439351296957076e-01
9.987177688963445599e-01
9.893876505291069323e-01
9.949208130663564909e-01
1.009119060223770070e+00
9.935641599281064273e-01
9.851784460993605608e-01
9.782669413505635791e-01
9.787384966666843322e-01
9.877381651798440299e-01
9.876364592820259247e-01
9.903219086106458402e-01
9.885693130083742508e-01
9.880849991093295648e-01
9.782345413877727713e-01
9.938213575568013436e-01
9.978283667284597591e-01
9.882720691634808707e-01
9.875603414320336393e-01
9.903842519890362350e-01
9.957607740666831742e-01
9.917773554950244375e-01
9.879265378479755721e-01
9.764759173978159179e-01
9.845459494571350278e-01
9.903860099524569582e-01
9.961798149725056284e-01
9.825314809067648980e-01
9.782950260421247046e-01
9.859759960308497329e-01
9.904184079185053280e-01
9.823026578951764565e-01
9.852179501850222287e-01
9.892678401935800503e-01
9.838252397377303948e-01
9.888196494280044879e-01
9.868140433588498128e-01
9.834631918293141872e-01
9.910694486319022722e-01
9.848160657030277099e-01
9.885176164711610980e-01
9.925165247805248780e-01
9.960336188582405992e-01
9.893116456254280600e-01
9.948508949829176773e-01
9.883150326826296572e-01
9.908457490205608842e-01
1.003662877428429523e+00
9.892643417243919268e-01
9.912951427906617763e-01
9.887108471157166623e-01
9.880329901915890778e-01
9.805511446982134727e-01
9.883458357416289308e-01
9.919738669658966224e-01
9.897245872894780971e-01
9.870798779440471682e-01
9.885422460849795367e-01
9.916263614268761017e-01
9.932642890434052463e-01
9.925999791692015073e-01
9.857362403060079270e-01
9.848909132669931843e-01
9.950448294444903530e-01
9.920864433041066688e-01
9.878607630528758454e-01
9.957275473651646669e-01
9.853750263693558109e-01
9.874163368383357398e-01
9.871195795665516082e-01
1.001480238965344549e+00
9.846186122641714666e-01
9.919546646363920361e-01
9.868572555892120013e-01
1.000579376847044788e+00
9.927667653830811734e-01
9.868071818687738084e-01
9.958412482241728592e-01
9.979344915065435639e-01
9.980456143848268624e-01
9.953019180361237783e-01
9.973781597005769717e-01
9.948067973871889125e-01
9.949931588126531556e-01
1.001900529817932650e+00
9.887007540427422692e-01
9.887210571083089317e-01
9.927378413962643089e-01
9.925637799818757268e-01
9.992483894642484321e-01
1.000896222510063271e+00
9.961453674512603662e-01
9.941178478921146588e-01
1.000498871051064720e+00
9.944015664329911575e-01
9.960614356691284144e-01
1.000052692288762257e+00
9.994658744334643519e-01
1.000105111905485344e+00
9.997254140651866683e-01
9.979675270596091163e-01
9.948185259670974112e-01
9.964112026904440311e-01
9.992726951226765797e-01
9.964292754661893126e-01
9.937882660977261917e-01
1.002965350573847614e+00
9.929498476791120964e-01
1.001358517326502495e+00
9.962005098944650694e-01
1.000506693086650634e+00
9.948387630550115102e-01
9.985642526470669411e-01
9.925693337844805342e-01
9.973531700971165481e-01
9.986825147519190482e-01
9.947741176643237759e-01
1.004535240729587997e+00
9.969745537802359170e-01
1.002602689160994487e+00
9.957759705648848714e-01
1.003290411325937326e+00
9.974747597858352188e-01
9.992504784297709941e-01
9.995612599921535057e-01
9.989770560923885157e-01
9.961168842592146300e-01
9.912235773109832060e-01
9.956041046038971443e-01
1.000785200696590271e+00
9.973920841503672863e-01
1.000386435971517551e+00
9.967114511335923854e-01
9.973771548777914386e-01
9.926686158831036222e-01
9.911677533679088548e-01
9.970911026028327351e-01
1.003263366663245115e+00
9.989204210719098143e-01
1.003769740979993497e+00
1.000204182881069714e+00
9.956825343607107470e-01
1.000443782433845685e+00
9.982783557010160846e-01
9.960738459162931102e-01
1.000879315002122016e+00
9.981439627361909928e-01
9.979727602408010600e-01
9.963375386830148894e-01
9.976171879580528756e-01
1.000521451677847562e+00
9.962310294224872020e-01
9.962791718171800648e-01
9.959088614510767101e-01
9.940828888830457455e-01
