0.000000000000000000e+00
0.000000000000000000e+00
0.000000000000000000e+00
0.000000000000000000e+00
0.000000000000000000e+00
0.000000000000000000e+00
0.000000000000000000e+00
0.000000000000000000e+00
0.000000000000000000e+00
0.000000000000000000e+00
0.000000000000000000e+00
0.000000000000000000e+00
0.000000000000000000e+00
0.000000000000000000e+00
0.000000000000000000e+00
0.000000000000000000e+00
0.000000000000000000e+00
0.000000000000000000e+00
0.000000000000000000e+00
0.000000000000000000e+00
0.000000000000000000e+00
3.515839689059042233e-02
1.002292011845166586e+00
3.330041558763323195e+00
3.312624460824282746e+00
1.848717775270287023e+00
8.346455530673404510e-01
3.840854642931739171e-01
1.963232025263511316e-01
2.201883955397228865e-01
8.207377251901022408e-01
1.716594384803223461e+00
1.902478176954560229e+00
1.453164275909950787e+00
9.742186585090381046e-01
6.842153664184340567e-01
5.591673139075105103e-01
5.528773048199864260e-01
6.007391362781043798e-01
6.846317648459360194e-01
7.911253483032325562e-01
8.992760693480543743e-01
1.003244442628004718e+00
1.093430482818961602e+00
1.159876574094960811e+00
1.211215281693215129e+00
1.239870142015020216e+00
1.248020799891912835e+00
1.234055104163513716e+00
1.200068575768616475e+00
1.147218998590243677e+00
1.099912187453320866e+00
1.055215002556676662e+00
1.016514786170355622e+00
9.878552285992832083e-01
9.605456555987533784e-01
9.420893371799762273e-01
9.308362141257305877e-01
9.206091384348206175e-01
9.157072357347456615e-01
9.152819284854918358e-01
9.161068684682439622e-01
9.302736127752343487e-01
9.378883364592002225e-01
9.572703830814500714e-01
9.718453939544949849e-01
9.846161715985458640e-01
9.985767398828143682e-01
1.006877679653020774e+00
1.015399240512469214e+00
1.022493575943316468e+00
1.025463607561408530e+00
1.032509704245496263e+00
1.029697178597347440e+00
1.027117247263106492e+00
1.023534116844068587e+00
1.016723073944381550e+00
1.012076049591573490e+00
1.006087372962828796e+00
1.005178374286116449e+00
1.000897270957267660e+00
9.958326770923996429e-01
9.958618601367764667e-01
9.965023015502827430e-01
9.936465797973449421e-01
9.951354681317708950e-01
9.970802839694088426e-01
9.965581402758725282e-01
9.987655076773751528e-01
9.976956179090223920e-01
9.978347709016898159e-01
9.989759050345503599e-01
9.999250589564117053e-01
9.993271591781346386e-01
9.998135368229302822e-01
9.972873939783876152e-01
9.994978744774259960e-01
9.970522539366525328e-01
9.971518681646935889e-01
9.972584876871478654e-01
9.994997961055520630e-01
9.979024193867196413e-01
9.998813189585635808e-01
1.000261851289902415e+00
9.991051161659894042e-01
1.000519677504440264e+00
1.000825272600227578e+00
9.991473500863130575e-01
9.997893901860011034e-01
1.000933478977353408e+00
1.001907023976560396e+00
1.001809780489967050e+00
1.002091144756991126e+00
1.002716235468446238e+00
1.000074882369595297e+00
1.000573848718697256e+00
1.000843898354799366e+00
1.001951953176371424e+00
9.982920541138315951e-01
9.986901088680751881e-01
9.992850823241462566e-01
9.999462376930330354e-01
9.985877843909259921e-01
9.982904873669882218e-01
9.998927498643482847e-01
1.000763837431986936e+00
1.000576840688927716e+00
1.000854331367365679e+00
1.000789311330383624e+00
1.000528306069731865e+00
9.999061077434227007e-01
1.000899432989923010e+00
1.000801091399001308e+00
1.001064698922445650e+00
9.998475882084607580e-01
1.000654771725389747e+00
9.995783279022755208e-01
1.001316744119643776e+00
1.000344527199618527e+00
1.000797184877781909e+00
9.991841656403552818e-01
9.986878193329729037e-01
9.987904358722079490e-01
9.982715615976768264e-01
9.987094861371754728e-01
9.978716631376907120e-01
9.994867213218433522e-01
9.985604175151920892e-01
9.996306831091650302e-01
1.001309822514323766e+00
1.000355498885340033e+00
1.001299222964966429e+00
1.002046710989530132e+00
1.000855129665298549e+00
1.000685601388919821e+00
1.001506634168876975e+00
1.001604059911041622e+00
1.001241606252962102e+00
1.001527052494143311e+00
1.001675713102148535e+00
1.000672862114898365e+00
9.997787794075131407e-01
9.989449205604737925e-01
9.999900652869373463e-01
9.987323886886729785e-01
9.983981257169731727e-01
9.987542764959331798e-01
9.983128483902649064e-01
9.992728164783881706e-01
9.986226054942850539e-01
9.977976393272002253e-01
9.982070423435603912e-01
1.000687163916631928e+00
9.991054370358701808e-01
1.001369722125183159e+00
1.000080647620656960e+00
1.000718774794279398e+00
1.001829638077854856e+00
1.001754055813438571e+00
1.001483553373092361e+00
1.000766773855767289e+00
1.000823771332696843e+00
1.000763115721812868e+00
1.000493773731204294e+00
1.000598218176112608e+00
9.995911282535359099e-01
1.000674896297108596e+00
1.000015212463328584e+00
9.995604538563450658e-01
9.998085078860488029e-01
9.992730422897374565e-01
9.993116516029388885e-01
9.993510499905549072e-01
1.000114051099405765e+00
1.000182077748343445e+00
9.996562876584937918e-01
1.000178313500953875e+00
1.000065613878389437e+00
9.996300609239636703e-01
9.994788369148717155e-01
1.000377151937387188e+00
1.000179870093411028e+00
1.001640816955843061e+00
1.000558567305442681e+00
1.001133649040029328e+00
1.000722624889768486e+00
1.000560747770754100e+00
1.000709001221253169e+00
9.997078240112080572e-01
9.996761834580271122e-01
1.000336012847233169e+00
9.995199845902751346e-01
9.998115220214685017e-01
9.985131202299563080e-01
1.000333254090334245e+00
1.000708677141676883e+00
1.000375108948985625e+00
1.000425133735818983e+00
9.997606803712483226e-01
1.000331350545946796e+00
1.001183487021020557e+00
9.995356665181136524e-01
1.000255009004341389e+00
1.000786317036423512e+00
1.000345370640397968e+00
1.000860240840019566e+00
9.998963624415754259e-01
9.997907615938493864e-01
1.000872660605304221e+00
1.000513540875370921e+00
1.000621459426839222e+00
9.999639407979092898e-01
9.995956906497371897e-01
9.996932475855666578e-01
1.000752645841172184e+00
9.996510650289682776e-01
9.995716039685575982e-01
1.000580102809234040e+00
1.000402316300180283e+00
1.000123047899994955e+00
1.000556293611240433e+00
1.001225230636432206e+00
1.001127551483330880e+00
9.997508051376590155e-01
1.000094903179476802e+00
1.000459451412148537e+00
1.000277458555289822e+00
9.999085623866306172e-01
1.000381661756339025e+00
1.000807579472868358e+00
9.996172121492011842e-01
9.998936450393728359e-01
9.998325065256861155e-01
9.998367297599227710e-01
1.000351951321583499e+00
1.000153922877947243e+00
9.999708962953622882e-01
1.000101347504724014e+00
1.000509792893886862e+00
1.000387498243266338e+00
1.000810463503429837e+00
9.994701045035153664e-01
9.997342652975853561e-01
1.000676317457618092e+00
1.000145920155568691e+00
1.000699233756981998e+00
1.000303973841379701e+00
9.993177849561099002e-01
9.997914972279507984e-01
9.999982626700448796e-01
9.997555122802124217e-01
9.998737950664069452e-01
9.995116824250104282e-01
1.000831304911705688e+00
1.000703749504722850e+00
9.995946848561596543e-01
9.999143984057148327e-01
9.996297824094916296e-01
1.000151932580102043e+00
1.000553290669917272e+00
