0.000000000000000000e+00
0.000000000000000000e+00
0.000000000000000000e+00
0.000000000000000000e+00
0.000000000000000000e+00
0.000000000000000000e+00
0.000000000000000000e+00
0.000000000000000000e+00
0.000000000000000000e+00
0.000000000000000000e+00
0.000000000000000000e+00
0.000000000000000000e+00
0.000000000000000000e+00
0.000000000000000000e+00
0.000000000000000000e+00
0.000000000000000000e+00
0.000000000000000000e+00
0.000000000000000000e+00
0.000000000000000000e+00
0.000000000000000000e+00
0.000000000000000000e+00
0.000000000000000000e+00
0.000000000000000000e+00
0.000000000000000000e+00
0.000000000000000000e+00
3.258520297449230690e-02
8.275148156918369358e-01
3.013170727547482830e+00
3.655789882771569577e+00
2.493911735697160292e+00
1.251877265932685335e+00
5.965983514118708975e-01
3.525541743398085126e-01
2.644245078826293893e-01
2.569827447806529164e-01
2.648770368414692933e-01
3.090490249267838774e-01
3.324515899522588747e-01
3.495115681652010142e-01
3.560961593388322077e-01
3.800347512046559628e-01
4.303019317089292195e-01
5.308170354123843415e-01
6.555375158800821334e-01
7.994924170221585635e-01
9.745916079685614797e-01
1.129876603218965103e+00
1.247858428654797569e+00
1.341312725462549205e+00
1.404749351937815138e+00
1.476318518742911312e+00
1.507394614043245484e+00
1.497716644554714760e+00
1.423992399706685674e+00
1.327683291942907573e+00
1.211753518064139667e+00
1.083509695447816057e+00
9.989005206827492600e-01
9.307782813059121141e-01
8.918906885865250933e-01
8.835241358604625228e-01
8.662814987116672638e-01
8.817680336191755508e-01
8.965405011122893342e-01
9.044981282750109708e-01
9.349231179651705803e-01
9.498215700931529337e-01
9.704201644615314537e-01
9.969130328883675229e-01
1.000695777837220524e+00
1.020153700858464019e+00
1.032581406774341515e+00
1.041029343307471322e+00
1.046404437965107181e+00
1.042043554138160966e+00
1.041345936775008418e+00
1.042293197760638446e+00
1.028890748505463248e+00
1.020562768874566650e+00
1.017091769718440952e+00
9.932407936447242847e-01
9.893460444068551407e-01
9.851516630886109072e-01
9.823179181452343922e-01
9.827219697467650672e-01
9.754159761342193757e-01
9.786482578326994863e-01
9.810568269708543898e-01
9.924373607855970780e-01
9.985235697131573662e-01
9.950964128705831468e-01
1.001726842756434310e+00
1.006062519735814176e+00
1.010549772999260298e+00
1.013292653292640955e+00
1.014220098860056707e+00
1.018759194249985844e+00
1.010594224766528937e+00
1.015144666256329042e+00
1.008424283842238811e+00
1.007470526034279557e+00
1.004845678618578431e+00
1.005984077885085926e+00
9.979758377305716355e-01
9.975633831566638188e-01
1.000188823107047265e+00
9.932990960728064200e-01
9.944184332822555428e-01
9.995173876188767625e-01
9.959830340629952650e-01
9.951984911256702704e-01
9.943352475141955527e-01
9.980380052636657062e-01
9.975763742470743489e-01
9.989210993872246203e-01
1.000048527835025070e+00
1.010092288212777856e+00
1.006483680976978823e+00
1.008049753701391715e+00
1.006681024248107459e+00
1.009374437744980924e+00
1.008264079840376137e+00
1.007004643666184807e+00
1.005367024471242265e+00
1.008899759670269125e+00
1.006623859436825086e+00
9.999882172039977757e-01
1.003695116088719308e+00
9.998456314963527491e-01
1.006392798993001048e+00
1.002919146319537713e+00
1.002605192368624110e+00
9.994259277123613838e-01
1.002894005709519254e+00
1.001557738161551692e+00
9.976982334812186659e-01
9.990103740176422553e-01
1.002526200752170915e+00
1.001338523581059903e+00
1.002684473068185866e+00
1.001055401876048689e+00
1.004616503269162742e+00
1.000103427251905153e+00
1.002886335701141052e+00
1.002192599985713972e+00
1.003070491366234052e+00
1.001980340573155770e+00
1.002168367623769374e+00
9.987657098116906607e-01
1.000508725838239688e+00
9.994994286344168755e-01
9.970383919078047441e-01
1.001326428767054688e+00
9.990059149887274836e-01
1.002979247851220057e+00
9.993600776301097000e-01
9.999725526626547234e-01
1.003427169636701644e+00
9.983821802677630419e-01
1.000806526675571906e+00
1.000130919840076960e+00
9.969323236537912525e-01
1.000847466098806260e+00
9.983680839514201821e-01
1.000692899598296881e+00
1.002181039549723263e+00
1.000613390927125312e+00
9.958007097371378569e-01
9.984382741186493826e-01
9.996611156742511994e-01
1.001953658987480011e+00
9.982543861073760461e-01
1.000126864288654049e+00
9.990014724606095520e-01
9.980483258039074546e-01
9.994091343179323239e-01
1.004393588712021002e+00
1.000262707578981392e+00
1.000688457638278850e+00
1.002735566115775301e+00
9.965266656659172995e-01
1.000818568419906240e+00
1.002448900224629513e+00
9.970842164465792967e-01
1.000852214466087409e+00
9.980466718777701862e-01
9.949594548976099517e-01
1.001025435461303292e+00
9.987367135922036177e-01
9.977926612268129825e-01
9.997173082410054645e-01
9.974376844258446839e-01
9.994672683384923095e-01
9.990210990461860785e-01
9.971999076012191265e-01
1.000013025407240352e+00
9.949428244601412619e-01
9.945087420619403984e-01
1.000016398441845533e+00
9.977689143650545489e-01
9.996697080267364921e-01
9.968542910359057263e-01
9.983536359942074556e-01
9.974348671418437062e-01
9.957750531338479538e-01
9.982046514842359830e-01
9.959409952112550091e-01
9.960757865642551057e-01
9.979284197876390206e-01
9.951687719354780359e-01
9.984191356349307878e-01
9.996878596436195030e-01
9.971089948706963746e-01
9.960980361420976870e-01
9.994018687477720375e-01
9.956300871307603995e-01
9.985207998360494663e-01
9.959047271188287143e-01
9.989972021519261114e-01
9.974793961261249065e-01
9.965479964141177316e-01
9.993154059383561050e-01
9.982460294202957218e-01
9.973783157314376480e-01
9.947894979642453173e-01
9.997421857135131429e-01
9.993601153193595321e-01
9.977673614114055400e-01
9.949119672912860590e-01
9.979825236189734383e-01
9.976178089533402904e-01
9.983498712835726652e-01
9.994613940934193863e-01
9.980824374132430954e-01
9.953858971902309616e-01
9.970940437845292603e-01
9.967193785690842134e-01
9.987534235171285912e-01
9.993568367809748665e-01
9.944615626647171913e-01
9.957937090889446008e-01
9.958265337815924712e-01
9.946905555106284602e-01
9.951278879713352232e-01
9.950256615615791222e-01
9.969386267304986005e-01
9.963606430756981602e-01
9.971835410696309188e-01
9.960897004417037515e-01
9.961338655604327075e-01
9.959411375260099897e-01
9.978758631678628088e-01
9.950477616966884042e-01
9.990072996639581815e-01
9.971755793033934001e-01
9.974453463436003808e-01
9.974191722102490054e-01
9.977502727853069242e-01
9.966612822030453955e-01
9.995290058262508159e-01
9.964531523246330513e-01
9.988869497048424861e-01
9.962321655343323590e-01
9.999831270262379279e-01
9.997669333292212857e-01
9.998356813790442166e-01
9.970855124870918740e-01
9.901001201829102705e-01
9.783546716961176726e-01
9.657184204617078604e-01
9.567952457371678987e-01
9.441263294995388966e-01
9.320152632937634962e-01
9.246672659702960262e-01
9.132774526772315937e-01
9.029260344946170580e-01
8.917754331157345948e-01
8.813010910436563927e-01
8.722317881869813272e-01
8.605714395390837712e-01
