0.000000000000000000e+00
0.000000000000000000e+00
0.000000000000000000e+00
0.000000000000000000e+00
0.000000000000000000e+00
0.000000000000000000e+00
0.000000000000000000e+00
0.000000000000000000e+00
0.000000000000000000e+00
0.000000000000000000e+00
0.000000000000000000e+00
0.000000000000000000e+00
0.000000000000000000e+00
0.000000000000000000e+00
0.000000000000000000e+00
0.000000000000000000e+00
0.000000000000000000e+00
0.000000000000000000e+00
0.000000000000000000e+00
0.000000000000000000e+00
0.000000000000000000e+00
0.000000000000000000e+00
0.000000000000000000e+00
0.000000000000000000e+00
0.000000000000000000e+00
3.667324760405266115e-02
8.348797538691029585e-01
3.070809888701886869e+00
3.762599110216235943e+00
2.501215641745326845e+00
1.281994059248153572e+00
6.247907625697153300e-01
3.520720108264119297e-01
2.600824296091035492e-01
2.505730643051044537e-01
2.662851429075456244e-01
3.071663535173369541e-01
3.299886849121877463e-01
3.485820281174434321e-01
3.651370492639463561e-01
3.894418905120284324e-01
4.349517400876833362e-01
5.193007074689999225e-01
6.616534331632096810e-01
8.128057592347873728e-01
9.759706924648232640e-01
1.118699136348240586e+00
1.242479705790083599e+00
1.306935652076698151e+00
1.399191306175885607e+00
1.471376599956939923e+00
1.482429493489895611e+00
1.487650744311384665e+00
1.408557962068031522e+00
1.309775141049779323e+00
1.195539972764893877e+00
1.077129729327625851e+00
9.756454298773872269e-01
9.218913960331350799e-01
8.744169946482830413e-01
8.579250528309928514e-01
8.583638561425108726e-01
8.566328441540995708e-01
8.731294047142001968e-01
8.954619738185000122e-01
9.150153619101585312e-01
9.288281705883412176e-01
9.434705990907992224e-01
9.772802553259346547e-01
9.878567562885731679e-01
9.953986434623728341e-01
1.015331363570370904e+00
1.019855762254267217e+00
1.034383217988918746e+00
1.036965986753984881e+00
1.023364311654284542e+00
1.021821052036547828e+00
1.020569862388083893e+00
1.017061288192913526e+00
9.939062160004704660e-01
9.912726765351853597e-01
9.832755792919110061e-01
9.737392169441789758e-01
9.712706849137240361e-01
9.555510897463943554e-01
9.578960887543784830e-01
9.643352624794200301e-01
9.635298420910275441e-01
9.717465731656629302e-01
9.811131484225240618e-01
9.803407934162130521e-01
9.899904962649653806e-01
9.969304688465558950e-01
1.004446408360223808e+00
9.991652839244361539e-01
9.978950163199812318e-01
9.996868748996109444e-01
1.004264232585336591e+00
9.955232345209317213e-01
9.950101541064484412e-01
9.948094581787050306e-01
9.975869874291891648e-01
9.961964501797513361e-01
9.899365200368938078e-01
9.910937660212927325e-01
9.880000154072774432e-01
9.848304007029360374e-01
9.838929776302537400e-01
9.861238461816613787e-01
9.862709599879345701e-01
9.837143590754966471e-01
9.828482710481332152e-01
9.906188123957000435e-01
9.901972612171019428e-01
9.911757563450053210e-01
9.958396884891365097e-01
9.945273438810677824e-01
9.980223026893312310e-01
9.962102341894469859e-01
9.953501382844321954e-01
9.956311391215822981e-01
9.994176303884220181e-01
9.949763740020575176e-01
9.975870243158725392e-01
9.943153717855399698e-01
9.963358373563424575e-01
9.990946989851052784e-01
9.935259796750909311e-01
9.949315121324652234e-01
9.907020393566872141e-01
9.964329594799898882e-01
9.901165966847147448e-01
9.932236391115920604e-01
9.916217325701833785e-01
9.910499995073259738e-01
9.890984274197087700e-01
9.967817805481586912e-01
9.940359620181251632e-01
9.980217752783004936e-01
9.937497180399517127e-01
9.945326138946395389e-01
9.945487822956297075e-01
9.947098686795827760e-01
9.966525220329369716e-01
9.968262742103722873e-01
9.942754424117847822e-01
1.001038214063811438e+00
9.960928779731073046e-01
9.962308181127852436e-01
9.949580244810402041e-01
1.000703833707903723e+00
1.000068201404189061e+00
9.995183861031492478e-01
1.000321499242396994e+00
9.964782283713791156e-01
9.994450577077821363e-01
1.001157016413314560e+00
9.942146569225955854e-01
9.992435480047084928e-01
1.002115160776363867e+00
1.000477938656013421e+00
9.989682360937757188e-01
1.001467950608476709e+00
9.952159245150216105e-01
9.975425079091801983e-01
9.990916425929552425e-01
9.967065770714911288e-01
9.992923463339942192e-01
9.962146890572093350e-01
9.986928063919917609e-01
9.972136203929422571e-01
9.994096441057420677e-01
9.959731337540924656e-01
9.944084248993130259e-01
1.000147161952521957e+00
9.972194722539227119e-01
9.974872404351674549e-01
9.974745771479486267e-01
9.962156584229153733e-01
1.002779059670317219e+00
1.001410555835461569e+00
9.942481924814313698e-01
1.000602237389208060e+00
1.000344966027884253e+00
9.991188977060347920e-01
1.001321036189026570e+00
9.982062977539256643e-01
1.001622634816407453e+00
9.992867177520992072e-01
9.993891102267949966e-01
1.000235488790980565e+00
9.973175073968124638e-01
1.002219086418405736e+00
9.990231745913957795e-01
9.991402365542710884e-01
1.000072764661291691e+00
1.002199484245487549e+00
1.000726564745438862e+00
1.001450973910423814e+00
1.002220428008103514e+00
1.002631654876915857e+00
9.995569173208262992e-01
1.000321853702491603e+00
1.000851432976334721e+00
1.000114091955154327e+00
9.996451716946099797e-01
1.002349363961080986e+00
1.002545228418810996e+00
9.997973087689184801e-01
1.002106815146570185e+00
1.000098647633512750e+00
1.000152510789923621e+00
1.000198943615621339e+00
9.998003890291325968e-01
1.001152146224632888e+00
1.003227635162186271e+00
1.003188873712499651e+00
1.001182166782513150e+00
1.000352296211711955e+00
1.000965212550710692e+00
1.003099106468160473e+00
1.002736740499999835e+00
1.001682018168456478e+00
1.001243218864911189e+00
1.002337262391282513e+00
1.001608597881902041e+00
1.000414739571190648e+00
1.000289971883659090e+00
1.001743280502958466e+00
1.000721332960696319e+00
9.992805551687907739e-01
9.996516906304431238e-01
1.000149987765828419e+00
1.000364339688683435e+00
1.000714916128332188e+00
1.001078300747964445e+00
1.001029425353094693e+00
1.001890908450933315e+00
1.000881983239197304e+00
1.000971443117258941e+00
9.985047766992394269e-01
1.001590382986645933e+00
1.000197878816271535e+00
1.002560423436515524e+00
9.989698811858634953e-01
1.001387464307117225e+00
9.988915349331921600e-01
9.994837999067938128e-01
1.003127016986941733e+00
1.000980232219914834e+00
9.993444726834153080e-01
9.988567362052009901e-01
1.002542188240093557e+00
1.000472461574869465e+00
1.001350016959266842e+00
9.998674174062066600e-01
9.999949911460387364e-01
9.989583307075831087e-01
1.000525594745214963e+00
1.002508951359767586e+00
9.990597873636927195e-01
1.001328252990078660e+00
9.988144093815728430e-01
9.989934708711751821e-01
1.000040396082672922e+00
1.002495003956011876e+00
9.978006100350487184e-01
9.919890096924622869e-01
9.776927285377440269e-01
9.675959729651004704e-01
9.565280982680725019e-01
9.470172711962401291e-01
9.320562822367872702e-01
9.240347917577704795e-01
9.138391612341105752e-01
9.023022267811491304e-01
8.917829546551595543e-01
8.819616725108917477e-01
8.702147851569995707e-01
8.602369163797691787e-01
