0.000000000000000000e+00
0.000000000000000000e+00
0.000000000000000000e+00
0.000000000000000000e+00
0.000000000000000000e+00
0.000000000000000000e+00
0.000000000000000000e+00
0.000000000000000000e+00
0.000000000000000000e+00
0.000000000000000000e+00
0.000000000000000000e+00
0.000000000000000000e+00
0.000000000000000000e+00
0.000000000000000000e+00
0.000000000000000000e+00
0.000000000000000000e+00
0.000000000000000000e+00
0.000000000000000000e+00
0.000000000000000000e+00
0.000000000000000000e+00
0.000000000000000000e+00
0.000000000000000000e+00
0.000000000000000000e+00
0.000000000000000000e+00
0.000000000000000000e+00
3.156065546287689649e-02
7.960817371255878294e-01
2.942150186914304300e+00
3.609271515188487101e+00
2.421064106573710184e+00
1.240881266304518560e+00
5.926402999899881285e-01
3.322952890808838489e-01
2.539964640797645057e-01
2.490659026431893686e-01
2.611684661503976823e-01
2.971932112432004724e-01
3.179066662628303730e-01
3.335310179130366315e-01
3.535801883497414755e-01
3.728890896606808503e-01
4.313270916226872309e-01
5.143756654102298320e-01
6.440031802412058415e-01
8.164835832898230672e-01
9.610454791992693035e-01
1.128146079824067671e+00
1.238189510319483766e+00
1.331667097121145726e+00
1.414679106217908711e+00
1.464204640085562170e+00
1.499826062691809625e+00
1.481640163335033344e+00
1.417741216339921895e+00
1.315551573951655673e+00
1.193426331209102020e+00
1.089553579240144288e+00
9.857703748123320953e-01
9.123475556324204261e-01
8.771076158558230862e-01
8.629941475076322588e-01
8.549046206534898218e-01
8.599008858143349920e-01
8.739640249323347154e-01
8.891238108297454534e-01
9.143637740572677641e-01
9.249100861834468335e-01
9.523284098283497645e-01
9.717487071911931062e-01
9.941306095373270146e-01
1.004823667623435002e+00
1.011318241394942641e+00
1.019207821358462773e+00
1.027967540448970540e+00
1.020570250209317242e+00
1.032838516512294857e+00
1.026698695242077575e+00
1.017365712537676270e+00
1.004995532224882249e+00
9.932827215348800642e-01
9.776004376332934065e-01
9.760173133138670964e-01
9.676196876703221372e-01
9.605412749493654756e-01
9.598328675893184059e-01
9.585696570011092987e-01
9.640673624697099209e-01
9.603274265096938267e-01
9.747075916467193846e-01
9.781850464973644854e-01
9.905183010983340530e-01
9.878946381918345399e-01
9.908605473336957736e-01
9.998979964227998618e-01
1.000799577340800495e+00
1.009393867826839708e+00
1.006929131150347656e+00
1.003483000089162802e+00
1.005031942113582044e+00
1.002409846082488620e+00
1.002637254230016817e+00
9.960571668052846661e-01
9.931413944083252732e-01
9.929016293586270248e-01
9.944295361782617970e-01
9.920759507846034220e-01
9.879091885483577418e-01
9.910184827976536992e-01
9.889624554488363195e-01
9.894945238677761434e-01
9.875574731714380494e-01
9.896042496064132443e-01
9.938926281203389612e-01
9.926766699720903642e-01
9.965626535230885930e-01
9.949304288712526034e-01
9.956575805280206692e-01
9.973240488488672728e-01
9.965054865572291476e-01
9.990479761344143173e-01
1.003005193487258806e+00
9.987606840960162602e-01
9.989973826437513749e-01
9.960302931225903933e-01
9.941572378238722196e-01
9.975986664508036394e-01
9.968645790257845141e-01
9.969367169786861327e-01
9.975706811163451704e-01
9.981569042507254519e-01
9.939546670601278056e-01
9.921327059910507451e-01
9.951181082286603141e-01
9.945867575443170239e-01
9.972913387186141954e-01
9.960040817778818001e-01
9.979061901597091611e-01
9.955415763305052179e-01
9.968413530152265833e-01
9.981042198438960789e-01
9.982194010372549275e-01
9.982268928071755809e-01
9.973216309884550546e-01
9.974981834771784461e-01
9.982524123047733511e-01
1.000556973197151533e+00
1.001032235115005387e+00
1.002158268163491073e+00
1.002732388369432570e+00
1.001326601155097640e+00
9.997939988252929622e-01
1.001265662530554712e+00
9.992420094820512189e-01
1.002795596834152203e+00
9.985346122168350380e-01
9.987209186937524574e-01
1.002401902893308439e+00
9.998759977314611858e-01
9.980903163334181594e-01
1.001215980181365151e+00
9.989448138044434433e-01
1.000762469863057280e+00
1.002395089139713980e+00
9.999674040021246935e-01
9.979458675643216869e-01
9.965869303399319534e-01
9.975330698563821263e-01
1.003306749598879666e+00
9.955700566813207031e-01
1.000311952424488560e+00
9.994123960305877352e-01
9.998161787557340308e-01
1.002001992201779990e+00
9.970664962580662039e-01
9.975641305115647839e-01
9.971033651959024802e-01
9.987943105102629060e-01
9.994550360055582949e-01
1.001052283013833755e+00
9.995409054720097997e-01
1.000815969193742827e+00
9.997639361339448749e-01
9.995563768191486620e-01
9.989129794016911035e-01
1.002378487166674770e+00
1.002706936792731485e+00
9.982991233313351920e-01
9.972714961942990008e-01
1.000132574295840904e+00
1.001253162336067426e+00
9.983754075911523973e-01
9.966275519519726123e-01
9.976160759581352844e-01
1.000467359851131111e+00
9.990076556593985302e-01
9.970679300408736845e-01
9.983962859800736833e-01
1.000686893289596924e+00
9.991741433546876827e-01
9.995394173939617932e-01
1.001213950933524055e+00
9.993751648532327447e-01
1.000503792583910867e+00
9.988682177034426957e-01
9.998910523869967149e-01
9.970530350149473531e-01
9.995398524823893016e-01
1.000389879444054886e+00
9.981480999534443344e-01
9.979515318773406474e-01
9.976149912052688640e-01
9.985848351597697015e-01
9.996837734352991278e-01
9.958986614175547869e-01
9.987142096236133471e-01
9.980749856936069753e-01
9.984814110230438855e-01
9.989767811638965433e-01
9.981255721034690831e-01
9.969525361010974640e-01
9.976906068060314992e-01
9.996355819507559692e-01
9.985014892989226842e-01
9.983596330182392675e-01
9.958597945369760396e-01
9.990083416750027423e-01
9.993453870695830910e-01
9.977909327308441823e-01
1.001091848539056528e+00
9.983006187686744859e-01
9.991649733787810739e-01
9.981402706858133467e-01
1.000959945038144117e+00
9.971992964082379007e-01
9.958284196296807167e-01
9.987007756904592304e-01
9.982067890407733124e-01
9.999161226434735150e-01
9.988855829872823611e-01
9.970786335429142611e-01
9.974521237541228436e-01
9.992792903200683474e-01
9.965810629083038386e-01
9.979559956313669433e-01
9.977730291055736389e-01
9.979603809507204826e-01
1.001267697094463838e+00
1.000525684073969579e+00
1.000751055437248516e+00
9.999087859113616750e-01
1.000153482467470711e+00
9.969269574534885825e-01
9.994283298237387481e-01
9.984006706031207656e-01
9.985759425331496297e-01
9.984122090315250553e-01
9.964153118934626630e-01
9.997474852682877167e-01
9.990024891213687974e-01
1.001869982386578428e+00
9.975955155359075288e-01
9.956206354187149277e-01
9.999778962434779928e-01
1.000378359297404929e+00
1.000304121008543934e+00
9.973407535309740668e-01
9.978775814584159853e-01
9.893737240348430273e-01
9.777419934062864249e-01
9.666818484775218101e-01
9.561192527181493483e-01
9.441620385505077317e-01
9.346448613776450198e-01
9.250241515733652609e-01
9.126962707242752826e-01
9.020162474551080001e-01
8.930326303090597717e-01
8.814561710286087370e-01
8.717647700505998243e-01
8.592565925701622920e-01
