0.000000000000000000e+00
0.000000000000000000e+00
0.000000000000000000e+00
0.000000000000000000e+00
0.000000000000000000e+00
0.000000000000000000e+00
0.000000000000000000e+00
0.000000000000000000e+00
0.000000000000000000e+00
0.000000000000000000e+00
0.000000000000000000e+00
0.000000000000000000e+00
0.000000000000000000e+00
0.000000000000000000e+00
0.000000000000000000e+00
0.000000000000000000e+00
0.000000000000000000e+00
0.000000000000000000e+00
0.000000000000000000e+00
0.000000000000000000e+00
0.000000000000000000e+00
0.000000000000000000e+00
0.000000000000000000e+00
0.000000000000000000e+00
1.582684785456555591e-04
3.258034913323519521e-02
8.311794776764592774e-01
3.041866727213578425e+00
3.751038925988317896e+00
2.495723636210667173e+00
1.291112511823466980e+00
6.172867796480000502e-01
3.430572404193151237e-01
2.548188312684243617e-01
2.530332258914871346e-01
2.720748165213869307e-01
3.077906537100058570e-01
3.352396471128040178e-01
3.504209677869550843e-01
3.600620735027705299e-01
3.876819669493682952e-01
4.432017903814753357e-01
5.312639696610683693e-01
6.621679929193684533e-01
8.159259816211907879e-01
9.808714567240867099e-01
1.123864222174777439e+00
1.242998356984628350e+00
1.318574570256963563e+00
1.407060535172922400e+00
1.471255398736100339e+00
1.500327931836991313e+00
1.493494899352499683e+00
1.412361361652981762e+00
1.313890791048062390e+00
1.206791993752953873e+00
1.082098245916927493e+00
9.946710830798880520e-01
9.278078198515221642e-01
8.867123761037938312e-01
8.638463775826504820e-01
8.684886588415338116e-01
8.714453393506325085e-01
8.771088623241831694e-01
8.913457150015471342e-01
9.129035773381113383e-01
9.359941394725637132e-01
9.605371971939993259e-01
9.702994295230570332e-01
9.929540009226054398e-01
1.008359979788317373e+00
1.013675107365434647e+00
1.027461830097885276e+00
1.029540388411621654e+00
1.032010910406804483e+00
1.028439707264874770e+00
1.025626733832184279e+00
1.022251719998880759e+00
1.008723535894317624e+00
9.959691702089953358e-01
9.920371869711770429e-01
9.828189608907881292e-01
9.686023601016828799e-01
9.651102561455557893e-01
9.597147779349760599e-01
9.595960599674994151e-01
9.572453176589796886e-01
9.649764604658530587e-01
9.673482433567652805e-01
9.776529489289084163e-01
9.883937725637422789e-01
9.901155916004682478e-01
9.896001408936175858e-01
9.940316621848371836e-01
1.000959543477174751e+00
1.005224306779418875e+00
1.001650036492361284e+00
9.959512369308813895e-01
1.000499980752081353e+00
1.006584992405719525e+00
1.000951915277727533e+00
9.961559117625968796e-01
9.947197878730602572e-01
9.907226512715299194e-01
9.893405976292927173e-01
9.925106631223109543e-01
9.865166134416266663e-01
9.898305351023278797e-01
9.865437710166760077e-01
9.841623219847210891e-01
9.825999613213758366e-01
9.847792415404342803e-01
9.884527670513334474e-01
9.866890269164022564e-01
9.897784662904308695e-01
9.930479104825494785e-01
9.961017325036898296e-01
9.900580567344309246e-01
9.963496189280383053e-01
9.940092303308274424e-01
1.000174418383686925e+00
9.957112659600739768e-01
1.000193816623405896e+00
1.000009435649462208e+00
9.980836347513515339e-01
1.000001044707679032e+00
9.947270735967022048e-01
9.958714796265932812e-01
9.983617416669452460e-01
9.955179252334078743e-01
9.907133292859464646e-01
9.953733520336472962e-01
1.000132141483448311e+00
9.952596570802445530e-01
9.974168843065582823e-01
9.981136876664864488e-01
9.981578448742903786e-01
9.943812900254253018e-01
9.974695160794331272e-01
9.977112674063476350e-01
9.964444652722490581e-01
9.988720386397549333e-01
9.973856686196762578e-01
9.998301023052288405e-01
9.969969226866550738e-01
9.964133805246269127e-01
9.958723392655248752e-01
9.974029759728504363e-01
1.003933700610939006e+00
1.000219404807547674e+00
9.975090231896709403e-01
9.987402829097667967e-01
9.961725303139032928e-01
9.973771968352358464e-01
9.984832319620302599e-01
9.975726608868374923e-01
9.994783379340087537e-01
9.973944747613203710e-01
9.969437848097590926e-01
9.967284679992500784e-01
9.989455077102966651e-01
9.981025312988490716e-01
9.987985603131726009e-01
1.001407545858320924e+00
9.992060763565966397e-01
9.971336943690085608e-01
9.965400375794083443e-01
9.964820786567354371e-01
9.970346253344730680e-01
1.001860242723700445e+00
9.967252963701539459e-01
9.944876304802281464e-01
9.977299706787520206e-01
1.002671860058103048e+00
9.993568330856075210e-01
9.972736322979768309e-01
9.985435722013519255e-01
9.986993438129601053e-01
9.978675143666481118e-01
9.989060000057115030e-01
9.985771105697783812e-01
9.967497956569474349e-01
9.973215701107851494e-01
1.000177846796516112e+00
9.967256496125747045e-01
9.980830048548108291e-01
9.979635940232903790e-01
1.000357423226721387e+00
9.983579783922672535e-01
9.984563117012991151e-01
1.000398348134798887e+00
9.977476945184686752e-01
9.972671589215513777e-01
9.975451191245220395e-01
1.000459577968226155e+00
1.000314021995866609e+00
9.978705096873322633e-01
9.950450773513349612e-01
9.956644090796942237e-01
9.965388583434110492e-01
9.954390190084624335e-01
9.968976900204414848e-01
9.960222589608760391e-01
1.000732384772691885e+00
9.978327906577771911e-01
9.958780614790315733e-01
9.985800666669625292e-01
9.988932621771778875e-01
9.985709630443907470e-01
9.968411308919581382e-01
9.966493355958264688e-01
9.987424278463038485e-01
9.935981010251320189e-01
9.965624856030649292e-01
9.991249660211674044e-01
9.993997426654620542e-01
9.958341609375986891e-01
9.982348435098626904e-01
9.982155291186370905e-01
9.968693543326336837e-01
9.951996735243593406e-01
9.993176038350515267e-01
9.970436771540222010e-01
9.991147191856283305e-01
9.984663516372792591e-01
9.965251888161130722e-01
9.982944936434415828e-01
1.001137948079561690e+00
9.991730418681576964e-01
9.992607780589183308e-01
9.965965069787345865e-01
1.001404788785314803e+00
9.985637433497926985e-01
9.983868559826349909e-01
9.996435877128055925e-01
1.000257105928117562e+00
1.000056699480768030e+00
9.991167246089066589e-01
9.999947126128692076e-01
9.995080191898244593e-01
9.964305839007047139e-01
9.987230147113550505e-01
1.001468926692479888e+00
9.980387594810521401e-01
9.985648125562679445e-01
9.992446744214446008e-01
1.000285655922766415e+00
9.994035105350521642e-01
9.986154592026305066e-01
9.989724885585073988e-01
9.992435470042854151e-01
1.000881714573504944e+00
1.000505918516983783e+00
9.977436768150645952e-01
9.985541204997788745e-01
9.997215885102657129e-01
1.000769767944001298e+00
1.000916069184844437e+00
1.000414480500397385e+00
9.986788753872076763e-01
1.001014787031359932e+00
1.000049797996580558e+00
1.001835093668040688e+00
1.000993238076869796e+00
9.978891352960052030e-01
1.000608710260573631e+00
9.977543854027699499e-01
9.905196150252292275e-01
9.794385816506295805e-01
9.676859775942177055e-01
9.567410230149167027e-01
9.451560892234860400e-01
9.355423097776295327e-01
9.234346174974125132e-01
9.142586238680405764e-01
9.030143606694627234e-01
8.940573276540620951e-01
8.817694622434580909e-01
8.704726121516787041e-01
8.623868174050867141e-01
