0.000000000000000000e+00
0.000000000000000000e+00
0.000000000000000000e+00
0.000000000000000000e+00
0.000000000000000000e+00
0.000000000000000000e+00
0.000000000000000000e+00
0.000000000000000000e+00
0.000000000000000000e+00
0.000000000000000000e+00
0.000000000000000000e+00
0.000000000000000000e+00
0.000000000000000000e+00
0.000000000000000000e+00
0.000000000000000000e+00
0.000000000000000000e+00
0.000000000000000000e+00
0.000000000000000000e+00
0.000000000000000000e+00
0.000000000000000000e+00
0.000000000000000000e+00
0.000000000000000000e+00
0.000000000000000000e+00
0.000000000000000000e+00
0.000000000000000000e+00
3.273193096313269795e-02
8.246887153340762833e-01
2.980810017314936999e+00
3.658197241653962983e+00
2.454431935476669935e+00
1.265281559776759712e+00
6.172944099019218589e-01
3.468031398290251643e-01
2.613812259921732273e-01
2.570673372494842179e-01
2.755888112610265228e-01
3.010662557650298776e-01
3.231327107938381515e-01
3.395171561775645608e-01
3.594524446452811994e-01
3.816059837167036783e-01
4.425035755919772273e-01
5.290381502748485731e-01
6.678029173293542620e-01
8.081448339340403519e-01
9.896191822569924135e-01
1.124184310355641703e+00
1.258874042093267143e+00
1.328571764802581212e+00
1.409041421862671006e+00
1.474072888200234965e+00
1.501689924423651679e+00
1.488021895385705617e+00
1.409244718853547962e+00
1.315422576310075087e+00
1.205667558220663071e+00
1.084541872063937484e+00
9.933143763599211473e-01
9.234926526497470034e-01
8.838545903807158988e-01
8.665093888581826276e-01
8.599912531522744263e-01
8.705209122044723635e-01
8.859991109198247505e-01
8.993297719865580575e-01
9.168219421210964670e-01
9.445099823820860552e-01
9.604060922813313361e-01
9.808918009834867169e-01
1.009390336470099570e+00
1.011587980836811340e+00
1.032730642778379337e+00
1.031285905240558964e+00
1.035799148060853936e+00
1.037029140520617787e+00
1.048983823700453621e+00
1.038935006547308193e+00
1.032074116325966129e+00
1.026395406448064707e+00
1.016749747138712801e+00
1.004008138121876170e+00
9.873757326486304331e-01
9.830337226482688262e-01
9.794875294993545811e-01
9.742357972772629493e-01
9.702472851448260549e-01
9.714270627515820822e-01
9.765446417460098560e-01
9.807595161239237580e-01
9.831908221572882578e-01
9.899400444502696184e-01
1.002778280195931515e+00
9.987842648594189576e-01
1.004524724950493386e+00
1.005085740719904086e+00
1.015760130698326824e+00
1.007471225808997506e+00
1.011482628078953727e+00
1.009404279695592432e+00
1.004517109571377187e+00
1.002916610654911445e+00
1.001774209112713310e+00
1.001245034475387374e+00
9.968588189424258950e-01
9.961286029296398947e-01
9.958188565224505018e-01
9.883407612451871049e-01
9.903170334257448415e-01
9.913263682122278597e-01
9.947096125884206108e-01
9.912243749047026098e-01
9.943765883527039273e-01
9.985595511811744540e-01
9.945851296430179289e-01
9.982147476161039590e-01
9.953299209890541510e-01
1.002514116899904328e+00
9.947804720283340840e-01
1.000644605058100156e+00
1.003984589822271900e+00
9.968863972065870049e-01
1.002038553833059620e+00
1.000969280694428587e+00
9.982890916810689408e-01
9.976438603966287788e-01
9.990342432693608554e-01
9.969187146315634518e-01
9.998087668178489151e-01
9.942356772932229303e-01
9.968633125716345189e-01
9.915544551659710715e-01
9.949410670583018756e-01
9.940640609457928045e-01
9.935601397808589974e-01
9.958399307799798983e-01
9.970386730480516047e-01
9.933216783865760346e-01
9.977898394008217764e-01
9.949118763470050641e-01
9.965501366981631692e-01
9.948157494745191176e-01
9.970364562186907476e-01
9.982968181674487518e-01
1.000892845318403612e+00
9.974916011065596555e-01
9.971997343967573535e-01
9.973143365432219909e-01
9.971114080158580695e-01
1.001805009189706608e+00
9.974106602724106541e-01
9.954818507293238250e-01
9.960590369888736584e-01
9.951789095745905422e-01
9.982742503890509322e-01
9.958040020105731749e-01
9.977869126725628091e-01
1.000282065079074689e+00
1.000174187314178287e+00
9.980867022832383695e-01
9.988527661620254516e-01
9.990169150376626561e-01
9.977086195412778746e-01
9.970657175978553388e-01
9.956742084170925322e-01
9.947800416518898237e-01
9.980674635111642656e-01
9.958534054464273089e-01
9.971231820070672880e-01
9.991629812403206579e-01
9.983731038673130387e-01
9.943653395962682717e-01
9.947931358300368121e-01
9.984208383174240087e-01
9.962640033632363945e-01
9.958166988434311584e-01
9.955493549330743930e-01
9.948275573655568360e-01
9.958805746312595630e-01
9.937070316384341018e-01
9.968937284898525819e-01
9.982806016035771224e-01
9.957599721129465342e-01
9.978509762059840638e-01
9.960076667752235657e-01
9.937659160849934281e-01
9.991725771751981400e-01
9.972919877285530976e-01
9.986571649111015692e-01
9.963160983133911852e-01
9.957390766067713006e-01
9.956272387599423013e-01
9.940382000927986406e-01
9.952851753553875191e-01
9.968949601803970273e-01
9.980171858692983289e-01
9.962025356204002868e-01
9.962557967353294908e-01
9.980962828064982029e-01
9.960675351533763155e-01
9.952684037073961099e-01
9.956884895591037177e-01
9.977644777059090364e-01
9.963907079041059989e-01
9.945711643050123563e-01
9.977976877844344505e-01
9.960358678129617171e-01
1.001530761777309042e+00
9.986919884574440021e-01
9.957609134212022095e-01
9.984847412928862243e-01
9.958275927022915974e-01
9.957592169500960599e-01
9.972600368516700842e-01
9.962415659585536210e-01
9.961260585803761725e-01
9.982125049895569369e-01
9.943040131137456106e-01
9.966945513961563696e-01
9.969137600336483995e-01
9.975649247017234211e-01
9.965527652543710868e-01
9.988264349683888543e-01
9.960071235396993350e-01
9.967157192881119787e-01
9.975154919248925278e-01
9.982320064458461983e-01
9.980282564584724847e-01
9.957606171916795201e-01
9.957876374010656839e-01
9.954804817863718291e-01
9.988292860819446561e-01
9.978257569308242036e-01
9.981877859141625731e-01
9.956485842309616974e-01
9.964394685927328021e-01
9.985089845393873009e-01
9.978727729134716506e-01
9.950604423496928197e-01
9.963681918545396199e-01
9.979491369896077435e-01
9.996517594906858539e-01
9.983069774611923464e-01
9.949529843725087863e-01
9.984767906333037457e-01
9.985413121035379147e-01
9.959779380967939133e-01
9.974316340987338103e-01
9.985020311802224047e-01
9.984241648602819597e-01
9.981612801776644783e-01
9.999757932219375256e-01
1.000338728994221160e+00
9.988386773883518588e-01
9.983085881462622213e-01
9.984367431772025459e-01
9.986065521368058251e-01
9.997168855592014625e-01
9.975208032244075040e-01
9.972471629865365950e-01
1.000007558291542198e+00
9.963637724008814756e-01
9.993876634982570284e-01
9.983537605917988111e-01
1.001100680924632114e+00
9.984230307480368438e-01
1.001397795534351154e+00
9.994187586628671127e-01
9.894756793990616695e-01
9.770664815714567020e-01
9.657062069263395720e-01
9.580870311677411877e-01
9.465919955766808336e-01
9.361699601605727450e-01
9.231217793030279672e-01
9.120596737565577206e-01
9.040169963853682544e-01
8.932002555422948742e-01
8.825193737081367118e-01
8.706392429186116111e-01
8.607455115021420688e-01
