0.000000000000000000e+00
0.000000000000000000e+00
0.000000000000000000e+00
0.000000000000000000e+00
0.000000000000000000e+00
0.000000000000000000e+00
0.000000000000000000e+00
0.000000000000000000e+00
0.000000000000000000e+00
0.000000000000000000e+00
0.000000000000000000e+00
0.000000000000000000e+00
0.000000000000000000e+00
0.000000000000000000e+00
0.000000000000000000e+00
0.000000000000000000e+00
0.000000000000000000e+00
0.000000000000000000e+00
0.000000000000000000e+00
0.000000000000000000e+00
0.000000000000000000e+00
0.000000000000000000e+00
0.000000000000000000e+00
0.000000000000000000e+00
0.000000000000000000e+00
3.361319100255298620e-02
8.344074278143622792e-01
3.088777032935805522e+00
3.837463434822820041e+00
2.567785953040804259e+00
1.311525417137542560e+00
6.460145447446952183e-01
3.513483964185049047e-01
2.668360256459572644e-01
2.679608079918080477e-01
2.736651323657942614e-01
3.162297755040556768e-01
3.463566425030160101e-01
3.564895788970131041e-01
3.651045743310225022e-01
3.972433361802088503e-01
4.436666290200259044e-01
5.390536467446052082e-01
6.745724985342608226e-01
8.254348878282993240e-01
9.917260316270061216e-01
1.144509970365946261e+00
1.244679253247284123e+00
1.355739664964720426e+00
1.422922600399121551e+00
1.486829658111013863e+00
1.501784022229845972e+00
1.494531773940254604e+00
1.442040783474160426e+00
1.327182175388497809e+00
1.201664042602378579e+00
1.104932507606216641e+00
9.983632231161918558e-01
9.288931692026223264e-01
8.917584815513958096e-01
8.739999278768918467e-01
8.606846492833344353e-01
8.716839833449773201e-01
8.885929151868323661e-01
9.079488181736670160e-01
9.269580488561820486e-01
9.437771212513559327e-01
9.706935669368407238e-01
9.897533245228399279e-01
1.002481771842519409e+00
1.017135298912986485e+00
1.032590422078097037e+00
1.034317396806903044e+00
1.031452021426117360e+00
1.033349763271133703e+00
1.046356904410577826e+00
1.043264428630675589e+00
1.027718734460284278e+00
1.015814117006129891e+00
1.000239642888962832e+00
9.986870601748077947e-01
9.806115385998031009e-01
9.789625783600456321e-01
9.684549243915223649e-01
9.685764511767381846e-01
9.643190170621475099e-01
9.748219544812151138e-01
9.748137034618656882e-01
9.788525619771394348e-01
9.770225042234024215e-01
9.844216814193291754e-01
9.934340020964660400e-01
9.971744160374444998e-01
9.994956046431652252e-01
1.002538720474165590e+00
1.001609375072666230e+00
1.006453188316117187e+00
1.001210697002223871e+00
9.989504857146530581e-01
9.957432278731254138e-01
1.000811708127756994e+00
9.933660312899328382e-01
9.936901694034729893e-01
9.894334866948395479e-01
9.910403740937778760e-01
9.822046662767717207e-01
9.835044298714729072e-01
9.850466295946710416e-01
9.874146883545045217e-01
9.842373660697399940e-01
9.946188472081880505e-01
9.875533267913825242e-01
9.882554246595568470e-01
9.856514070648140224e-01
9.958259521304485551e-01
9.911532505292385276e-01
9.935032205086347101e-01
9.971719643119991705e-01
9.936383985397325702e-01
9.945754098753908368e-01
9.926085750857792656e-01
9.972864988581147117e-01
9.965562101690570440e-01
9.939490056849572541e-01
9.930441631651836243e-01
9.964167124636482686e-01
9.923367515906161840e-01
9.916585103445690885e-01
9.981565005326226148e-01
9.908367837554309387e-01
9.902533090591855158e-01
9.903478840872202982e-01
9.909439536106502411e-01
9.874808386674590599e-01
9.947757596448953965e-01
9.993155998545493190e-01
9.937457834485439179e-01
9.970289808575715229e-01
9.953179489511583267e-01
9.929184267194249847e-01
9.942271058541160000e-01
9.967573323039810029e-01
9.953043052741521457e-01
9.979902586086115690e-01
9.954315580054996504e-01
9.961124839812295351e-01
1.001221169648903953e+00
9.936325194676607353e-01
9.998190470821539666e-01
9.981866724977864758e-01
9.982800000296927490e-01
9.965116022564822762e-01
9.903839053835837847e-01
9.941406508326737779e-01
9.937398340669753027e-01
9.960420503854454655e-01
9.964000324948869558e-01
9.974770678255497902e-01
9.933025484687231232e-01
9.920455595602976073e-01
9.936463103594423973e-01
9.918045474052126220e-01
9.939422665939374735e-01
9.914063653515048369e-01
9.934770804775812092e-01
9.946655940145719965e-01
9.962339393963155487e-01
9.936391293334316810e-01
9.938072639830607402e-01
9.944051021422440906e-01
9.986117346774525672e-01
9.955147962580415122e-01
9.940512967602813665e-01
9.928931311085315015e-01
9.963811148046478605e-01
9.954639160247119589e-01
9.925203942518079359e-01
9.958785216012848718e-01
9.950485136369388028e-01
9.992988807346977476e-01
9.937208848373967340e-01
9.988364708749075671e-01
9.992975853861666424e-01
9.947103355830830829e-01
9.980650743821857240e-01
9.957077833337398820e-01
9.951114495300693585e-01
9.990696851505066478e-01
9.974047614123542349e-01
9.959389188604050869e-01
9.962925460022766799e-01
9.963486486376392781e-01
9.985093881611666333e-01
9.978842219261196966e-01
9.975255956926069034e-01
9.985270565306018087e-01
9.966529174766290966e-01
9.963078039585369083e-01
9.983866209358248645e-01
9.967822703401292284e-01
9.982147512093805242e-01
9.978586314743307373e-01
9.957897436697126237e-01
9.970892185871575997e-01
9.956930905564405077e-01
9.946504455065172667e-01
9.981369769763436262e-01
9.973890437079477866e-01
9.977463677576554613e-01
1.000091294587121427e+00
9.967999474962465634e-01
9.995388700764428203e-01
9.980358636182162790e-01
9.963857344872036892e-01
9.986952201379619698e-01
9.984570265043560822e-01
1.001443161711238261e+00
9.991729593092449901e-01
9.993289801015423635e-01
9.959017692955517420e-01
9.997457957074504797e-01
1.000581943856197142e+00
9.994179426784518538e-01
9.987122343372009103e-01
9.993201821343689062e-01
1.000464975426239578e+00
1.001063405361286129e+00
9.979124396102853067e-01
9.982276495526888338e-01
9.989415822249508858e-01
1.000011646253109010e+00
9.982824779216042943e-01
9.988510122825362547e-01
1.001034464289972892e+00
1.001549156548443564e+00
9.997586524654124007e-01
1.000181763572540072e+00
9.986684181238635327e-01
1.001422639889970601e+00
9.991750315237890590e-01
1.001231965503611709e+00
1.002744791470155272e+00
1.000279389818591769e+00
9.989474529068116393e-01
1.002225527158019380e+00
1.001451154368336427e+00
9.996646508778777029e-01
1.000823769091448545e+00
1.000442049503848851e+00
1.002681717757778257e+00
1.003736022926055016e+00
1.000461001445893672e+00
9.998821052886545102e-01
1.004839184491159054e+00
1.001885586307131204e+00
1.000081509080929854e+00
1.000327807810365011e+00
1.000517188321344175e+00
1.002273810326882009e+00
1.001942722522812135e+00
1.001392491587332234e+00
9.988338436423482847e-01
9.988960601526186700e-01
1.002227493349477472e+00
1.000085401820348219e+00
1.000859426383079454e+00
9.991568193670993248e-01
9.896257811085006351e-01
9.800755960888823948e-01
9.677882503750530052e-01
9.565699186930505249e-01
9.461465928498489220e-01
9.360050959377450575e-01
9.255924716765047133e-01
9.139164604893397215e-01
9.038165428084462549e-01
8.912987867862570690e-01
8.819775439003941786e-01
8.699522818804512614e-01
8.610812722800633701e-01
