0.000000000000000000e+00
0.000000000000000000e+00
0.000000000000000000e+00
0.000000000000000000e+00
0.000000000000000000e+00
0.000000000000000000e+00
0.000000000000000000e+00
0.000000000000000000e+00
0.000000000000000000e+00
0.000000000000000000e+00
0.000000000000000000e+00
0.000000000000000000e+00
0.000000000000000000e+00
0.000000000000000000e+00
0.000000000000000000e+00
0.000000000000000000e+00
0.000000000000000000e+00
0.000000000000000000e+00
0.000000000000000000e+00
0.000000000000000000e+00
0.000000000000000000e+00
0.000000000000000000e+00
0.000000000000000000e+00
0.000000000000000000e+00
0.000000000000000000e+00
3.944926167517891907e-02
7.942915263767988954e-01
3.039649548726946815e+00
3.755576246484459535e+00
2.507108048296076586e+00
1.291490993517557362e+00
6.194278121628834510e-01
3.519816261516506284e-01
2.634685956857834577e-01
2.572781119611968204e-01
2.805339180842899571e-01
3.045985333400594297e-01
3.412716622574349934e-01
3.543506955769593625e-01
3.598994843710974778e-01
3.911212869522961433e-01
4.443850785614195109e-01
5.358701178736867687e-01
6.701887771148522521e-01
8.308937443510068244e-01
9.925836923546550450e-01
1.135967311726251427e+00
1.263913285222994620e+00
1.346762108115495904e+00
1.426179108627630310e+00
1.486724897842568671e+00
1.509546997981227934e+00
1.502748100382296226e+00
1.433619508597423930e+00
1.325384352579393354e+00
1.213152159549818032e+00
1.095017047028442381e+00
9.942667955438034832e-01
9.307193526930216398e-01
8.944915215343195447e-01
8.712670020262135440e-01
8.763249117485081285e-01
8.743399417829877951e-01
8.873376095073111092e-01
9.135267681281228347e-01
9.290777500700955205e-01
9.481216381928273540e-01
9.664925877391848941e-01
9.941876967157169398e-01
1.009435006004593571e+00
1.014457326586613917e+00
1.028526358739243696e+00
1.030122288801212482e+00
1.037213701073803618e+00
1.045935350371444361e+00
1.047433163368863163e+00
1.036156283992540894e+00
1.035929658701817413e+00
1.022225518668157918e+00
1.017087240694117156e+00
1.000259689621175507e+00
9.888104386794919209e-01
9.900856503029510369e-01
9.782334127387281031e-01
9.712526265209822096e-01
9.765469302490393799e-01
9.785952035574836394e-01
9.835096094247258725e-01
9.861820452340449572e-01
9.982644978417430925e-01
9.987741768448269442e-01
1.010145429180115739e+00
1.009633505795657138e+00
1.018650766175217770e+00
1.011144746161427133e+00
1.019782817277925524e+00
1.021715177349385995e+00
1.016767183314329470e+00
1.014109945762411202e+00
1.015250207178446162e+00
1.007593062938365591e+00
1.010461167600609667e+00
1.003584163323478773e+00
1.003346849057130896e+00
9.970963214937175190e-01
9.949649555714509264e-01
1.000201700295650031e+00
9.934295867078518638e-01
9.986897952777334941e-01
9.918566229862393335e-01
9.974014476949730756e-01
9.979953012984800198e-01
9.995441741523828361e-01
1.000042906196781711e+00
9.983497143899027204e-01
9.948697775215633587e-01
1.002185154164600522e+00
1.000705167689154740e+00
9.999441843007544906e-01
1.001749915103889554e+00
9.994449903161132243e-01
1.001534041224325655e+00
1.004428731816164655e+00
1.002033882698800671e+00
1.006133051170231107e+00
9.997190324373965709e-01
1.005595395474834230e+00
9.964180600688148370e-01
1.003239693052359716e+00
9.965140419423323959e-01
1.001721011615208656e+00
9.984236250273537117e-01
9.942453320895389135e-01
9.974051531294148010e-01
1.000813144939074029e+00
1.001610943922496721e+00
9.976832005211538901e-01
1.001739266884605906e+00
9.983871052873515284e-01
1.001624306240020079e+00
1.000090928373741583e+00
9.978173180630693917e-01
9.997809922052252052e-01
9.982847580457512304e-01
1.003132253569820165e+00
1.000427701460539387e+00
9.985754316129591412e-01
9.983103051861430544e-01
9.998317522447351946e-01
1.000007408222161276e+00
9.995279911529242334e-01
9.987008224834330594e-01
9.978501786621427616e-01
9.979127646886795100e-01
1.001170175151869124e+00
1.000115791428400680e+00
9.990026373119643699e-01
1.000284680571069451e+00
9.981227712135194441e-01
9.994210079364439503e-01
9.999861270890528786e-01
9.962420094032783391e-01
9.991205972907772903e-01
1.000955162297546552e+00
9.972989962854228452e-01
9.986949397100652881e-01
9.957456431970492794e-01
9.980718960702901210e-01
9.997140582549617349e-01
9.988304842618787038e-01
9.967645969594502997e-01
1.000387283827553819e+00
9.960038417784295994e-01
9.966704399082085830e-01
9.978835965434943445e-01
1.001238006378856848e+00
9.947469835787166037e-01
9.919120783209477432e-01
9.988417325024255833e-01
9.979797340014245899e-01
9.978833280152776819e-01
9.964102766193265737e-01
9.975084796852693447e-01
9.969405538724522842e-01
9.959355082442997720e-01
9.963963091816125939e-01
9.959622446615602476e-01
9.974996937865090452e-01
9.978280720446732754e-01
9.978373190222211697e-01
9.994592409954721202e-01
9.994642459443867644e-01
9.972612923912073102e-01
9.977860639458281389e-01
9.962806726367459120e-01
9.975108636375165094e-01
9.981353894065435606e-01
9.970080094859826714e-01
9.982279645237024379e-01
9.981940466677253765e-01
1.000635509479116614e+00
1.000901325721016866e+00
9.969699784420140709e-01
1.000604694842010423e+00
9.980793507789590402e-01
9.950988998602557922e-01
9.984397249528453866e-01
9.999244573288204041e-01
9.980562319278469818e-01
9.988495405536553795e-01
9.967349965414726842e-01
9.978253134732862906e-01
9.993202516356081144e-01
9.990570562741817318e-01
9.972436143458981439e-01
9.990033589436400074e-01
9.960965281814820882e-01
9.999878320314180558e-01
9.986354715073000321e-01
9.990312688599630730e-01
9.974850983130476578e-01
9.990267223568393140e-01
9.987595616824520572e-01
9.954859417577756053e-01
9.973305903332642108e-01
9.947458518631895341e-01
9.972222710293814352e-01
1.000017029861410833e+00
9.959439744141239670e-01
9.980681706510456941e-01
9.969615393518591606e-01
9.986983613167996765e-01
9.978232151582273612e-01
9.976426670998537194e-01
9.996112700423857023e-01
9.976128154577643681e-01
9.996198702867490349e-01
9.969269998662761978e-01
9.987442460567749203e-01
9.986179391293773522e-01
9.999656265508755082e-01
9.968725977347911993e-01
9.998654106743027903e-01
9.996986326150606450e-01
9.969086978021531875e-01
9.988022690772778711e-01
9.966181292154950855e-01
9.994236266441397509e-01
9.978556901450482686e-01
9.976239660469172765e-01
9.995294958342478830e-01
9.984348856667164540e-01
9.984246135750169948e-01
9.952679910810663388e-01
9.950846255168125376e-01
9.981457216427651602e-01
9.975414622171021595e-01
9.991792227278837313e-01
9.984937959989146350e-01
9.978569681194211505e-01
9.988499269475134001e-01
9.966206916400821569e-01
9.985167048828058611e-01
9.972843368076356185e-01
1.000378713203780023e+00
9.984646767998094363e-01
9.983786841504748155e-01
9.897356838310986671e-01
9.751938784505393976e-01
9.649664949961398452e-01
9.562321396986100952e-01
9.452075648123124951e-01
9.340909959537903040e-01
9.233807371124592711e-01
9.114445999373576024e-01
9.013496783509449273e-01
8.902282898839291025e-01
8.833672495729705254e-01
8.716923726787727533e-01
8.606785985170353204e-01
