0.000000000000000000e+00
0.000000000000000000e+00
0.000000000000000000e+00
0.000000000000000000e+00
0.000000000000000000e+00
0.000000000000000000e+00
0.000000000000000000e+00
0.000000000000000000e+00
0.000000000000000000e+00
0.000000000000000000e+00
0.000000000000000000e+00
0.000000000000000000e+00
0.000000000000000000e+00
0.000000000000000000e+00
0.000000000000000000e+00
0.000000000000000000e+00
0.000000000000000000e+00
0.000000000000000000e+00
0.000000000000000000e+00
0.000000000000000000e+00
0.000000000000000000e+00
0.000000000000000000e+00
0.000000000000000000e+00
0.000000000000000000e+00
0.000000000000000000e+00
3.009655833645583436e-02
7.820694437466717552e-01
2.951659944605288910e+00
3.643772300218521387e+00
2.429232392485474623e+00
1.244027528698373519e+00
5.985184580170825885e-01
3.256066120490981874e-01
2.595588959864996159e-01
2.543894506135908617e-01
2.799897328463686330e-01
3.017281022239176047e-01
3.451026127597579540e-01
3.517659975914453896e-01
3.652369474574166941e-01
3.722153165949160236e-01
4.215755894604112930e-01
5.212157870282377869e-01
6.481073499084215594e-01
8.178907431613182677e-01
9.760498667938030115e-01
1.126453449034444887e+00
1.237183620171502296e+00
1.339735745747301143e+00
1.394415563493803578e+00
1.476951212294778104e+00
1.506771666576393498e+00
1.477909687234385983e+00
1.421718110248408440e+00
1.309088864201249258e+00
1.196239436987782900e+00
1.083374927108476493e+00
9.909898907206524665e-01
9.198927372211304077e-01
8.896350949656836038e-01
8.564199975946241716e-01
8.599452250193688752e-01
8.706644842435627973e-01
8.803815719787987382e-01
9.064390351507299881e-01
9.229109126912684591e-01
9.432533420975218741e-01
9.616187789354744275e-01
9.792465407632892083e-01
9.912594926798076189e-01
1.006349868928666957e+00
1.018690170497728475e+00
1.036171498269250701e+00
1.041250689398633966e+00
1.043152090898978868e+00
1.036804104941684068e+00
1.034455694400995274e+00
1.028861062204087906e+00
1.015828519241701366e+00
1.003753383271684729e+00
9.958757179955805006e-01
9.884090782914611850e-01
9.774220143682618156e-01
9.707627638418724336e-01
9.665649017113742136e-01
9.687042932654944538e-01
9.747917205321757761e-01
9.793193986423817110e-01
9.826789540123734845e-01
9.797733073223300337e-01
9.931936019560763107e-01
9.940052691858829448e-01
9.999133335670914446e-01
9.949634536492657499e-01
9.993075381888821829e-01
1.012034623260790411e+00
1.002524595774749061e+00
1.002874728455505737e+00
1.001104244086858497e+00
1.009998615468709504e+00
1.001682764072307608e+00
9.957380166851752534e-01
9.971586440116896322e-01
9.939394321074307426e-01
9.935923346781826426e-01
9.910992776344630384e-01
9.884739541646379024e-01
9.841875347164287247e-01
9.910283494428524520e-01
9.848805758521307352e-01
9.935689025758108750e-01
9.927627603679234358e-01
9.918281460304622099e-01
9.940911687130566943e-01
9.912250489694880429e-01
9.952743113534424646e-01
9.978769867925818549e-01
9.997930573223611228e-01
9.969015674403008953e-01
9.990829421428175650e-01
9.972923925417758184e-01
9.987913335203101317e-01
1.000627801629514035e+00
9.944934845913665500e-01
9.978049079936411880e-01
9.965596388012669671e-01
9.954426317991088569e-01
9.971018331770561405e-01
9.930478224425025591e-01
9.994016297348325972e-01
9.934609495140701574e-01
9.999584212317702558e-01
9.915838183105796233e-01
9.932575963924790141e-01
9.946461039800849058e-01
9.943279217799495528e-01
9.956460570309417779e-01
9.928958946601865732e-01
9.947770537419672321e-01
9.946080433779461716e-01
9.941697672077897119e-01
9.956992360633681871e-01
9.999702771870293549e-01
9.952131840646629701e-01
9.926802734194998257e-01
9.980306854798652871e-01
9.962988769967177083e-01
9.941858552536186888e-01
9.951370474341042494e-01
9.983332731674418037e-01
9.957023749512190491e-01
9.980957555609272225e-01
9.965005738640793087e-01
9.960678032184741015e-01
9.958373557548209076e-01
9.940569153345685249e-01
9.975629428995855807e-01
9.974260618360109021e-01
9.991231360190446775e-01
9.982680414263346291e-01
9.972312159918598207e-01
9.949522372201677900e-01
9.980400629200418816e-01
9.943992099136685914e-01
9.966049166937465120e-01
9.976164523921968730e-01
9.988266112471237967e-01
9.968043031656715902e-01
9.958705228278896815e-01
9.983551451072878447e-01
9.983664202278075273e-01
9.990589988404814381e-01
9.983816608521274283e-01
9.987456140565017515e-01
9.969575674572754842e-01
9.999422042823332690e-01
1.000571961616022909e+00
9.975323959782071981e-01
9.967940891266010572e-01
9.971101979323883091e-01
9.982884262731763769e-01
9.959277887420943109e-01
1.000933078865359649e+00
1.000671574899326233e+00
9.961087014661822447e-01
9.986710132938104723e-01
9.994986330725790236e-01
1.001257198793292336e+00
1.001620048503221394e+00
9.971516626590242183e-01
9.950701356862108327e-01
9.973665403495245441e-01
9.991488368465814007e-01
9.992500369000532068e-01
9.994269401364795913e-01
9.975293585298621313e-01
9.945604357021474717e-01
9.953710390145223963e-01
1.000033341382015273e+00
9.987680599478945265e-01
9.995344522900899698e-01
9.980133749727246872e-01
9.975764331179358679e-01
9.991693457058484773e-01
9.973414359961850773e-01
9.979518286915459724e-01
9.984991930914088876e-01
9.974008323401426512e-01
9.974031446343576413e-01
9.999901889715833159e-01
1.000900695772942717e+00
1.000632064773828711e+00
9.959391976987194139e-01
9.964824789341770739e-01
9.998861440974531334e-01
9.991288354726778342e-01
9.975401018264494768e-01
1.000117913867185848e+00
1.000214715171115820e+00
9.988523157790102358e-01
9.990172444827717380e-01
1.001353941495952693e+00
9.976261555604022391e-01
9.981531786736962397e-01
9.990252465444889873e-01
9.955469523457204373e-01
1.000449223591782122e+00
9.968870428655991489e-01
9.978599294597033653e-01
9.975982726614546214e-01
9.990883185139127765e-01
9.978401467033538585e-01
9.998422015763864801e-01
9.988422862916889189e-01
9.985677182069740976e-01
9.998019331110389318e-01
9.994541575362093644e-01
9.968853092946655670e-01
9.968498864997986653e-01
9.987878925883540981e-01
9.976038657879243710e-01
9.980000588504556180e-01
9.966673921812410075e-01
9.986896762798714855e-01
9.979754437019158209e-01
1.000384715296997129e+00
9.997010693209885668e-01
9.963791130117444217e-01
9.984294746659727604e-01
9.969548643819176048e-01
9.984775239887216935e-01
9.991934237257448226e-01
9.991468872777360399e-01
9.973593310927256761e-01
9.993389738970946956e-01
9.977348912810888315e-01
9.996173351278159203e-01
9.993240341332676469e-01
9.995499255547587447e-01
9.982611687196825123e-01
9.998553809198327258e-01
9.984657157669345473e-01
9.986304364914823095e-01
9.966961967951289969e-01
9.988586531135356106e-01
9.991446979217084579e-01
9.988886282040030373e-01
9.901715181730414983e-01
9.768908012719920153e-01
9.681083372553149768e-01
9.541788613196569013e-01
9.440022982018807518e-01
9.338211884834486387e-01
9.223294170887988974e-01
9.121199174599264881e-01
9.020916609731559621e-01
8.918164916701267764e-01
8.816126817030841556e-01
8.698490213012932681e-01
8.598557469336713943e-01
