0.000000000000000000e+00
0.000000000000000000e+00
0.000000000000000000e+00
0.000000000000000000e+00
0.000000000000000000e+00
0.000000000000000000e+00
0.000000000000000000e+00
0.000000000000000000e+00
0.000000000000000000e+00
0.000000000000000000e+00
0.000000000000000000e+00
0.000000000000000000e+00
0.000000000000000000e+00
0.000000000000000000e+00
0.000000000000000000e+00
0.000000000000000000e+00
0.000000000000000000e+00
0.000000000000000000e+00
0.000000000000000000e+00
0.000000000000000000e+00
2.438852036109989314e-05
2.839250173506246977e-02
8.959940186833278419e-01
3.096606500414851304e+00
3.234916659425905561e+00
1.888450152277199479e+00
8.934620709935547911e-01
4.277560467218414764e-01
2.276004921889500932e-01
2.325507858889163393e-01
7.760049204896863895e-01
1.633444527954173164e+00
1.865925689189743775e+00
1.484212513190050542e+00
1.046671183894900770e+00
7.738097266388881401e-01
6.588318459845732278e-01
6.538252206375494424e-01
6.940587378457163670e-01
7.672351822762042417e-01
8.516855896395604253e-01
9.325783778842623439e-01
1.012368220530939000e+00
1.081216855279702127e+00
1.134103366603899099e+00
1.168218335954559706e+00
1.189622659676242478e+00
1.189848381508831432e+00
1.169450978100372129e+00
1.145465487753414502e+00
1.110672484844969832e+00
1.076049157326617323e+00
1.042648777609306965e+00
1.011013320873986210e+00
9.809953066122145682e-01
9.588445234002980211e-01
9.453339474193707126e-01
9.340818481194080869e-01
9.309030427113641482e-01
9.317301063337349865e-01
9.336970918060447655e-01
9.362614420400572346e-01
9.481821379538194483e-01
9.582121447345741672e-01
9.701001480517668085e-01
9.810480307365863073e-01
9.895800081919821078e-01
9.979073544682294239e-01
1.001555054826618774e+00
1.009052784735353869e+00
1.012270436416877306e+00
1.014621828147236116e+00
1.015928747022692757e+00
1.018483932843585738e+00
1.016744939106312140e+00
1.015305711459888460e+00
1.013723401075407704e+00
1.010564834358105735e+00
1.005890541802159754e+00
1.003885063156277235e+00
1.004170753909849001e+00
9.997093418331374215e-01
9.982373759795234447e-01
9.972155094017666199e-01
9.985248305326545060e-01
9.979957602883295920e-01
9.972220569359162567e-01
9.972283600615300392e-01
9.985686749974409526e-01
9.968572707796913290e-01
9.965230185240789851e-01
9.960888341977658378e-01
9.981708520834806642e-01
9.965551918007015120e-01
9.981830016821381379e-01
9.969510424098705359e-01
9.970080519610265979e-01
9.984646082813067869e-01
9.973412977869042795e-01
9.992799137770309592e-01
9.992523511401992797e-01
1.000745847189926874e+00
9.995703486918994241e-01
9.996771814703737657e-01
1.000524349638055810e+00
1.000229684425570698e+00
1.000171806596937163e+00
1.000782581635632384e+00
1.000520932344100888e+00
1.001430052922457348e+00
1.000577172562211015e+00
1.002084259070435523e+00
1.000847498460316620e+00
1.000906264894970921e+00
1.000473687559285008e+00
1.000249463918938986e+00
1.000050890168680207e+00
9.995177571055071652e-01
9.985845244553780420e-01
1.000008269448724008e+00
9.996345570899400901e-01
9.994362182747277279e-01
9.996948373859598780e-01
9.986486147541131508e-01
9.990627309724939842e-01
9.988230348027242744e-01
9.993619210726435442e-01
9.990901207136243523e-01
9.992874190238294485e-01
1.000353432370521434e+00
9.996108856302988732e-01
9.993261705958891294e-01
9.992035740860966131e-01
9.992367958411241258e-01
9.988100609822171405e-01
9.994723853401126235e-01
1.000696446203097389e+00
9.999748054488843962e-01
1.000273695143836017e+00
9.999223790993311267e-01
1.000900252503941879e+00
1.000119232082304688e+00
1.001462549990055573e+00
9.996172835745562590e-01
1.000548024779906120e+00
9.995824336296719181e-01
1.000498418903538189e+00
9.999513416062827398e-01
9.995522760117675487e-01
9.996052765828032927e-01
9.998922154491098890e-01
9.992113298872696836e-01
9.997240358908092706e-01
9.991420786673644860e-01
1.000629219030575889e+00
1.000330302574783392e+00
1.000077835027529449e+00
1.000098240850663789e+00
9.998153102934899117e-01
1.000485947236225304e+00
9.997516519955813585e-01
1.000371735838261111e+00
9.998857029081668069e-01
1.000183979184932737e+00
9.995707253780178325e-01
1.000508004992043620e+00
1.000127472655241379e+00
9.998812552084219707e-01
1.000499961242449221e+00
9.991161090430744629e-01
1.000247307434660060e+00
1.000028827679512178e+00
1.000501093420069987e+00
9.997414305553058433e-01
9.996100975073318740e-01
9.993677391133388710e-01
1.000923790377529876e+00
9.998458041422078058e-01
1.000386348661933766e+00
9.999560766192260308e-01
1.000564312405883616e+00
1.000390981705640225e+00
9.993252494936987196e-01
1.000004714519442839e+00
1.000594060440728628e+00
9.997310354696022916e-01
9.996382576848594770e-01
1.000047229688099115e+00
1.000369930400617502e+00
1.000377214516133595e+00
9.998529526412081037e-01
9.996646676967767542e-01
9.999814015943669920e-01
1.000418223818316799e+00
1.000163187795765518e+00
1.000290286331535272e+00
9.997290013127102526e-01
1.000310417862474655e+00
1.000196279206464478e+00
9.993832815309436901e-01
1.000356931789577741e+00
9.999107970909173471e-01
9.998950251593643479e-01
1.000875900890524584e+00
9.998795415841533751e-01
1.000105520501551881e+00
9.998978770130266813e-01
1.000190736566056504e+00
9.999591860907299790e-01
9.994586252116693936e-01
1.000480115846409834e+00
1.001053672727013621e+00
1.000230696472040659e+00
9.999461440809273016e-01
9.999528235381744956e-01
9.996610280836646378e-01
9.999143610059915144e-01
1.000359803041655171e+00
1.000575714031284980e+00
1.000616597086049886e+00
9.999105189381783942e-01
1.000512155852814722e+00
9.997041189654677362e-01
9.998249391559153043e-01
1.000118423704845938e+00
9.998049321842682469e-01
1.000060337353921192e+00
9.996653481447209666e-01
1.000519472631106410e+00
1.000178199087847997e+00
1.000363945028555079e+00
9.999793088442552325e-01
1.000141057627714325e+00
1.000142650971769243e+00
1.000021436280930320e+00
1.000421561975825213e+00
1.000470898413105214e+00
1.000477663670020112e+00
1.000659725377627929e+00
1.000046999236313239e+00
1.000733873048164746e+00
1.000349131204175013e+00
9.999781765430684199e-01
1.000548027693193065e+00
9.997219481364088001e-01
1.000315475069725180e+00
1.000163463235859806e+00
1.000023583007751959e+00
1.000420138358181221e+00
1.000397976487351848e+00
1.000333908281781037e+00
1.000063622169883537e+00
1.000305274074796191e+00
1.000260508335517828e+00
1.000055062057515709e+00
1.000525305742615778e+00
1.000412562166668629e+00
1.000118714971712119e+00
1.000076447765815946e+00
1.000119224789671524e+00
1.000168807023598339e+00
1.000076622342135346e+00
1.000296381157601999e+00
1.000398738331260251e+00
1.000292040911065161e+00
9.997530364028199834e-01
9.988636903196423944e-01
9.909690591815735194e-01
9.791538003533728496e-01
9.681167821152549813e-01
9.578594658829907571e-01
9.467283973930272767e-01
9.358487228092976506e-01
9.244512543015502848e-01
9.143865123020388230e-01
9.040105348138506303e-01
8.931015634994123875e-01
8.826388485633055447e-01
8.721211105880051218e-01
8.619111998174618927e-01
