0.000000000000000000e+00
0.000000000000000000e+00
0.000000000000000000e+00
0.000000000000000000e+00
0.000000000000000000e+00
0.000000000000000000e+00
0.000000000000000000e+00
0.000000000000000000e+00
0.000000000000000000e+00
0.000000000000000000e+00
0.000000000000000000e+00
0.000000000000000000e+00
0.000000000000000000e+00
0.000000000000000000e+00
0.000000000000000000e+00
0.000000000000000000e+00
0.000000000000000000e+00
0.000000000000000000e+00
0.000000000000000000e+00
0.000000000000000000e+00
0.000000000000000000e+00
0.000000000000000000e+00
0.000000000000000000e+00
0.000000000000000000e+00
0.000000000000000000e+00
0.000000000000000000e+00
-1.076417311882127414e-07
-9.265771276252554589e-06
-1.551803995591335972e-04
-1.252910963878556272e-03
-5.850084582071396477e-03
-1.622692339481133367e-02
-3.078095972886472909e-02
-4.515458028621514158e-02
-5.547465721621076817e-02
-6.019415421587842596e-02
-5.991929541451608554e-02
-5.587676935934091094e-02
-4.952308193441663092e-02
-4.172742322328883147e-02
-3.272846244487941092e-02
-2.306735103569398926e-02
-1.312375184696374514e-02
-3.225103336224586364e-03
6.397482795005977191e-03
1.529898456298718797e-02
2.373644702591039615e-02
3.104028399531754898e-02
3.834641210146897544e-02
4.493735385374898750e-02
5.138280669799586559e-02
5.700359426595577594e-02
6.173715829659440907e-02
6.488978258788116737e-02
6.671139369482476100e-02
6.773603802548247566e-02
6.838614941575138495e-02
6.876016469153198307e-02
6.950646053258494050e-02
7.034743117521519151e-02
7.144545360411629076e-02
7.311145281817928165e-02
7.507601600253954732e-02
7.724659559558577637e-02
7.946038158249794925e-02
8.166786941293760482e-02
8.353167901433969367e-02
8.500437553203697705e-02
8.655625697538611718e-02
8.767496050015108344e-02
8.863575922949372410e-02
8.937116360698846296e-02
8.977908762649727814e-02
9.024391709064039091e-02
9.068872913236797340e-02
9.125877016537431441e-02
9.180997728733851504e-02
9.220790697107932032e-02
9.298177146605349219e-02
9.397473547548673700e-02
9.549348384157045622e-02
9.699913753453523468e-02
9.871528530684581249e-02
1.003558765139312414e-01
1.015587190045702387e-01
1.030798667925472284e-01
1.046701061511838282e-01
1.056846008064295517e-01
1.061188954099647197e-01
1.066215324155605493e-01
1.068787258406548313e-01
1.071531863592448397e-01
1.071877685837011596e-01
1.071261736303057155e-01
1.071452632398941368e-01
1.071134953711436744e-01
1.072703430505610317e-01
1.074733269145762560e-01
1.076604388116708944e-01
1.077501216114214594e-01
1.079678418600626549e-01
1.083473100580498449e-01
1.086029141273022053e-01
1.085138486257352652e-01
1.087607461288335742e-01
1.090854950958858594e-01
1.091162423317464103e-01
1.091624620066005136e-01
1.092748284870778963e-01
1.088784607109259117e-01
1.088579080700352586e-01
1.080480770974029947e-01
1.074561252293489699e-01
1.073483226435439225e-01
1.072404361496845093e-01
1.071244019236185230e-01
1.071210506889310882e-01
1.069091637999928512e-01
1.066004909145986529e-01
1.061549687649704643e-01
1.060484672129191897e-01
1.058022451849228995e-01
1.055084201361252000e-01
1.051686280398223816e-01
1.048621666948637565e-01
1.042926979179151226e-01
1.034749685553814913e-01
1.034326866871464051e-01
1.037773519067016759e-01
1.032105263052650324e-01
1.025407980427793242e-01
1.023766923846618770e-01
1.022734888822377231e-01
1.021469991262537180e-01
1.018340227303710793e-01
1.018405577893570224e-01
1.014340715341925242e-01
1.013257205317518728e-01
1.015395080014092344e-01
1.013505799722903833e-01
1.015099730070017636e-01
1.010810315105691443e-01
1.005715775528709111e-01
1.005157687141638445e-01
1.001007867702047027e-01
9.982491172579503746e-02
9.955765864657789566e-02
9.884107852308210429e-02
9.826591212747762261e-02
9.764337844464655858e-02
9.758555315700986887e-02
9.735869984523615184e-02
9.685250465489733673e-02
9.700085377297550104e-02
9.687334505190613176e-02
9.629771078002422047e-02
9.585746542526968339e-02
9.573545682169340432e-02
9.539874364985739819e-02
9.444303666804915176e-02
9.416524970833631270e-02
9.327536005331382718e-02
9.281246858372860231e-02
9.229415619629910417e-02
9.097203507107969045e-02
9.037450695447166171e-02
8.980734368057244343e-02
8.838111035349080491e-02
8.732947775825312953e-02
8.690213764923532258e-02
8.640235468156490239e-02
8.562610036096704458e-02
8.462806635952258016e-02
8.297195703554496871e-02
8.194740827007364337e-02
8.037547095615282799e-02
7.918264322683300771e-02
7.828010825932063543e-02
7.712266467063913500e-02
7.642829032406350809e-02
7.521606615019130193e-02
7.311097957669379643e-02
7.218371236600717999e-02
7.110480464116722410e-02
6.977586160249485414e-02
6.834944766719171227e-02
6.658788500768637875e-02
6.510434255930108716e-02
6.353639284625756112e-02
6.224239015279485476e-02
6.094331574719286798e-02
5.940729849082389269e-02
5.798349928397363712e-02
5.677677739390776801e-02
5.520572453241329169e-02
5.491612807263653029e-02
5.370762431173087270e-02
5.305470879895782949e-02
5.230410579429130985e-02
5.118219130620388357e-02
4.991710753445323390e-02
4.886515737454886349e-02
4.772269529668181354e-02
4.659436398933575196e-02
4.573338734424949731e-02
4.507678017050111008e-02
4.366955688240559130e-02
4.321571807259031589e-02
4.261413752009761413e-02
4.095037185877652836e-02
3.982613811327736369e-02
3.939421490837041046e-02
3.784742858903328289e-02
3.681673226569779495e-02
3.545411428192814240e-02
3.460249784307558446e-02
3.399160443575231089e-02
3.354668212998884735e-02
3.280890791591811739e-02
3.197135135947144768e-02
3.104541991658067712e-02
3.047202276632361012e-02
2.922560072841006579e-02
2.896210879746479241e-02
2.845126737278090914e-02
2.799845897383364257e-02
2.800836634246728005e-02
2.748683417023146253e-02
2.659571225106763595e-02
2.582643665551932061e-02
2.500041220808464290e-02
2.445218589566741305e-02
2.285044490327148292e-02
2.256340960179870764e-02
2.237088300977133071e-02
2.112796560551082753e-02
2.064355520769874455e-02
2.009740931822803084e-02
1.849502138568398513e-02
1.845689842542449707e-02
1.749882955083066627e-02
1.627887671729886729e-02
1.446457556788092319e-02
1.391689408376373463e-02
1.372825559167395112e-02
1.259017376738026314e-02
1.159475249535134658e-02
1.022311549359145033e-02
9.718697607892897578e-03
8.158319566156885944e-03
7.598123028297106007e-03
6.117363579604764151e-03
5.083861739771516897e-03
4.247209130987691234e-03
3.622834482836696096e-03
2.165545277538299257e-03
1.707826748484891216e-03
7.726659592011894673e-04
-5.644267011837220127e-04
-2.152619755752982478e-03
-3.500918307745390368e-03
-5.114468951757045190e-03
-6.120912566113245745e-03
-7.658130358828327267e-03
-8.474597739627061366e-03
-9.788687251405379930e-03
-1.211601224865173354e-02
-1.308668088261365908e-02
-1.420945400756954552e-02
-1.650607856414926938e-02
-1.844046978016970068e-02
-1.946350394437738190e-02
-2.108736486471717714e-02
-2.221273494724073511e-02
-2.399438842977756267e-02
-2.556609374360304526e-02
-2.753912630997913322e-02
-2.847316820120623579e-02
-3.104443980799850497e-02
-3.284046893880479545e-02
-3.409330490603121322e-02
-3.579582401761103455e-02
-3.830553309030727827e-02
-3.973428122890362846e-02
-4.200950435118042808e-02
-4.375389438685113597e-02
-4.531261950412857065e-02
-4.770673776546406619e-02
-4.881900501088042021e-02
-5.087989096773335579e-02
-5.227061024113513477e-02
-5.377936175528147400e-02
-5.748786377807595105e-02
-5.920362113455930608e-02
-6.014232370045149295e-02
-6.301870524659877737e-02
-6.414300888477343643e-02
-6.560584021260090770e-02
-6.730374823706812559e-02
-6.950898910875502601e-02
-7.145957578279522882e-02
-7.406956816993480464e-02
-7.703385444929936043e-02
-7.818694169057857635e-02
-8.040053719580655955e-02
-8.289775798637245841e-02
-8.428451796527564044e-02
-8.654269983374397734e-02
-8.844343754108899280e-02
-9.092429593642306629e-02
-9.278723201488464634e-02
-9.560988233420963933e-02
-9.752541380366537560e-02
-9.904759656983433413e-02
-1.019115530485018573e-01
-1.048797339114973526e-01
-1.067732698173082251e-01
-1.085556524110893040e-01
-1.109875294721197198e-01
-1.126894233039428539e-01
-1.152122503355427346e-01
-1.180259094566197264e-01
-1.207288646904542823e-01
-1.227907853566057861e-01
-1.244783121799499792e-01
-1.274641657655883886e-01
-1.301861604336609912e-01
-1.328919634784821446e-01
-1.355686528554676529e-01
-1.376894759024744341e-01
-1.405868510439429730e-01
-1.441527100315223020e-01
-1.471488788626759969e-01
-1.511895367561365000e-01
-1.541280015429870587e-01
-1.569946416475566375e-01
-1.607867772316382005e-01
-1.633930195985414668e-01
-1.672367090446664761e-01
-1.716542872555954224e-01
-1.753859745469987796e-01
-1.788675610781008951e-01
-1.838234739146022978e-01
-1.869934904379441098e-01
-1.908620009680914165e-01
-1.946984408884142315e-01
-1.987993864753933027e-01
-2.024786490726366572e-01
-2.060329728457534482e-01
-2.101275899555312687e-01
-2.155017420733553180e-01
-2.193643669427451093e-01
-2.236428040266385531e-01
-2.278502286294961654e-01
-2.319689428712251034e-01
-2.376759932295093580e-01
-2.399461625967294065e-01
-2.448542816071591355e-01
-2.497610730728231920e-01
-2.551421164414261478e-01
-2.593734494432445858e-01
-2.646817882855694304e-01
-2.694770215602882990e-01
-2.746343662561021026e-01
-2.799400087003457993e-01
-2.840006918855852991e-01
-2.881622982447990533e-01
-2.932679782935530555e-01
-2.973163779144694097e-01
-3.025311873505275306e-01
-3.068282965261468487e-01
-3.115623073823209355e-01
-3.156350281600090457e-01
-3.203702980303744230e-01
-3.248036711897486217e-01
-3.301549582736453825e-01
-3.345480604145012471e-01
-3.384369896182963799e-01
-3.424097272431189110e-01
-3.457762877039796123e-01
-3.499788689421940990e-01
-3.528280726302841508e-01
-3.559443236861938864e-01
-3.605370940257643930e-01
-3.648717507778991287e-01
-3.698348866732712459e-01
-3.738370997469107060e-01
-3.783458205616812009e-01
-3.831102699004298451e-01
-3.878526178637486943e-01
-3.925487680813217750e-01
-3.972496531969982314e-01
-4.007252692832712349e-01
-4.057022105991450189e-01
-4.092577903378202819e-01
-4.121886664705636250e-01
-4.165302868859050989e-01
-4.213400683854304773e-01
-4.268658248815331291e-01
-4.313016690748279203e-01
-4.356304332042562066e-01
-4.407606192167019543e-01
-4.449056422120589716e-01
-4.494481070005420520e-01
-4.541947970631499132e-01
-4.587205823742390720e-01
-4.625413085273795133e-01
-4.657753158923512160e-01
-4.711338311539705614e-01
-4.753817145635768071e-01
-4.800518763766614683e-01
-4.847818366160669967e-01
-4.888694596723279773e-01
-4.929636800275360997e-01
-4.978783869496226089e-01
-5.022348251940247366e-01
-5.067741005162709200e-01
-5.111637979474803473e-01
-5.148853833670408164e-01
-5.185825794661944599e-01
-5.232068662474791410e-01
-5.264954988531247437e-01
-5.311900625563339418e-01
-5.353342884196159446e-01
-5.388163431397998693e-01
-5.428443232264683616e-01
-5.464512129664598206e-01
-5.499221545453956139e-01
-5.533033499045494352e-01
-5.563562441133065306e-01
-5.607047460576630726e-01
-5.645651339147192971e-01
-5.676878075464202311e-01
-5.721350966978846486e-01
-5.760181094821916759e-01
-5.786026961427026549e-01
-5.829465527508936873e-01
-5.862229400275253965e-01
-5.904303183226637941e-01
-5.943361706914807030e-01
-5.977371757169471778e-01
-6.010582165706637170e-01
-6.050892808841794590e-01
-6.074850111379390682e-01
-6.104152866873171490e-01
-6.132093987184212835e-01
-6.162817988971482919e-01
-6.194735471626273693e-01
-6.230170698000989660e-01
-6.268398901492346909e-01
-6.305994729638584317e-01
-6.342640994656321141e-01
-6.375301723608046700e-01
-6.427776991622664582e-01
-6.471740445660927321e-01
-6.509568042407209987e-01
-6.548377866816608162e-01
-6.580103062946420778e-01
-6.622365139361718889e-01
-6.656007149298091008e-01
-6.693423776104268086e-01
-6.724867882083387371e-01
-6.761071420552511313e-01
-6.799619455931775747e-01
-6.835195988368525377e-01
-6.866364706256291583e-01
-6.902200424513296184e-01
-6.938126919174152363e-01
-6.979122286358290239e-01
-7.010029719304995410e-01
-7.042561784865171148e-01
-7.075099944937193186e-01
-7.119518986731634413e-01
-7.151662119322850231e-01
-7.192096117184050286e-01
-7.231336144044249181e-01
-7.267574941330110505e-01
-7.309211126842711792e-01
-7.357599794551674677e-01
-7.384095409591253656e-01
-7.421505116961952808e-01
-7.456710955100334104e-01
-7.493012419898121834e-01
-7.541088283085031208e-01
-7.582160854357766766e-01
-7.629316791664564334e-01
-7.664170303354183034e-01
-7.693972567507643134e-01
-7.734585973247334323e-01
-7.769804273095104463e-01
-7.815031477344831501e-01
-7.854754789410520743e-01
-7.896142946371043081e-01
-7.939894341300117730e-01
-7.984055287140279233e-01
-8.024496873450601697e-01
-8.068492952544374930e-01
-8.112201507253189448e-01
-8.147271325962321953e-01
-8.182292432574911345e-01
-8.222852132581977003e-01
-8.267018992255970034e-01
-8.301994064931221828e-01
-8.340399847282924384e-01
-8.375271388680971540e-01
-8.414353177258249161e-01
-8.457010862270806228e-01
-8.489539397149883371e-01
-8.520451615360684627e-01
-8.556425909271183627e-01
-8.592362619759086328e-01
-8.623039561381062867e-01
-8.649360877941631998e-01
-8.681191319217589353e-01
-8.708849312664455056e-01
-8.737862570959009645e-01
-8.763693850604852287e-01
-8.798158972738860939e-01
-8.822145636879668018e-01
-8.848982910915452749e-01
-8.880142049681722938e-01
-8.904965679934093714e-01
-8.932627680762834643e-01
-8.957833752724297938e-01
-8.980603591894009696e-01
-9.004817006916141509e-01
-9.027276987291656951e-01
-9.057604866158897039e-01
-9.081496122697387818e-01
-9.104471604735806523e-01
-9.131113153862031595e-01
-9.155541431376832406e-01
-9.187164001098722110e-01
-9.213728107301903947e-01
-9.238023115843532196e-01
-9.260873882396651879e-01
-9.284483969636028178e-01
-9.305287161348871905e-01
-9.324935997421732736e-01
-9.348052438902811900e-01
-9.372897789496050791e-01
-9.396210384072674060e-01
-9.415633996625842883e-01
-9.435178596453681621e-01
-9.452033079678017202e-01
-9.468912059076615151e-01
-9.484965193434220510e-01
-9.504781202173546717e-01
-9.523446579149492663e-01
-9.541785967539624380e-01
-9.563023929492544539e-01
-9.579787698542077123e-01
-9.595681092462484685e-01
-9.609246259769577136e-01
-9.628084465954316329e-01
-9.643195549255381138e-01
-9.654988501297907533e-01
-9.668019831853769119e-01
-9.680236831976571921e-01
-9.693304319595767993e-01
-9.707754236554535510e-01
-9.719813114294595380e-01
-9.730841966812135979e-01
-9.743206599353868569e-01
-9.751734707883485953e-01
-9.763102089328015154e-01
-9.773429553856942675e-01
-9.783222423751567476e-01
-9.792968687040684017e-01
-9.803816319510758603e-01
-9.812416238655146117e-01
-9.818062114968029164e-01
-9.824814003140147634e-01
-9.830053458017857793e-01
-9.837432475034972867e-01
-9.845899143639940121e-01
-9.852302120044384992e-01
-9.859209740316146053e-01
-9.867658810668729075e-01
-9.871857885575821001e-01
-9.877269138851545449e-01
-9.883503442334244937e-01
-9.889039455856618588e-01
-9.895685879678239871e-01
-9.903631965597128328e-01
-9.909276809966627297e-01
-9.916054723399838622e-01
-9.922191613388804399e-01
-9.924523826231279600e-01
-9.928626381309868520e-01
-9.933167309974919590e-01
-9.936958821667758457e-01
-9.942087137043245093e-01
-9.946260839458886949e-01
-9.950472699969736823e-01
-9.953847632245356181e-01
-9.956680286042001171e-01
-9.959287085402479534e-01
-9.961486603544926766e-01
-9.963175611241581464e-01
-9.966594906902628281e-01
-9.967186132002439081e-01
-9.969284651709813261e-01
-9.971966063416743964e-01
-9.973867146733255140e-01
-9.974937652713720126e-01
-9.975376454045772334e-01
-9.976997022239402213e-01
-9.978671951379283200e-01
-9.979008593701337304e-01
-9.981004750644046908e-01
-9.981085598055301489e-01
-9.982046877290144948e-01
-9.982123184798865623e-01
-9.982215382284493899e-01
-9.982277671884958181e-01
-9.982844069082261740e-01
-9.983638605736473437e-01
-9.984241862409817259e-01
-9.984624548068836702e-01
-9.984865624257395211e-01
-9.984749962153500746e-01
-9.984786910882235134e-01
-9.985105988259306287e-01
-9.985297412009117579e-01
-9.985534459833615983e-01
-9.985547012727806759e-01
-9.985580703774985523e-01
-9.985579922936267394e-01
-9.985588164822729595e-01
-9.985589732062294388e-01
-9.985589821394569299e-01
-9.985589821394569299e-01
-9.985589821394569299e-01
-9.985589821394569299e-01
-9.985589821394569299e-01
-9.985589821394000865e-01
-9.985589821394569299e-01
-9.985589821394569299e-01
-9.985589821394000865e-01
-9.985589821394569299e-01
-9.985589821394000865e-01
-9.985589821394569299e-01
-9.985589821394000865e-01
-9.985589821394569299e-01
-9.985589821394569299e-01
-9.985589821394569299e-01
-9.985589821394569299e-01
-9.985589821394000865e-01
-9.985589821394569299e-01
