0.000000000000000000e+00
0.000000000000000000e+00
0.000000000000000000e+00
0.000000000000000000e+00
0.000000000000000000e+00
0.000000000000000000e+00
0.000000000000000000e+00
0.000000000000000000e+00
0.000000000000000000e+00
0.000000000000000000e+00
0.000000000000000000e+00
0.000000000000000000e+00
0.000000000000000000e+00
0.000000000000000000e+00
0.000000000000000000e+00
0.000000000000000000e+00
0.000000000000000000e+00
0.000000000000000000e+00
0.000000000000000000e+00
0.000000000000000000e+00
0.000000000000000000e+00
0.000000000000000000e+00
0.000000000000000000e+00
0.000000000000000000e+00
0.000000000000000000e+00
0.000000000000000000e+00
0.000000000000000000e+00
0.000000000000000000e+00
0.000000000000000000e+00
0.000000000000000000e+00
0.000000000000000000e+00
2.419622508805830113e-03
6.137167486125099519e-02
2.695590265215581094e-01
6.212799194299101213e-01
1.005897423486252329e+00
1.327287650167269684e+00
1.579278263347082101e+00
1.599544863077588808e+00
1.659617321320034256e+00
1.618930527705500610e+00
1.669411923734511083e+00
1.601748575659998508e+00
1.533395594192715095e+00
1.496780072320924360e+00
1.439251540012122188e+00
1.406331636864113444e+00
1.347743142020616958e+00
1.324893671377642912e+00
1.252797159956751560e+00
1.262045657794065967e+00
1.227543192034374009e+00
1.210408625227894275e+00
1.119447074709458478e+00
1.035093519836100651e+00
9.922837608152971223e-01
9.920687249968724863e-01
9.618570287774048655e-01
9.748581788262812298e-01
9.701723742177551513e-01
9.721488408446929963e-01
9.871332691065292098e-01
1.004663955383956697e+00
1.002448085258463628e+00
9.915171417812964627e-01
1.016318905681483198e+00
1.018559855849043627e+00
1.018114983922550509e+00
1.015470808140569892e+00
1.009325133655081030e+00
1.022440286080437577e+00
1.039363465468226444e+00
9.974140777303041050e-01
1.023792715294312039e+00
1.001035511799076572e+00
1.009233731131573775e+00
1.021587307609517215e+00
1.003189470879084499e+00
1.001951126776141399e+00
1.010904400157717653e+00
1.018735814302859533e+00
1.021543082542704983e+00
1.005748048927288973e+00
9.898955391285293448e-01
9.829140085931489246e-01
1.001276941875316462e+00
1.013719428134298939e+00
9.728058112862479900e-01
9.771567291687823786e-01
9.911129122431874272e-01
9.608294788190677727e-01
9.745004848195856217e-01
9.960581219694474298e-01
9.527569690788973977e-01
9.827089411687921494e-01
9.927754220629555482e-01
9.826200727140589342e-01
9.638301852258627234e-01
9.795007989175718022e-01
9.882867933912508063e-01
1.004732296166255479e+00
9.971514721256347080e-01
9.853315994757052554e-01
9.811768041089620196e-01
9.619386133856712151e-01
9.869340287763483932e-01
9.842581997360989599e-01
9.933536212139441046e-01
9.816541499149170624e-01
9.754209266534277223e-01
9.940284986774680087e-01
9.820724031776149054e-01
9.975114126108981516e-01
1.001259540797913461e+00
9.872349285062179680e-01
9.970319629238999504e-01
9.838811048153894845e-01
1.007900710727142934e+00
9.877128309550176066e-01
9.708309887519046555e-01
9.931479201474243679e-01
9.956530815284111435e-01
1.005384594226007122e+00
9.986144637975258309e-01
9.989794053891902781e-01
1.000196853937033614e+00
9.906729230745616732e-01
9.984568387892546193e-01
1.007115397814965840e+00
9.969906396093686229e-01
1.000239130037156698e+00
1.020213795969949766e+00
1.007197512181380317e+00
9.970150102417423277e-01
1.015957297075948507e+00
1.014159904478580287e+00
1.022872938738658588e+00
1.004620000688298598e+00
9.923557805392513309e-01
1.002979472099556846e+00
1.010951039643630534e+00
9.930549790129197252e-01
1.000390858908269287e+00
9.969324924245729358e-01
1.004800421956087320e+00
1.014343407640294403e+00
1.001382084647635562e+00
1.006666819589603579e+00
1.003226176324496954e+00
1.007844370137049861e+00
1.008647440448604105e+00
1.008295444583686251e+00
9.905725739872414115e-01
1.014444202721258792e+00
1.018052411618381559e+00
1.000780449118900073e+00
1.008128718950425551e+00
1.007128080889007737e+00
1.009082977053780361e+00
1.011712060236632960e+00
1.002546467319756385e+00
9.979483598166750680e-01
1.003843862510422458e+00
1.005523965442149281e+00
1.005980017076719468e+00
1.012224964549926831e+00
9.965082795985469311e-01
9.954711466189740676e-01
1.011978430346067492e+00
1.019754315169108860e+00
9.969662226931712556e-01
1.024599279617181891e+00
1.014771612102741916e+00
1.000635026502144864e+00
1.007532431028178799e+00
1.001930025892679543e+00
1.009839164177993798e+00
1.016592458830006374e+00
1.016688372685385922e+00
1.010533859553276681e+00
1.015028461368630008e+00
1.014625266712708029e+00
1.000833181132618543e+00
1.007496181958820403e+00
1.010500048041542476e+00
1.006751881308323826e+00
1.004613505758942704e+00
1.009463796688243153e+00
9.957408974316235284e-01
1.010533719824502796e+00
1.006998656176963491e+00
1.008654547055102269e+00
1.004357805172180651e+00
1.004777063094804079e+00
9.999618592514349924e-01
1.002322625915067045e+00
1.007444130954628703e+00
1.015580910958759908e+00
1.009822577366148000e+00
1.001534274327532836e+00
1.003335191931211678e+00
9.990783472061248727e-01
1.007328380547924729e+00
1.009454476539475731e+00
1.008735042595083176e+00
1.002352970231017659e+00
1.002606703920055464e+00
1.001972510664970173e+00
1.009036835052302017e+00
9.998646827827010197e-01
9.954268135656586525e-01
1.003507743317873624e+00
1.008308830550630253e+00
9.977265915103717964e-01
1.005405767379101034e+00
1.004911763773487676e+00
1.006996481441944091e+00
9.986970295082190363e-01
1.004261925919883724e+00
9.997670001669535234e-01
9.958306528046632078e-01
1.004746549444043069e+00
1.004392734035913781e+00
1.001529544330812760e+00
9.994396389087017996e-01
1.002021954396471459e+00
9.990439238711242842e-01
9.958706550849021344e-01
1.006441570866623003e+00
1.003046409682565754e+00
1.004055788075407740e+00
1.000709288255544616e+00
9.957618346722758584e-01
9.993176020111835811e-01
1.002012518355907655e+00
1.002525986363290489e+00
1.001599793689601281e+00
9.938002660266732624e-01
9.962689584820616506e-01
1.000085076507673421e+00
9.976388652436197768e-01
9.944577499163702594e-01
9.928261997353491353e-01
1.006150935318985917e+00
9.952263722608861718e-01
9.889876300742443949e-01
9.982283226804392617e-01
9.937450763265297526e-01
9.910706636938452219e-01
9.952342221748339268e-01
9.981136610393860353e-01
9.918624151810836453e-01
1.001100517429190706e+00
9.967674190064400586e-01
9.987363015325528837e-01
9.929934466980079311e-01
9.917802159727105993e-01
9.959332964084918194e-01
9.883325606150312748e-01
9.941544410303330137e-01
9.876686785607373675e-01
1.001319630469982513e+00
9.938096056998111383e-01
9.869378291027511851e-01
9.950021331848255546e-01
9.922556273340787936e-01
9.953201969370305546e-01
9.874394765054839151e-01
9.912552995088929064e-01
9.884748165306366241e-01
9.886287991401944142e-01
9.973531136197790747e-01
9.931668492953884542e-01
9.941508545108190820e-01
9.924493535548754020e-01
9.935301551552255805e-01
9.949305575325488871e-01
9.893006440085281294e-01
9.939414940298383350e-01
9.895927747022441601e-01
9.964956176231337670e-01
9.986244650322753103e-01
9.971029449672836886e-01
9.943382187522119553e-01
9.939015054912239133e-01
9.977472639681265187e-01
1.001281190090444584e+00
9.981768501863934606e-01
9.909517534674562311e-01
9.900049751878737814e-01
9.906410369079894362e-01
9.936469375183523134e-01
9.977112134150217804e-01
9.917463512488462474e-01
9.850226730139672870e-01
9.980964416227748881e-01
9.906378517473647394e-01
9.893065486206817916e-01
9.971329197180553994e-01
9.928409496711327886e-01
9.971325666384038833e-01
9.914271316321868754e-01
9.906951109986339432e-01
1.000390941705485703e+00
1.002415499769011342e+00
9.928923656801477149e-01
9.921364708909599095e-01
9.940102672133893646e-01
9.887496998212285115e-01
9.956430921225878361e-01
9.889663129058702262e-01
9.925866984959490491e-01
9.907437262586771265e-01
9.905652966001262660e-01
9.905997143171350050e-01
9.904811247777166594e-01
9.893015842378358737e-01
9.902013624699365080e-01
9.932479319101400472e-01
9.964134294022571892e-01
9.973696567753985720e-01
9.901875735283148794e-01
9.913861503913514728e-01
9.916218021855333076e-01
9.958945034163682042e-01
9.943511821255318628e-01
9.897786260956560334e-01
9.908622515846425838e-01
9.881206974208489591e-01
9.966840127789652337e-01
9.883207166508890529e-01
9.927563441406804801e-01
9.975008784607046763e-01
9.940320497333987593e-01
9.931833675826592378e-01
9.899700043243885306e-01
9.950471220000365324e-01
9.910353490576538915e-01
9.875145541453161924e-01
9.853512144401638251e-01
9.887877945644182320e-01
9.909834473502465713e-01
9.857884838159262086e-01
9.959602203056796554e-01
9.974698664992586172e-01
9.914527298398501109e-01
9.877181767812769353e-01
9.872511575294070640e-01
9.915772546496985917e-01
9.898227970395934161e-01
9.860297699088045320e-01
9.952066294617691877e-01
9.891139769548463745e-01
9.913940603781088434e-01
9.921424342688889286e-01
9.859796529092973438e-01
9.962783098861863751e-01
9.872933261223287849e-01
9.891164974241108965e-01
9.850426636737847907e-01
9.872803910762972812e-01
9.911135449236945227e-01
9.913446429414459748e-01
9.882327744118624135e-01
9.860256207787130300e-01
9.767372889712487849e-01
9.655423980468608169e-01
9.562947803676263847e-01
9.498562057159896099e-01
9.420751126771398365e-01
9.385707932409259602e-01
9.268353801787631019e-01
9.222031979781299960e-01
9.097243121659104315e-01
9.041020650747070286e-01
8.967301825357869571e-01
8.905417010729848037e-01
8.874557681350329075e-01
8.781971639727587098e-01
8.723163666440235664e-01
8.649013832839004268e-01
8.572138594565316128e-01
8.493568363956593981e-01
8.374150864763512114e-01
8.329430806844574375e-01
8.263249746619815150e-01
8.214437842104862497e-01
8.103016592938243612e-01
8.064378502251102754e-01
7.959636921607359250e-01
7.926323249749110955e-01
7.861523219414736641e-01
7.785980213353932422e-01
7.629848218373085356e-01
7.639891645961320865e-01
7.548425227401421855e-01
7.525441682058681137e-01
7.387027623997232118e-01
7.327849371553413205e-01
7.278347341996640463e-01
7.234561810118881331e-01
7.126478341174702358e-01
7.060135692770274085e-01
7.013017924302182848e-01
7.012210889138754677e-01
6.898669243030928211e-01
6.838178198690796350e-01
6.773136330376596792e-01
6.680662633723017940e-01
6.596026395454598346e-01
6.562005417272706032e-01
6.510795871776177135e-01
6.430724895569814858e-01
6.348051333080637626e-01
6.312217699500252133e-01
6.229368069422783760e-01
6.178936821459575235e-01
6.176027237827342864e-01
6.062715315468841792e-01
5.997552311614325893e-01
5.931581941386644408e-01
5.899888807634280363e-01
5.818593304001747901e-01
5.769660287945417299e-01
5.742109261848760138e-01
5.640751772773709982e-01
5.590769818237676381e-01
5.511763896848589361e-01
5.497837245045241739e-01
5.433738495568917193e-01
5.315696855588618597e-01
5.297019193221058631e-01
5.244955040358724174e-01
5.169868684139683479e-01
5.115575549507553887e-01
5.057548247306485889e-01
5.013545446311263865e-01
4.957786332406982077e-01
4.917093174629946772e-01
4.819103431994237741e-01
4.759445287763375831e-01
4.742713430613405556e-01
4.643986705373116530e-01
4.612325503654022274e-01
4.551796928399297615e-01
4.502108425795284807e-01
4.440413826067478031e-01
4.352427471864219743e-01
4.325818664856556084e-01
4.288708116697431127e-01
4.208287448852039980e-01
4.169525525509247821e-01
4.121155885110395212e-01
4.049530337194944818e-01
4.011447209861925822e-01
3.949125348786208800e-01
3.881549533128967333e-01
3.853931002882420298e-01
3.765239429627715295e-01
3.740339905384078567e-01
3.682106053268069390e-01
3.635276632744618430e-01
3.610537493224113548e-01
3.525568834235288107e-01
3.502281372580935415e-01
3.433896763708625399e-01
3.394255544313192763e-01
3.339651097256850498e-01
3.277988074028901910e-01
3.235936153983760000e-01
3.175827092024935405e-01
3.118088394340160496e-01
3.065057659286389846e-01
3.041201359590191000e-01
2.988191886255309737e-01
2.950521363567791266e-01
2.891091597532531865e-01
2.862935641528027153e-01
2.799019981842890137e-01
2.751589931517339216e-01
2.699226247033935655e-01
2.646548424512793485e-01
2.601503190042508407e-01
2.553110033096806508e-01
2.516549895316992358e-01
2.481796981054900930e-01
2.400591886944518916e-01
2.390349284332068669e-01
2.342841048528315484e-01
2.274306409614824109e-01
2.219334415616712464e-01
2.185911638200394858e-01
2.137893196764175108e-01
2.102322832781015338e-01
2.050820876145195426e-01
2.027979957126787858e-01
1.970533822087545128e-01
1.921002524716036997e-01
1.883640260774253061e-01
1.839055148203475043e-01
1.789970486927488780e-01
1.760690290868311692e-01
1.713989644643758026e-01
1.659121646102253989e-01
1.623212024910350160e-01
1.579821236058334966e-01
1.535449815457042011e-01
1.486800864337635419e-01
1.450268986598419463e-01
1.418313179926146417e-01
1.370519238975455856e-01
1.340065805827464485e-01
1.306274206401975557e-01
1.252292606006435161e-01
1.216045187785488452e-01
1.183819025923628088e-01
1.147062838499875170e-01
1.111747182828221325e-01
1.075132223973977175e-01
1.055071828367807052e-01
1.019780812632242184e-01
9.938460210973693032e-02
9.585156370081152066e-02
9.359764468064411813e-02
9.131219758073286230e-02
8.853915397935059606e-02
8.541837267150972912e-02
8.322664154162259798e-02
8.019553261295706004e-02
7.860831873533460912e-02
7.512566203576201418e-02
7.386153117280265523e-02
7.135313662862759199e-02
6.972770182374424253e-02
6.842488517666529824e-02
6.505059012753683367e-02
6.385733833205586851e-02
6.208243395968188888e-02
6.045688202606894907e-02
5.842635009032625532e-02
5.686245690141486508e-02
5.447037824582813548e-02
5.367418691537733516e-02
5.155042073498550259e-02
5.025578782986225845e-02
4.880084554834652338e-02
4.677334816498915360e-02
4.600989681936774878e-02
4.458529195384600824e-02
4.290833112976270847e-02
4.185332208020195455e-02
3.955837526794992592e-02
3.899055629378356952e-02
3.779175263976529420e-02
3.676142229713909998e-02
3.593278514383949074e-02
3.459428090813459339e-02
3.284411161865246481e-02
3.142184813524676740e-02
3.102966622230219143e-02
3.023883232636116747e-02
2.830347089929934057e-02
2.766413724216565742e-02
2.640910333429258988e-02
2.584845640655595092e-02
2.505134184833333194e-02
2.336935710085848855e-02
2.298139762646533163e-02
2.227656369925260643e-02
2.097687761489501479e-02
2.092922384541417991e-02
1.973494970316066674e-02
1.849394145335586312e-02
1.813019209790111760e-02
1.737965575212327418e-02
1.645660661954170129e-02
1.579632081250540235e-02
1.496771825214603460e-02
1.447477776214486055e-02
1.386717484528234359e-02
1.328148231503512543e-02
1.282399667293896220e-02
1.234480413088226772e-02
1.162551819684529836e-02
1.123085535521811153e-02
1.049211651598940670e-02
9.904930970453447794e-03
9.314722607310848418e-03
9.203365858678549949e-03
8.484687270020068242e-03
8.022158040088390660e-03
7.634763949322023041e-03
7.010552545634052453e-03
6.744961033950221813e-03
6.321465222480828969e-03
6.066658823858353880e-03
5.395139346741501148e-03
5.256035109657641521e-03
4.796080052833854787e-03
4.586350715017818713e-03
4.441246783107943331e-03
3.998442764557930476e-03
3.730526227471993566e-03
3.187476752950698169e-03
3.022527898017801726e-03
2.947062294283279028e-03
2.888396180933044694e-03
2.469018326206148372e-03
2.201525456361220698e-03
2.077967045442840038e-03
1.758718812893326697e-03
1.698391676216938831e-03
1.305638899496902334e-03
1.330093052115422511e-03
1.239926485680072684e-03
1.067945010403254045e-03
8.970719622997601035e-04
6.769235780128413224e-04
5.774488498455754683e-04
4.786123658991628068e-04
4.209449493042162092e-04
3.481054824467673522e-04
3.036144735931330910e-04
2.007315083924400979e-04
1.416015651272490487e-04
8.284842255099562132e-05
4.588008526943685084e-05
2.744038228313664600e-05
1.823542102579499830e-05
0.000000000000000000e+00
0.000000000000000000e+00
0.000000000000000000e+00
0.000000000000000000e+00
0.000000000000000000e+00
0.000000000000000000e+00
0.000000000000000000e+00
0.000000000000000000e+00
0.000000000000000000e+00
0.000000000000000000e+00
0.000000000000000000e+00
0.000000000000000000e+00
0.000000000000000000e+00
0.000000000000000000e+00
0.000000000000000000e+00
0.000000000000000000e+00
0.000000000000000000e+00
0.000000000000000000e+00
0.000000000000000000e+00
0.000000000000000000e+00
0.000000000000000000e+00
