0.000000000000000000e+00
0.000000000000000000e+00
0.000000000000000000e+00
0.000000000000000000e+00
0.000000000000000000e+00
0.000000000000000000e+00
0.000000000000000000e+00
0.000000000000000000e+00
0.000000000000000000e+00
0.000000000000000000e+00
0.000000000000000000e+00
0.000000000000000000e+00
0.000000000000000000e+00
0.000000000000000000e+00
0.000000000000000000e+00
0.000000000000000000e+00
0.000000000000000000e+00
0.000000000000000000e+00
0.000000000000000000e+00
0.000000000000000000e+00
0.000000000000000000e+00
0.000000000000000000e+00
0.000000000000000000e+00
0.000000000000000000e+00
0.000000000000000000e+00
0.000000000000000000e+00
0.000000000000000000e+00
0.000000000000000000e+00
0.000000000000000000e+00
0.000000000000000000e+00
0.000000000000000000e+00
3.629429429160405118e-03
6.478113499577173306e-02
2.727677368286000603e-01
6.535534205241882999e-01
1.088768354256185011e+00
1.393965745326872119e+00
1.623666848619834013e+00
1.741274607061891189e+00
1.780412561714217468e+00
1.804095382182147267e+00
1.734234616450498256e+00
1.694129561767008907e+00
1.726257521476795675e+00
1.655610164527708150e+00
1.566242452640966398e+00
1.555124441761478016e+00
1.402013003740529618e+00
1.389197329350615906e+00
1.389001058771181851e+00
1.327947239547435654e+00
1.289552499217858195e+00
1.224344937929869204e+00
1.151741474847115088e+00
1.130477593815793824e+00
1.069451448642475766e+00
1.062392267410629865e+00
1.027577252143299757e+00
1.040455525595624042e+00
1.046130094521343867e+00
1.017081631433180533e+00
1.032838527955310948e+00
1.012960673816658774e+00
1.022394598772052632e+00
1.090205846467611650e+00
1.046258769437049541e+00
1.070138101570983213e+00
1.063697019158554413e+00
1.060499237455436727e+00
1.024236372532978168e+00
1.044660750472607091e+00
1.077404854314860883e+00
1.032357739361188909e+00
1.048458489855422782e+00
1.060732992165316579e+00
1.041876733296109636e+00
1.043330691165258228e+00
1.023176084705318400e+00
1.038186112892726998e+00
1.035216535482083033e+00
1.018919855946337716e+00
1.049556545748906444e+00
1.013860554519307788e+00
1.003497010422767399e+00
9.921602186952493962e-01
1.012114552058619221e+00
1.009225639250091344e+00
1.006674057151228263e+00
9.823670586401488380e-01
1.009096517382281011e+00
9.998184666446157109e-01
9.855405877178338159e-01
9.818856759963702219e-01
9.824178751097200069e-01
9.816323009005251121e-01
9.919844400224432368e-01
9.947372641332369314e-01
1.007777213514643222e+00
1.001153549813328603e+00
1.016054620040917955e+00
1.009128949276516529e+00
9.898088687754228454e-01
9.957287840356693343e-01
1.000003445839973804e+00
1.016575512692079686e+00
9.874721578083890394e-01
1.007013800418772309e+00
9.751724856154017074e-01
9.960320624386097554e-01
9.930417982118454612e-01
9.877347549979892394e-01
9.762772998835677063e-01
9.863171626636476619e-01
9.795445333137362542e-01
9.854023169982977226e-01
9.936110440731409366e-01
9.876834754596941490e-01
9.792042403638037129e-01
9.745455825602712396e-01
9.777234946694443041e-01
9.845480611674810589e-01
9.794683814617803908e-01
9.719426155438655179e-01
9.870426753579137902e-01
9.865858637330870984e-01
9.956222912064969233e-01
9.747669760525377036e-01
9.827255390445736039e-01
9.734516285918596301e-01
9.810255912955264668e-01
9.763405037870738212e-01
9.683514823858709875e-01
9.942037574212909679e-01
9.918270036335807838e-01
9.923971048642942216e-01
9.857805584888006400e-01
9.827300429637323420e-01
9.990943818623145845e-01
9.932933769950362812e-01
9.895295559982064670e-01
9.834608518430172364e-01
9.800425219972727087e-01
9.814708833453453796e-01
9.973977025577198674e-01
9.965198052856838462e-01
9.994279012066227263e-01
9.854948329742311275e-01
9.853657803820764505e-01
9.905948396867531036e-01
9.982282901810360931e-01
9.952364883373545634e-01
9.896734619097603547e-01
9.926362645044379818e-01
9.925338760012154538e-01
9.882771465207692563e-01
1.001325395427847154e+00
9.943538081106815252e-01
9.965764861450784329e-01
1.005067618400449003e+00
1.003594136473816345e+00
9.916865379001370551e-01
9.950473631559082488e-01
9.981142137977994100e-01
1.001974917524478537e+00
9.943107924867526926e-01
9.854432624030282639e-01
9.998849329645721484e-01
9.914048940125835818e-01
9.941757590518298660e-01
9.872433486368898947e-01
1.000351434257985783e+00
9.896991899583811314e-01
9.887071974534747953e-01
9.957283728050363436e-01
9.977930078478638443e-01
9.941722125627556750e-01
1.000203570807907560e+00
1.009580007984731465e+00
9.987520480855264227e-01
9.912691529085596587e-01
1.007141682183210207e+00
9.738801991552437087e-01
9.981285933980431624e-01
1.011666431643767572e+00
9.983313800953503847e-01
9.963538222181836934e-01
9.934982690542525363e-01
9.949494962486638006e-01
1.006788091013727904e+00
1.005083186357980995e+00
1.006997453680612997e+00
9.959514667279077971e-01
1.003903040057894769e+00
1.006443168509954855e+00
9.967237248899527557e-01
1.001096404379196780e+00
9.959077965683579281e-01
9.985902751326899418e-01
1.010339337985754149e+00
1.005001930689365608e+00
9.911495645606764882e-01
1.007563204161690651e+00
1.004311666299720240e+00
1.004640966954871040e+00
1.005949262986444603e+00
9.946192884604356799e-01
9.908091541103478672e-01
9.939410445592625765e-01
1.000916508241961100e+00
1.001504671967978544e+00
1.005477418759044950e+00
1.001171622965763452e+00
9.956526027538132873e-01
9.989105973567290464e-01
9.932975461529861549e-01
9.980858682521069891e-01
1.006406183124205267e+00
1.001487404075363408e+00
9.868596093600083830e-01
9.989435280217277002e-01
1.006051962973714797e+00
1.009957369789298953e+00
9.992020086381799837e-01
1.006335069177231700e+00
1.003344921082416352e+00
9.978891515892244213e-01
1.003816569464157205e+00
9.989545202398141255e-01
1.001703746248246318e+00
1.004230467348620426e+00
1.004709873960668576e+00
1.008906946290183182e+00
9.968710932764651700e-01
1.004358790530666345e+00
1.010263719130420679e+00
1.001442452942509442e+00
9.972843228647053637e-01
1.007931445783855295e+00
9.965843524890805050e-01
1.010653381054216648e+00
1.007704339311723540e+00
1.002525676519905540e+00
1.002481335755640135e+00
1.000885326469620251e+00
1.009985772843192020e+00
1.001396087711550642e+00
1.008935899036163431e+00
9.978007871059418887e-01
1.005747526778294487e+00
1.002735129456331586e+00
1.007295792618422059e+00
9.983334394106052612e-01
1.007313236699109105e+00
9.973080002697903845e-01
9.985868268679862769e-01
9.989139853080467590e-01
1.002836915318329636e+00
1.004206494882626366e+00
9.937212008830906829e-01
9.981110406582094363e-01
9.964423626488392305e-01
9.941379448837858179e-01
9.992617250860175160e-01
9.998009415973635461e-01
9.979353423648937849e-01
1.000088792068325239e+00
9.944231164763860376e-01
1.002017923232654262e+00
9.871575427339310815e-01
9.921927473420099064e-01
9.992924256844294417e-01
9.973519226415469285e-01
9.912579057339906408e-01
9.991410392072289648e-01
9.981998747866304145e-01
1.003224943426341831e+00
9.973790448150696708e-01
1.003720283090579146e+00
9.957977055037380287e-01
9.989659271171656973e-01
9.975625144260344968e-01
9.961537952784453864e-01
1.001328865205442176e+00
9.950838894977370730e-01
9.965701399624872225e-01
9.901019195323405020e-01
9.984571801980908212e-01
9.991342693857128143e-01
1.000037625229026395e+00
9.923386738064208235e-01
9.956473964313912184e-01
9.911591287733999556e-01
9.967277753559011799e-01
9.884421835259089573e-01
9.964551156850207647e-01
9.972153376958496906e-01
9.997042813170416986e-01
9.944869650010496054e-01
1.001753194600797370e+00
9.934286528899213264e-01
9.948047670678321630e-01
1.000776406255133200e+00
9.880699902446052896e-01
1.000637381228526301e+00
9.917322763726665880e-01
9.926982307658244187e-01
9.941800036765191528e-01
9.935266131807598544e-01
1.001690815030497950e+00
9.942632796704543585e-01
9.969595365599591696e-01
9.987346562455042820e-01
1.002544268445596298e+00
1.003145730354565224e+00
9.998716619691393470e-01
9.947494600450225155e-01
9.922006984330888901e-01
1.000954293479105806e+00
1.002264749817593614e+00
9.963181540695753569e-01
9.989228912429003460e-01
9.991878743928468420e-01
9.990609943744747090e-01
1.000499672647733318e+00
9.958819131276800407e-01
1.001069341392871515e+00
9.977395397047280623e-01
9.887567590079467950e-01
1.001057999085241290e+00
9.928679274558164236e-01
9.927928138694466220e-01
9.983048777166442234e-01
9.940573746216241346e-01
9.926600238815094235e-01
9.925062189904813037e-01
9.931045375811311526e-01
9.897977452935357023e-01
9.945438740876177963e-01
9.944913794747292091e-01
9.980990409361144566e-01
9.995037928710104325e-01
9.888101860099496321e-01
9.909146328377913537e-01
9.933848361637055424e-01
9.963256013260924915e-01
9.928293860774005664e-01
9.921566691699772456e-01
9.969332860589068535e-01
9.949369097818410168e-01
9.964066006270377862e-01
9.937291923615582112e-01
9.964297591609122540e-01
9.976248044611683019e-01
9.966576066460623995e-01
9.952937550238248887e-01
9.990781182446217823e-01
9.924892097608971619e-01
9.943090087136692290e-01
9.937391401117747769e-01
9.980370272845409119e-01
9.963506337525698253e-01
9.947870267334764094e-01
1.003046736941441974e+00
9.955093604192633006e-01
9.924671576358969904e-01
9.847792080743599241e-01
9.751492876213144756e-01
9.678050742037692666e-01
9.603669730171330299e-01
9.539008030334623633e-01
9.460123217227821568e-01
9.349850009133273687e-01
9.278951829473642832e-01
9.233806920985360156e-01
9.115994939084420823e-01
9.090750057324218369e-01
8.919380623234608452e-01
8.887857682978572704e-01
8.786234939475606742e-01
8.766833202208957898e-01
8.736816960684408162e-01
8.671937591345134644e-01
8.537130079125790916e-01
8.492012929908780983e-01
8.377331697580560066e-01
8.283193541850123465e-01
8.241029368177597014e-01
8.170246811204200377e-01
8.138899020737598855e-01
8.053716962834209792e-01
7.927415984609436084e-01
7.852662892489780111e-01
7.797893943577071107e-01
7.689229164547412010e-01
7.631397107249630052e-01
7.621098980733573836e-01
7.492061673808336764e-01
7.452589678340362234e-01
7.356341559018944043e-01
7.300528936833313720e-01
7.284999470276737332e-01
7.155663550263050565e-01
7.107479831134734249e-01
7.047739830075431255e-01
6.992391753944020572e-01
6.924580175495052003e-01
6.843473699644326835e-01
6.787515310893702525e-01
6.724827841080488477e-01
6.626230493038933744e-01
6.603675306828112879e-01
6.488526083734672545e-01
6.473967308591395131e-01
6.390312554074922824e-01
6.322062618057081584e-01
6.279359629279026578e-01
6.186542115449206181e-01
6.131113372878994605e-01
6.071687631386762929e-01
6.049051111007140991e-01
5.958936838357998811e-01
5.899814188394914005e-01
5.807018589677767073e-01
5.762691927626667487e-01
5.704061118111524165e-01
5.617138876691991634e-01
5.585945225550130733e-01
5.510312125108198789e-01
5.488873044100355258e-01
5.393772831283439873e-01
5.309860479322461302e-01
5.256649516309354064e-01
5.255666900128715957e-01
5.153571933641483138e-01
5.082820130562422101e-01
5.042540299190358954e-01
4.955381696005352055e-01
4.930621881195897394e-01
4.859833461141418454e-01
4.794236784181035160e-01
4.750097179393083513e-01
4.678530562160196915e-01
4.655691818238348878e-01
4.568557064496950315e-01
4.525299327568285124e-01
4.511539391831745349e-01
4.432640307757127474e-01
4.364831902576408185e-01
4.282065964805478742e-01
4.236712594838561996e-01
4.204733177069731043e-01
4.125174595704451108e-01
4.063984417813015781e-01
4.023140424996992093e-01
3.983778501931514171e-01
3.928521556859465025e-01
3.894737438228130788e-01
3.825591658868517930e-01
3.757810912578845031e-01
3.734876921338355360e-01
3.658833763013757956e-01
3.615374457584973333e-01
3.570965541052121273e-01
3.478567527274237237e-01
3.478239827260106720e-01
3.407299109136113224e-01
3.358890107570957628e-01
3.291033870463709321e-01
3.261083105020503026e-01
3.231357379242304484e-01
3.155052460783906998e-01
3.115006547836141060e-01
3.071721952933351152e-01
3.003286503544801422e-01
2.963020585634558723e-01
2.928641700187399333e-01
2.847519312517697299e-01
2.820440796823789897e-01
2.770492697798626058e-01
2.737279669230631152e-01
2.666828187646713144e-01
2.622052202084119155e-01
2.580511926691440583e-01
2.524399616245724398e-01
2.492918782592235261e-01
2.439570871335212943e-01
2.395263057383804906e-01
2.363320598015778429e-01
2.282366873377873751e-01
2.257468876163448435e-01
2.213992515065470457e-01
2.166229137613320255e-01
2.129921935352517004e-01
2.080679949460920719e-01
2.039035500278691126e-01
1.986121221352524779e-01
1.952219970989703679e-01
1.909892538295348274e-01
1.877889026491845470e-01
1.825916859600917597e-01
1.766916198764849344e-01
1.724839555325431706e-01
1.707093611724494198e-01
1.649932588671292333e-01
1.611040609850478422e-01
1.566288511113569648e-01
1.508399463628556092e-01
1.483815888536843819e-01
1.449199379668124898e-01
1.402124939367559997e-01
1.350616973692515266e-01
1.316249203455414629e-01
1.274734519718952741e-01
1.232303624772395356e-01
1.200986617087734243e-01
1.152509964389184655e-01
1.115964937894724646e-01
1.088255741209276511e-01
1.058697637825477128e-01
1.020728951176627097e-01
9.940336276093361678e-02
9.576913778223500318e-02
9.232908328018608890e-02
9.036897437249075127e-02
8.887261915231935150e-02
8.569585186730505066e-02
8.240829763781799822e-02
8.009422128620112546e-02
7.843318317121911187e-02
7.653147418190391071e-02
7.276656707311529582e-02
7.143905962929332498e-02
6.905830545075794524e-02
6.706606588173250061e-02
6.629427620884875694e-02
6.430530771030269765e-02
6.255592531930946609e-02
6.066535281658200912e-02
5.878009902053393104e-02
5.662791405075794787e-02
5.620076837178746704e-02
5.383979394078722280e-02
5.107975117523869124e-02
5.076596787095099400e-02
4.870889935672465670e-02
4.759448474402801915e-02
4.603768621855894305e-02
4.431170704464296173e-02
4.248227435215111425e-02
4.109525398035387966e-02
3.971009934175311062e-02
3.895441422127539355e-02
3.738196439562756906e-02
3.661218615478745858e-02
3.525422045285110662e-02
3.347004996194948012e-02
3.278777213332737667e-02
3.223763709696943897e-02
3.082524267528942777e-02
2.931151350084864465e-02
2.838923506837342028e-02
2.780080644081223129e-02
2.737953311756582270e-02
2.618978387198346927e-02
2.535112308089652183e-02
2.379743239124383625e-02
2.315983944993715155e-02
2.207553515435259003e-02
2.151504133254386955e-02
2.067702460408912812e-02
1.964556099597154423e-02
1.930486721380803364e-02
1.834374097842134468e-02
1.735269384124595027e-02
1.663032465732095302e-02
1.647108616363279765e-02
1.560846574978326518e-02
1.466172285764293613e-02
1.383263355644860464e-02
1.359903844283250410e-02
1.310333519899554815e-02
1.283463250661302096e-02
1.189189943766411767e-02
1.139278266293595847e-02
1.066508301004015502e-02
1.025746748256314497e-02
9.908409247995388081e-03
9.523405542883571842e-03
8.867111771687080993e-03
8.356854233356090025e-03
7.770810761968375072e-03
7.356815442950266799e-03
6.948988176434078845e-03
6.690420767466423620e-03
6.124442872548268788e-03
5.528371668080529072e-03
5.256796163062080543e-03
4.946652855833922127e-03
4.574871736204830924e-03
4.542920265154840563e-03
4.025083170080371274e-03
3.905528227441538817e-03
3.548625764284291800e-03
3.151214205798751576e-03
2.973244001383662603e-03
2.658901917073359933e-03
2.447790450666584381e-03
2.296607189414641079e-03
2.133434492564764608e-03
1.942234374806988762e-03
1.600883161595422800e-03
1.663073417233341565e-03
1.318437706464778165e-03
1.106814719276768156e-03
8.615889137554519914e-04
8.968192197073045213e-04
7.201836731134665485e-04
6.265471216964174596e-04
5.523417185395940654e-04
3.816381628305651739e-04
3.835271624918923806e-04
2.548626381638941928e-04
2.261615316895264230e-04
1.698495350463331323e-04
9.542702776291972294e-05
4.909530288501609622e-05
5.199736787987034207e-05
4.878284358312262169e-05
1.519616604180657721e-05
3.029584857085758053e-06
0.000000000000000000e+00
0.000000000000000000e+00
0.000000000000000000e+00
0.000000000000000000e+00
0.000000000000000000e+00
0.000000000000000000e+00
0.000000000000000000e+00
0.000000000000000000e+00
0.000000000000000000e+00
0.000000000000000000e+00
0.000000000000000000e+00
0.000000000000000000e+00
0.000000000000000000e+00
0.000000000000000000e+00
0.000000000000000000e+00
0.000000000000000000e+00
0.000000000000000000e+00
0.000000000000000000e+00
0.000000000000000000e+00
0.000000000000000000e+00
