0.000000000000000000e+00
0.000000000000000000e+00
0.000000000000000000e+00
0.000000000000000000e+00
0.000000000000000000e+00
0.000000000000000000e+00
0.000000000000000000e+00
0.000000000000000000e+00
0.000000000000000000e+00
0.000000000000000000e+00
0.000000000000000000e+00
0.000000000000000000e+00
0.000000000000000000e+00
0.000000000000000000e+00
0.000000000000000000e+00
0.000000000000000000e+00
0.000000000000000000e+00
0.000000000000000000e+00
0.000000000000000000e+00
0.000000000000000000e+00
0.000000000000000000e+00
0.000000000000000000e+00
0.000000000000000000e+00
0.000000000000000000e+00
0.000000000000000000e+00
0.000000000000000000e+00
0.000000000000000000e+00
0.000000000000000000e+00
0.000000000000000000e+00
0.000000000000000000e+00
0.000000000000000000e+00
4.839038325426398002e-03
5.227734193440704280e-02
2.567119173411537281e-01
6.303301375137566609e-01
1.100153315557234723e+00
1.434454641913479822e+00
1.662012673830569165e+00
1.731483975077044990e+00
1.751102312954070594e+00
1.726443940592363058e+00
1.690947952001713661e+00
1.699376006246045678e+00
1.600575855652911716e+00
1.573703971473077834e+00
1.470502018692589008e+00
1.457348152991957635e+00
1.457288115771978809e+00
1.363112422424396231e+00
1.306635634329229578e+00
1.291646912433531247e+00
1.221154157400885509e+00
1.226471790390044170e+00
1.121076892232020228e+00
1.074656818961346572e+00
1.019132445159815159e+00
1.006692397482631618e+00
9.705300205259066448e-01
1.001826571119430298e+00
1.002683390201184688e+00
9.914576331291199418e-01
1.022639082564282154e+00
1.023674732117929587e+00
1.028306444685042287e+00
1.050917111193843345e+00
1.021032293118342871e+00
1.048105445899621957e+00
1.021760163391850496e+00
1.042290595371744955e+00
1.034383595827314650e+00
1.047032678994274102e+00
1.034153003936141957e+00
1.032543266623845435e+00
1.038859673569504150e+00
1.039708767861940109e+00
1.018246384032087004e+00
1.012517986841506401e+00
1.039722799921201757e+00
1.031519466610812064e+00
1.022827449178151271e+00
1.041663359961284563e+00
1.033608520664540231e+00
9.854216674251448094e-01
1.020156646348161722e+00
1.018178753630490263e+00
9.941728226241995925e-01
1.019933390560076703e+00
9.882870950900035645e-01
9.973470212774703247e-01
9.838769633736141884e-01
9.983112229116107850e-01
9.740287009290392595e-01
9.630442220058113012e-01
9.538148238498689313e-01
1.015198487364105340e+00
1.001420420097925978e+00
9.874768134205968995e-01
1.001042393758858395e+00
1.017692012270963176e+00
1.003037936501629090e+00
9.879306928148469114e-01
1.002818632654420616e+00
9.938592364171011662e-01
1.003548029404453645e+00
9.921285925377697490e-01
9.982168639178411462e-01
9.872855516225513828e-01
1.004010947973606349e+00
1.000273663411659575e+00
9.880946381010073942e-01
9.790418404490963677e-01
9.740158527173149450e-01
9.892166404277861202e-01
9.780128497028743872e-01
9.784022505013751925e-01
9.984292038351572085e-01
9.997602391044336789e-01
9.942931895927824559e-01
1.008273831604465709e+00
9.915537255963945418e-01
9.979833919748326565e-01
1.002360181940728401e+00
9.908619168358028251e-01
9.951873557410912952e-01
1.001957246915953004e+00
9.915413143964149079e-01
9.776522610211030306e-01
1.001294233982228832e+00
9.964578451523735669e-01
1.003891688385233127e+00
9.894112893784350327e-01
1.000037566024022606e+00
9.845210395624033328e-01
9.924594098916212914e-01
9.912941338930516544e-01
9.967896443879975532e-01
9.993122311584710094e-01
1.005148559612276671e+00
9.952547885142388751e-01
9.933131792037673824e-01
9.917515120561585240e-01
9.969697448359459147e-01
1.003717898502187511e+00
9.826069861467827682e-01
1.007977144785105139e+00
1.002732060931378566e+00
9.936762882609114778e-01
9.938775586857386823e-01
9.983383455319723154e-01
9.840068350085495741e-01
9.973681994740397627e-01
9.984716453651186763e-01
9.953825160132755423e-01
1.002427784953670686e+00
9.849168493124403900e-01
9.999929967995694335e-01
1.000586408580689257e+00
1.002826367723057999e+00
9.829967474392453664e-01
9.890656775556226910e-01
9.862395258120808528e-01
1.004579612991507442e+00
1.003528214665962093e+00
9.991490471653576844e-01
9.900550008762017962e-01
9.977182349791929861e-01
1.000492978459422755e+00
9.907219077477140701e-01
1.001026449978442034e+00
9.790543686351538266e-01
9.925049823310402308e-01
9.859846877130553633e-01
9.907640284252150487e-01
9.895454936304312055e-01
9.899061352179819862e-01
9.793588980121982202e-01
9.885241879036971158e-01
9.954399951372321365e-01
9.868045747061846562e-01
9.892905502244468963e-01
9.812701810178684481e-01
9.847359262537941360e-01
9.821558212553510581e-01
9.782185410548980276e-01
9.899670284955414123e-01
9.733217035766128511e-01
9.927667372197193085e-01
9.864397221800332849e-01
9.811029452417336927e-01
9.762247421869882924e-01
9.881331172640217542e-01
9.799352253121820233e-01
9.854603131415915485e-01
9.768400060250420625e-01
9.775788419835884646e-01
9.899672582520013808e-01
9.787665598237679232e-01
9.808830117933616810e-01
9.695930089265818452e-01
9.740132947485824477e-01
9.781779271255557351e-01
9.872680523538994724e-01
9.751407538886192050e-01
9.827418670175478432e-01
9.848948767394092307e-01
9.863341431871068821e-01
9.950471855345571770e-01
9.870687564158219240e-01
9.835604013765490983e-01
9.885803389834221244e-01
9.847368821879448619e-01
9.873894769474503841e-01
9.735190637604946851e-01
9.885188319232007803e-01
9.923691913110439522e-01
9.869030602799498952e-01
9.777560206285211830e-01
9.869556550756625191e-01
9.931300522527339858e-01
9.895832873316915412e-01
9.918622498731681780e-01
9.793052674233249100e-01
9.849020447252134769e-01
9.911046814451638376e-01
9.878209247216069855e-01
9.976588560692820629e-01
9.887753665209367826e-01
9.887536647960755154e-01
9.873609101006963762e-01
9.874135474439587057e-01
9.862983512320028234e-01
9.788934472009865884e-01
9.895676792835386149e-01
9.912823054539605661e-01
9.868846154585719788e-01
9.795385906304521217e-01
9.841718520961169059e-01
9.901610258278172871e-01
9.858851016516799737e-01
9.952915164371083367e-01
9.863054531752756260e-01
9.884254415004543048e-01
9.819030212767700938e-01
9.936156359830785600e-01
9.955654148960787486e-01
9.840853147560616465e-01
9.895320966288906339e-01
9.936830341005160605e-01
9.967437857736527462e-01
9.815959353966685619e-01
9.927143136674760893e-01
9.976466949676192630e-01
9.849775683014281302e-01
9.907282438719035023e-01
9.927255397459148201e-01
9.933372176822315991e-01
9.956061293367428622e-01
9.973029585530129859e-01
9.954585109052537240e-01
9.957520748422555856e-01
9.841414606477560945e-01
9.922182342182326309e-01
9.826693572129313603e-01
9.917541641950999853e-01
9.921797950244721775e-01
9.916171793785834021e-01
9.919478100879413063e-01
9.999798852363459556e-01
9.950595836780578018e-01
9.940523540417119941e-01
9.949851917601157947e-01
9.956981933615043356e-01
9.926394265140047191e-01
9.937713687004354757e-01
9.914829058965316522e-01
9.897391870521305979e-01
9.912608090882438772e-01
9.933739985643685877e-01
9.944252821638795981e-01
9.951748745086353987e-01
9.957511991989600464e-01
9.953701100204159768e-01
9.924272748080159579e-01
9.933846198355198442e-01
9.893353782118740058e-01
9.924909340574675776e-01
9.900646385865399246e-01
9.922520739480371610e-01
9.896834479323841638e-01
9.985999584187125189e-01
1.001040155626693018e+00
1.000315272794533916e+00
9.911018516783154375e-01
9.939616338966441589e-01
9.941852510758251160e-01
9.904786328828473208e-01
9.956344106046284281e-01
9.910818467628138562e-01
1.002924183354137799e+00
9.895999396512845658e-01
9.870660331977171298e-01
9.866833383479354236e-01
9.919384728719796707e-01
9.946267991831058142e-01
9.950315243412301003e-01
9.937246246088766721e-01
9.941515066925801225e-01
9.849536697825460596e-01
9.928700226103633897e-01
9.937583007085738496e-01
9.956854143842385207e-01
9.898100898084799537e-01
9.877019293128825872e-01
9.885930724809558479e-01
9.900112345906811884e-01
9.950217278664995613e-01
9.973846136111125249e-01
9.892301811503727560e-01
9.908386767324932620e-01
9.917726341796736511e-01
9.932833816606476685e-01
9.832463660287812379e-01
9.899125465924225598e-01
9.894458106615592330e-01
9.976190568382926616e-01
9.919406086214606066e-01
9.881147185377838760e-01
9.845856129535223156e-01
9.920277367208728547e-01
9.987644266861156472e-01
1.001664807714901073e+00
9.912937971354438549e-01
9.922244381228468857e-01
9.894347113010457662e-01
9.947717732377882038e-01
9.925513740112639205e-01
9.872227826680394225e-01
9.929638558312241514e-01
9.941567332281573410e-01
9.916937807917460823e-01
9.954448149042933736e-01
9.930307583437182339e-01
9.908223236745271612e-01
9.944322391322267807e-01
9.886269696304503807e-01
9.939044721200204213e-01
9.913755626464381132e-01
9.894259184311565702e-01
9.966649119560356818e-01
9.963062646744184070e-01
9.931602509641092036e-01
9.922686332456567282e-01
9.905305951163785316e-01
9.919953700771803051e-01
9.916988469029920372e-01
9.995115881463394469e-01
9.951494938095887255e-01
9.906044578197895634e-01
9.903352411244562559e-01
9.896449798395846598e-01
9.894736533346970564e-01
9.863586501869118228e-01
9.897492372469124389e-01
9.856375474137942794e-01
9.744630015010916635e-01
9.745208827765466930e-01
9.692459048218591278e-01
9.613560897245133630e-01
9.546868025500745425e-01
9.413842074288450990e-01
9.376736555645607263e-01
9.254910353735951167e-01
9.228992076853774762e-01
9.111483881970839915e-01
9.029164648815601879e-01
8.956787090174432864e-01
8.903596934483383185e-01
8.869124186242027807e-01
8.786791915199169134e-01
8.706703526831404139e-01
8.600137583459882551e-01
8.500011780281743201e-01
8.445697005411128000e-01
8.351754315366458625e-01
8.289123935809533661e-01
8.203522990929783543e-01
8.185397314889105713e-01
8.117301165294399379e-01
7.994120205889546638e-01
7.944816151567295481e-01
7.835056979252680298e-01
7.801818119015353492e-01
7.718398342501668896e-01
7.661774603930424643e-01
7.613647321898794340e-01
7.533981307457904286e-01
7.439061722123411213e-01
7.417558774794419385e-01
7.321488693652767887e-01
7.233958614631612605e-01
7.181413628072538247e-01
7.075459423541839987e-01
7.069985993419695136e-01
6.965602191931409282e-01
6.952114717813203670e-01
6.888080360402678570e-01
6.794950007141808968e-01
6.748990076081409217e-01
6.649083256194033842e-01
6.637624457557540492e-01
6.554031113259176644e-01
6.508320034057023529e-01
6.427134290728628851e-01
6.369194564712922224e-01
6.249761413476292438e-01
6.281741321999283478e-01
6.188914988387067551e-01
6.133200476200250106e-01
6.067117316704511154e-01
5.987609334477850265e-01
5.936624240924152085e-01
5.884636019037410293e-01
5.819891570450020923e-01
5.743577163233908323e-01
5.717747764964047352e-01
5.654368944251696449e-01
5.570204223304626723e-01
5.496420303751329284e-01
5.490671985558965851e-01
5.438257060953016753e-01
5.315664139572590097e-01
5.314781618921966544e-01
5.242677332825637082e-01
5.174694545560308834e-01
5.115420643040238247e-01
5.083093932901987522e-01
5.037525950814163433e-01
4.987052590020153442e-01
4.884480201904784491e-01
4.851712616570005854e-01
4.807746355295978713e-01
4.737583833390025534e-01
4.671439073816127108e-01
4.658636131506970202e-01
4.581678379204331963e-01
4.522663126793408095e-01
4.457205144722765078e-01
4.406853658695991660e-01
4.364485828979634552e-01
4.309676726471386443e-01
4.271104215755364697e-01
4.194257874267519615e-01
4.146132099668923265e-01
4.082045493151282844e-01
4.037427651867900869e-01
3.981531951397918601e-01
3.932884362663373601e-01
3.889785583617864084e-01
3.845311811590704232e-01
3.790839912006256363e-01
3.754013987399468233e-01
3.711214737511376871e-01
3.611898574714194621e-01
3.589121540447703929e-01
3.516486835732984817e-01
3.489095632681206705e-01
3.424009281652726777e-01
3.372629998663529416e-01
3.314274069151976754e-01
3.275227676861893755e-01
3.221840925006672629e-01
3.173359130595174160e-01
3.123914177646026635e-01
3.094937437077783238e-01
3.034665282715723333e-01
2.994782948185230054e-01
2.919149210903823066e-01
2.883873911884027308e-01
2.837909496295767386e-01
2.792094178795839210e-01
2.730984490052679181e-01
2.672532618121371550e-01
2.651771873688347769e-01
2.597523802677330074e-01
2.545797324202270229e-01
2.513624409396945092e-01
2.458717464020588050e-01
2.408583580471241326e-01
2.334893108997203315e-01
2.310182178568131184e-01
2.278118632086757467e-01
2.236755269424862413e-01
2.171506636376265842e-01
2.131611459907911121e-01
2.100268614024737857e-01
2.038014714083905277e-01
2.015106429987650605e-01
1.961857170827275010e-01
1.892545242719669563e-01
1.856153853053942315e-01
1.809542660895825106e-01
1.779230783175070052e-01
1.743345404699502832e-01
1.704416007021833657e-01
1.663422933734590714e-01
1.610055941354900377e-01
1.565379701644666610e-01
1.516614736162626709e-01
1.483541934259163253e-01
1.430785093101208660e-01
1.409292955249121237e-01
1.355150427628268317e-01
1.300276694038151326e-01
1.275230602054019391e-01
1.232500970196319656e-01
1.179657528453140897e-01
1.157678927789523721e-01
1.120665018408403824e-01
1.091563577171718452e-01
1.068549326958380535e-01
1.014597138702244550e-01
1.009208984327164410e-01
9.679728178091370761e-02
9.550792309674793756e-02
9.162685539560715131e-02
8.876577469838799195e-02
8.749346829875918885e-02
8.396514853177958204e-02
8.161904374378735338e-02
7.962830723646968645e-02
7.714437384721029023e-02
7.495902771847479107e-02
7.156177266166841022e-02
6.950539718279395707e-02
6.893881465397386221e-02
6.661351396008177717e-02
6.478886514676517050e-02
6.265736529729006021e-02
6.152238235367810115e-02
5.906728004117710318e-02
5.728739273663300408e-02
5.565943800430555449e-02
5.382689759279053743e-02
5.335671447056938160e-02
5.181255292509237553e-02
4.988398495625695483e-02
4.778829364712116473e-02
4.595987323588648227e-02
4.477891131468366565e-02
4.341539686856828867e-02
4.147124602112468167e-02
4.133677598883280652e-02
3.948834516369246345e-02
3.899704046716892525e-02
3.599849568522249521e-02
3.589623726659443154e-02
3.486414983650010929e-02
3.426410322181439039e-02
3.270980903597308503e-02
3.197556623065307690e-02
3.069991186548588769e-02
2.896098545087311821e-02
2.836486853947465733e-02
2.723972261302368483e-02
2.632956504248366858e-02
2.539563751830204580e-02
2.419506094650483718e-02
2.392721664933551359e-02
2.231647128219792220e-02
2.141645136246951922e-02
2.120496452773842910e-02
1.999139631861954203e-02
1.933558071174185447e-02
1.868786365287460408e-02
1.835734117256603015e-02
1.712283903594348858e-02
1.675284855470948395e-02
1.586697547819076667e-02
1.496201223282468511e-02
1.434560345299005883e-02
1.389722359830834406e-02
1.310391750635754755e-02
1.245749465104105912e-02
1.144519875078069474e-02
1.142363932809760049e-02
1.041112486467874083e-02
1.011390554474070162e-02
9.481273075391545568e-03
8.943001785513049473e-03
8.961049969711641291e-03
8.149200451828760711e-03
7.651593896009702134e-03
7.092324369261655652e-03
6.809427258742758830e-03
6.450268526049728404e-03
5.714331866666220137e-03
5.479257080733216517e-03
5.117942262993421636e-03
5.043879931841566827e-03
4.462565801424253284e-03
4.417753192313667553e-03
4.184083794497077402e-03
3.713831576275171582e-03
3.282927867721773928e-03
3.002687504308308199e-03
3.051716381975017479e-03
2.816473940557881472e-03
2.273741892443996437e-03
2.217642260795356368e-03
2.010016014988636520e-03
1.710329307866429631e-03
1.659793937318606531e-03
1.398381934647970753e-03
1.279003676007681384e-03
1.119065336614136989e-03
9.601588047477490348e-04
8.117522790315869017e-04
6.894880546087673060e-04
5.962532355919512601e-04
4.441833539022874253e-04
4.489887680500135540e-04
3.791701334164378537e-04
2.726217602339926923e-04
1.945468445145600938e-04
1.508300073343816822e-04
8.898154202830172550e-05
3.670250052388686552e-05
2.134160797912341374e-05
1.215642810713462041e-05
3.029459076084197782e-06
0.000000000000000000e+00
0.000000000000000000e+00
0.000000000000000000e+00
0.000000000000000000e+00
0.000000000000000000e+00
0.000000000000000000e+00
0.000000000000000000e+00
0.000000000000000000e+00
0.000000000000000000e+00
0.000000000000000000e+00
0.000000000000000000e+00
0.000000000000000000e+00
0.000000000000000000e+00
0.000000000000000000e+00
0.000000000000000000e+00
0.000000000000000000e+00
0.000000000000000000e+00
0.000000000000000000e+00
0.000000000000000000e+00
0.000000000000000000e+00
