0.000000000000000000e+00
0.000000000000000000e+00
0.000000000000000000e+00
0.000000000000000000e+00
0.000000000000000000e+00
0.000000000000000000e+00
0.000000000000000000e+00
0.000000000000000000e+00
0.000000000000000000e+00
0.000000000000000000e+00
0.000000000000000000e+00
0.000000000000000000e+00
0.000000000000000000e+00
0.000000000000000000e+00
0.000000000000000000e+00
0.000000000000000000e+00
0.000000000000000000e+00
0.000000000000000000e+00
0.000000000000000000e+00
0.000000000000000000e+00
0.000000000000000000e+00
0.000000000000000000e+00
0.000000000000000000e+00
0.000000000000000000e+00
0.000000000000000000e+00
0.000000000000000000e+00
0.000000000000000000e+00
0.000000000000000000e+00
0.000000000000000000e+00
0.000000000000000000e+00
0.000000000000000000e+00
4.839715808298042724e-03
5.342128401556137107e-02
2.877715574391586095e-01
6.142796753313990443e-01
1.072680576595318014e+00
1.472504421614311054e+00
1.633217964444962256e+00
1.720386740151126137e+00
1.778279442671003352e+00
1.778654568480343645e+00
1.756015761008476783e+00
1.674355681330641721e+00
1.588110287349928651e+00
1.611514167191722580e+00
1.583214728480038413e+00
1.502528083061766440e+00
1.423968225751508054e+00
1.458749803790733157e+00
1.338668289425948510e+00
1.377980983032762952e+00
1.342642815421190905e+00
1.268460892953055197e+00
1.172408755148558690e+00
1.159288177561939026e+00
1.084368414683091864e+00
1.042563322040638285e+00
1.018600016671443731e+00
1.061256884507217224e+00
1.007910802490195712e+00
1.030958522456429938e+00
1.069762942839344477e+00
1.084368082077778128e+00
1.048697842682279946e+00
1.076172038332269043e+00
1.082742397565892523e+00
1.066985517975463260e+00
1.052470715514036925e+00
1.055230291546753518e+00
1.058639238858444909e+00
1.031960745132593171e+00
1.047214768752873226e+00
1.052331965560981297e+00
1.063230049837646130e+00
1.045046031275241427e+00
1.050193850228907211e+00
1.079746399418171743e+00
1.033071839613955767e+00
1.027767135634159779e+00
1.045006785258283610e+00
1.047738041396668374e+00
1.022727010501505607e+00
1.081522479268699266e+00
1.044235611480426984e+00
1.018657603958444291e+00
9.997319470436040190e-01
1.025852925943467664e+00
9.868572763124391356e-01
1.015881981333325745e+00
9.978044055636059451e-01
1.001676055691521183e+00
1.011737753284578822e+00
9.934888819785268055e-01
1.000505875701515501e+00
1.018298443720939694e+00
9.997175825274915439e-01
1.001152868145468444e+00
9.920889211230903282e-01
9.927134713090901563e-01
1.013486653771016766e+00
9.879501340912122398e-01
1.007271078781056151e+00
9.953697278066596654e-01
1.004248936531702663e+00
1.011288244986933149e+00
1.008388726530079493e+00
9.856242249808607747e-01
1.009450191583422640e+00
1.000413705343205839e+00
9.944413490707958436e-01
1.003466637377500081e+00
1.001193223830541879e+00
9.777815101737777903e-01
1.011981920665458112e+00
9.963058761855705381e-01
1.001809049144638974e+00
1.009277314540050874e+00
1.014260167378981503e+00
9.869538978287322184e-01
9.806784115954468861e-01
9.952290440890126932e-01
9.711876246523977185e-01
9.943610501736924734e-01
1.003907088032983674e+00
9.883871386971773143e-01
1.004486826247556142e+00
1.001798691083181980e+00
9.899864997093916763e-01
9.936888533579508742e-01
1.000667325620328008e+00
9.899728155869971236e-01
9.816390526866699551e-01
1.006474835332451745e+00
9.975835809891133721e-01
1.000857438302473090e+00
9.865315768605417146e-01
9.955213467099022218e-01
9.816017980741220672e-01
9.986488907006196847e-01
1.003694022380924755e+00
9.912821376763522041e-01
9.939911088557987773e-01
9.845238894665900853e-01
9.896829469671627466e-01
9.880502025712954994e-01
9.910192354073130705e-01
9.924168484069729734e-01
9.843590922481114669e-01
9.946669235268001952e-01
9.779131162531682353e-01
9.828245701922164734e-01
1.001331591876157834e+00
9.911335850775453427e-01
9.909500581629779870e-01
9.869158025817647006e-01
9.747100972566719035e-01
9.886181645195224466e-01
9.955614048497255508e-01
9.899686622607877240e-01
9.768862933039953456e-01
9.882419465376789391e-01
9.802766374620011103e-01
9.879366575922372551e-01
1.004858252853095157e+00
9.756404237909584998e-01
9.975072398517088601e-01
9.913647221080524874e-01
9.838851317121618534e-01
9.733411434052486877e-01
9.949464298787326078e-01
9.902897423781682473e-01
9.877555854167040517e-01
9.856976549549094635e-01
9.944304326442401365e-01
9.875606435474191258e-01
9.899431376481278022e-01
9.874678031676306089e-01
9.922639381616804588e-01
9.958358042813412192e-01
9.872677526892166266e-01
9.918366991193997562e-01
9.893203402046431005e-01
9.982629381209073838e-01
9.884107561284957155e-01
9.848501774059928993e-01
9.792500802180962305e-01
9.970825322535473711e-01
9.936472544162795462e-01
9.861399155855066212e-01
9.917413997832049688e-01
9.782798963952261673e-01
9.981449093736980416e-01
9.830062215005531678e-01
9.897393218363008671e-01
9.820003141145258185e-01
9.910168627023049348e-01
9.894137210362624613e-01
9.912396214628544922e-01
9.852388087651750004e-01
9.945424871572433601e-01
9.888877008871052032e-01
9.896241007269324097e-01
1.000165015737707774e+00
9.924470253012076526e-01
9.879324539945160133e-01
9.843114735345663835e-01
9.889076277660368008e-01
9.943177843719878117e-01
9.993303331272889167e-01
9.940804701107133212e-01
9.883430947983318227e-01
1.000545516247559608e+00
9.925599985521735835e-01
9.958481330028963185e-01
9.965007054217845939e-01
9.959607447751550602e-01
9.975142943617858471e-01
9.981596791657979528e-01
9.990784205853392441e-01
9.898962724155021542e-01
9.922233643077672527e-01
1.000488283340161821e+00
9.891143562066133654e-01
9.975168280895092554e-01
9.993224694987554724e-01
9.985777115381453406e-01
9.984156091392426546e-01
9.950396120638597131e-01
9.928341185021497539e-01
9.999298098115876332e-01
9.995208263146206917e-01
9.986559126290959210e-01
1.001367071251876961e+00
9.920817276569964260e-01
1.001345814011674662e+00
1.002796708941435577e+00
1.005969002617064012e+00
9.968982439083278191e-01
1.001748334236001847e+00
1.006713080422730444e+00
9.974037926340973970e-01
9.916929729376326996e-01
9.993133296810142729e-01
1.000335903023431339e+00
1.006208945008833400e+00
9.991639338358133671e-01
9.929310051669553161e-01
1.000584314942383424e+00
1.005185509812582367e+00
9.977419810579830628e-01
1.001119102319899090e+00
1.008055605786594366e+00
1.003702553039875989e+00
1.002133170522946370e+00
1.007379058304801012e+00
9.942487633847644224e-01
1.004943079210193435e+00
9.972615079313564834e-01
1.008947981998383980e+00
9.939480547081339656e-01
9.977259234799294996e-01
9.950259550724663837e-01
9.955093359961560973e-01
1.000262542976624314e+00
1.005052839794720265e+00
9.966103779120913941e-01
9.958227544910189799e-01
9.944149827369391792e-01
9.952155499956351070e-01
9.929351681410232278e-01
9.984062955563861586e-01
1.005643185865387590e+00
9.955433036367515864e-01
9.935894801327185277e-01
1.000497107507039241e+00
9.885015177885204674e-01
9.956398294784274405e-01
9.920318714281690653e-01
9.952765781307252313e-01
9.998942463277351589e-01
9.914347215800322077e-01
9.941155127889209631e-01
9.872103474523132860e-01
9.976616987517595847e-01
9.944877136179233190e-01
9.943238443079583933e-01
9.910223867826115640e-01
9.929575006621745858e-01
9.976405292512094958e-01
9.899437046286999609e-01
9.910361872434869657e-01
9.905219821759198018e-01
9.866376290897690415e-01
9.937244658115161888e-01
9.892438699270433844e-01
9.892285555025706056e-01
9.952275075113742320e-01
9.878156041189581904e-01
9.888889094918412725e-01
9.976892690603923475e-01
9.946634037684946028e-01
9.901103101563628606e-01
9.985459913130160237e-01
9.995367356295428163e-01
9.878156947811201904e-01
9.944683835468354216e-01
9.957093539859820375e-01
9.975226656473357156e-01
9.940939666611435799e-01
9.872167150305201089e-01
9.952893104364549659e-01
9.869913430259864562e-01
9.861189567277349743e-01
9.912480502210425648e-01
9.870180291472384626e-01
9.878756027127281181e-01
9.930774923131150400e-01
1.000636000541421433e+00
9.896517862976351720e-01
9.961339874891602664e-01
9.897288598114236668e-01
9.870198198617357033e-01
9.940684623707369827e-01
9.935539173221330511e-01
9.966413139635621476e-01
9.940966196326206372e-01
9.926906459844232478e-01
9.938467617704140888e-01
9.835438290535791772e-01
9.967809761583306116e-01
9.881750438074419218e-01
9.861991621215910886e-01
9.875088884560707658e-01
9.888283759372500370e-01
9.920137770469891203e-01
9.912076566746077511e-01
9.913584962319799132e-01
9.918274492996030922e-01
9.900521197274100293e-01
9.948951836395029114e-01
9.925913597489225415e-01
9.916666838074628121e-01
9.873173140759408106e-01
9.924650964242183182e-01
9.909202371887303462e-01
9.898594036721820588e-01
9.964044789486415921e-01
9.929946983797677262e-01
9.888562697307847760e-01
9.940277422306660338e-01
9.969936033686184196e-01
9.921257391910520695e-01
1.000399621267866301e+00
9.938348898837212619e-01
1.000732450960782893e+00
9.925737895723880655e-01
9.927947863320812916e-01
9.922274476440070545e-01
9.968544627190877305e-01
9.934066642959967774e-01
9.960607329787568576e-01
9.965387558422051928e-01
9.989607950512553458e-01
9.970249306478438100e-01
9.886790054609069234e-01
9.836898297685111592e-01
9.721972599289977479e-01
9.675892333496772801e-01
9.695863195286996694e-01
9.538452447763381414e-01
9.434902428370375294e-01
9.315798371149281998e-01
9.305651439937091540e-01
9.217502895732060386e-01
9.133329389969182532e-01
9.030761292124830364e-01
8.944568119875572210e-01
8.862109141463011541e-01
8.814337806938012942e-01
8.761777512312937111e-01
8.677056063318483448e-01
8.561918201014580010e-01
8.482659472727924754e-01
8.455377891570984294e-01
8.338930913905917564e-01
8.276172447227860829e-01
8.230427769634615087e-01
8.093889839805818998e-01
8.077572709727677269e-01
7.958591036518188888e-01
7.878829003214072868e-01
7.909915477660702798e-01
7.776917749040832550e-01
7.739999925641388723e-01
7.641483525421668421e-01
7.583393697968370262e-01
7.498450978488644392e-01
7.433946763042674766e-01
7.326747706551502981e-01
7.305987303806397160e-01
7.184365243276588098e-01
7.162624654712171912e-01
7.071420485884911677e-01
7.021812097196800107e-01
6.923295589693910790e-01
6.907226432112945069e-01
6.839134098040388077e-01
6.732292796073919838e-01
6.683974732696128518e-01
6.613279158586973239e-01
6.604824395263626524e-01
6.502140711064559042e-01
6.432338379404269890e-01
6.377389245534380580e-01
6.307800252841953004e-01
6.220724417125051975e-01
6.193518957044252815e-01
6.145286874533655297e-01
6.032936163969730980e-01
6.031771470916925670e-01
5.858552779315141512e-01
5.853832165362912177e-01
5.770596873668218940e-01
5.775911818735255387e-01
5.684434335159400664e-01
5.630822615719730528e-01
5.575406430910955224e-01
5.531417918056399374e-01
5.452991002179597979e-01
5.391179859312300593e-01
5.368106362636625439e-01
5.260133481558784130e-01
5.174988306981203046e-01
5.184874875736423805e-01
5.075689029150164400e-01
5.057787054129968540e-01
4.993553091581849901e-01
4.900433478885957150e-01
4.861873113212967223e-01
4.796697989061466383e-01
4.775872440906874239e-01
4.695930335107436626e-01
4.620279056134866669e-01
4.598368264391226590e-01
4.542820740615086117e-01
4.493472118325365638e-01
4.404048550161872577e-01
4.361544492762180480e-01
4.298782688298746768e-01
4.239447341921779300e-01
4.205620539652199508e-01
4.160036270211669440e-01
4.104199929589381624e-01
4.009758989241933858e-01
3.969465656383694419e-01
3.923121611415932852e-01
3.884058909186163255e-01
3.835892276680540336e-01
3.799873820548124725e-01
3.730638655141060300e-01
3.670008210602369036e-01
3.619620261881584811e-01
3.579063128521097203e-01
3.521384902621025881e-01
3.490157050102326020e-01
3.424755947097393727e-01
3.386254876731906172e-01
3.320858401727089793e-01
3.279182198004589321e-01
3.241262074999152198e-01
3.185139446611746084e-01
3.117581628460581733e-01
3.045457573411842755e-01
3.003207402502158230e-01
2.971311392276721475e-01
2.947516043231960259e-01
2.861072617899647619e-01
2.814136210858305676e-01
2.771919191928565174e-01
2.755147506884229602e-01
2.716961936783257037e-01
2.666640498267668913e-01
2.603612908950249660e-01
2.557364488652019152e-01
2.507997242550633055e-01
2.468539950280447259e-01
2.437857200573920469e-01
2.384216242697086707e-01
2.328125739657526672e-01
2.290311863529965464e-01
2.245400830924569879e-01
2.197356855376632334e-01
2.174335153016744016e-01
2.103020354850156370e-01
2.083279331208215956e-01
2.032089441431238208e-01
1.967510958548459588e-01
1.945735463293970791e-01
1.893873148123310923e-01
1.866182546914932627e-01
1.818758948742657533e-01
1.751982084148449303e-01
1.731131532770722736e-01
1.672638780267623193e-01
1.642380723991757607e-01
1.592426407244896258e-01
1.540372931200388873e-01
1.502655470546399308e-01
1.476413075366483918e-01
1.429366594095316523e-01
1.386777353639087607e-01
1.339140686054321461e-01
1.297213190347202838e-01
1.260473965885771097e-01
1.216118134698262188e-01
1.198347071124750141e-01
1.141368574135817049e-01
1.114634978591267228e-01
1.075102838932965460e-01
1.054017775196693096e-01
1.022627711766054409e-01
1.003566920444733390e-01
9.674486534522681869e-02
9.245451905335377862e-02
9.181426020444032055e-02
8.869994141010104083e-02
8.650951342072775441e-02
8.358424655935288439e-02
8.130377687824279220e-02
7.880867340632506657e-02
7.703145301953816249e-02
7.462950514483740472e-02
7.113989647673242545e-02
7.018163648853067982e-02
6.813735735271571337e-02
6.601154455169636059e-02
6.361326904143381478e-02
6.257055289009048893e-02
6.094305402410271633e-02
5.878266761088524889e-02
5.702005325611881476e-02
5.569589331578065489e-02
5.392010520403196089e-02
5.179931210210737824e-02
5.036191921183275771e-02
4.845052604015671199e-02
4.702714483561921954e-02
4.574200373805632769e-02
4.517229177990891853e-02
4.265006802138044534e-02
4.112444371681152344e-02
4.037146899038446257e-02
3.933260997397821507e-02
3.821084976795144361e-02
3.563647135898653090e-02
3.576119074836488915e-02
3.438441577038341829e-02
3.337267837519981156e-02
3.234486490142193110e-02
3.087926668194138774e-02
2.961882340336363315e-02
2.853090722867598211e-02
2.746191721245446263e-02
2.660451370089617421e-02
2.658192699357804847e-02
2.542547449994464470e-02
2.443040625803408888e-02
2.281959773009159184e-02
2.252391953072718431e-02
2.143055557605020797e-02
2.032995658609534906e-02
1.999419518642659571e-02
1.917344158959975037e-02
1.857731500563816751e-02
1.758870041107459675e-02
1.676634586494701873e-02
1.635058389561836953e-02
1.549478754762563006e-02
1.472373411637528141e-02
1.424035339032288412e-02
1.334690798450133102e-02
1.248792472053301267e-02
1.235662076080519534e-02
1.194402815572297334e-02
1.092619718634118761e-02
1.049663963407071292e-02
1.023399679793177489e-02
9.360850298238779579e-03
9.152259741327925524e-03
8.412957431426691668e-03
8.208877830412219731e-03
7.597758132329704081e-03
7.507151165924191155e-03
7.072842718531584250e-03
6.322080212410086802e-03
5.985991225259895340e-03
5.655492951608551318e-03
5.159016155791345745e-03
5.027826671042354492e-03
4.580115479615403003e-03
4.221925627479744883e-03
4.231129037462606074e-03
3.684583793508697941e-03
3.352615538977239771e-03
3.091821144231719689e-03
2.976822492143281918e-03
2.712418912687119751e-03
2.436725476647239302e-03
2.016910239024724723e-03
2.071705223643073319e-03
1.623590687606599539e-03
1.660026314474432598e-03
1.382575679846165077e-03
1.269612795454962790e-03
1.058809458143818421e-03
1.042694629766840932e-03
8.560920867504324960e-04
7.808994392092610207e-04
5.869208703619553571e-04
5.162008048907969953e-04
4.459332140177971649e-04
3.232722519271353937e-04
2.726599282666834290e-04
1.760432168454953851e-04
1.508511240810630203e-04
1.104753100544594581e-04
6.729733817901979763e-05
1.829536789838363944e-05
9.118597538285756301e-06
0.000000000000000000e+00
0.000000000000000000e+00
0.000000000000000000e+00
0.000000000000000000e+00
0.000000000000000000e+00
0.000000000000000000e+00
0.000000000000000000e+00
0.000000000000000000e+00
0.000000000000000000e+00
0.000000000000000000e+00
0.000000000000000000e+00
0.000000000000000000e+00
0.000000000000000000e+00
0.000000000000000000e+00
0.000000000000000000e+00
0.000000000000000000e+00
0.000000000000000000e+00
0.000000000000000000e+00
0.000000000000000000e+00
0.000000000000000000e+00
0.000000000000000000e+00
