0.000000000000000000e+00
0.000000000000000000e+00
0.000000000000000000e+00
0.000000000000000000e+00
0.000000000000000000e+00
0.000000000000000000e+00
0.000000000000000000e+00
0.000000000000000000e+00
0.000000000000000000e+00
0.000000000000000000e+00
0.000000000000000000e+00
0.000000000000000000e+00
0.000000000000000000e+00
0.000000000000000000e+00
0.000000000000000000e+00
0.000000000000000000e+00
0.000000000000000000e+00
0.000000000000000000e+00
0.000000000000000000e+00
0.000000000000000000e+00
0.000000000000000000e+00
0.000000000000000000e+00
0.000000000000000000e+00
0.000000000000000000e+00
0.000000000000000000e+00
0.000000000000000000e+00
1.555439408166019158e-05
1.646599537076514665e-03
2.494629296358554307e-02
1.786391718703124187e-01
6.958561087922746635e-01
1.466280095632207070e+00
1.986604684336542581e+00
2.053930704234886662e+00
1.858807005027523829e+00
1.608916052662540785e+00
1.385096346700871672e+00
1.222299447462183997e+00
1.127492206749624470e+00
1.063057135123053110e+00
9.933828161982245497e-01
9.416924858600248527e-01
9.101900776094111745e-01
9.030991676450519368e-01
9.101171068200558656e-01
9.242480891941140531e-01
9.398612088740068149e-01
9.555087125356247491e-01
9.660984770856790860e-01
9.702552060473217388e-01
9.770721190948308266e-01
9.857262977367285961e-01
9.913855361417016621e-01
9.997649089641730269e-01
9.966430599301324689e-01
9.965315964474991128e-01
9.926997441004360434e-01
9.855754871339290624e-01
9.793819037104376513e-01
9.713565449253648287e-01
9.642802922942742549e-01
9.568927365983567190e-01
9.565278699267318885e-01
9.624895966109811019e-01
9.670023208124775005e-01
9.746963294994863691e-01
9.859476039974665040e-01
9.961571972819913690e-01
1.001746130507138233e+00
1.014543800427673892e+00
1.017830190024707315e+00
1.022526535748473631e+00
1.028700256052732076e+00
1.028412738300379603e+00
1.025990587450762659e+00
1.023609136783944606e+00
1.021097831421942326e+00
1.016608397592501989e+00
1.014647421000361316e+00
1.007776970157970187e+00
1.003274175081913189e+00
9.978899175404911670e-01
9.933514850073225100e-01
9.874440240519398726e-01
9.866601218253625571e-01
9.842168958461148254e-01
9.839831216710899220e-01
9.843860888831471589e-01
9.883664830292079317e-01
9.887793117268794951e-01
9.899129975622689148e-01
9.928319388866596595e-01
9.934954124758651473e-01
9.959928437792257006e-01
9.986751826039582669e-01
9.985011817923339361e-01
9.998584171328936954e-01
1.000269879158892872e+00
1.000302102791943870e+00
9.999191101780634527e-01
1.000018386800927805e+00
1.000043719519398522e+00
1.002742322198247438e+00
1.002011502010353716e+00
1.001068854210210857e+00
1.001515803473229882e+00
9.998557465693868052e-01
1.002619462834985153e+00
1.000358834687804066e+00
1.001306790440222194e+00
1.001122683740143238e+00
1.001326232809185424e+00
1.003373799106529907e+00
9.981004476488941624e-01
9.995277250636778188e-01
9.983690636888391534e-01
9.983108794091961613e-01
9.990896198370553538e-01
9.976975305698539964e-01
9.984043907722850442e-01
9.967611256535395814e-01
9.968006723050005791e-01
9.975323492770546974e-01
9.987335635463688854e-01
9.960773855844505809e-01
9.978676621456913365e-01
9.991207061153861702e-01
9.976198957142373702e-01
9.990799739732381113e-01
9.994524533347575179e-01
9.990945354979090531e-01
9.986343955694381158e-01
1.000046177924126090e+00
1.000756379925517248e+00
1.000239541695533863e+00
9.988155285879319889e-01
1.000733373858335051e+00
9.994269719090543846e-01
9.994530899617178887e-01
1.000118434741868345e+00
1.001021696870925792e+00
9.993241861525699044e-01
9.998124797402480057e-01
1.000195987522185304e+00
1.000249224927039826e+00
9.996894588591761499e-01
9.993698407638277326e-01
9.984949659269660716e-01
9.978541344797610124e-01
9.976796764231364856e-01
9.985291025833940015e-01
9.991683375179557514e-01
9.984193178317751771e-01
9.996036813720607928e-01
9.992358765848142754e-01
9.985368529001241722e-01
9.989475534161194048e-01
9.993268021353300945e-01
9.995174035327731854e-01
9.987843194271363023e-01
9.988077715657025513e-01
9.994585493878582749e-01
9.993942584390019812e-01
9.996633745326658493e-01
1.000140347308605904e+00
9.986371449590818461e-01
9.987942377790151038e-01
1.000345116051260641e+00
1.000444562874559740e+00
9.996583232494077320e-01
9.998137339601959050e-01
9.991439410770305285e-01
1.001232061558616326e+00
9.996845029467361643e-01
9.996334387253392739e-01
9.989983004996351168e-01
9.995357942537417273e-01
1.000059166123777876e+00
9.994287735477721535e-01
9.996064196511714739e-01
1.000191233897033793e+00
1.000363258673605982e+00
1.000353384426827752e+00
9.994025021898381711e-01
9.997365755772223972e-01
9.987386579912644891e-01
9.990388045258238314e-01
1.000228778047257183e+00
9.994760401328687260e-01
9.996386691702375815e-01
9.993788685576813213e-01
9.998024778215477415e-01
9.999071843328537490e-01
1.000499010293174784e+00
9.989735256751910430e-01
1.000374257757244756e+00
9.993691668856303778e-01
9.992441442992587852e-01
1.000627400146741675e+00
1.001407150309326921e+00
1.000209852338847849e+00
9.990638859732161592e-01
1.001244713881561665e+00
9.998545466340288401e-01
9.998432459312128762e-01
9.998313755899900235e-01
1.000032100476119679e+00
9.999861409818802116e-01
9.994397072397326331e-01
9.994420370910260809e-01
9.986926217667561057e-01
9.999272018968068387e-01
1.000039579309686122e+00
9.997805212907308059e-01
1.000206270920816376e+00
9.989285573027201215e-01
9.994069852765540274e-01
1.000185413439668602e+00
1.000170272386625925e+00
9.997592681305268458e-01
1.000566068791531205e+00
9.998760572727650731e-01
1.000366589042108956e+00
1.000266837170437739e+00
1.000257262219089283e+00
9.996963513936626411e-01
9.999572419644510157e-01
1.000036882853176046e+00
9.999387375712670556e-01
9.995703668982651724e-01
9.999588544849798977e-01
9.995403606360693249e-01
9.995853616053571589e-01
9.997582291339968119e-01
9.998012104304995207e-01
9.998968373690078071e-01
1.000458619545755878e+00
1.000486289352361169e+00
9.995971847784231867e-01
9.998480551990051035e-01
1.000506689164973428e+00
9.999045063437322911e-01
1.000077385226731952e+00
1.000163587207630655e+00
9.994775599947786082e-01
9.996926360290985247e-01
1.000037815298875365e+00
1.000366366513610661e+00
1.000060546612971502e+00
9.998217183260638130e-01
1.000802195342964884e+00
9.999605453164580604e-01
9.999229237015727634e-01
9.996954866606146961e-01
1.000041519482011809e+00
1.000884680533933535e+00
9.999330609709680129e-01
9.992803599493303990e-01
1.000731792712540313e+00
1.000468560552404185e+00
9.999665660571659398e-01
9.996412295818847271e-01
1.000025696157880395e+00
1.000110585023510801e+00
1.000176847056389207e+00
1.000054265676853404e+00
1.000266515486860408e+00
9.998334621146776069e-01
1.000126610992215559e+00
1.000473919667978606e+00
9.997391823810471978e-01
9.998482733221981666e-01
1.000013725676256016e+00
1.000012895069931407e+00
1.000191551551205427e+00
1.000090253422222242e+00
9.999150983839411033e-01
9.997729508944529497e-01
1.000011005084263660e+00
9.995802935077430229e-01
1.000272154568129235e+00
1.000021577300974407e+00
1.000123036142765542e+00
1.000070550499554622e+00
9.999836963440911219e-01
1.000475823858721691e+00
9.995428714845702167e-01
9.997403198573439065e-01
9.999698179291638400e-01
1.000231991933552056e+00
9.995631696796336563e-01
1.000300468670356269e+00
1.000188165320497147e+00
1.000177305488446633e+00
1.000005352784777646e+00
9.996476745180081780e-01
1.000666309459179226e+00
1.000395493664897550e+00
9.996914356930598489e-01
9.996990948149047096e-01
1.000594629479821807e+00
1.000434683135193570e+00
9.998309277899504188e-01
1.000531852207718009e+00
9.995892886286473766e-01
1.000179980904479349e+00
1.000746928940354774e+00
9.996844191272818980e-01
1.000301745194082548e+00
1.000531791295049322e+00
1.000401026904669255e+00
9.996578816512964316e-01
9.995921651987489387e-01
1.000359708609104503e+00
9.995754414023600987e-01
9.997396522766247573e-01
9.993741794407025036e-01
9.994305245680211724e-01
1.000239569543348139e+00
1.000058546299545936e+00
1.000097359278808939e+00
1.000534449379154367e+00
1.000242736366511398e+00
1.000093963474197656e+00
9.997780086418363021e-01
1.000245626565478441e+00
1.000532181226332584e+00
1.000444586181495676e+00
1.000543194984178097e+00
9.999606012411446088e-01
1.000098217471598661e+00
1.000186352659680811e+00
1.000117789794444878e+00
1.000373773566884950e+00
9.998552801285727210e-01
1.000027657242992252e+00
1.000309800870307742e+00
9.997223692315254651e-01
1.000338955055929624e+00
1.000282360498466971e+00
1.000354844109086816e+00
1.000072571136488842e+00
9.999496573560882062e-01
1.000415618923261807e+00
1.000211120020466415e+00
1.000339895354802833e+00
9.993242610439643236e-01
1.000265130943107428e+00
1.000485533377081460e+00
1.000591613452203488e+00
1.000173150890742102e+00
1.000006911877499016e+00
1.000100410557557051e+00
1.000042830974281483e+00
1.000596218890598132e+00
1.000446153204006983e+00
1.000248929825185096e+00
1.000482814879892546e+00
9.998101959575209641e-01
1.000173398824945714e+00
1.000611001038283820e+00
9.997670147228725490e-01
1.000444940835531371e+00
9.993283404860839880e-01
9.951573202602684853e-01
9.869969391927788660e-01
9.786514847905198877e-01
9.697617992939155940e-01
9.621015101215626419e-01
9.541192794218830153e-01
9.457943066746399285e-01
9.379802964396242171e-01
9.303921790386978641e-01
9.225110763226094246e-01
9.144808040930360038e-01
9.070274090812051604e-01
8.994318814805617457e-01
8.908693357105629262e-01
8.840435155466822570e-01
8.763353840911741743e-01
8.684337601192679834e-01
8.612665113378862314e-01
8.535978309484348880e-01
8.460173756165842995e-01
8.387281002796129759e-01
8.313597042886368138e-01
8.240336407267963015e-01
8.170525669127789437e-01
8.094566981940658490e-01
8.025710685720269799e-01
7.952579699378361511e-01
7.884656049093684560e-01
7.805993791889890288e-01
7.739709516623047847e-01
7.668935848137817812e-01
7.595786164963407305e-01
7.532507423044232375e-01
7.466668317578899483e-01
7.392300738209438560e-01
7.322625137359809466e-01
7.256427172637626155e-01
7.183986352596650748e-01
7.113830413934726371e-01
7.055620387455613374e-01
6.982949281914996309e-01
6.922302389118424326e-01
6.857481053631363510e-01
6.789632369520760546e-01
6.718836465743617259e-01
6.655787028208604017e-01
6.592625767768034439e-01
6.528408830806846641e-01
6.461146186003547953e-01
6.400121704206160889e-01
6.334661462290888112e-01
6.271340986686951835e-01
6.210659481611416899e-01
6.148155878480114911e-01
6.085372794636049187e-01
6.021007145178944864e-01
5.959200788284439998e-01
5.899100469482989606e-01
5.838893390907631264e-01
5.778497190638980374e-01
5.714343395992391716e-01
5.651849246126747772e-01
5.595922351925634031e-01
5.536991693061845687e-01
5.475377768412116319e-01
5.416776056576561027e-01
5.353990648217757942e-01
5.296849922870179306e-01
5.240681479627581352e-01
5.183326873025929649e-01
5.124829709654129539e-01
5.065814627532165826e-01
5.009319642757532609e-01
4.953074773563309607e-01
4.893874610923442114e-01
4.836787330107765182e-01
4.779909553432025171e-01
4.728470848787041936e-01
4.668758220094170741e-01
4.610751796830775961e-01
4.556320778880195155e-01
4.502329816507305571e-01
4.449611384513822432e-01
4.394534355856356544e-01
4.339526302014602432e-01
4.283922367148719768e-01
4.232123376680622107e-01
4.176207071942970583e-01
4.125012479396144571e-01
4.067978996187555096e-01
4.020575553647835476e-01
3.963431528717801244e-01
3.914218711841555010e-01
3.857566237292172073e-01
3.807085424082110037e-01
3.755643688384611156e-01
3.703362117058120462e-01
3.649881709438182464e-01
3.600123286714307924e-01
3.550338792758723772e-01
3.500875257682308783e-01
3.449180458124025406e-01
3.397080536323349165e-01
3.348915237983283166e-01
3.300949107493935109e-01
3.250199426814152082e-01
3.199440828911026546e-01
3.150227612493474716e-01
3.100673805754021739e-01
3.054217260774484410e-01
3.006085075432763376e-01
2.958424562275054348e-01
2.907469998000887235e-01
2.860609939918963285e-01
2.810619426746900351e-01
2.764471538292976871e-01
2.717615616091033082e-01
2.671691542756667315e-01
2.623002544998825902e-01
2.575132814749309662e-01
2.528111622495812782e-01
2.482874717905306228e-01
2.439155297181772875e-01
2.390839689708706972e-01
2.345601197868622811e-01
2.297011777868443461e-01
2.254495854981495573e-01
2.206144630874535550e-01
2.165495330455933787e-01
2.119610594648811963e-01
2.073864493069904891e-01
2.029909450526433123e-01
1.985422756832259661e-01
1.941627436240315474e-01
1.897640549991479186e-01
1.852014415514782186e-01
1.808541564207640229e-01
1.766726496980411676e-01
1.721277486934379986e-01
1.679505399480285266e-01
1.634829402763972317e-01
1.593840037416526523e-01
1.551191419546475436e-01
1.507810519786575154e-01
1.466169219524516287e-01
1.424887508530016389e-01
1.382615704166876847e-01
1.340571812857198064e-01
1.297852838656294028e-01
1.257070253664658299e-01
1.215155565253778630e-01
1.176583616247083575e-01
1.141788710850869387e-01
1.108750365152640360e-01
1.076834649659265536e-01
1.045283325463016721e-01
1.015058239888650682e-01
9.860122882521844823e-02
9.579797498989069127e-02
9.309472650547456762e-02
9.044290784681270623e-02
8.796494202663898698e-02
8.549516116208900895e-02
8.301903870024952836e-02
8.072619562268154580e-02
7.837272111072536573e-02
7.617144694746086353e-02
7.403725373005742849e-02
7.191857822156698388e-02
6.973641608169132977e-02
6.786962608038515921e-02
6.589696485564260076e-02
6.385369891787900931e-02
6.213685960267223418e-02
6.032740278976417292e-02
5.854229487740462284e-02
5.674712463845952432e-02
5.509788295472277386e-02
5.345223854472388320e-02
5.188230125540421733e-02
5.025266933752903231e-02
4.875217886835045422e-02
4.728763611772023034e-02
4.578640875179247616e-02
4.437761450467763574e-02
4.298863971641099513e-02
4.160166896984580226e-02
4.034091034718347707e-02
3.898857875484994240e-02
3.785531193509421993e-02
3.658396710479729086e-02
3.539622155688181004e-02
3.415214569408280693e-02
3.304079913541735358e-02
3.190822218830498963e-02
3.086734810756676731e-02
2.975350537991172661e-02
2.872414314445345673e-02
2.770532435113946465e-02
2.668291947098458058e-02
2.576555741897147353e-02
2.485321348724877852e-02
2.391044956383572839e-02
2.302501757286828238e-02
2.208410964907910751e-02
2.125906448769813994e-02
2.043295029143101654e-02
1.968800741110264194e-02
1.890877650713999186e-02
1.813053815676341982e-02
1.736862105251136060e-02
1.668801302384944826e-02
1.596892635850576808e-02
1.530126241969968076e-02
1.464461152396795245e-02
1.394867726665108103e-02
1.335272510536403799e-02
1.276737696043926153e-02
1.216619775879771749e-02
1.158731811167004397e-02
1.103224658035657085e-02
1.051601386625481555e-02
9.947085712790924850e-03
9.505941876539204458e-03
8.977901943253678227e-03
8.521446385042550156e-03
8.038422124105345720e-03
7.602045233652872207e-03
7.163929398886602004e-03
6.775520480361313380e-03
6.358092621264425405e-03
5.998293237810903809e-03
5.603411638237819348e-03
5.252998488071397576e-03
4.931793063002338877e-03
4.594066962472740344e-03
4.257319174704767874e-03
3.939873492007197123e-03
3.668688349048513427e-03
3.406806118808380305e-03
3.138294457301845503e-03
2.868646285284455651e-03
2.642335886971535711e-03
2.409654608834222844e-03
2.179549471042283547e-03
1.973318876292057527e-03
1.798704569402613529e-03
1.595275776600259309e-03
1.426768741607170555e-03
1.261760041273801876e-03
1.114017962490049815e-03
9.646044787107417107e-04
8.338018987146059982e-04
7.067918117476361395e-04
6.030441324627116521e-04
5.012999717726245811e-04
4.118979115626523373e-04
3.361911539561658027e-04
2.596997330249906501e-04
1.937290055514567972e-04
1.405881112140617260e-04
9.105262211859327587e-05
5.867116913934088070e-05
3.273790121426184917e-05
1.261103020285994609e-05
2.949773001188862840e-06
1.923641536037009092e-07
2.739362954157299877e-08
0.000000000000000000e+00
0.000000000000000000e+00
0.000000000000000000e+00
0.000000000000000000e+00
0.000000000000000000e+00
0.000000000000000000e+00
0.000000000000000000e+00
0.000000000000000000e+00
0.000000000000000000e+00
0.000000000000000000e+00
0.000000000000000000e+00
0.000000000000000000e+00
0.000000000000000000e+00
0.000000000000000000e+00
0.000000000000000000e+00
0.000000000000000000e+00
0.000000000000000000e+00
0.000000000000000000e+00
