0.000000000000000000e+00
0.000000000000000000e+00
0.000000000000000000e+00
0.000000000000000000e+00
0.000000000000000000e+00
0.000000000000000000e+00
0.000000000000000000e+00
0.000000000000000000e+00
0.000000000000000000e+00
0.000000000000000000e+00
0.000000000000000000e+00
0.000000000000000000e+00
0.000000000000000000e+00
0.000000000000000000e+00
0.000000000000000000e+00
0.000000000000000000e+00
0.000000000000000000e+00
0.000000000000000000e+00
0.000000000000000000e+00
0.000000000000000000e+00
0.000000000000000000e+00
0.000000000000000000e+00
0.000000000000000000e+00
0.000000000000000000e+00
0.000000000000000000e+00
0.000000000000000000e+00
0.000000000000000000e+00
1.776274579104797097e-03
2.545274167171692262e-02
1.782305393936247095e-01
6.885340936788180155e-01
1.469780593348959608e+00
1.991386180436190978e+00
2.062300366155159992e+00
1.867602595158782464e+00
1.605463371459364019e+00
1.383199341472789001e+00
1.229799505103941204e+00
1.131120900430690357e+00
1.068318897050709815e+00
1.002812509704340771e+00
9.364116941921408754e-01
9.159581481416654292e-01
9.048702696956663072e-01
9.135935401256002342e-01
9.219979002390483735e-01
9.420106081979454649e-01
9.561016327638909296e-01
9.671597461651572081e-01
9.717611145131022088e-01
9.828578851144228468e-01
9.859730961048535081e-01
9.966637373847674342e-01
9.950669873143801469e-01
1.000368884917907097e+00
1.000160537207494649e+00
9.930172400784114117e-01
9.876048791379613556e-01
9.793716443241209380e-01
9.718697560637347133e-01
9.651571567298965482e-01
9.620859903613403485e-01
9.600270116412352728e-01
9.626143758209040335e-01
9.693381817567683356e-01
9.745846001934559411e-01
9.861999549677331611e-01
9.957310504160359343e-01
1.007010408752732733e+00
1.016543324847608565e+00
1.020582940219456169e+00
1.027843994029233654e+00
1.028571269205926120e+00
1.025844003656539716e+00
1.027031974266096270e+00
1.024476899721721512e+00
1.020533375812446630e+00
1.019113196838800972e+00
1.014876065466472799e+00
1.009062831882768130e+00
1.002786902967427229e+00
1.000716264292576430e+00
9.916578779596574300e-01
9.895644624288373326e-01
9.879633218363856884e-01
9.857072290158456207e-01
9.848950562446383561e-01
9.857511081712440060e-01
9.869795933579115221e-01
9.894031641521787712e-01
9.914271885190207856e-01
9.948267363579809119e-01
9.954420753182503523e-01
9.999677905083814711e-01
9.988355062849073596e-01
1.003780131060086900e+00
9.986885903398452502e-01
1.001059625910131645e+00
1.000428324933589908e+00
1.001342199036207026e+00
1.000821439836703242e+00
9.998298580961365589e-01
1.001457844025529287e+00
1.003174039099010262e+00
1.000877732247702268e+00
1.001986217452777606e+00
1.001126088023514216e+00
1.001878593325836286e+00
1.001294061530536794e+00
1.002091306994375319e+00
1.001866594731620985e+00
1.002850450095903012e+00
1.001414623431086559e+00
9.998421106439329131e-01
9.991229416653729656e-01
9.997466929243635780e-01
9.997834178943975081e-01
1.000718346037476891e+00
9.989103145943096784e-01
9.991747019114710637e-01
9.989941324414173263e-01
9.989956058895973490e-01
9.977153364794204560e-01
9.986978026930389829e-01
9.981551771773047310e-01
9.985182033760063858e-01
9.986098996736255673e-01
1.000351006837227441e+00
9.994624609729231279e-01
9.978495486787555269e-01
1.000350112098189248e+00
1.000560577266950357e+00
9.981970547041831843e-01
9.998084161448299589e-01
1.000122363133745917e+00
1.000593006753346836e+00
1.000663521255792388e+00
9.999710198063760380e-01
9.999394577835964970e-01
1.001291134504282976e+00
1.001393782792758813e+00
9.988961726670689822e-01
1.000367332238142337e+00
1.001490037370788899e+00
1.000420249458108479e+00
9.993243684091485113e-01
1.001398188651485333e+00
9.993625506300953809e-01
1.000459635124172575e+00
9.995966501863354781e-01
9.990390117593025421e-01
9.993954313141719670e-01
9.997575927765415260e-01
9.991614537967878906e-01
9.994459381293896438e-01
9.995420136766531849e-01
1.000445486461469136e+00
1.000165866252344937e+00
9.999544995698069760e-01
9.995117936567142758e-01
9.997749808841044361e-01
9.989361683648921852e-01
1.000491310089056451e+00
9.993821787067712625e-01
9.998102435651291531e-01
1.000097996479603513e+00
9.997850802181887930e-01
9.994612672724209057e-01
1.000186846826913278e+00
9.992727853272576066e-01
9.988354277351517707e-01
1.000835794483707852e+00
1.001066594775556151e+00
9.992513681349637356e-01
1.000824512112016729e+00
1.000415050898357361e+00
9.997349625503891835e-01
1.001624034524783990e+00
1.000084009259369466e+00
1.001322539713851656e+00
1.000411890070008303e+00
1.000561577230154819e+00
1.000498379587986486e+00
9.998938103683350231e-01
9.995897446672082909e-01
1.000231741765821747e+00
9.998871566182230275e-01
1.000537510493801241e+00
1.001266905771234450e+00
9.997206863896945794e-01
9.994741419104007374e-01
1.000775515583245623e+00
1.000045604917923159e+00
1.000123545443329709e+00
9.993845055486056950e-01
9.994769683895614598e-01
9.996326155216572751e-01
1.000153055585250028e+00
9.995217823704501958e-01
1.000240942720656667e+00
1.000742554376738980e+00
1.000189628808526798e+00
1.000153082039260566e+00
9.995646624921066259e-01
1.000213641206228576e+00
9.993967191256909466e-01
1.000355482082582625e+00
9.994005863036582449e-01
1.000544519400534238e+00
1.000841205733009609e+00
9.997308755337285247e-01
9.993214506653035345e-01
1.000193680600105273e+00
1.001040505204263020e+00
1.000183933362558397e+00
1.000274043896939746e+00
1.000044614497105133e+00
1.000403501212821400e+00
9.994366710080033744e-01
1.000749374259190194e+00
1.000253273101956220e+00
9.995886251037764403e-01
1.000298894357084523e+00
9.996154381208687267e-01
1.000260844220645540e+00
9.991985816786786989e-01
9.995639936198646991e-01
9.995296331902773224e-01
1.000888248787675350e+00
1.000375953029528864e+00
9.999107095382803179e-01
1.000032258186047684e+00
1.000069464505205286e+00
9.998652161851854236e-01
9.996205241413815834e-01
1.000711085659107047e+00
1.000473497796976696e+00
9.995661902469163973e-01
1.000371080653497780e+00
1.000632238124687712e+00
1.000783656346198924e+00
1.000237733640403803e+00
1.000339493427995663e+00
9.996831792160237873e-01
1.000287643700165985e+00
9.994997156760923041e-01
9.995934596196610622e-01
9.997423897897314005e-01
1.000349148312798642e+00
1.000328746250381151e+00
1.000086884984472624e+00
1.000466681925068491e+00
9.996505000141630015e-01
9.999250616882847664e-01
1.000016895276551798e+00
9.991013778135282575e-01
1.000693610926248756e+00
9.997934011268077015e-01
9.998689844880969124e-01
9.999086831786421214e-01
1.000566628435870520e+00
9.994040251118198048e-01
1.000137741023228388e+00
9.998622076937844216e-01
1.000425132544773277e+00
1.000143629645085630e+00
1.000479007712367086e+00
1.000058672752664801e+00
9.998774225179196673e-01
9.999006539795569637e-01
9.999669681287133294e-01
9.996162150848859618e-01
1.000366116294724605e+00
9.997249126928687835e-01
1.000648956443159765e+00
9.997843931351682034e-01
1.000327363760779020e+00
9.995993050465967755e-01
9.995123976641812069e-01
9.995700372055781324e-01
1.000473794218585732e+00
9.998457809220100412e-01
9.995437249766976340e-01
9.999009384594418348e-01
1.000180535072043853e+00
9.996488575481813355e-01
9.992343509269673296e-01
9.999905624373508495e-01
9.994197019091279888e-01
1.000375874983142843e+00
1.000080674425657401e+00
9.993277765037885674e-01
9.999350528329188359e-01
9.997538999223357647e-01
9.999294467551044230e-01
9.998263019896781456e-01
1.000239765889274324e+00
9.995666148327185807e-01
9.995298284727739402e-01
9.999214127650127848e-01
1.000312870590956527e+00
9.998152691608812592e-01
9.995253421777364755e-01
9.995881930933659953e-01
9.992578270800958062e-01
1.000143733207492724e+00
9.998307798967813742e-01
9.996572553895917146e-01
9.997213500520945040e-01
9.997578166604410566e-01
9.998711851961054053e-01
1.000681443572051688e+00
1.000356732900690604e+00
9.998242020782018846e-01
9.997909200667983720e-01
1.000359801495307455e+00
9.999677577730271549e-01
9.995408617715001443e-01
9.998247682895462507e-01
9.998412658606985470e-01
9.993964963383563660e-01
9.995727770745881369e-01
9.994892688303004258e-01
9.995106348728243217e-01
1.000243816643045625e+00
1.000192661503706448e+00
1.000032484796296917e+00
9.995824905988713871e-01
9.998544604417143322e-01
9.997468784629275351e-01
9.999470705792909975e-01
1.000151205514976827e+00
9.995077867636924518e-01
1.000232078054068774e+00
9.998646580598610223e-01
9.994281410673775401e-01
9.997034638615635016e-01
9.991880846002929584e-01
9.994846471555070000e-01
1.000097075410875558e+00
1.000106740961062668e+00
9.999510719832940264e-01
9.995618240112826847e-01
9.997610165548795891e-01
9.999050704557009839e-01
9.997485219466303308e-01
9.996184232344135223e-01
9.999022658870547753e-01
1.000173139126091293e+00
1.000225948265105247e+00
1.000350069750556736e+00
9.998917825133850634e-01
1.000376677297593497e+00
1.000337682758043245e+00
1.000324838338894295e+00
9.997109520048708120e-01
1.000001579967990439e+00
9.998819070728706127e-01
1.000134430491677939e+00
1.000096883177425511e+00
1.000023265441089437e+00
9.999307256583507275e-01
9.996299016841104779e-01
9.994222296850490128e-01
9.947951831013890356e-01
9.861220164858126580e-01
9.779045679883159314e-01
9.703805142948801477e-01
9.620385165297216101e-01
9.541236866995997934e-01
9.459669931716365721e-01
9.376835572901506266e-01
9.302905827829474061e-01
9.223771923068517786e-01
9.142551296277674489e-01
9.068621183329332869e-01
8.989238509936293697e-01
8.918364156812732535e-01
8.837873212504679943e-01
8.760272419965088320e-01
8.688603637566978399e-01
8.607969519470771713e-01
8.536938893110112003e-01
8.461848668532775397e-01
8.388252781104998945e-01
8.312209238143836165e-01
8.241458174943192549e-01
8.167738968498881036e-01
8.095172983785899889e-01
8.019810861118643608e-01
7.952097150747227117e-01
7.883333585079539407e-01
7.806434773334713917e-01
7.739156342171459313e-01
7.670215882253336170e-01
7.599967948053952815e-01
7.533393396657055430e-01
7.458526971193726318e-01
7.385624400272741141e-01
7.321755850894666739e-01
7.254574741394130832e-01
7.187089756104396709e-01
7.120549102339872594e-01
7.052279275828650107e-01
6.983829670446564108e-01
6.920656329023723297e-01
6.849944634797610066e-01
6.786440099776837043e-01
6.719540117637421428e-01
6.656382617830619575e-01
6.590305267970776315e-01
6.525580984242802529e-01
6.461488912715117605e-01
6.400234337184986799e-01
6.335789311403270396e-01
6.272574982434454549e-01
6.206447992476765707e-01
6.144644057120434155e-01
6.082636473816146472e-01
6.021312838209582630e-01
5.956421207906718029e-01
5.895837515638838733e-01
5.834325128365611679e-01
5.775162799932334057e-01
5.712579997749811511e-01
5.652309755309822270e-01
5.591463479489114929e-01
5.532260132870672198e-01
5.473070218353166538e-01
5.409687452024254384e-01
5.356571655873074711e-01
5.296129174875010559e-01
5.237380708555441355e-01
5.179761327407478300e-01
5.120946609152264850e-01
5.065036755015700498e-01
5.006049629201362317e-01
4.949197421738781855e-01
4.891438774741391771e-01
4.834895276318211810e-01
4.779789157999052018e-01
4.722678371175476619e-01
4.668352163192638904e-01
4.609623997262329298e-01
4.555619824971275378e-01
4.502206534245876135e-01
4.444906128861515482e-01
4.391532520690884511e-01
4.338216627760658195e-01
4.283256443650044765e-01
4.227757163877828850e-01
4.173797356825516003e-01
4.120377272900421772e-01
4.069949742706205353e-01
4.018290214157765328e-01
3.960832723015076939e-01
3.913451016656055437e-01
3.859254346154168402e-01
3.803294988127064458e-01
3.756200683389549488e-01
3.702068435669707003e-01
3.652254290491441791e-01
3.598456335384024873e-01
3.549199199920896053e-01
3.500813342158989871e-01
3.446772473317905594e-01
3.397414380325993744e-01
3.344311158866780653e-01
3.297284852964496027e-01
3.247307561286462141e-01
3.198394458089464099e-01
3.149835705709227995e-01
3.100676568418288537e-01
3.052546263859601261e-01
3.003444615650064931e-01
2.954149373815797008e-01
2.906677474750180568e-01
2.858472251546085308e-01
2.810777280560209923e-01
2.762699570040322850e-01
2.714631637173507417e-01
2.670479192647266520e-01
2.622110693969364470e-01
2.575384797287318395e-01
2.528082027252194774e-01
2.482418249282093148e-01
2.434700170064816871e-01
2.391450938540830295e-01
2.345115538090709051e-01
2.300097056197011047e-01
2.251641422112763691e-01
2.206194397024812126e-01
2.161762642756565045e-01
2.118078416784233420e-01
2.073217986465406004e-01
2.027696678778100059e-01
1.984663210299044689e-01
1.938835058479303208e-01
1.897147474573182280e-01
1.852442908814558031e-01
1.806531362833243837e-01
1.763719078626084236e-01
1.721830738076622347e-01
1.678493611592256074e-01
1.635487935568314122e-01
1.594181171905107441e-01
1.549606954333198339e-01
1.508344971788287137e-01
1.463705071527812429e-01
1.423469005539770571e-01
1.380484297552227735e-01
1.338919970896424450e-01
1.296529392254575641e-01
1.255395938511159049e-01
1.215826940593358885e-01
1.175731961529205560e-01
1.141464946927897017e-01
1.107584272758847938e-01
1.075180743480006196e-01
1.043282946048182808e-01
1.013835855229157784e-01
9.864798704831673204e-02
9.569340109810164918e-02
9.304983844451253372e-02
9.030958920964196612e-02
8.789722198224091121e-02
8.523753301122244386e-02
8.298910663015932054e-02
8.049839413447647252e-02
7.832235067550658014e-02
7.614101435299633347e-02
7.393937328847963175e-02
7.181488651358600150e-02
6.980084898215481448e-02
6.775774463456152308e-02
6.583856346220204325e-02
6.392125369784205924e-02
6.202296046355844361e-02
6.026374083725662828e-02
5.849753756191920090e-02
5.675299090225766757e-02
5.505053351599692446e-02
5.346678116297277905e-02
5.183144223920563981e-02
5.025187970897788264e-02
4.873683676174645624e-02
4.724069156446341483e-02
4.589830530940056108e-02
4.439609599655687522e-02
4.301584784758122337e-02
4.163091002284222131e-02
4.024523910934953153e-02
3.896789525921548480e-02
3.768992100351933883e-02
3.645418935193276561e-02
3.532316738199813705e-02
3.408555046329176524e-02
3.294380086553298781e-02
3.184768032033356844e-02
3.074707141996262799e-02
2.975089849514309104e-02
2.866118994292433941e-02
2.765991626794116198e-02
2.673301731768039022e-02
2.576681695830006918e-02
2.479689458525140278e-02
2.386312791452109561e-02
2.299482834360214861e-02
2.213907523094033394e-02
2.124008484152595591e-02
2.041870280882666921e-02
1.965065564718602997e-02
1.891083955910162831e-02
1.814564035902541117e-02
1.739273161800290735e-02
1.667488607091105468e-02
1.595274321685454660e-02
1.527499464709531837e-02
1.462412406789128858e-02
1.394359807605078175e-02
1.337839188110634230e-02
1.275887792664447996e-02
1.213236556926425985e-02
1.154840522049625784e-02
1.102348383437215702e-02
1.047069471023821113e-02
9.981271885641237324e-03
9.446036704617575760e-03
8.963482407350871831e-03
8.476413408374378067e-03
8.051259570838589785e-03
7.615225123200231906e-03
7.169111907524287203e-03
6.749556826803919038e-03
6.356639585372236660e-03
6.004852447783737800e-03
5.590830626454742873e-03
5.235838283085582356e-03
4.916391374880328159e-03
4.578987156049927829e-03
4.251828003628776997e-03
3.967753460703016613e-03
3.679792948960983884e-03
3.396956494512211582e-03
3.115820441524671473e-03
2.864763716897780060e-03
2.627459271906609599e-03
2.399957656488465024e-03
2.176856442732839122e-03
1.985165478761994565e-03
1.777369002542193883e-03
1.592710395814707618e-03
1.415448602906900976e-03
1.250679745994211483e-03
1.096144304574206852e-03
9.679194893681392466e-04
8.388246603725932555e-04
7.020241997341288530e-04
5.966256043439364812e-04
4.993314114154249420e-04
4.124479041776227782e-04
3.256115584109525252e-04
2.577645178922442879e-04
1.941155890698316173e-04
1.385463734742607656e-04
9.165040583650478807e-05
5.732488705538200420e-05
3.120636619407067802e-05
1.263641192291328245e-05
2.508234067956064289e-06
1.648538931349750019e-07
0.000000000000000000e+00
0.000000000000000000e+00
0.000000000000000000e+00
0.000000000000000000e+00
0.000000000000000000e+00
0.000000000000000000e+00
0.000000000000000000e+00
0.000000000000000000e+00
0.000000000000000000e+00
0.000000000000000000e+00
0.000000000000000000e+00
0.000000000000000000e+00
0.000000000000000000e+00
0.000000000000000000e+00
0.000000000000000000e+00
0.000000000000000000e+00
0.000000000000000000e+00
0.000000000000000000e+00
0.000000000000000000e+00
