0.000000000000000000e+00
0.000000000000000000e+00
0.000000000000000000e+00
0.000000000000000000e+00
0.000000000000000000e+00
0.000000000000000000e+00
0.000000000000000000e+00
0.000000000000000000e+00
0.000000000000000000e+00
0.000000000000000000e+00
0.000000000000000000e+00
0.000000000000000000e+00
0.000000000000000000e+00
0.000000000000000000e+00
0.000000000000000000e+00
0.000000000000000000e+00
0.000000000000000000e+00
0.000000000000000000e+00
0.000000000000000000e+00
0.000000000000000000e+00
0.000000000000000000e+00
0.000000000000000000e+00
0.000000000000000000e+00
0.000000000000000000e+00
0.000000000000000000e+00
0.000000000000000000e+00
0.000000000000000000e+00
1.805359885838973442e-03
2.409743111397893989e-02
1.765310628458792164e-01
6.932259053826962392e-01
1.470782320008648281e+00
1.991258298032588581e+00
2.060877443130289421e+00
1.871519891880145003e+00
1.611762813217520351e+00
1.386913042131745932e+00
1.233681575388489327e+00
1.126148475971153973e+00
1.065939616247301158e+00
1.000700928121238453e+00
9.470007866858970447e-01
9.130494397015034291e-01
9.074772201320054910e-01
9.136244654513832053e-01
9.254044214279050218e-01
9.431065834165217598e-01
9.581891419633450369e-01
9.707558487234447808e-01
9.732210627322540608e-01
9.811564996497015301e-01
9.855484565566258182e-01
9.964626185617119214e-01
9.980791909142323615e-01
1.000521720766085698e+00
9.980493977921447435e-01
9.931424840142791810e-01
9.859780023738083932e-01
9.826831099985521289e-01
9.740678075076273368e-01
9.669129318998949119e-01
9.659601110709484795e-01
9.593155198629176317e-01
9.644427382163408558e-01
9.689692076708650292e-01
9.786812834676690276e-01
9.886573461497625281e-01
9.997483756521566844e-01
1.009910122468083538e+00
1.013719881063745554e+00
1.018776745875991097e+00
1.027162466110272732e+00
1.030792020967687295e+00
1.030120567056728387e+00
1.030621054933971381e+00
1.027679173044979910e+00
1.022411906592989306e+00
1.017252592720799376e+00
1.016014666666402499e+00
1.010347999790153661e+00
1.007518262206661408e+00
9.970067580517818495e-01
9.945554256220288103e-01
9.926320146810339029e-01
9.872451325909489261e-01
9.844417393307897113e-01
9.896789140697563880e-01
9.871673196378978332e-01
9.889481909280511962e-01
9.888406506901835646e-01
9.919200110968983131e-01
9.940708510783450302e-01
9.951645193824347757e-01
9.996665402125183286e-01
1.000254099758465243e+00
1.000623113623426486e+00
1.003636006874687236e+00
1.002528011995488244e+00
1.000885232372756617e+00
1.002192838654489826e+00
1.001060410067925233e+00
1.002311965039887287e+00
1.003132006293588008e+00
1.004410473347391308e+00
1.004044093804959736e+00
1.002689601844129585e+00
1.004791376079579024e+00
1.000968384287709512e+00
1.004335022554960766e+00
1.002020764660058072e+00
1.002096340943297248e+00
1.000427336480869123e+00
1.002827809103451262e+00
1.000370779558866996e+00
1.000085889268283790e+00
1.001522893328306019e+00
9.993379767139731751e-01
1.000011080094074467e+00
9.995180600596406117e-01
9.989878578165246603e-01
9.978379845408622550e-01
1.000037231928217585e+00
9.973557191820370260e-01
9.973267595126108498e-01
9.992003804197577832e-01
9.997324276233027218e-01
9.993309881868656097e-01
9.979495791806045624e-01
9.996554499778038672e-01
1.001839883423198740e+00
9.997389684419668576e-01
1.000630657150465508e+00
1.000248604868316793e+00
1.000244356440092686e+00
9.993670027149120783e-01
1.001010627984582513e+00
1.000021989986215054e+00
1.000684244933973455e+00
9.998684249213977138e-01
1.000599237517238338e+00
1.000317650086394394e+00
1.000552359387680612e+00
9.993570294706394241e-01
1.000783498952361183e+00
1.000138702727428663e+00
9.992152748546386798e-01
9.990727322902478447e-01
1.000277661504431315e+00
9.999830562574533177e-01
9.991811004969322063e-01
9.998495753083367354e-01
1.000280609597923531e+00
9.994711265130352684e-01
9.979848769393379060e-01
1.000552633297567828e+00
9.998991554864732345e-01
9.997885240264900997e-01
9.996229754237802023e-01
1.000076401499179868e+00
9.999916311839640581e-01
9.987012329872452243e-01
9.989683965475293359e-01
9.995347710251484274e-01
9.998405598865817145e-01
1.000760596502116906e+00
9.997138259100959434e-01
1.000211838822807842e+00
9.989568231929075726e-01
9.990022545410507382e-01
1.000933269847627205e+00
9.991095929293876132e-01
1.000590946221628919e+00
9.997069737489295838e-01
9.992206491095469989e-01
9.991454181928535183e-01
9.985775206387309533e-01
1.000056963782685493e+00
9.999450959673176209e-01
9.999364882570168644e-01
9.986156632791634014e-01
1.000022023510317881e+00
9.995545045750162672e-01
9.994907434209727715e-01
9.999613709583542454e-01
9.993387779103953816e-01
9.999822135174358806e-01
9.996226167476077729e-01
1.000110198458290300e+00
9.992851902467075886e-01
9.999230368554790083e-01
9.994295994368359581e-01
9.994945024216816964e-01
9.996450261515791302e-01
1.000006588443778766e+00
9.998678253571608998e-01
9.994797866853867285e-01
9.998394056500528038e-01
9.997313630203472634e-01
1.000312181856537030e+00
1.000664000456696678e+00
9.994267667158740487e-01
9.998968177013199954e-01
1.000194847240890361e+00
9.992752219085302423e-01
9.995463128550831078e-01
1.000187478262478002e+00
9.999122331736366442e-01
9.990371621072854369e-01
9.996957841657679866e-01
9.994906972328564398e-01
1.000118801960260040e+00
1.000481821419855422e+00
1.000038736233645587e+00
1.000039327472489026e+00
1.000138887673929000e+00
9.994782366664752837e-01
9.992632110654405819e-01
1.000132341683054094e+00
9.997319918785897430e-01
9.991817757384431342e-01
9.997318427037611421e-01
1.000433877193722898e+00
1.000162153807946375e+00
9.995348592495206796e-01
1.000625280029769693e+00
1.000054107334964693e+00
9.999948238720239857e-01
1.000499875526377425e+00
9.992767536796898220e-01
1.000221624711470580e+00
1.000353029600261623e+00
1.000298085528624759e+00
1.000406120666122334e+00
9.995962732076598689e-01
1.000022647640528728e+00
9.997242563724491049e-01
1.000137286048935259e+00
9.995282026776564077e-01
1.000012199497497090e+00
9.996835254230150847e-01
1.000539709700340341e+00
9.998222968713655900e-01
1.000311812577491688e+00
9.998914703046500874e-01
1.000653828355933639e+00
1.000221705042865672e+00
9.988475026791716616e-01
9.999763206152161299e-01
1.000153201965094052e+00
1.000151934722573577e+00
9.999207064528288225e-01
1.001281270581258154e+00
1.000094504529496442e+00
9.995903338506301194e-01
1.000649360265844390e+00
9.996100325830828970e-01
1.000723844076134350e+00
1.000763875206043263e+00
1.000127782412898902e+00
9.999532079891891856e-01
9.999268097991511617e-01
1.000576995823371673e+00
9.995517786649794623e-01
1.001096594587409960e+00
1.000825756444706061e+00
1.000346332228014390e+00
1.000161669800755382e+00
1.000446567689492472e+00
9.996286710140737108e-01
1.000666172793327702e+00
1.000508664763869904e+00
9.998280985305838531e-01
1.000745056472643002e+00
1.000937291622815861e+00
9.997494711824830294e-01
1.000007097163861935e+00
1.000549331771383166e+00
9.999415458840921200e-01
1.000962492711721774e+00
9.998090166884626706e-01
1.000274919096757698e+00
1.000225397643079273e+00
9.999872564887822834e-01
9.999923378110184835e-01
1.000072778190469691e+00
9.997415929235844434e-01
1.000530364918222004e+00
9.999419349435847426e-01
1.000062591753190011e+00
1.000694452219133446e+00
1.000170760566179595e+00
1.000237726733786081e+00
1.000597294195313847e+00
1.000149885264377536e+00
9.998541153224210776e-01
1.000135278160482866e+00
1.000414883137122457e+00
1.000191725714836721e+00
1.000706131408066746e+00
1.000597704263005205e+00
9.997631780112011812e-01
1.000101113314887824e+00
1.000013902056871462e+00
1.000161211270484962e+00
1.000495431470259433e+00
1.000084505863942708e+00
1.000376478150892368e+00
9.999229752877253352e-01
1.000729382461860162e+00
9.999891850128201920e-01
9.998682820924655879e-01
1.000467950113276050e+00
1.000420567709762842e+00
1.000148922275316155e+00
1.000823311056075804e+00
1.000033988154457099e+00
1.000407131304180242e+00
1.000038380096000656e+00
1.000429309377718345e+00
9.998755786907301824e-01
1.000539981676151990e+00
1.000109809700423513e+00
1.000338012466293502e+00
1.000081150005128316e+00
1.000478803235521852e+00
1.000826820540383411e+00
1.000301609889636012e+00
1.000520857835055066e+00
1.000566352070587639e+00
1.000568213744999602e+00
1.000037904512296016e+00
1.000294477899143386e+00
1.000339281516509082e+00
1.000477132788887280e+00
1.000370912941928703e+00
1.000308932243246129e+00
9.999694498286703093e-01
9.999958021046878587e-01
1.000192388590023684e+00
1.000554308317622265e+00
1.000487520218823256e+00
1.000468797085384054e+00
1.000044363168724137e+00
1.000122831593633022e+00
9.997207479694679710e-01
1.000178101421614896e+00
1.000449396114265976e+00
1.000473590547768632e+00
1.000408360011715958e+00
9.998159671484770916e-01
1.000897971491559568e+00
1.000286237254032651e+00
1.000570730977846212e+00
1.000472352672998388e+00
1.000209130175051975e+00
1.000894876496422281e+00
1.000312208664612568e+00
1.000693893791330336e+00
9.999994540256640363e-01
1.000021934717427508e+00
1.000120899734100233e+00
1.000714112978857484e+00
1.000489693968701355e+00
9.999215756629760143e-01
9.951351791173080885e-01
9.867297942282836631e-01
9.784001466025644689e-01
9.702663743353773240e-01
9.623892914428036072e-01
9.541626264378936240e-01
9.462808022396484997e-01
9.375285743801031746e-01
9.303071564735128085e-01
9.226094670791812336e-01
9.147374576244262645e-01
9.073395822606432626e-01
8.987894145219371689e-01
8.917682741055990014e-01
8.840271340309057146e-01
8.765699724551957450e-01
8.691773801376637687e-01
8.614527369749823693e-01
8.535135420667856465e-01
8.459025426374662260e-01
8.390517721999363188e-01
8.314302952409962089e-01
8.242742343118463211e-01
8.169928910183552606e-01
8.096824964985579465e-01
8.027852373399612107e-01
7.954370902395559995e-01
7.879784823544498940e-01
7.808336358708629632e-01
7.738782732573369350e-01
7.670353907621552114e-01
7.599728817032341821e-01
7.531367266619756196e-01
7.459732663572997691e-01
7.391927538192614167e-01
7.320948741139282623e-01
7.251758513585854216e-01
7.187659311542001772e-01
7.117578504198859290e-01
7.051154007325514117e-01
6.983830454630862716e-01
6.917675013207661427e-01
6.850683094642042725e-01
6.783637074283555002e-01
6.719383780656217331e-01
6.655387862803001653e-01
6.588992631743857409e-01
6.525810896802285432e-01
6.461821913790909422e-01
6.391585524659481043e-01
6.329198328731783230e-01
6.269745168877891572e-01
6.203904772039978699e-01
6.145753609575353993e-01
6.080658474851217132e-01
6.021144465035824789e-01
5.956589955636604206e-01
5.894513883417650257e-01
5.836175693935179432e-01
5.775069752894244068e-01
5.711244351129362018e-01
5.652477750604600892e-01
5.591148811238599858e-01
5.533957520866626956e-01
5.473116316677049120e-01
5.411505561008822518e-01
5.352638466816568297e-01
5.292705353167638238e-01
5.237161443366310509e-01
5.177971005884463018e-01
5.119506018293790151e-01
5.059950438997179445e-01
5.006208968990432107e-01
4.949977135663196082e-01
4.893080179484902703e-01
4.831981401025840506e-01
4.779414697634051246e-01
4.723493609825317185e-01
4.666858761213361628e-01
4.613180812109505258e-01
4.555073414252562292e-01
4.499714886845830875e-01
4.442460906424743894e-01
4.390783261141666949e-01
4.333768182006761949e-01
4.281531281063174488e-01
4.227809056694461498e-01
4.176644928110521127e-01
4.121341111451339301e-01
4.068191563643957509e-01
4.015085445772922368e-01
3.961976865787140700e-01
3.910530102498252503e-01
3.857781931690036914e-01
3.803454128956135216e-01
3.754156386976191251e-01
3.702171137586957039e-01
3.650424289176886772e-01
3.597916354353163926e-01
3.549768767425787730e-01
3.498257008425597059e-01
3.449508347580516054e-01
3.399833980968702818e-01
3.348279985476642628e-01
3.298567017879278640e-01
3.248822064895993122e-01
3.200954578619646940e-01
3.151725565882994573e-01
3.099956299991081243e-01
3.051914746132088352e-01
3.002192607098428390e-01
2.953443961645504934e-01
2.904891957292128346e-01
2.858388541488887657e-01
2.812719456020069675e-01
2.762211758160829644e-01
2.715082325658645934e-01
2.668800769542641338e-01
2.621103661227512927e-01
2.574846572119153243e-01
2.528033775075327894e-01
2.481120985912941834e-01
2.436123361359973927e-01
2.389306487728389272e-01
2.343012372253477915e-01
2.298268380344825057e-01
2.252993137347414632e-01
2.208966813424562137e-01
2.162577447524766938e-01
2.118376915646302816e-01
2.074114271451301672e-01
2.028770705571189825e-01
1.984763866363892792e-01
1.941603857978089487e-01
1.893947713839602143e-01
1.852681223806008914e-01
1.807090581712746113e-01
1.764728989122300307e-01
1.721409001507012704e-01
1.679746908225091817e-01
1.634488834153676462e-01
1.593212884452010758e-01
1.547857689943612225e-01
1.507495246343091844e-01
1.465241653781545472e-01
1.423099128971789806e-01
1.380496869674286420e-01
1.339995189797896780e-01
1.297910656806463836e-01
1.256827429491624570e-01
1.213457834731663937e-01
1.175510529379427405e-01
1.141161185335858586e-01
1.105951089328038456e-01
1.075427489956027605e-01
1.043777384304414441e-01
1.014310215479291150e-01
9.855475824357126657e-02
9.564425287535073539e-02
9.296881385815949916e-02
9.044199502129125767e-02
8.781216006480523084e-02
8.533691656885765420e-02
8.293455786159992238e-02
8.062902734387912551e-02
7.832179874632451411e-02
7.602920376410253478e-02
7.384594218352809325e-02
7.182468783891751696e-02
6.970368447841072956e-02
6.773954736946494193e-02
6.576744966335724973e-02
6.396991552445978335e-02
6.199196666196961358e-02
6.026135712252828069e-02
5.844556170503254627e-02
5.675585177103765339e-02
5.499964520925597344e-02
5.338374511370907322e-02
5.186463029423046128e-02
5.024046611520420480e-02
4.865314475651123099e-02
4.719069694989650593e-02
4.566976094044221390e-02
4.432806621204738590e-02
4.296406342477292889e-02
4.158029293388430803e-02
4.023050986228061260e-02
3.901213756410140676e-02
3.778019286424941225e-02
3.651033233964291053e-02
3.529201918689714446e-02
3.408472369656862649e-02
3.295836195219666032e-02
3.186064357752184384e-02
3.077421947526832666e-02
2.969693833416982287e-02
2.861874484181588588e-02
2.761527683869116276e-02
2.665132371194788713e-02
2.574201350468452443e-02
2.474509464786724816e-02
2.384000773880426763e-02
2.299106886878743081e-02
2.209032282443134515e-02
2.126752932004131319e-02
2.043609983782597797e-02
1.965928471042698716e-02
1.888163522151185131e-02
1.810699368793482894e-02
1.735126245070856346e-02
1.665278147184299368e-02
1.595446962961864085e-02
1.528742117924827143e-02
1.461597473123367810e-02
1.397580607873753940e-02
1.334115743284873361e-02
1.275527171884237136e-02
1.213469435226226245e-02
1.157232162770912079e-02
1.101001415339349261e-02
1.049459070172529401e-02
9.946000390133456770e-03
9.470201183011240850e-03
8.971838402368032331e-03
8.475636789016189124e-03
8.037941327961371438e-03
7.554761084156049432e-03
7.189551780331924699e-03
6.744329822512513256e-03
6.358002753452828525e-03
5.954762483458339931e-03
5.601190777545954520e-03
5.240557194190718915e-03
4.892272666207475931e-03
4.575307185713714184e-03
4.277963747228180451e-03
3.953586147449355062e-03
3.672051375712412098e-03
3.373374121197652772e-03
3.143971273667238789e-03
2.878522944986487177e-03
2.632357401388356246e-03
2.400316066715393187e-03
2.168929046431530058e-03
1.952807880716085761e-03
1.787914621981395030e-03
1.583804124801890248e-03
1.415229087830249853e-03
1.257843741650424693e-03
1.100172769183193223e-03
9.625208574892606074e-04
8.336018234733675149e-04
7.110125669951255622e-04
5.940369821824284221e-04
5.033438968844226955e-04
4.127495831297827572e-04
3.292397413891408851e-04
2.520428063227435561e-04
1.958514476267378737e-04
1.381698079158465533e-04
9.355924830957242414e-05
5.769312663005778986e-05
3.001696128897464872e-05
1.238894642630708136e-05
3.142536334071208224e-06
1.923511484945204205e-07
0.000000000000000000e+00
0.000000000000000000e+00
0.000000000000000000e+00
0.000000000000000000e+00
0.000000000000000000e+00
0.000000000000000000e+00
0.000000000000000000e+00
0.000000000000000000e+00
0.000000000000000000e+00
0.000000000000000000e+00
0.000000000000000000e+00
0.000000000000000000e+00
0.000000000000000000e+00
0.000000000000000000e+00
0.000000000000000000e+00
0.000000000000000000e+00
0.000000000000000000e+00
0.000000000000000000e+00
0.000000000000000000e+00
