0.000000000000000000e+00
0.000000000000000000e+00
0.000000000000000000e+00
0.000000000000000000e+00
0.000000000000000000e+00
0.000000000000000000e+00
0.000000000000000000e+00
0.000000000000000000e+00
0.000000000000000000e+00
0.000000000000000000e+00
0.000000000000000000e+00
0.000000000000000000e+00
0.000000000000000000e+00
0.000000000000000000e+00
0.000000000000000000e+00
0.000000000000000000e+00
0.000000000000000000e+00
0.000000000000000000e+00
0.000000000000000000e+00
0.000000000000000000e+00
0.000000000000000000e+00
0.000000000000000000e+00
0.000000000000000000e+00
0.000000000000000000e+00
0.000000000000000000e+00
0.000000000000000000e+00
0.000000000000000000e+00
0.000000000000000000e+00
0.000000000000000000e+00
0.000000000000000000e+00
0.000000000000000000e+00
5.254516799435807357e-03
6.186656030800555955e-02
2.474708348287184001e-01
6.132672953427215079e-01
9.985785545518498507e-01
1.266052619866465223e+00
1.444017271433025940e+00
1.526045237258410570e+00
1.532300314875575387e+00
1.506839985748295252e+00
1.452759557355058684e+00
1.404830959426943027e+00
1.389665892932629765e+00
1.341868299224322270e+00
1.278666401401064912e+00
1.231176108489209664e+00
1.236502508540641365e+00
1.200078771652786758e+00
1.215637477083807871e+00
1.208248884502403975e+00
1.172858205229576845e+00
1.154647542346012079e+00
1.088266786563556243e+00
1.057475073367842189e+00
9.945466533892785010e-01
9.907966695343987107e-01
9.687779481069485055e-01
9.724057988823086029e-01
9.678804937780864925e-01
9.660645980482068795e-01
9.860950749076137223e-01
9.768175874582594176e-01
1.000691196772599767e+00
9.923376071566040180e-01
1.010437252739541103e+00
9.999283552078565007e-01
1.006340324044610712e+00
1.012621148546989591e+00
1.013268773205622475e+00
1.019592028699325192e+00
1.013472393602284027e+00
1.022675962797632510e+00
1.009805054235096256e+00
1.008086973979024137e+00
1.000006856327025018e+00
1.008395734589711434e+00
1.022387684227132221e+00
1.007928819440666368e+00
1.002916762107723958e+00
1.014496846121414997e+00
1.003884263695533408e+00
9.934594660198027283e-01
1.002836668703375622e+00
9.971814345849587813e-01
9.944392630030296498e-01
9.892337114932121533e-01
9.884771274595485213e-01
9.743648386962868724e-01
9.849563278849760017e-01
9.813052950011866837e-01
9.824562546305111166e-01
9.868425458018169616e-01
9.763439496243068172e-01
9.909201475718384389e-01
9.953940818569486648e-01
9.918556967897687038e-01
9.929328543186137779e-01
1.000479790078264486e+00
9.964641527407661625e-01
9.992926846679732744e-01
9.930778221521383564e-01
9.938125683525417253e-01
1.001845828299207319e+00
9.978201442994484305e-01
9.964834761015248787e-01
1.001702009470642141e+00
1.005486969730813529e+00
9.857684785494261748e-01
9.956195891363761596e-01
9.898372326225762796e-01
9.967394075608186910e-01
1.001112252120136326e+00
9.987142804546195185e-01
9.893399353339388247e-01
9.942883188886105783e-01
1.001342083451295162e+00
9.940011678925221306e-01
9.927550495182044799e-01
9.938089667124502258e-01
9.939491672676110667e-01
9.932554798914905447e-01
9.883170019785523230e-01
9.943472490454300372e-01
9.924320605893970360e-01
9.925811962764126140e-01
9.952083348916074268e-01
9.993312401841181192e-01
9.954165732949066259e-01
9.963328009626565285e-01
9.919502374691610003e-01
9.966614256963673979e-01
9.962372236638533662e-01
9.945435707895589061e-01
9.884952863892537689e-01
9.919830339485683490e-01
9.952721742030461449e-01
9.928084121163643916e-01
9.961016450541719802e-01
9.935630489212148309e-01
9.935313020165379427e-01
9.949897708075112757e-01
9.928601968678311129e-01
9.980362967080664838e-01
9.978802263953944207e-01
9.969034585381334468e-01
9.973665579568778972e-01
9.962875086189992846e-01
9.951863801112793562e-01
9.982170051451569881e-01
9.949943762979595041e-01
9.921481980991003757e-01
9.991709151938024114e-01
9.952458283629801450e-01
9.994788414281144950e-01
9.945144603264799432e-01
9.979687115112534368e-01
9.966940438674655178e-01
9.964305178346530845e-01
9.963480075437632921e-01
9.936195375855517709e-01
9.924413679418305767e-01
9.964890739267895370e-01
9.946032296364016867e-01
9.985793172902713843e-01
9.933064375888788211e-01
9.902382816831659662e-01
9.940363790335465799e-01
9.938549222625723267e-01
9.954415736563664296e-01
9.944654194339891395e-01
9.959557507706701118e-01
1.000668331422509105e+00
9.970767613267339513e-01
9.964183003626725377e-01
9.950103218451387121e-01
9.926272918829968095e-01
9.951995871895098489e-01
9.944554880937885866e-01
9.966438306565837957e-01
9.963061271364235250e-01
9.984056663486755578e-01
1.000623881367645351e+00
9.948680859033769419e-01
9.943451548721324862e-01
9.965537140692120044e-01
9.972087230156226889e-01
9.985890633446102838e-01
9.985633456350956338e-01
1.000462133306261991e+00
9.979365361165386528e-01
1.001006317053045436e+00
9.958255222635075121e-01
9.935993349458855928e-01
9.969024194428125485e-01
9.942198003112527882e-01
9.969641439139053096e-01
9.930162711935678344e-01
9.944963374143100943e-01
9.978664160732456656e-01
9.971812073170366331e-01
9.981084959016983671e-01
9.965062750293232074e-01
9.969647836620564307e-01
9.968970547363792400e-01
9.969686322272208745e-01
9.963317675358911440e-01
9.984825298202134602e-01
9.995347668572575062e-01
9.967673388545110758e-01
9.996674407146183272e-01
9.987653712309946252e-01
9.951301032926254120e-01
1.001063026721731530e+00
9.982143202578888097e-01
9.959815571598904516e-01
9.992946894284983061e-01
9.996244361887518526e-01
9.967972794809271120e-01
9.980672614820713662e-01
9.966529292782223548e-01
9.977598892322430135e-01
9.958471100897950956e-01
9.998436412007937202e-01
9.958669268095597937e-01
9.968876624605408354e-01
9.952937154426724220e-01
9.966141956945842040e-01
9.995545622336883262e-01
9.956081193760497605e-01
9.976364231498541235e-01
9.952954336205652730e-01
9.950348102187378529e-01
9.998617816071169173e-01
9.982742959519873560e-01
9.972981741896584928e-01
9.997769764588756436e-01
9.969835986144209850e-01
9.989593358099054798e-01
9.956465140194583618e-01
9.964168369792082425e-01
9.990922652108572555e-01
9.975194202752328820e-01
9.965513152138978370e-01
9.983393408988161521e-01
9.967603860894975742e-01
9.983177775587751546e-01
9.984130009634651914e-01
9.952629101171170944e-01
9.959479126902862633e-01
9.952884576126656002e-01
9.976003842211869088e-01
9.950220219286874945e-01
9.965129099198473117e-01
9.988754760514740871e-01
9.965858023068825400e-01
9.976432307802494126e-01
9.966410588386174219e-01
9.973958148491814946e-01
9.973402108143260003e-01
9.969307837858910615e-01
9.947268693990317656e-01
9.952617951257665130e-01
9.985260739782256811e-01
9.994667532938874555e-01
9.975170772776267292e-01
9.973108899099881741e-01
9.993704121489218606e-01
9.958940667828366511e-01
9.980629686148086988e-01
9.985906293751158902e-01
9.983100529529773670e-01
9.991653111852291103e-01
9.972233258156398827e-01
9.993773916306900595e-01
9.975444130425522582e-01
9.989945681115531828e-01
9.981950612834391556e-01
1.003763278090913147e+00
9.989764088504804462e-01
9.946717631271071447e-01
9.967374146682467240e-01
1.000277806739482855e+00
9.988302587438258051e-01
1.001537739959621920e+00
1.000709264638692808e+00
9.995672504889235865e-01
9.962089692382368744e-01
9.988579998758829737e-01
9.989830184628264442e-01
9.993627476794315623e-01
9.988546676731140384e-01
9.996059447225563721e-01
1.002295083779381146e+00
1.000654181467207859e+00
1.000497380771818268e+00
9.990684496379707014e-01
9.984844469501996667e-01
1.000649907170131581e+00
1.002295321026586805e+00
1.000351272477297382e+00
9.977780396628733728e-01
9.994582877796821530e-01
9.990663341692332944e-01
9.958386580044223946e-01
9.979225177691797288e-01
9.992457161934896748e-01
9.972421911005893147e-01
9.993891728327283230e-01
1.000845311437830176e+00
9.991936383420249035e-01
9.974941480074307476e-01
9.987877393909906365e-01
9.974856011614524620e-01
1.000518391380112782e+00
1.000496436282337198e+00
9.996653175753289489e-01
1.000316214481361321e+00
9.988437953196699359e-01
1.000622256568598711e+00
1.001220360215421712e+00
9.994829202701223103e-01
1.001529502727431797e+00
9.996553850895660842e-01
1.001619633033367984e+00
9.978173296570832518e-01
1.001335663236688323e+00
9.995761292134892617e-01
9.995605293392977320e-01
9.995811349383041389e-01
1.000961172272307520e+00
9.969874079333539418e-01
9.994527987946341119e-01
9.988797181744367704e-01
1.001113439172689468e+00
9.986704312822262120e-01
9.994299314957900693e-01
9.980999147937227312e-01
9.997108954217802657e-01
9.992860520615874931e-01
9.993241659561453716e-01
1.000398372240493883e+00
9.970380475334505999e-01
9.980099620380690206e-01
1.000551579016341064e+00
9.996865563242246511e-01
9.983877823186539935e-01
9.990837248848372099e-01
1.001848917070686129e+00
9.988560502056443857e-01
1.002717257626501768e+00
9.958538167863614232e-01
9.881693764010524017e-01
9.815669976647738437e-01
9.738255682976352245e-01
9.634022865499065613e-01
9.578601265321599056e-01
9.483027013617764123e-01
9.403014593757776929e-01
9.319010606812919706e-01
9.204578005111859751e-01
9.131672682795372031e-01
9.086770300847619719e-01
8.985515953198121020e-01
8.915270698889202761e-01
8.840194215789377585e-01
8.744789346605136293e-01
8.661242327985732015e-01
8.596826688484680012e-01
8.500607304730529723e-01
8.448134641042629456e-01
8.374089332447146594e-01
8.291046145590817984e-01
8.219460994013461086e-01
8.146488784075645029e-01
8.078638572015347519e-01
8.016162986448505112e-01
7.903948999729676350e-01
7.823210538063374297e-01
7.764379950647782858e-01
7.701401023870990681e-01
7.640109362035232277e-01
7.535302563427670464e-01
7.454445668150396775e-01
7.421858228938904567e-01
7.358468210083092265e-01
7.271607548749001726e-01
7.192825095099847355e-01
7.137315459691276898e-01
7.049663524676691440e-01
6.991172775405721795e-01
6.926768554484514784e-01
6.846163899117579943e-01
6.790870451489666726e-01
6.719464497223814892e-01
6.651115310117295953e-01
6.595121403337288468e-01
6.524788994400996245e-01
6.455330342979516134e-01
6.395087759828737006e-01
6.317291375161236955e-01
6.250799190251018489e-01
6.177035759984935703e-01
6.115177684680306314e-01
6.052187295510306209e-01
5.989352018909811504e-01
5.934581657769880669e-01
5.864994604628288588e-01
5.813640195514059306e-01
5.742609134517894232e-01
5.683525546381231752e-01
5.619661644649200927e-01
5.551037887270372506e-01
5.490604864613323199e-01
5.426946694702262652e-01
5.366212972438207940e-01
5.313794300777476831e-01
5.245043782777674135e-01
5.171788080416357403e-01
5.113600070487720473e-01
5.072498822347999425e-01
5.009052510883356124e-01
4.958125573517490614e-01
4.884675277175578034e-01
4.821448626612377386e-01
4.776358434299399769e-01
4.722522147251255742e-01
4.656801803032966647e-01
4.610394973492639714e-01
4.545280397214606638e-01
4.480410895374479785e-01
4.419901831051840091e-01
4.376396661503702545e-01
4.311935924369837414e-01
4.256979383320796395e-01
4.221689636345616892e-01
4.144916710141584582e-01
4.091193462927828484e-01
4.029220902705394902e-01
3.987214277530022333e-01
3.938184234219416768e-01
3.869030588254245284e-01
3.822492632418821867e-01
3.768337537591455733e-01
3.716046823276484834e-01
3.655035661691791171e-01
3.611559793275531116e-01
3.550643108828652195e-01
3.506140551922563575e-01
3.455589787475253916e-01
3.393771446238064149e-01
3.340165387705433808e-01
3.306412757568975569e-01
3.238892358182349773e-01
3.203856148224050182e-01
3.149326165248372833e-01
3.095776505907748000e-01
3.044640784720542004e-01
2.990771203679421508e-01
2.945630694777335301e-01
2.894690151592383409e-01
2.848267804881378651e-01
2.798327376485900686e-01
2.747035337504601382e-01
2.705148622039785233e-01
2.639220215888938292e-01
2.603685811286840512e-01
2.546434249549217044e-01
2.498896202225944496e-01
2.450754013161487443e-01
2.406978781246383869e-01
2.353435755158719278e-01
2.314921061446685302e-01
2.269733347432554005e-01
2.216228732904564902e-01
2.167642981079638542e-01
2.131348603295181166e-01
2.084377149726885370e-01
2.039327909752209900e-01
1.993607859443748409e-01
1.940564217947212955e-01
1.899368708988875276e-01
1.854301932150470844e-01
1.806892483664810090e-01
1.765337390660435823e-01
1.713328508829286834e-01
1.669611465275667173e-01
1.626735650750383844e-01
1.583570184409817949e-01
1.537820242688676398e-01
1.497103914746473197e-01
1.451432054509002867e-01
1.411342181812231256e-01
1.368760298625056882e-01
1.322679853174448528e-01
1.279310154511655029e-01
1.243442257993547795e-01
1.194832672480891644e-01
1.156653414059561902e-01
1.120184156738985859e-01
1.088333350664791033e-01
1.055877401608662364e-01
1.026747767030991854e-01
9.954276821343711890e-02
9.691346221099902958e-02
9.401780448172908367e-02
9.077161095210795061e-02
8.827569431070762807e-02
8.564207135193978304e-02
8.335047587270173752e-02
8.054262066248493723e-02
7.801514965547015623e-02
7.574102534735745185e-02
7.388147769301037227e-02
7.169962371468650841e-02
6.941508998160157706e-02
6.776468425240203541e-02
6.539377753248393210e-02
6.367033479267220075e-02
6.153590096162175893e-02
5.976317734930514797e-02
5.780099452610730493e-02
5.609976208274021492e-02
5.449925000790144247e-02
5.283281333785407735e-02
5.129194563277272856e-02
4.972790674602691613e-02
4.788989125025314847e-02
4.646802651542551038e-02
4.499083947115373877e-02
4.378507152176800560e-02
4.224227184214337377e-02
4.054892100033795355e-02
3.934854774190553461e-02
3.820675236338106490e-02
3.650891683049076186e-02
3.553781793179659754e-02
3.424701437788540970e-02
3.283967651240533858e-02
3.197638339283884884e-02
3.087234577522558754e-02
2.949764510203760001e-02
2.869685323747228275e-02
2.761049368323395883e-02
2.651080928590961866e-02
2.555976119788176681e-02
2.445312505406111239e-02
2.379738618226564378e-02
2.271528498669956458e-02
2.195806094086258375e-02
2.095211132780253407e-02
2.006988253309883313e-02
1.939147372705346539e-02
1.858167358312961398e-02
1.773575275596644962e-02
1.677751484128344253e-02
1.638446479567054123e-02
1.559764051392108046e-02
1.476396320807270811e-02
1.427593862468109001e-02
1.365796759792453456e-02
1.295665141471687501e-02
1.249094522214472432e-02
1.169401710204382404e-02
1.105591911333715822e-02
1.057606950892680045e-02
1.016181882197099082e-02
9.657594550602163069e-03
8.994978973936118213e-03
8.484861417808306841e-03
7.958503339172881205e-03
7.573601757491547903e-03
7.107021532349204473e-03
6.688036301720975962e-03
6.210309335481272765e-03
5.815101502802875327e-03
5.495810759189645456e-03
5.114071825771760414e-03
4.780640300197392181e-03
4.377536768100731904e-03
4.118503837766905248e-03
3.809310538522215316e-03
3.542681656610009201e-03
3.226807616342566767e-03
2.949702281967963528e-03
2.728212520841539427e-03
2.473350518513398478e-03
2.274591196335384868e-03
2.045550692401414562e-03
1.862063226061550295e-03
1.609024764746094056e-03
1.407859626091651417e-03
1.236758009612808941e-03
1.112689800184243774e-03
9.491232208267060553e-04
8.469333109180983594e-04
7.327222361563573774e-04
6.105071097695143750e-04
4.920153526851376571e-04
4.091296906941888469e-04
3.325768970209634309e-04
2.373147300778499801e-04
1.991811513836161352e-04
1.183494223899423466e-04
7.895588188636335218e-05
5.594003370656708160e-05
2.031776144467104406e-05
6.593324992748363844e-06
1.408215440700032307e-06
0.000000000000000000e+00
0.000000000000000000e+00
0.000000000000000000e+00
0.000000000000000000e+00
0.000000000000000000e+00
0.000000000000000000e+00
0.000000000000000000e+00
0.000000000000000000e+00
0.000000000000000000e+00
0.000000000000000000e+00
0.000000000000000000e+00
0.000000000000000000e+00
0.000000000000000000e+00
0.000000000000000000e+00
0.000000000000000000e+00
0.000000000000000000e+00
0.000000000000000000e+00
0.000000000000000000e+00
0.000000000000000000e+00
0.000000000000000000e+00
0.000000000000000000e+00
0.000000000000000000e+00
0.000000000000000000e+00
0.000000000000000000e+00
0.000000000000000000e+00
0.000000000000000000e+00
0.000000000000000000e+00
0.000000000000000000e+00
0.000000000000000000e+00
0.000000000000000000e+00
0.000000000000000000e+00
0.000000000000000000e+00
0.000000000000000000e+00
0.000000000000000000e+00
0.000000000000000000e+00
0.000000000000000000e+00
0.000000000000000000e+00
0.000000000000000000e+00
0.000000000000000000e+00
0.000000000000000000e+00
0.000000000000000000e+00
