0.000000000000000000e+00
0.000000000000000000e+00
0.000000000000000000e+00
0.000000000000000000e+00
0.000000000000000000e+00
0.000000000000000000e+00
0.000000000000000000e+00
0.000000000000000000e+00
0.000000000000000000e+00
0.000000000000000000e+00
0.000000000000000000e+00
0.000000000000000000e+00
0.000000000000000000e+00
0.000000000000000000e+00
0.000000000000000000e+00
0.000000000000000000e+00
0.000000000000000000e+00
0.000000000000000000e+00
0.000000000000000000e+00
0.000000000000000000e+00
0.000000000000000000e+00
0.000000000000000000e+00
0.000000000000000000e+00
0.000000000000000000e+00
0.000000000000000000e+00
0.000000000000000000e+00
0.000000000000000000e+00
0.000000000000000000e+00
0.000000000000000000e+00
0.000000000000000000e+00
3.736583847241754970e-04
7.006251607424734441e-03
5.199593789173166669e-02
2.583196852308152214e-01
5.972250709492518128e-01
9.765455153463669102e-01
1.267920450663713838e+00
1.453704793773638038e+00
1.505927021173840252e+00
1.532350445426372998e+00
1.491630718065268812e+00
1.482678640074899246e+00
1.413440895449218138e+00
1.394487628756286179e+00
1.322339538200140829e+00
1.263260639382594697e+00
1.225589623305348930e+00
1.212662553249183484e+00
1.209058698351532346e+00
1.207165095221038653e+00
1.181367892059697056e+00
1.179711932441666944e+00
1.154937556269148180e+00
1.106519705034644252e+00
1.046625605929292213e+00
1.012015079315463639e+00
9.855477115746796857e-01
9.736986379571908046e-01
9.685777248813475238e-01
9.837699132035861993e-01
9.809592222186017674e-01
9.824050601760775381e-01
9.933128013314138638e-01
9.952927147333151536e-01
9.977595279727572430e-01
1.016911845616408794e+00
1.016429258656784240e+00
1.008433220642051653e+00
1.009209371060668214e+00
1.016828329024233701e+00
1.010812901508037154e+00
1.022991227817116711e+00
1.011268090369795480e+00
1.014342418569155191e+00
1.019550240941046404e+00
1.017145472363680803e+00
1.009022722152704166e+00
1.019353666572180739e+00
1.018877432017453399e+00
1.017139921090306709e+00
1.011499186465932620e+00
1.012290714734674246e+00
1.008073602549833803e+00
1.011370272627854172e+00
1.010383340229612070e+00
9.902158209694985613e-01
9.950270760972399486e-01
9.947297909507293312e-01
9.886660310186423661e-01
9.848149623905404493e-01
9.925424973761178826e-01
9.881559999784782500e-01
9.801102664997861647e-01
9.872711243947698279e-01
9.901351093538447445e-01
9.968559815281182734e-01
9.973196213349384553e-01
9.944646237685035306e-01
1.004077527146979731e+00
1.006380961395830553e+00
1.002061557857592433e+00
1.015296028807007866e+00
9.967071385861980826e-01
1.003241550178802122e+00
1.005699620643970338e+00
1.010258326125969885e+00
1.005244047883913305e+00
1.005279216575046819e+00
1.001864579672361533e+00
1.004393327821762494e+00
1.005855459423428799e+00
1.002434223156212001e+00
1.011032991919725177e+00
1.006747939691444271e+00
1.007296770511993067e+00
1.001408714526387911e+00
1.001695004518606158e+00
9.983644404268773309e-01
9.978129218725039218e-01
1.004674136742290891e+00
1.004395886882304412e+00
1.002248077403154358e+00
1.005862334529769919e+00
1.006630327371473843e+00
1.000336425688344466e+00
9.999964453530372221e-01
1.004788376717361098e+00
1.003319990327260269e+00
1.004354371137962110e+00
1.001775581994148068e+00
1.006699898068754706e+00
1.002302754403372687e+00
1.004586090372055818e+00
1.006630275792041118e+00
1.006706119035025715e+00
1.004502183935469972e+00
1.002469093634618558e+00
1.005978256812990690e+00
1.007524061305308916e+00
1.003849120210273060e+00
1.004895827593739188e+00
1.004493269231462760e+00
1.004234105736676597e+00
1.007775737556069640e+00
1.006337028974594094e+00
1.007133185778299245e+00
1.003408299530217596e+00
1.009853630860940932e+00
1.003747112072366887e+00
9.997350259624750990e-01
9.985261670673594159e-01
9.990643321178320768e-01
1.004368006915413725e+00
9.993356008048158712e-01
1.001266397840926636e+00
1.003050654621970184e+00
1.000712279798513515e+00
1.002269043427038708e+00
1.003886862287356685e+00
1.002071825885707534e+00
1.002599002004958884e+00
9.990978813426930616e-01
9.997601482343675405e-01
1.000994717416810786e+00
1.005593984692839005e+00
1.003746037382147627e+00
1.003267969093875056e+00
1.004464375373057550e+00
9.987359372637236721e-01
1.002249941923927246e+00
9.959508671450877371e-01
9.991558489618649341e-01
1.000064375688157980e+00
1.002554343533651471e+00
9.998415080748466188e-01
1.005059611202141268e+00
9.980941677114348876e-01
1.006988398495544335e+00
1.000008622233320210e+00
1.003915890601933425e+00
1.003183422690963944e+00
1.003540506059238169e+00
1.004179192804965037e+00
1.002266673995651614e+00
1.001056467592921218e+00
9.997685722758935523e-01
9.973562826123382186e-01
1.001820510509409567e+00
1.000719011216821830e+00
9.999672818059679447e-01
1.001930120899325205e+00
1.001541467021495713e+00
1.003133096109107170e+00
1.001444602238092951e+00
1.000527973471869281e+00
1.000341655884224190e+00
9.957813554241131682e-01
1.004754751677562119e+00
1.004189504198057969e+00
9.957154946925216299e-01
1.001464009591546134e+00
9.986634163822329935e-01
9.997009446279128131e-01
9.987476082708638403e-01
9.967717337210213469e-01
9.998206014428435706e-01
9.978725118182245613e-01
9.999563636591866089e-01
9.962409202894605409e-01
1.003421362506365266e+00
1.002618588854669257e+00
9.980558908369594473e-01
9.988231999152986651e-01
9.983579175486532176e-01
9.986020819024782336e-01
9.995921872626193361e-01
9.999577814505035134e-01
9.989406687383555195e-01
9.959415704491376697e-01
9.957405701339309134e-01
9.973218700350052757e-01
9.953728635889911303e-01
9.953776266667697659e-01
9.950397278256034594e-01
9.945028016836421347e-01
9.987763251149569532e-01
9.968847673929319697e-01
9.965863513578567812e-01
9.966943863790177494e-01
9.955449908405330506e-01
9.911392401267715702e-01
9.965993502448045049e-01
9.950577174182541063e-01
9.946025278485969290e-01
9.945866942070995531e-01
9.958609494123566996e-01
9.934951106409003474e-01
9.940456957963781370e-01
9.960005203987095657e-01
9.949185066430142887e-01
9.926660704631851129e-01
9.926370109197489855e-01
9.937333005769326544e-01
9.946374252215699485e-01
9.961913510239774894e-01
9.939264024982498169e-01
9.953497260668570101e-01
9.973957985021418837e-01
9.955347193236131487e-01
9.966254869448166742e-01
9.964068281261888593e-01
9.929395452469073069e-01
9.945938447377192793e-01
9.929644252036722296e-01
9.942790580951704760e-01
9.925286997157385382e-01
9.963232427480586129e-01
9.962463815352899932e-01
9.934617257165504478e-01
9.948717351994801339e-01
9.939563854155172296e-01
9.935393543046386888e-01
9.946586962316067426e-01
9.948763139205114570e-01
9.937628409948112695e-01
9.952170871160403998e-01
9.943724875963259047e-01
9.944842949386699660e-01
9.944583593877118766e-01
9.943096982681591811e-01
9.941384248520267475e-01
9.961592087681184760e-01
9.962533716118444627e-01
9.968957872091540606e-01
9.952579599801757437e-01
9.958847224026803335e-01
9.935345052611446182e-01
9.962346709441315395e-01
9.944199761165305462e-01
9.927792459492430499e-01
9.954951656768332713e-01
9.938966153969620576e-01
9.939291667842740097e-01
9.951583979232920818e-01
9.957080315123166825e-01
9.942850671555203412e-01
9.942361986661225615e-01
9.948536836450602161e-01
9.951129579593096519e-01
9.950421275303731328e-01
9.970639339968929704e-01
9.937326114213650419e-01
9.942489004006420661e-01
9.936293678950075536e-01
9.928790725315476129e-01
9.949745538507571707e-01
9.953465799949060555e-01
9.941239741593115298e-01
9.925110913186830919e-01
9.953736631106951949e-01
9.930522956059939510e-01
9.952599550410373697e-01
9.942674467317462739e-01
9.957402087344061625e-01
9.940003881417951437e-01
9.966235878900242540e-01
9.974818495494960358e-01
9.957068323951779876e-01
9.945566001270986778e-01
9.953256253796372022e-01
9.950473201969447512e-01
9.946051815791544515e-01
9.955134581065990806e-01
9.967789970208100758e-01
9.961350725980269161e-01
9.954076788579518942e-01
9.948309435242550514e-01
9.954538483224871781e-01
9.960887373876423645e-01
9.956371000567311169e-01
9.968841050398986603e-01
9.971143037495191486e-01
9.940553228522619467e-01
9.943268166194263458e-01
9.955994881965958276e-01
9.968771469739230451e-01
9.976264614634657857e-01
9.933940514974983760e-01
9.966263379974726888e-01
9.977967823832927241e-01
9.959623680665513623e-01
9.977460118591561233e-01
9.972970351901229158e-01
9.965823274478492477e-01
9.925339941496323926e-01
9.966678743082623138e-01
9.964079472018327888e-01
9.985018442789328486e-01
9.952732079387359709e-01
9.968305325200026434e-01
9.956719177621872197e-01
9.945395669102413683e-01
9.940850301668101574e-01
9.982017066212461875e-01
9.986584281044539324e-01
9.964328767136807485e-01
9.974331186796034920e-01
9.971171214650337289e-01
9.952741910331267539e-01
9.953996631180128674e-01
9.964483701297277563e-01
9.970779566376778424e-01
9.897697931057303222e-01
9.795391482931646854e-01
9.717883246931687813e-01
9.644226603256540464e-01
9.527423919938018404e-01
9.463019231844349566e-01
9.374908326788243818e-01
9.290279412665717329e-01
9.226813065739877251e-01
9.110983318406913334e-01
9.063086718579493883e-01
8.997043861846596435e-01
8.896527453400266960e-01
8.823582234604330221e-01
8.773556433481977113e-01
8.674794347003330630e-01
8.604787907580049300e-01
8.520554426371080847e-01
8.423264047007169575e-01
8.363973206728222420e-01
8.270297890643679706e-01
8.226395752309807463e-01
8.130408824961207204e-01
8.054026654536005081e-01
7.989106022715679600e-01
7.911903822755474991e-01
7.839942454125607973e-01
7.771947584763072570e-01
7.693225247225934371e-01
7.624941592333421836e-01
7.562849563274994802e-01
7.461957756628133653e-01
7.421513199851884623e-01
7.329258627643783219e-01
7.251937149793432624e-01
7.200897026461801076e-01
7.121864193775315766e-01
7.056161099820316140e-01
6.979672622187779174e-01
6.939401315330154807e-01
6.846884305576008689e-01
6.789442518192290166e-01
6.703568399320655180e-01
6.654799834260628488e-01
6.576343018493092663e-01
6.516103127919599114e-01
6.443698753746082142e-01
6.380398718261534041e-01
6.326925567466072931e-01
6.253548316854654621e-01
6.178031778657339101e-01
6.122978840481134721e-01
6.058897180094814372e-01
6.004547707384072508e-01
5.935217598151008023e-01
5.852039760048775019e-01
5.793342215818327867e-01
5.724119021675588836e-01
5.689085448830989433e-01
5.615144294912468581e-01
5.559268855573602508e-01
5.499171096457408092e-01
5.431352975562603325e-01
5.360720276930150963e-01
5.309659691301531481e-01
5.258178617250047759e-01
5.201680031716295893e-01
5.123298542545399181e-01
5.071062492474265326e-01
5.016152787429187798e-01
4.951608131449193873e-01
4.905225308825728603e-01
4.844649622304096348e-01
4.786162980453154137e-01
4.715271278910465602e-01
4.665085772922684115e-01
4.612959719810685311e-01
4.563067639883028881e-01
4.490414357268155965e-01
4.440658453805762518e-01
4.386045592373310487e-01
4.318569942775957182e-01
4.273221156608510429e-01
4.224073044961691448e-01
4.164355558517543465e-01
4.112349502470635798e-01
4.054654255060076706e-01
3.995893204269601595e-01
3.949554854082363842e-01
3.893277815832667521e-01
3.837131261576373076e-01
3.789421753169653906e-01
3.734378397182547826e-01
3.673099669800720668e-01
3.623508910583201903e-01
3.573326093381426483e-01
3.518603083575066459e-01
3.459530944394512142e-01
3.415927069794640336e-01
3.362758880789024629e-01
3.310043779112735174e-01
3.256002534365862178e-01
3.204036693434662020e-01
3.150174781890923703e-01
3.107663171091882837e-01
3.055145630845485516e-01
3.004478302670754997e-01
2.956922757772192378e-01
2.898096205118401159e-01
2.852384327740137837e-01
2.796883172846987287e-01
2.760045984924512918e-01
2.713389649986812646e-01
2.650528333702303341e-01
2.613227517786554932e-01
2.561938032660490139e-01
2.508282644116194282e-01
2.459634059685326390e-01
2.419471071132955342e-01
2.376749135021413994e-01
2.320267494927372720e-01
2.284010230032571809e-01
2.231810483919399735e-01
2.181312990570354049e-01
2.129397355680397175e-01
2.089308933406424373e-01
2.047934902034796723e-01
1.998118199764952196e-01
1.963882595004522169e-01
1.912093370965517458e-01
1.859043785106683777e-01
1.820877648822479822e-01
1.772584912468556373e-01
1.722675835312536263e-01
1.680145609488885583e-01
1.631820659172067700e-01
1.598553645394212852e-01
1.545588813802789008e-01
1.500967406530904491e-01
1.459897792616028367e-01
1.421664254670396699e-01
1.370068307921478989e-01
1.336214207945099763e-01
1.289064931684343607e-01
1.243623956335124514e-01
1.203256728918604690e-01
1.158754614308374620e-01
1.125118226380703856e-01
1.089472201869398221e-01
1.055670060338897570e-01
1.030553530976926202e-01
1.001123479377718783e-01
9.716589345632364871e-02
9.450654788612403157e-02
9.180441614196473143e-02
8.898920564818930956e-02
8.581426868232951144e-02
8.321192387217173081e-02
8.113083564061635000e-02
7.882886393424880234e-02
7.645157821239323415e-02
7.388587232254230364e-02
7.163565106793826076e-02
6.987324944022609008e-02
6.815000803027841669e-02
6.553805376565448315e-02
6.360065349256115164e-02
6.196620001215963347e-02
6.013403332403401136e-02
5.811924421912857686e-02
5.667905208602517370e-02
5.482702949551904875e-02
5.316182368982586698e-02
5.127914712690509469e-02
4.973517688370483747e-02
4.834682944953888617e-02
4.662698626666599705e-02
4.529360333684666340e-02
4.391434869772750660e-02
4.232302565952790474e-02
4.120674563894037579e-02
3.958433653333610913e-02
3.825910776222118254e-02
3.698895225599006104e-02
3.556373926898922372e-02
3.471619945972014704e-02
3.344793615596827752e-02
3.237932707952680816e-02
3.113633055091518526e-02
2.993429615046973649e-02
2.892339622442718222e-02
2.813920568154599372e-02
2.676024922725221689e-02
2.595895955216738493e-02
2.501960285190357736e-02
2.378714760269722006e-02
2.297774284882048851e-02
2.214183150631181610e-02
2.106119706262755270e-02
2.036427385737023948e-02
1.946043632055689115e-02
1.874624447491110915e-02
1.809247291025640331e-02
1.716953498813573661e-02
1.652418970928727290e-02
1.567029197228527251e-02
1.505476462999903557e-02
1.448628749413108027e-02
1.362079251672298520e-02
1.308442433902893588e-02
1.239851607128634493e-02
1.168290453167718235e-02
1.127991550590596269e-02
1.066066159093928718e-02
1.010203302124236882e-02
9.735627138364190067e-03
9.038835200049083474e-03
8.671101442644836219e-03
8.029790721500172299e-03
7.600458055937160326e-03
7.269529804964908366e-03
6.826184514324322612e-03
6.429589353796245216e-03
5.921301038126295865e-03
5.527369323722396838e-03
5.205965019945974458e-03
4.870128265556271027e-03
4.558314922064521900e-03
4.148039003905787218e-03
3.845930899072658778e-03
3.612977325111297981e-03
3.307062744371340977e-03
2.993552267240956813e-03
2.724245576336441817e-03
2.511834049047416851e-03
2.312434024440028057e-03
2.019018562975365572e-03
1.829613248122457592e-03
1.624031656384262437e-03
1.487889035970618680e-03
1.327899719719344892e-03
1.101376888988241359e-03
9.825959771547910625e-04
8.900932932054103673e-04
7.151602988205571151e-04
6.431469511193140974e-04
5.031919260625046216e-04
3.951180766815112592e-04
3.513862171678630922e-04
2.450090525490480919e-04
1.963147687155732157e-04
1.283751458283218200e-04
8.086107861179040064e-05
5.736411460934674072e-05
2.646120615936539309e-05
7.064507891964834703e-06
4.694205039017243316e-07
0.000000000000000000e+00
0.000000000000000000e+00
0.000000000000000000e+00
0.000000000000000000e+00
0.000000000000000000e+00
0.000000000000000000e+00
0.000000000000000000e+00
0.000000000000000000e+00
0.000000000000000000e+00
0.000000000000000000e+00
0.000000000000000000e+00
0.000000000000000000e+00
0.000000000000000000e+00
0.000000000000000000e+00
0.000000000000000000e+00
0.000000000000000000e+00
0.000000000000000000e+00
0.000000000000000000e+00
0.000000000000000000e+00
0.000000000000000000e+00
0.000000000000000000e+00
0.000000000000000000e+00
0.000000000000000000e+00
0.000000000000000000e+00
0.000000000000000000e+00
0.000000000000000000e+00
0.000000000000000000e+00
0.000000000000000000e+00
0.000000000000000000e+00
0.000000000000000000e+00
0.000000000000000000e+00
0.000000000000000000e+00
0.000000000000000000e+00
0.000000000000000000e+00
0.000000000000000000e+00
0.000000000000000000e+00
0.000000000000000000e+00
0.000000000000000000e+00
0.000000000000000000e+00
0.000000000000000000e+00
0.000000000000000000e+00
