0.000000000000000000e+00
0.000000000000000000e+00
0.000000000000000000e+00
0.000000000000000000e+00
0.000000000000000000e+00
0.000000000000000000e+00
0.000000000000000000e+00
0.000000000000000000e+00
0.000000000000000000e+00
0.000000000000000000e+00
0.000000000000000000e+00
0.000000000000000000e+00
0.000000000000000000e+00
0.000000000000000000e+00
0.000000000000000000e+00
0.000000000000000000e+00
0.000000000000000000e+00
0.000000000000000000e+00
0.000000000000000000e+00
0.000000000000000000e+00
0.000000000000000000e+00
0.000000000000000000e+00
0.000000000000000000e+00
0.000000000000000000e+00
0.000000000000000000e+00
0.000000000000000000e+00
0.000000000000000000e+00
0.000000000000000000e+00
0.000000000000000000e+00
0.000000000000000000e+00
0.000000000000000000e+00
6.305678673471326774e-03
5.331273231250165806e-02
2.570828711854777349e-01
5.886147189663282209e-01
9.937925812624539557e-01
1.253189086101643701e+00
1.430481094954281884e+00
1.474631712064204292e+00
1.529801029624612729e+00
1.500226086657324043e+00
1.458773295351430299e+00
1.416916711139090124e+00
1.370709474620895207e+00
1.325071376352286778e+00
1.296853108206524885e+00
1.252528083145009630e+00
1.210207502362158571e+00
1.208551479622579805e+00
1.205614519430716181e+00
1.217158412965967162e+00
1.191189945800236183e+00
1.155325483175253076e+00
1.111994109586982749e+00
1.055528851987709738e+00
1.001132994266544340e+00
1.000365619641125026e+00
9.783328872122598607e-01
9.701601878712620142e-01
9.748917538752416290e-01
9.845762888173041905e-01
9.836080114553562570e-01
9.917191848912900731e-01
9.917663252012499653e-01
9.970993268370543783e-01
9.952862527520388580e-01
1.012271465872614851e+00
1.009967491839235398e+00
1.008106460614042410e+00
1.001759441942353446e+00
9.961686490502762448e-01
1.009808039943088875e+00
1.005489618396806284e+00
1.007980360884602078e+00
1.009506213218009929e+00
1.003432473186577578e+00
1.004368164298544253e+00
1.006947450959970736e+00
1.005713662050677693e+00
9.988877469771082485e-01
9.971846686660806869e-01
1.003716079728255384e+00
9.986587160101407790e-01
9.944267765211909360e-01
9.933274885991569825e-01
9.877750327940574282e-01
9.872300257315456129e-01
9.818205334867388112e-01
9.706543443706872054e-01
9.768596484106120137e-01
9.723686413558156882e-01
9.789464673624338475e-01
9.788385912161448044e-01
9.751711779156861937e-01
9.724510577204626971e-01
9.802075889649058960e-01
9.834411086613340514e-01
9.840874847828181560e-01
9.817282369252924301e-01
9.935379637513246376e-01
9.971997601351797469e-01
9.923087095056821738e-01
9.931915606807074637e-01
9.997288875998586732e-01
9.945344787469054815e-01
9.937290090799177911e-01
9.944179974075163519e-01
1.000865589226796137e+00
9.874477745036206455e-01
9.924712333496323868e-01
9.893511173479708765e-01
9.911320001841319449e-01
9.939981795323271641e-01
9.985798239783620911e-01
9.952669834920139236e-01
9.880489731270543086e-01
9.905615962511973294e-01
9.928207389462222476e-01
9.858641165496117020e-01
9.875448097586534413e-01
9.915718878341089892e-01
9.821577960911862526e-01
9.888092496286688959e-01
9.914478602851308775e-01
9.856660810250321703e-01
9.849631630025529327e-01
9.916864519858060723e-01
9.894178364162850015e-01
9.915731550287042451e-01
9.907043087628387701e-01
9.928686387361742582e-01
9.890731561808239203e-01
9.900111097800388116e-01
9.903907090587362738e-01
9.916008173124080116e-01
9.878298811489228948e-01
9.919826443584898179e-01
9.922423467717215173e-01
9.929166984878354807e-01
1.001847790532660154e+00
9.968827389536353278e-01
9.970358865264701276e-01
9.935685546374101174e-01
9.881762079143574518e-01
9.972218941654592550e-01
9.911806971445121794e-01
9.967433634614346616e-01
9.965121058494731399e-01
9.941237118032499875e-01
9.991444900064875290e-01
9.931167116583063947e-01
9.996178530392206829e-01
9.924853948738247000e-01
9.896876330947277367e-01
9.974955264599598692e-01
9.921543505808242402e-01
9.953909427975332624e-01
9.959711577238999913e-01
9.913099909892009176e-01
9.921255289177436376e-01
9.973106095405314120e-01
9.992127817871605533e-01
9.963061299137307980e-01
9.968351966456888702e-01
9.918758616051658317e-01
9.963614392105131223e-01
9.951505534453324309e-01
9.964870697763916763e-01
9.912693763664812696e-01
9.967105096833931421e-01
9.990742350713174291e-01
9.936386568096212679e-01
9.975375463316159541e-01
9.998314825291609864e-01
9.950949059978020372e-01
9.959258241913898635e-01
9.971594967113573960e-01
9.987215044213408888e-01
9.959309726714294930e-01
9.958701116068489068e-01
9.972059034149591827e-01
9.951119544745672396e-01
9.969439917640220417e-01
9.985222384691506692e-01
1.001182200238914799e+00
9.965895202543851861e-01
1.000612734287992911e+00
9.979131161621929147e-01
9.958355617494095702e-01
9.947626186333756726e-01
9.957742509121912944e-01
9.971086888398231762e-01
9.985118243048612952e-01
9.948934657152279648e-01
9.951146444112581868e-01
1.003224091900345671e+00
9.945381756384963357e-01
9.977759593602669730e-01
1.002296558256774439e+00
1.000099647202677300e+00
1.000123304580622818e+00
1.002738550746461899e+00
9.993870810743207267e-01
1.000661398517610712e+00
1.002291148658448483e+00
1.000849620064985901e+00
9.982843117113946452e-01
9.962103126052597180e-01
9.986161576238602455e-01
9.974774802509532856e-01
1.001375561025269922e+00
1.000550982945901390e+00
9.975612432663930607e-01
9.975310942211005338e-01
9.969217051705974164e-01
1.001355819308093142e+00
1.003292374155430045e+00
1.001708297452174268e+00
9.968017400280804186e-01
9.996955203436418413e-01
9.983311141436773672e-01
1.001495869127570826e+00
1.000631248475553514e+00
9.998881131236661002e-01
9.977872893092166739e-01
9.957800299044398118e-01
9.983905422125876061e-01
9.941262328480237054e-01
9.969556455800605566e-01
9.993845974574797619e-01
9.965355781690472536e-01
1.000872515935795626e+00
9.988441003674054519e-01
9.965394798169621149e-01
9.970888235047952186e-01
9.983012122058573246e-01
1.000405300899435357e+00
9.975421619379695182e-01
9.996328200122717167e-01
9.963964075081557237e-01
9.972209792711569376e-01
9.969755290530587510e-01
9.993071458975334442e-01
9.965599261543067744e-01
9.980807929235362419e-01
9.985690954081463122e-01
9.965279429610203188e-01
9.946573592005749642e-01
1.000668550484988151e+00
1.000202162574906906e+00
9.965591179861659210e-01
9.996802706795520077e-01
9.971293040839058763e-01
1.000289053764237268e+00
9.994772920260655003e-01
9.955562992387364529e-01
9.962945086689388718e-01
1.001125178599238996e+00
9.953297758747596813e-01
9.993221181776988926e-01
9.976094357567383275e-01
9.995335447502223802e-01
9.944500012598740391e-01
9.958082978198210533e-01
9.975449930285539279e-01
9.967048083767000577e-01
9.976479049303471625e-01
9.977693382483032725e-01
9.957323728732687673e-01
9.994177241135524525e-01
9.979830635198172484e-01
9.962523481036817952e-01
9.947682302114027042e-01
1.000145543707581686e+00
9.981796366276372012e-01
9.975830210446212654e-01
9.965574036930416879e-01
9.944372021230384329e-01
9.987734533687073757e-01
9.953372765113096543e-01
9.985232878248131438e-01
1.000090403776383363e+00
9.980755198140257578e-01
9.975995885833578436e-01
9.963218578518427959e-01
9.970185445566314142e-01
9.940030308243837931e-01
9.984851548677069477e-01
9.930976282332228955e-01
9.971014633886625678e-01
1.000198746611946632e+00
9.971057661868709676e-01
9.974020271333245979e-01
9.961678732579917206e-01
9.985127596365360736e-01
9.966230021025589414e-01
9.991094101644515391e-01
1.000461758596577155e+00
9.962939802788423060e-01
9.958934676054336244e-01
1.000988990018939262e+00
9.957366642343298269e-01
9.987736611970967626e-01
9.971599230236364297e-01
9.991844311653365063e-01
9.991851407765640625e-01
9.988870344421512115e-01
9.987628397821577408e-01
9.973426660018702705e-01
9.994510480212580594e-01
9.988722280332765768e-01
9.980384017401536800e-01
9.972179126670901450e-01
9.959613512554814641e-01
9.968374556022704391e-01
9.995107043164639382e-01
9.971070353001223463e-01
9.988295446665926836e-01
9.994090578074523723e-01
9.995905632509309857e-01
9.976825806345888115e-01
9.977666180533213414e-01
9.999027115374021779e-01
9.982148655930532799e-01
9.986168843250858851e-01
1.000045067449796266e+00
9.996027351612538636e-01
9.979625231600032231e-01
9.975478619918346501e-01
9.985590906394962163e-01
9.994268538920134670e-01
9.954845602702127039e-01
9.992076376460028442e-01
9.958342012954254363e-01
9.970378688318318749e-01
9.969201117536605761e-01
9.994678367854554768e-01
9.985330036233914797e-01
9.981348210828135947e-01
9.968614091351453155e-01
9.978629634810604054e-01
9.969503420368868163e-01
9.989266267294144575e-01
9.959517073360841799e-01
9.985451408053603872e-01
9.970483224689723478e-01
9.959459005117169417e-01
9.970850773745243423e-01
9.971529298412029618e-01
9.975409224968949662e-01
9.983963834226862177e-01
9.961042604564791514e-01
9.904074694338630414e-01
9.805515186701513342e-01
9.718682948913530684e-01
9.645530527349320815e-01
9.556838423610046762e-01
9.478084659202582474e-01
9.397435978029805570e-01
9.337831204576649835e-01
9.222609661812739557e-01
9.155469361680897977e-01
9.092658623450919908e-01
8.996302794979037509e-01
8.895593785072150039e-01
8.828599510253836158e-01
8.742973929682436030e-01
8.682150506115940969e-01
8.598100750961324978e-01
8.523642212430775356e-01
8.442491768548806563e-01
8.381649109910886963e-01
8.306555811565876635e-01
8.233453745226380072e-01
8.153056552888224839e-01
8.088350835456754595e-01
7.990570046193636866e-01
7.916970120488011631e-01
7.838272423137269129e-01
7.782523857371550502e-01
7.698583356934944888e-01
7.640124032627767514e-01
7.564516030238320754e-01
7.477667023249496836e-01
7.409606112940340106e-01
7.353962835794344288e-01
7.265110502255702762e-01
7.215703974281912902e-01
7.129304987642363090e-01
7.064422770823125530e-01
6.994833336433287085e-01
6.927381410762893932e-01
6.835658462998317475e-01
6.794067441448734535e-01
6.723403236263384430e-01
6.655943932802214080e-01
6.577978503780875785e-01
6.510832856059725060e-01
6.447385983527336162e-01
6.381388158790903820e-01
6.316921869704077430e-01
6.265708751754072159e-01
6.192202172094860568e-01
6.122645226399331397e-01
6.067764503288538558e-01
5.988804769923133930e-01
5.939305970610204710e-01
5.876403588690204405e-01
5.804118719236213142e-01
5.739652083707836860e-01
5.680426886576878109e-01
5.601210256825492895e-01
5.543042389649767143e-01
5.494713255353027570e-01
5.443689716615219831e-01
5.376511081768993172e-01
5.315024153841956256e-01
5.266259442768204124e-01
5.195728894382825036e-01
5.146591312852913935e-01
5.074456533105425882e-01
5.011830920147605228e-01
4.958095157946808551e-01
4.899363964260916027e-01
4.834957291498576115e-01
4.781700052638399034e-01
4.722696653819014601e-01
4.665932825035681297e-01
4.605623597734521124e-01
4.535686322682067617e-01
4.497213557325851485e-01
4.437605272038772641e-01
4.385319966807225689e-01
4.325126462922318504e-01
4.271102166334098116e-01
4.196119543082336700e-01
4.153169262506922754e-01
4.099325177426993982e-01
4.049408732059727734e-01
3.985173121554836939e-01
3.938560678730501086e-01
3.885364895402158014e-01
3.837988592401957999e-01
3.771169612481664601e-01
3.719234201601366308e-01
3.663435290654645238e-01
3.609702598202258472e-01
3.561074029005339980e-01
3.509930783018727629e-01
3.446905243115512829e-01
3.415321596550950911e-01
3.350994571843003977e-01
3.306285161474704637e-01
3.249741610168001005e-01
3.191500653051402847e-01
3.159064177444219634e-01
3.092917439771713517e-01
3.044856958710837613e-01
3.005156370894030982e-01
2.943232409825664586e-01
2.894874402033962846e-01
2.856741443379722800e-01
2.803666959352069665e-01
2.754016985268026851e-01
2.711253136439495948e-01
2.663183910548884703e-01
2.608496899559978877e-01
2.568520364338418571e-01
2.507368983129540374e-01
2.451114704240628384e-01
2.413578728756811675e-01
2.356573638933888437e-01
2.320029793204567703e-01
2.270648178076043189e-01
2.221044203031201092e-01
2.177179801866031827e-01
2.131145085307243614e-01
2.080628113162599213e-01
2.027272843105719924e-01
1.992071800484916111e-01
1.946643875931783618e-01
1.892369304054380974e-01
1.858379770291196387e-01
1.802966415763753716e-01
1.760892986238382363e-01
1.715161160042497079e-01
1.675136363525034644e-01
1.631709841831012753e-01
1.587393546227806596e-01
1.543519698934088247e-01
1.494051527806636304e-01
1.452024002302910177e-01
1.412646921834484759e-01
1.364955327885756242e-01
1.321212945690056206e-01
1.283164268638277150e-01
1.238487055796802933e-01
1.197171040747115750e-01
1.157701048337511640e-01
1.122633531683190355e-01
1.090924476747857641e-01
1.059873819672148276e-01
1.024669718388429990e-01
9.934870317704570797e-02
9.655822408503841880e-02
9.401145590739848346e-02
9.069335146552763571e-02
8.846287584119140457e-02
8.562407185250049679e-02
8.357820033130550219e-02
8.109415823982817073e-02
7.860629597917370703e-02
7.630066890250003508e-02
7.401963921769973143e-02
7.184964683546314623e-02
6.937411269565413319e-02
6.776746251763979267e-02
6.579496420668866363e-02
6.325593279026782423e-02
6.147530752256590014e-02
5.989843294013024594e-02
5.832615933491893528e-02
5.657701770981356237e-02
5.438732126445766646e-02
5.314520477089518941e-02
5.132363133165319946e-02
4.972994552649469963e-02
4.818544363082414433e-02
4.680659362047315947e-02
4.500694282860209783e-02
4.363493400205741002e-02
4.216401594885646475e-02
4.081906947221274062e-02
3.948939738247130016e-02
3.815964654874665768e-02
3.677832437949747624e-02
3.562804462034283720e-02
3.422916628525168176e-02
3.318867380563530339e-02
3.206129932147343264e-02
3.102413902511965207e-02
2.995825508284874830e-02
2.872460639623172080e-02
2.762457092615551099e-02
2.662680335655734018e-02
2.566069253304897532e-02
2.463628667030668198e-02
2.370616508194623925e-02
2.267288567512850891e-02
2.167862423092322202e-02
2.110610849256962934e-02
2.018957176924155925e-02
1.961092075371966698e-02
1.850130426687462623e-02
1.762285336652659115e-02
1.725473136753257614e-02
1.635875778123581023e-02
1.567265871653196474e-02
1.498021947836169002e-02
1.427652391987511635e-02
1.339627851662891778e-02
1.291804038510755911e-02
1.242004304871214930e-02
1.174540405807030126e-02
1.136237263417679000e-02
1.051617155321789635e-02
1.013840458707689941e-02
9.572717378681778327e-03
8.949634223170577219e-03
8.435904716412357535e-03
8.051752955480962273e-03
7.604778405946698537e-03
7.129586239157577679e-03
6.711034692875936583e-03
6.270599928357763891e-03
6.023161826449124380e-03
5.516432446089246204e-03
5.236757410930731153e-03
4.896137295292092052e-03
4.482785571959219985e-03
4.145494354258634148e-03
3.866523901368676495e-03
3.468548431690603520e-03
3.227960933282951993e-03
2.965086185364974695e-03
2.802857673258084010e-03
2.469409508950510309e-03
2.310942428308464074e-03
2.012009062917770319e-03
1.849135101769455941e-03
1.645978190636792357e-03
1.461074423483594686e-03
1.279388999133626321e-03
1.137901497253864577e-03
9.801451463160343498e-04
8.170692782654503071e-04
6.863446326301243664e-04
5.988473141371643141e-04
4.866978612014852528e-04
3.931868506243698909e-04
3.186120895879767582e-04
2.406873568796593233e-04
1.728541914365069551e-04
1.326713239071336493e-04
8.371569240867776445e-05
4.883101439963562532e-05
2.598889987389097804e-05
8.006508591474478055e-06
0.000000000000000000e+00
0.000000000000000000e+00
0.000000000000000000e+00
0.000000000000000000e+00
0.000000000000000000e+00
0.000000000000000000e+00
0.000000000000000000e+00
0.000000000000000000e+00
0.000000000000000000e+00
0.000000000000000000e+00
0.000000000000000000e+00
0.000000000000000000e+00
0.000000000000000000e+00
0.000000000000000000e+00
0.000000000000000000e+00
0.000000000000000000e+00
0.000000000000000000e+00
0.000000000000000000e+00
0.000000000000000000e+00
0.000000000000000000e+00
0.000000000000000000e+00
0.000000000000000000e+00
0.000000000000000000e+00
0.000000000000000000e+00
0.000000000000000000e+00
0.000000000000000000e+00
0.000000000000000000e+00
0.000000000000000000e+00
0.000000000000000000e+00
0.000000000000000000e+00
0.000000000000000000e+00
0.000000000000000000e+00
0.000000000000000000e+00
0.000000000000000000e+00
0.000000000000000000e+00
0.000000000000000000e+00
0.000000000000000000e+00
0.000000000000000000e+00
0.000000000000000000e+00
0.000000000000000000e+00
0.000000000000000000e+00
0.000000000000000000e+00
