0.000000000000000000e+00
0.000000000000000000e+00
0.000000000000000000e+00
0.000000000000000000e+00
0.000000000000000000e+00
0.000000000000000000e+00
0.000000000000000000e+00
0.000000000000000000e+00
0.000000000000000000e+00
0.000000000000000000e+00
0.000000000000000000e+00
0.000000000000000000e+00
0.000000000000000000e+00
0.000000000000000000e+00
0.000000000000000000e+00
0.000000000000000000e+00
0.000000000000000000e+00
0.000000000000000000e+00
0.000000000000000000e+00
0.000000000000000000e+00
0.000000000000000000e+00
0.000000000000000000e+00
0.000000000000000000e+00
0.000000000000000000e+00
0.000000000000000000e+00
0.000000000000000000e+00
3.330252743673167389e-05
1.806009712673823080e-03
2.694444497511028908e-02
1.836149939036899326e-01
7.101969828696836906e-01
1.501915427990298646e+00
2.020722224522704558e+00
2.082937305477734924e+00
1.887076736973946067e+00
1.622655506220508581e+00
1.403821432221646015e+00
1.248708581880658697e+00
1.146003282092756814e+00
1.062992432735718973e+00
9.795204179262476663e-01
9.238711391319600619e-01
8.968247286002715146e-01
8.936641748089452220e-01
9.026463397163966285e-01
9.180913138177029253e-01
9.394175173328053186e-01
9.565835751458557912e-01
9.673916069041109678e-01
9.757544287364232627e-01
9.824478315431947051e-01
9.850211269369035794e-01
9.936015343909538888e-01
9.943111827603262620e-01
9.962199783343532733e-01
9.909488596847142450e-01
9.845222806142218674e-01
9.805554626694026332e-01
9.725287706061334081e-01
9.638991858216142683e-01
9.558433505605676839e-01
9.542101938349787371e-01
9.537349369767101903e-01
9.584750515951331318e-01
9.654536661130517228e-01
9.765791857149468402e-01
9.877040193247546007e-01
9.971441956236571924e-01
1.005733804817447119e+00
1.015962872667392602e+00
1.023055735124378529e+00
1.028359746256652496e+00
1.031321445021353256e+00
1.032982089792110925e+00
1.030113444267686695e+00
1.028254447992151155e+00
1.025462157817048192e+00
1.020474530199261487e+00
1.013638641316495059e+00
1.010318004989595453e+00
1.004801311268050945e+00
9.985431377527667074e-01
9.947270336204415697e-01
9.911805846563606082e-01
9.866301013007587883e-01
9.865864250272019520e-01
9.839134320510735110e-01
9.845183927621932174e-01
9.857861941999653821e-01
9.882106276127914368e-01
9.900313318390200346e-01
9.931906607020436484e-01
9.956945748982092281e-01
9.954975116695629067e-01
9.983208716731314381e-01
9.989125838764717491e-01
1.001618417250317972e+00
9.998121010078887538e-01
1.000702464214056286e+00
1.000729177819145388e+00
1.001531133239963900e+00
1.001300046402504140e+00
1.002495951779837746e+00
1.003003021655109794e+00
1.002951201655190916e+00
1.002908134460594791e+00
1.002577233435203663e+00
1.001181121684576958e+00
1.001558953730502965e+00
1.001612867801836781e+00
1.000822684172985033e+00
1.001573985004314604e+00
1.000999185493443022e+00
1.000577016108610495e+00
9.993388880903233407e-01
1.000028664488928465e+00
9.995301499923379129e-01
9.988592829431535147e-01
9.976275444295844563e-01
9.990934865554188526e-01
9.983639132122805737e-01
9.979697040959488730e-01
9.982520323901532544e-01
9.980910656843980933e-01
9.972113096907120333e-01
9.976384576566068585e-01
9.978059116493674940e-01
9.991454864253823676e-01
9.990642635880881972e-01
9.990912081534192302e-01
9.994153188088571449e-01
9.990126925463607144e-01
9.990990436304834077e-01
1.001007240636412110e+00
1.000262144780272866e+00
1.000135925726470809e+00
9.999117978650967631e-01
1.000067876500665198e+00
1.000716093092768766e+00
1.001099021151160562e+00
1.000360436901848393e+00
1.000079783502733966e+00
9.999581705569714485e-01
1.000484504109765416e+00
9.999996995735092042e-01
9.996939558908339851e-01
9.998493308472199415e-01
9.998608745323934732e-01
9.995572104136889457e-01
9.986518557181606193e-01
9.998034578659472649e-01
9.988883011970061121e-01
9.991455154985875442e-01
9.997740419878964335e-01
9.995550045756178559e-01
9.994384199152072101e-01
9.997021428566257306e-01
9.990882853597792268e-01
9.993530379764442584e-01
1.000025786631310698e+00
9.998611543656583667e-01
9.996396877051259011e-01
1.000142092519774817e+00
1.000126979133058480e+00
1.000521827531822394e+00
1.000553361136508279e+00
9.997561667445514777e-01
1.000006894332342133e+00
9.998207703436399196e-01
1.000088484993102433e+00
1.000182026516390765e+00
9.993651513630311678e-01
9.996621676145324153e-01
1.000333664803458644e+00
9.999292875783490908e-01
1.000416104350549285e+00
1.000136378019773620e+00
9.991783620063799942e-01
9.996196791182804242e-01
9.996931363573321461e-01
9.998128715004469536e-01
1.000220453887826766e+00
9.996625937776567605e-01
1.000413489005372858e+00
1.000338540308683744e+00
9.997342423712480830e-01
1.000278147205019064e+00
9.998917776828664117e-01
1.000181894209443811e+00
9.994310054027711887e-01
9.997495353946392882e-01
9.999621501167884619e-01
9.994953120054884677e-01
9.998408722302657425e-01
1.000377274700076091e+00
9.999690596177640556e-01
1.000264813863533941e+00
9.992251440090753611e-01
9.999219350498501635e-01
1.000323388979655448e+00
9.998433620129738575e-01
9.999152975048835046e-01
9.993627847212123161e-01
9.997666278584008692e-01
9.993725153059094257e-01
9.996219424410476284e-01
1.000191453215419690e+00
1.000060177583113941e+00
9.999003565732303977e-01
9.996312889043923455e-01
1.000464470678987139e+00
9.997944135078929984e-01
1.000247383199118323e+00
9.998613966206120196e-01
9.995711819059334147e-01
1.000231938002964283e+00
9.994854633017408174e-01
1.000063147029821575e+00
9.993962610919299161e-01
9.998338200624256045e-01
9.995336585256719975e-01
1.000286903031455621e+00
9.998930919565717224e-01
9.993928441314646749e-01
9.996096200572268664e-01
9.998470034629155512e-01
1.000043422954942196e+00
9.989312221975832351e-01
1.000042044238467209e+00
9.997082433058508411e-01
9.999733366527417955e-01
9.991667437224824866e-01
9.993930163429625146e-01
1.000185273917669759e+00
1.000526349505828527e+00
1.000031704737741611e+00
9.997922343631099329e-01
9.994709907638277269e-01
9.994522125225651088e-01
9.997094514056708014e-01
1.000081768817605354e+00
1.000040123196616060e+00
9.999397747302555262e-01
1.000372072379317245e+00
9.995166874644718646e-01
9.998618157576952825e-01
9.996023721114787319e-01
9.999755674395728322e-01
9.996921767960949001e-01
9.997123634717437479e-01
9.996382676587852734e-01
1.000042629501329605e+00
9.996517533052502458e-01
9.999574403146530566e-01
9.998623061857604410e-01
9.997609534663803865e-01
9.994291415287650526e-01
1.000176703850182092e+00
1.000196409168691902e+00
9.999784014637798091e-01
1.000304962673564280e+00
9.997612096259775871e-01
9.998190875579704429e-01
9.998838068140128987e-01
1.000400126989601013e+00
1.000118807124218190e+00
9.997539224050081552e-01
9.997700815983516787e-01
9.997892164955055616e-01
1.000005060013793745e+00
1.000093150010579413e+00
1.000134725406526703e+00
9.997413565226338505e-01
1.000096816914145093e+00
1.000394062188689093e+00
1.000126912915264565e+00
1.000061579249943433e+00
1.000401784381504511e+00
1.000172381827714618e+00
1.000135436454685722e+00
9.998257871990251511e-01
1.000220446296916865e+00
9.999224078482739086e-01
1.000101951626228614e+00
1.000245309733032606e+00
9.996084179642530376e-01
1.000293250833577119e+00
1.000560561081229816e+00
1.000320162969658977e+00
1.000554006122595707e+00
1.000326011276069238e+00
1.000205805578554541e+00
1.000231767480141754e+00
1.000505675256006866e+00
9.999104838052815802e-01
1.000211352166886281e+00
1.000238149458322567e+00
1.000423960620834052e+00
1.000169242576899986e+00
1.000476568658364984e+00
9.998009989535240338e-01
1.000074936879458365e+00
1.000221317783353436e+00
1.000174082072533555e+00
1.000292965595365180e+00
1.000385754541438521e+00
1.000582170341708377e+00
9.999425447732530614e-01
1.000165320832679949e+00
1.000101857967114594e+00
1.000168586234387424e+00
1.000235346733089559e+00
1.000649038162878535e+00
1.000643625068919018e+00
1.000066406534228403e+00
1.000111103319398120e+00
1.000324724896420214e+00
1.000378737491217196e+00
1.000502595552504870e+00
1.000233705571311527e+00
1.000134626364652446e+00
1.000389710164358625e+00
1.000313050905535572e+00
9.999894929521059295e-01
1.000284408710422790e+00
1.000651976380735775e+00
1.000240286694553227e+00
9.999469349758384196e-01
1.000376499012142206e+00
1.000532104506481224e+00
1.000315825883050902e+00
1.000623109779934961e+00
1.000086224288607273e+00
9.999932738132205623e-01
1.000206480889594074e+00
1.000134484591686856e+00
1.000538904676907537e+00
1.000553379231761797e+00
1.000021363785149608e+00
9.999572354395945828e-01
1.000866331281171417e+00
1.000000309285922873e+00
1.000092759187861446e+00
1.000536602970731659e+00
1.000133393073155519e+00
1.000385179783361389e+00
1.000803019840319497e+00
1.000060195102053573e+00
1.000458421889381944e+00
1.000379806873649358e+00
1.000328219210038450e+00
9.987880167114474572e-01
9.915525895317749416e-01
9.831568427215087169e-01
9.749588074023483042e-01
9.668290716805654217e-01
9.581797652948190747e-01
9.499153220377479778e-01
9.415863915900734016e-01
9.335867534699451298e-01
9.252136681816623964e-01
9.173572435476894382e-01
9.094142897395005587e-01
9.013579132949756101e-01
8.932339614926639859e-01
8.852944485787138662e-01
8.773651697551440032e-01
8.697033838825877217e-01
8.617522560781110119e-01
8.538159625210955950e-01
8.464355646230158348e-01
8.386169173078841244e-01
8.311028388132600808e-01
8.231213155540115789e-01
8.156177261001745782e-01
8.082372266794043414e-01
8.009978441968925722e-01
7.933979083362775464e-01
7.858796043641592677e-01
7.790215148154084890e-01
7.712863435818165803e-01
7.640549189110868999e-01
7.569450993403905592e-01
7.497799927320052404e-01
7.427664825052472386e-01
7.356813714654120151e-01
7.284122216855929421e-01
7.215641101160100712e-01
7.142453522524754295e-01
7.074021200148803423e-01
7.003925813942281087e-01
6.936600166202332440e-01
6.864787283482643998e-01
6.799684708166796598e-01
6.733272767098857914e-01
6.663959175347614616e-01
6.598012147508213188e-01
6.530749672508174841e-01
6.461894147364360963e-01
6.397771314096175610e-01
6.328718604059715425e-01
6.265089855467511626e-01
6.199568834448484500e-01
6.135838090787264498e-01
6.069151590589929590e-01
6.005175744634144719e-01
5.940518361687819882e-01
5.880841375840283325e-01
5.814570519328049469e-01
5.751805150603503947e-01
5.685527234651535089e-01
5.626941469361561587e-01
5.563778016798210935e-01
5.503071955898667378e-01
5.440101731746990188e-01
5.378459026950350719e-01
5.316317754097028558e-01
5.259393855067989731e-01
5.196089501013274603e-01
5.140864511852477614e-01
5.076156808864594749e-01
5.018451012568843073e-01
4.959055799667970721e-01
4.900299279086266502e-01
4.840482636647894799e-01
4.783566075987080168e-01
4.725979684268513670e-01
4.666225559456923522e-01
4.607628041699438626e-01
4.551818450356955315e-01
4.495709767296943715e-01
4.435619742730886883e-01
4.381322683278756625e-01
4.326432111516883006e-01
4.270207406093439739e-01
4.213117065415464269e-01
4.159474977568180520e-01
4.103838942510298349e-01
4.049056315349197077e-01
3.992587165941960392e-01
3.937650665134001526e-01
3.883761929976004557e-01
3.830917531287186262e-01
3.778773705838512353e-01
3.723506291851592098e-01
3.672423082209858580e-01
3.618377965035017851e-01
3.565353827298118339e-01
3.512243769488377354e-01
3.456708905639749307e-01
3.406212365942035136e-01
3.356466799906929754e-01
3.303911163414509633e-01
3.253222537389729441e-01
3.200382024416100202e-01
3.150381825250277990e-01
3.101211236079257083e-01
3.050479481162892692e-01
2.997843881337221017e-01
2.949451800278339864e-01
2.900521755551803138e-01
2.849300822227130436e-01
2.800243481546067503e-01
2.750877895413516017e-01
2.701398680338565894e-01
2.652940089486467423e-01
2.604060065325347062e-01
2.556574160440119869e-01
2.508268999911597574e-01
2.460154388971289297e-01
2.411478617362089460e-01
2.365153701938782216e-01
2.317854381726219548e-01
2.271607874515127468e-01
2.222828123407970258e-01
2.175605905193915557e-01
2.130556656910439495e-01
2.083888334258309771e-01
2.037313459842386432e-01
1.992730949586015432e-01
1.945289948363864985e-01
1.900609779772788610e-01
1.854853670144678834e-01
1.810811356867584876e-01
1.763738288105651808e-01
1.719850449873557563e-01
1.675219754346577439e-01
1.630663464204917257e-01
1.585859320319572274e-01
1.543816442256175370e-01
1.497439193967843030e-01
1.454769859593162684e-01
1.411180608675543235e-01
1.367082033782115458e-01
1.323845547044792959e-01
1.281593263258696824e-01
1.238317096202440348e-01
1.197348130032162283e-01
1.158723670570272202e-01
1.122995539760282407e-01
1.089575539014368821e-01
1.056983358543195639e-01
1.024772707770198188e-01
9.951747631192335575e-02
9.661843905694969536e-02
9.368901847952583462e-02
9.100436138859667456e-02
8.830956627135855275e-02
8.570938231547958752e-02
8.323092446050418813e-02
8.082922331626798962e-02
7.850808493899040508e-02
7.609413261505441894e-02
7.386488412032939099e-02
7.172576601211798353e-02
6.958082863604693469e-02
6.748500254209416349e-02
6.550835291495465951e-02
6.349228627654585067e-02
6.167350116333143034e-02
5.973454973962590703e-02
5.792765421228790457e-02
5.613970932458622887e-02
5.444849336277254870e-02
5.277354666450665560e-02
5.116055913677387129e-02
4.951415697805287841e-02
4.794853463672463928e-02
4.643227984190220758e-02
4.490051433155804739e-02
4.350598448415778086e-02
4.205485454370239823e-02
4.067688201825880173e-02
3.933403278512459522e-02
3.799252253378927052e-02
3.669603402815160842e-02
3.543642118087870357e-02
3.431899931650271574e-02
3.312762839070178961e-02
3.194483053218680202e-02
3.080183955297624912e-02
2.972910883095162410e-02
2.864126221665988167e-02
2.760094623078925002e-02
2.658407136337342241e-02
2.555916475935962606e-02
2.459144529854814104e-02
2.368001085231181968e-02
2.273086389739695581e-02
2.184293378360604998e-02
2.101424519661331328e-02
2.018334340579292299e-02
1.930918377777478961e-02
1.855543257809437810e-02
1.775519929930080218e-02
1.698866288830185381e-02
1.627322421273137004e-02
1.553882882330692022e-02
1.483029499050173873e-02
1.418461366329026516e-02
1.354125285505696635e-02
1.288454687348561389e-02
1.228993258257081791e-02
1.170103058255058705e-02
1.110962939535797486e-02
1.056074768273657961e-02
1.002996836857870770e-02
9.509528362978764832e-03
8.999487708071352010e-03
8.468952942524931443e-03
8.009544965338614986e-03
7.581011746236351705e-03
7.135239871250474361e-03
6.698046744714795074e-03
6.284473840328067169e-03
5.898548502130568014e-03
5.519103239912763297e-03
5.151309578769550264e-03
4.804740302515157074e-03
4.467230690097775785e-03
4.138235253451180706e-03
3.827203901668378792e-03
3.528070677283673493e-03
3.244346029479015098e-03
2.981354157353891497e-03
2.723577244231882577e-03
2.492915730886215760e-03
2.260622611231904826e-03
2.035633091981770958e-03
1.842753148688336959e-03
1.643613985428567020e-03
1.455850910692622294e-03
1.286747709053780728e-03
1.130806962754285407e-03
9.800368110300572335e-04
8.461016933146529037e-04
7.195794079553462924e-04
6.082072862529327474e-04
5.015971509027680394e-04
4.038162448778617329e-04
3.196818092966237932e-04
2.492275369994742702e-04
1.823702901374040419e-04
1.290937141580829231e-04
8.592305494317660595e-05
5.118974922796294902e-05
2.453132409473259077e-05
9.303660810038613159e-06
1.275999729249509133e-06
3.777671665347391164e-08
0.000000000000000000e+00
0.000000000000000000e+00
0.000000000000000000e+00
0.000000000000000000e+00
0.000000000000000000e+00
0.000000000000000000e+00
0.000000000000000000e+00
0.000000000000000000e+00
0.000000000000000000e+00
0.000000000000000000e+00
0.000000000000000000e+00
0.000000000000000000e+00
0.000000000000000000e+00
0.000000000000000000e+00
0.000000000000000000e+00
0.000000000000000000e+00
0.000000000000000000e+00
0.000000000000000000e+00
0.000000000000000000e+00
0.000000000000000000e+00
0.000000000000000000e+00
0.000000000000000000e+00
0.000000000000000000e+00
0.000000000000000000e+00
0.000000000000000000e+00
0.000000000000000000e+00
0.000000000000000000e+00
0.000000000000000000e+00
0.000000000000000000e+00
0.000000000000000000e+00
0.000000000000000000e+00
0.000000000000000000e+00
0.000000000000000000e+00
0.000000000000000000e+00
0.000000000000000000e+00
0.000000000000000000e+00
0.000000000000000000e+00
0.000000000000000000e+00
0.000000000000000000e+00
0.000000000000000000e+00
