0.000000000000000000e+00
0.000000000000000000e+00
0.000000000000000000e+00
0.000000000000000000e+00
0.000000000000000000e+00
0.000000000000000000e+00
0.000000000000000000e+00
0.000000000000000000e+00
0.000000000000000000e+00
0.000000000000000000e+00
0.000000000000000000e+00
0.000000000000000000e+00
0.000000000000000000e+00
0.000000000000000000e+00
0.000000000000000000e+00
0.000000000000000000e+00
0.000000000000000000e+00
0.000000000000000000e+00
0.000000000000000000e+00
0.000000000000000000e+00
0.000000000000000000e+00
0.000000000000000000e+00
0.000000000000000000e+00
0.000000000000000000e+00
0.000000000000000000e+00
0.000000000000000000e+00
2.664114154204573798e-05
1.737917667405727102e-03
2.668442656458824488e-02
1.852911928641219619e-01
7.147791858905641060e-01
1.501502827196142364e+00
2.018910705541993256e+00
2.083335274656385128e+00
1.887061534266890162e+00
1.624505889147155990e+00
1.408886968298445064e+00
1.248384590619634027e+00
1.147009935035647299e+00
1.061143569139821663e+00
9.772123913660349936e-01
9.249731527543588738e-01
8.989185913679781370e-01
8.954391614528329768e-01
9.057084966727400044e-01
9.212467486980217002e-01
9.390965935002590914e-01
9.578725671008605502e-01
9.675147458244321985e-01
9.746894031906082612e-01
9.820650396170872432e-01
9.921224683045962722e-01
9.942424439845530815e-01
9.960923316502782177e-01
9.964500523782210406e-01
9.943071077967543525e-01
9.852121413968677466e-01
9.805216446327160718e-01
9.712446183096971053e-01
9.654185053639119385e-01
9.591114431485844305e-01
9.565630844365701213e-01
9.569473825266550104e-01
9.580048760914583461e-01
9.668542051387563063e-01
9.771171395407143301e-01
9.872747221186168876e-01
1.001015578121044136e+00
1.008778966014283629e+00
1.016858004006222060e+00
1.024658556201094139e+00
1.029334998655440536e+00
1.031291813786340050e+00
1.034030296663795978e+00
1.032564777759024777e+00
1.029679509914873448e+00
1.026787871281233500e+00
1.021994516455373647e+00
1.016775087581344605e+00
1.011477675152987921e+00
1.004620130328921279e+00
1.000912273762447624e+00
9.974164104309202195e-01
9.933067874099137384e-01
9.892022350813903797e-01
9.888017230010738290e-01
9.861896756272384712e-01
9.861018570844328757e-01
9.887350131956610388e-01
9.906113463269784480e-01
9.916057736718700832e-01
9.942573891974273437e-01
9.966725181469214823e-01
9.994069936638603213e-01
1.000844042742600637e+00
1.000680335664037246e+00
1.002307147033365098e+00
1.001361544648855073e+00
1.002900188980059948e+00
1.003445959697237821e+00
1.001988488672302280e+00
1.004251860621240500e+00
1.004299844680838438e+00
1.003703043312883070e+00
1.004302490147429117e+00
1.004861606814401620e+00
1.004666798843185438e+00
1.004414184195280280e+00
1.003787971778951515e+00
1.002286676947566235e+00
1.003152552642275763e+00
1.002385205716010086e+00
1.001839094326115287e+00
1.002148909907096375e+00
1.002032157478502494e+00
1.000640105889056608e+00
1.000903647103725813e+00
1.000925210239743013e+00
1.000906426569692309e+00
1.000880095456917918e+00
9.997625606695366152e-01
1.000767641876110892e+00
9.987050123072344077e-01
9.989045477721345545e-01
1.000880934301685121e+00
1.000469988399017796e+00
1.000291534268807681e+00
1.000378851324092100e+00
9.991683599271118377e-01
9.998991647662949234e-01
1.000328808934561664e+00
1.000682536656886557e+00
1.001286286813514170e+00
1.001574419211293421e+00
1.001902082173568465e+00
1.000447585000238115e+00
1.001759659020677873e+00
1.001639324998532254e+00
1.000419902238067316e+00
1.000958251873836913e+00
1.001692763434000932e+00
1.002022744936718057e+00
1.001051580139711739e+00
1.000898037506498861e+00
1.001770512230789389e+00
1.001188177288862002e+00
1.001282011558485285e+00
1.001184520661456023e+00
1.000796899091609626e+00
1.000897204472676050e+00
1.001611128785331983e+00
1.001336178636636154e+00
1.000749160646984048e+00
1.000993703944298430e+00
1.000139457934854370e+00
9.997102734392954160e-01
1.000526451773678493e+00
1.000224406211843275e+00
1.001057245416395958e+00
1.000911359657564725e+00
1.000443511321898349e+00
1.001174847939569901e+00
1.000599909808724819e+00
1.000471020433125080e+00
1.000492221739608389e+00
1.000747947714535790e+00
1.000671422225072105e+00
1.000153746420127776e+00
1.001091590805639253e+00
1.000286145661716253e+00
1.000618513388157327e+00
1.000115876139707316e+00
1.001031370403395515e+00
1.000566954328331759e+00
1.001002605933216438e+00
1.000940722608896660e+00
1.000805611914486137e+00
1.001425691696522291e+00
1.000692572995987906e+00
1.000811521402188209e+00
1.000756863728516466e+00
1.000367312060531866e+00
1.000102300261640265e+00
1.000587141597164553e+00
1.001326633388031073e+00
1.000359562718944773e+00
1.000588300730842928e+00
1.001005007822949988e+00
1.000524695801503494e+00
1.000201953494056717e+00
1.000887404547026627e+00
1.000210747049800064e+00
9.999587581388978963e-01
1.000167760368919190e+00
1.000832512325731116e+00
1.000551508060985695e+00
1.000575572431706917e+00
1.000492924109785964e+00
1.000845160035412684e+00
1.000493894753484270e+00
1.000479744696819440e+00
1.000897242787374575e+00
1.000834619013206916e+00
1.000942775698714815e+00
1.000631619035523112e+00
1.000609297581195989e+00
1.000834683713841100e+00
9.998278797432570419e-01
1.000091235269017220e+00
1.000720094459492948e+00
1.000726682400667089e+00
1.000783459220316862e+00
1.000402759252187801e+00
1.000971869941734482e+00
1.000202646892095926e+00
1.000266471545006253e+00
1.000238938376926567e+00
1.000790599871567155e+00
1.000583660179583001e+00
1.000789816935325094e+00
1.001009386298476578e+00
1.000351860137713045e+00
1.000867761180576299e+00
1.000101011294904030e+00
1.000536538518094432e+00
1.000431677966347133e+00
1.000717110930091858e+00
1.000589945636292555e+00
1.000879639631929718e+00
9.996966107450360184e-01
1.000223173060926118e+00
1.000691827867526751e+00
1.000474295975712247e+00
1.000590290954490147e+00
1.000525695976758334e+00
1.000334093538179925e+00
1.000193747985413495e+00
1.000815418897100129e+00
1.000323362839164787e+00
1.000367144467260605e+00
1.000006423547843859e+00
1.000695715845340006e+00
1.000641168422139016e+00
1.000536009684425354e+00
1.000646122063898025e+00
1.000887488701149852e+00
1.000966679893348754e+00
1.000465458832753063e+00
1.000456258605010307e+00
1.000415964012053127e+00
1.000217697721661692e+00
1.000254073018725709e+00
9.998337636295848707e-01
1.000694382548888095e+00
1.000093230542044465e+00
1.000379055414012397e+00
1.000512646430124386e+00
1.000469228517129272e+00
1.000168957074804466e+00
1.000506696328665068e+00
1.000551425558689811e+00
1.000347858812889568e+00
1.000770251604066630e+00
1.000440667168942754e+00
9.997155572936339274e-01
9.998573461691803166e-01
1.000691111847532122e+00
1.000105803664724125e+00
1.000556733805016085e+00
1.000289851606612768e+00
1.000116167259812228e+00
1.000435471582275637e+00
1.000529956490682659e+00
1.000437662787625692e+00
1.000401727759278048e+00
1.000608227203960476e+00
1.000445079273256654e+00
9.998984991769211961e-01
9.998822311979621569e-01
1.000409743296335696e+00
1.000401837732050492e+00
1.000010182655320934e+00
1.000096915529208541e+00
1.000534567673471598e+00
1.000537858493155241e+00
1.000599307350640066e+00
1.000332912519489303e+00
1.000181659094941056e+00
1.000447616632603509e+00
1.000189745228963201e+00
1.000815491538975088e+00
1.000616842592421785e+00
9.998086668991736925e-01
1.000434003682520778e+00
1.000313122281024203e+00
1.000422524484417153e+00
1.000133423049477388e+00
1.000574667344903412e+00
1.000009879734812479e+00
1.000185267578653781e+00
1.000322189616574597e+00
9.998852474832877757e-01
1.000641999631940227e+00
1.000543587329264072e+00
1.000228530201219268e+00
1.000316208430237941e+00
1.000355805976313350e+00
1.000463223138774449e+00
1.000081841435773944e+00
1.000641328234817662e+00
1.000127820314579363e+00
1.000086111718620385e+00
1.000281485051516928e+00
1.000421891695561616e+00
1.000064240681979300e+00
1.000005965930141905e+00
1.000256038592631125e+00
1.000700339120141003e+00
1.000402070817237199e+00
9.998555506595920850e-01
1.000306044425949725e+00
1.000536000027803407e+00
1.000293937160801949e+00
1.000386620156791473e+00
1.000363610026997030e+00
1.000077140522847907e+00
1.000079848480370792e+00
9.998667019509424048e-01
1.000328052357750241e+00
1.000101496864023387e+00
1.000548024925618229e+00
1.000265771192036857e+00
1.000359718256318642e+00
1.000359186275027845e+00
1.000303362775498250e+00
1.000110410779720738e+00
1.000136025019416897e+00
1.000100122162696836e+00
1.000228568109266858e+00
1.000002274904890909e+00
1.000113926196696923e+00
1.000114066645454436e+00
1.000211200302700831e+00
1.000285217470450405e+00
1.000339707846945592e+00
1.000282878177718882e+00
1.000126585614080632e+00
1.000031718265740777e+00
1.000667813047903643e+00
1.000290799590899393e+00
1.000243073565421748e+00
9.987885173986800202e-01
9.914279292469158067e-01
9.832801504943370352e-01
9.744551685040926392e-01
9.661304032707407341e-01
9.579234385989982004e-01
9.499979776095147654e-01
9.416631548031754173e-01
9.332608116549896415e-01
9.253079555448201488e-01
9.172602073300325509e-01
9.089967583265742279e-01
9.010518504775789639e-01
8.926119644068359893e-01
8.851033163643171608e-01
8.772390154809908136e-01
8.693540578562312104e-01
8.617102408061273477e-01
8.539388408987780288e-01
8.459313013496299050e-01
8.385354831075497728e-01
8.307128702194025438e-01
8.231434733963125527e-01
8.158063658059061529e-01
8.081738921954380039e-01
8.010691847599530346e-01
7.933904656352099849e-01
7.863098094485220235e-01
7.782826791105904585e-01
7.710860305765646627e-01
7.638537032230187096e-01
7.568743651766567382e-01
7.493644188441709320e-01
7.423160878401594553e-01
7.352057180388158475e-01
7.280880071715328805e-01
7.212519181937047108e-01
7.141342891565432005e-01
7.070514163074000935e-01
7.000809931922247209e-01
6.933298578351695385e-01
6.864174810338322663e-01
6.795423386928386433e-01
6.728416413033143639e-01
6.662437197413414447e-01
6.592989984100011691e-01
6.526959675228876101e-01
6.461164533184386993e-01
6.394997400841219148e-01
6.327878381027156607e-01
6.264705521578954883e-01
6.196405842586378832e-01
6.131177732102733868e-01
6.065705608130587123e-01
6.001051168139801550e-01
5.938963817018232394e-01
5.876855128827613850e-01
5.810711245315576257e-01
5.748488593488831899e-01
5.686266792268936943e-01
5.622720118801911582e-01
5.560111067862500978e-01
5.499372132846381822e-01
5.436582122667310557e-01
5.377742636958935396e-01
5.315839790581293745e-01
5.254932683721221798e-01
5.194333727312818727e-01
5.136173458548167758e-01
5.073270835979131199e-01
5.015774666655623548e-01
4.953573377324462790e-01
4.896572293004635701e-01
4.836774144353260807e-01
4.779510793576546845e-01
4.724848372197406055e-01
4.663781842407890288e-01
4.606438643678655853e-01
4.547613591696264002e-01
4.491365555170275248e-01
4.433514311000278929e-01
4.378632924153515460e-01
4.322851323298290693e-01
4.267613079651436103e-01
4.209604821190343626e-01
4.156959033045721230e-01
4.101256026721144532e-01
4.045596947439265012e-01
3.991084794456203899e-01
3.936516242464196402e-01
3.882742303265946937e-01
3.826499641641278315e-01
3.772774437135029690e-01
3.721406845546045283e-01
3.665355714177029323e-01
3.614200143805347265e-01
3.559630838257122898e-01
3.509824557431157066e-01
3.457895782427095055e-01
3.406709903846962262e-01
3.352105463576857125e-01
3.300446450553598532e-01
3.250189146057438916e-01
3.199776721262739265e-01
3.148944154104175719e-01
3.096649024365702441e-01
3.047175872439951139e-01
2.996812259125606337e-01
2.946664980131415978e-01
2.897338151616413171e-01
2.847195069524796618e-01
2.798594368751692318e-01
2.749753600521431252e-01
2.700584205671137661e-01
2.649968369227224119e-01
2.602698727759965025e-01
2.554134286668946485e-01
2.504929481212927467e-01
2.458460935814736348e-01
2.410646670286747673e-01
2.362657266930006106e-01
2.315874895701054148e-01
2.269179148117962397e-01
2.221792528160752289e-01
2.175833790969407544e-01
2.128648549281656199e-01
2.082762904938985082e-01
2.035696302116361822e-01
1.989834491506780045e-01
1.945163465076689968e-01
1.898874955455260027e-01
1.854331646168607961e-01
1.807389068324881387e-01
1.763984094494175092e-01
1.718384997173839912e-01
1.675054113383737109e-01
1.631039056146321164e-01
1.585174544398114949e-01
1.541183408599722526e-01
1.496934943680509056e-01
1.453925936404452390e-01
1.411041599091154564e-01
1.366507702007929426e-01
1.324043787530960470e-01
1.281678562739655136e-01
1.237299116973201163e-01
1.197170218509860939e-01
1.157494967016112902e-01
1.122305046545574309e-01
1.088272156571623989e-01
1.055999126855890757e-01
1.024296831093182841e-01
9.938635410920285129e-02
9.653564828339572523e-02
9.363171835855781111e-02
9.099172663125944249e-02
8.828263783387658992e-02
8.568348440595442705e-02
8.319069304668179343e-02
8.080894410816502615e-02
7.842551753565027428e-02
7.616157317709539021e-02
7.388300392463760524e-02
7.167036460433412470e-02
6.956314454381908041e-02
6.744302155556744505e-02
6.545743808272917741e-02
6.351310335311002864e-02
6.159112629531150740e-02
5.972171537916177303e-02
5.792137115664441199e-02
5.615567369228311595e-02
5.438662901247749010e-02
5.273177586523192933e-02
5.106898958511889991e-02
4.949539279655620905e-02
4.791346281804208934e-02
4.641240710490560084e-02
4.487216907744893957e-02
4.348322165441825815e-02
4.209794180426668780e-02
4.067040734747447150e-02
3.930495797389267632e-02
3.802971193376715464e-02
3.671206355205307303e-02
3.549803014647028715e-02
3.422075039519532902e-02
3.306821965469378816e-02
3.191474998179929384e-02
3.078942116286121841e-02
2.968833992781064884e-02
2.861367719621190145e-02
2.758915501827169728e-02
2.655813808334776469e-02
2.555486178412571391e-02
2.460286491407482484e-02
2.367629456016712847e-02
2.272446870685520398e-02
2.187551923822714933e-02
2.096528388285567521e-02
2.014590381336245004e-02
1.932673524843584248e-02
1.852729001571221806e-02
1.773936850521480590e-02
1.700509461832497293e-02
1.625140424399493591e-02
1.554292073353139361e-02
1.484577617412769987e-02
1.419300607988215578e-02
1.354778862368585454e-02
1.287781550770493444e-02
1.228257798776432284e-02
1.166938358346469862e-02
1.109418653143919714e-02
1.054202652540956776e-02
1.001337018579839290e-02
9.492104130341252888e-03
8.977914193981429911e-03
8.496206138959397011e-03
8.031126100767206621e-03
7.554093669515643886e-03
7.107815909536437451e-03
6.679592441839124137e-03
6.295774485922139840e-03
5.890981061518769241e-03
5.502101658282872350e-03
5.137057303933238381e-03
4.794587618428611600e-03
4.469353541875649947e-03
4.145316801756022268e-03
3.817546048336959656e-03
3.539493127519833127e-03
3.255353647148257618e-03
2.990210205973237688e-03
2.726884914269198708e-03
2.483259808594565684e-03
2.252646784027018297e-03
2.031122181689676981e-03
1.824466434079733594e-03
1.638596057606878879e-03
1.455963239105981548e-03
1.283507245677604700e-03
1.125869313863005943e-03
9.785617821659604431e-04
8.397025569866559125e-04
7.170446185969510215e-04
6.039812266449048461e-04
4.995564405298058433e-04
4.003668338584558985e-04
3.241595887297571356e-04
2.444872890266141033e-04
1.801349661065302320e-04
1.296545596542319904e-04
8.556178794813480227e-05
5.038425711494678950e-05
2.528079871073296391e-05
8.542861262464665611e-06
1.541255669914401274e-06
2.518364552737895056e-08
0.000000000000000000e+00
0.000000000000000000e+00
0.000000000000000000e+00
0.000000000000000000e+00
0.000000000000000000e+00
0.000000000000000000e+00
0.000000000000000000e+00
0.000000000000000000e+00
0.000000000000000000e+00
0.000000000000000000e+00
0.000000000000000000e+00
0.000000000000000000e+00
0.000000000000000000e+00
0.000000000000000000e+00
0.000000000000000000e+00
0.000000000000000000e+00
0.000000000000000000e+00
0.000000000000000000e+00
0.000000000000000000e+00
0.000000000000000000e+00
0.000000000000000000e+00
0.000000000000000000e+00
0.000000000000000000e+00
0.000000000000000000e+00
0.000000000000000000e+00
0.000000000000000000e+00
0.000000000000000000e+00
0.000000000000000000e+00
0.000000000000000000e+00
0.000000000000000000e+00
0.000000000000000000e+00
0.000000000000000000e+00
0.000000000000000000e+00
0.000000000000000000e+00
0.000000000000000000e+00
0.000000000000000000e+00
0.000000000000000000e+00
0.000000000000000000e+00
0.000000000000000000e+00
0.000000000000000000e+00
