0.000000000000000000e+00
0.000000000000000000e+00
0.000000000000000000e+00
0.000000000000000000e+00
0.000000000000000000e+00
0.000000000000000000e+00
0.000000000000000000e+00
0.000000000000000000e+00
0.000000000000000000e+00
0.000000000000000000e+00
0.000000000000000000e+00
0.000000000000000000e+00
0.000000000000000000e+00
0.000000000000000000e+00
0.000000000000000000e+00
0.000000000000000000e+00
0.000000000000000000e+00
0.000000000000000000e+00
0.000000000000000000e+00
0.000000000000000000e+00
0.000000000000000000e+00
0.000000000000000000e+00
0.000000000000000000e+00
0.000000000000000000e+00
0.000000000000000000e+00
0.000000000000000000e+00
3.330359491737649346e-05
1.880289558857409617e-03
2.583962383592328105e-02
1.848302553595557451e-01
7.111801630919160067e-01
1.502868694368781899e+00
2.015822571083650150e+00
2.089118736695255940e+00
1.889314461686483648e+00
1.624778676592307791e+00
1.405414855065172386e+00
1.246786024585767594e+00
1.145320478744903170e+00
1.064663471899884417e+00
9.784367277805400276e-01
9.243815042196928955e-01
8.979567309424254518e-01
8.971216287265489919e-01
9.027981102478818132e-01
9.187398621374807117e-01
9.410680344319999335e-01
9.549431616226454755e-01
9.695902800267033328e-01
9.771736550150872391e-01
9.810577500305166510e-01
9.898112902589180084e-01
9.902746273856467552e-01
9.953857676323316639e-01
9.967669108882003526e-01
9.912904346094078001e-01
9.881059679054349232e-01
9.820258202627579758e-01
9.723877125669356802e-01
9.645431924316799632e-01
9.601579724644397906e-01
9.561974207754070365e-01
9.558253008545528617e-01
9.608747671939416035e-01
9.671049307606853773e-01
9.771949266226783726e-01
9.878753118395280364e-01
9.998517712324404005e-01
1.009875490975552070e+00
1.017749342070037200e+00
1.025102682088752548e+00
1.029985812875309881e+00
1.031162266811526784e+00
1.034824995697139371e+00
1.031854900985762935e+00
1.028023154652685900e+00
1.027588517761292231e+00
1.022180993566381257e+00
1.018407377874618991e+00
1.009998814739865081e+00
1.004951908087666990e+00
9.993477373583100620e-01
9.950881390076832256e-01
9.919235566033950402e-01
9.893013574974773849e-01
9.878953339248872645e-01
9.852804233944103540e-01
9.863243041529448085e-01
9.886130325071497138e-01
9.901800200248566108e-01
9.916200665384563573e-01
9.944310736881878388e-01
9.960616393509678090e-01
9.987560898394789444e-01
1.000200447339682386e+00
1.001006047753072892e+00
1.001870049853354372e+00
1.001960169227159358e+00
1.001931253688838508e+00
1.002356462110929991e+00
1.002594688076992702e+00
1.003162069435918013e+00
1.003862083358352475e+00
1.003266184726163468e+00
1.004278340980046202e+00
1.003640076114875157e+00
1.003720074096922987e+00
1.003058308250090347e+00
1.003317657289275688e+00
1.003730722762972594e+00
1.002617891140340278e+00
1.001382955146022935e+00
1.000843504161229358e+00
1.000393385588044470e+00
1.002120228343009511e+00
1.000945458021645029e+00
1.001213182568583271e+00
1.001087278795569135e+00
9.998452455740077793e-01
9.993554772910134831e-01
1.000223596620932742e+00
9.992505589940388067e-01
9.996195161742124080e-01
9.990799941084139713e-01
9.997968283624876218e-01
9.983823748261148046e-01
9.995454251385796907e-01
9.992687353862077515e-01
9.994342718291950867e-01
1.000164823567195604e+00
9.998321933774521053e-01
1.001402629235011776e+00
1.001476974804195175e+00
1.001114396869940970e+00
1.001542180084799671e+00
1.001581054189485398e+00
1.001090491907440150e+00
1.001122077172943658e+00
1.000971069620163467e+00
1.001258997230661807e+00
1.001434973233591430e+00
1.000848043993127545e+00
1.002041700979835692e+00
1.001377790728194217e+00
1.001169880477134955e+00
1.000860247961726124e+00
1.000978181694604174e+00
1.000378654106081289e+00
1.000659253081383149e+00
1.000693198176136667e+00
1.000440647773894964e+00
1.000243287054345842e+00
1.000526463716263859e+00
1.000304819061781147e+00
9.995509845199861410e-01
1.001141992405879089e+00
1.000238046353662202e+00
1.000016643684429329e+00
1.001098767507686560e+00
9.999730714350779648e-01
1.000262575865537462e+00
1.001098334528235601e+00
1.000728295627665965e+00
1.000944068221842009e+00
1.000563406405807321e+00
1.000853063703760926e+00
1.000695562561612517e+00
1.000551833375084021e+00
1.000289773755611789e+00
1.000516697505858366e+00
1.000584688871587691e+00
1.000684539430145348e+00
1.000665622175595182e+00
1.000938395969564798e+00
1.000375983201931440e+00
1.000903972413456078e+00
1.000636055725126594e+00
1.000333043295020152e+00
1.000028609295010362e+00
1.000764735357319246e+00
1.000590412515281136e+00
1.000757634224075376e+00
1.000138896542428490e+00
1.001031000776623658e+00
1.000159655476242193e+00
1.000120434628742006e+00
1.000427355184616784e+00
1.000257686020363357e+00
1.000117318577006698e+00
9.999542899906985749e-01
9.997043666614209290e-01
1.000534688776538284e+00
1.000607724134285226e+00
1.000609317507246354e+00
1.000173029306742123e+00
1.000749201666061072e+00
1.000154277943781977e+00
9.999200285081920603e-01
1.000734129055975030e+00
9.999198581763241167e-01
1.000763068525473587e+00
1.000030419684711402e+00
1.000057971397820822e+00
1.001000031702817594e+00
1.000424829198186760e+00
1.000348097517188339e+00
1.000143648705155375e+00
1.000593324607422563e+00
9.998899015887278141e-01
1.000377449680338371e+00
1.000461699997697407e+00
1.000547948748789162e+00
1.000117730797370985e+00
9.998763072668711560e-01
1.000629009070160169e+00
1.000288981108897302e+00
1.000341382626918740e+00
9.999688237932035095e-01
1.000007976583418001e+00
1.000248421075209837e+00
1.000491101322995569e+00
1.000503180560272209e+00
1.000410557576639770e+00
1.000172488092838874e+00
1.000358492982340808e+00
1.000498004031689314e+00
9.999715265631262673e-01
1.000122622465683397e+00
9.997348870884894545e-01
1.000373556451700008e+00
9.999277310837533239e-01
1.000035964111230413e+00
9.999428208430927167e-01
1.000511887110654419e+00
9.997002310849931739e-01
1.000429161329457584e+00
1.000758178957087408e+00
9.998674431267989826e-01
1.000094475268788585e+00
1.000260106928058335e+00
9.998544478234351329e-01
1.000580069397529304e+00
1.000166087990472796e+00
9.999803773310329547e-01
9.997168936729828870e-01
9.998953401076815517e-01
9.999218141866045295e-01
1.000436658077036522e+00
1.000232612446082969e+00
1.000192220675214072e+00
1.000486186635034525e+00
1.000161216305253120e+00
9.999336340020082980e-01
9.996700638621078827e-01
9.999541582127482453e-01
9.999036442180345707e-01
9.992038548184142277e-01
9.999301536772399190e-01
9.995328078848231268e-01
1.000245884216155234e+00
1.000434433580926541e+00
1.000618897988955647e+00
1.000109049580931941e+00
9.999096585775031354e-01
9.999013359103706700e-01
1.000419375124790511e+00
1.000452545013450489e+00
9.998693344851256048e-01
1.000331620736149674e+00
9.998211509422835208e-01
1.000075147007633669e+00
1.000078505996077283e+00
9.997859389962142629e-01
1.000698602139016069e+00
1.000296063025519100e+00
1.000062698639644587e+00
9.997265622092357251e-01
9.998991400657785134e-01
1.000410411522065557e+00
9.998852683687539100e-01
1.000380694747039279e+00
1.000094943872920528e+00
1.000245084796491657e+00
1.000526774035798372e+00
1.000314823586941015e+00
1.000324917020288584e+00
1.000032887785267555e+00
1.000054854782227221e+00
9.996714764375652651e-01
1.000293987338503277e+00
1.000354971497363632e+00
1.000138934642983646e+00
1.000015153632926035e+00
1.000001202295326852e+00
9.999323407312052936e-01
1.000150516752213559e+00
1.000674148079731429e+00
1.000376163619150160e+00
1.000179198729873820e+00
9.998845359028554203e-01
1.000034984070236055e+00
1.000202198616425342e+00
1.000342281184349869e+00
1.000027932554658827e+00
1.000425986042903892e+00
1.000264693591309983e+00
1.000277914208724361e+00
1.000108076825890979e+00
1.000291754726975846e+00
9.999542465461328522e-01
1.000126649271004364e+00
9.997014088636436702e-01
1.000386508701739618e+00
9.997797621167393567e-01
9.999129685138299362e-01
1.000553957127359173e+00
1.000216409238159798e+00
1.000085031725432172e+00
1.000365653083062689e+00
1.000140109215472917e+00
1.000449634480102601e+00
1.000367239964075061e+00
9.997920598078421373e-01
1.000092442156527373e+00
1.000224021910109951e+00
1.000140437273864702e+00
1.000326544115803795e+00
1.000269118018258352e+00
1.000456684089535253e+00
9.999708581015245290e-01
1.000451960493308423e+00
1.000247709998248746e+00
1.000240694562618105e+00
1.000036515680990057e+00
9.999498908564029565e-01
1.000118873243154294e+00
1.000380024141253266e+00
1.000202192994119388e+00
1.000391057228602554e+00
1.000159103169316221e+00
1.000507353222421347e+00
9.998054855052561640e-01
1.000181803120908208e+00
1.000555313166618943e+00
1.000054334339986806e+00
9.997024717414679795e-01
1.000521054065635740e+00
1.000237679312654615e+00
1.000253954420607050e+00
1.000257649303222474e+00
1.000391013704912568e+00
9.989360437150799354e-01
9.919907490074878487e-01
9.832297232557425382e-01
9.750426945503678500e-01
9.662782141079975240e-01
9.578994492115737724e-01
9.500851899935965905e-01
9.419811061519959283e-01
9.335332096200750218e-01
9.250586298282942321e-01
9.172352627364026567e-01
9.090638746075746512e-01
9.011054125532053094e-01
8.931055203468462045e-01
8.851890927126648823e-01
8.774324732398823823e-01
8.692544037472677010e-01
8.615333890202719891e-01
8.539806942587078176e-01
8.460796475853875620e-01
8.383844273475923314e-01
8.310404400799495939e-01
8.233988346352100196e-01
8.158044741024961244e-01
8.082233540732016719e-01
8.007653483871257638e-01
7.936802434756712321e-01
7.861188073193804415e-01
7.788490285184765938e-01
7.714019258842188531e-01
7.639365059168751193e-01
7.567256862272518925e-01
7.498571770186488461e-01
7.425117418166581329e-01
7.353703670078028942e-01
7.281174944587045506e-01
7.213566024251626407e-01
7.145243217715934181e-01
7.075302212587347706e-01
7.004404942570249260e-01
6.937155497821324568e-01
6.863850390402360668e-01
6.798880906984614558e-01
6.729768230839416887e-01
6.662164833902856076e-01
6.594861782601784128e-01
6.527562825711505923e-01
6.460821609140016131e-01
6.398584884840081699e-01
6.329869321346032196e-01
6.264081135413666068e-01
6.198952683668959018e-01
6.133693337960295366e-01
6.067630108413715195e-01
6.005085441675532820e-01
5.941124090082234854e-01
5.878004832043849381e-01
5.812042398950908462e-01
5.750918556190248720e-01
5.690230386243748661e-01
5.627440920654648293e-01
5.563309731740646580e-01
5.502456284966399380e-01
5.438087797817776625e-01
5.381294256105929597e-01
5.317237039814524113e-01
5.256047458334491829e-01
5.194426691431770493e-01
5.138153041482452776e-01
5.076848120836326972e-01
5.017833790158111595e-01
4.956745833199365237e-01
4.899363476244047444e-01
4.842579879682619715e-01
4.783366456525720567e-01
4.727085027330654721e-01
4.667684938049606047e-01
4.610204027381607506e-01
4.551079313752310340e-01
4.494958298930714080e-01
4.439510039804048791e-01
4.382873865938498592e-01
4.326029855360840060e-01
4.267736784153318697e-01
4.213489887153349378e-01
4.159746781653379522e-01
4.101494920285153611e-01
4.048877368431091917e-01
3.992529631132187840e-01
3.938680232807854065e-01
3.884376010720373418e-01
3.830145602874366340e-01
3.774669680426600560e-01
3.724452908240796778e-01
3.669272277000075744e-01
3.616504348004211944e-01
3.562377545632784970e-01
3.511509359197714786e-01
3.459043540234774117e-01
3.406699802536233279e-01
3.354147386164775813e-01
3.304309507288190062e-01
3.251510301531054803e-01
3.202277740269940942e-01
3.149763786063280446e-01
3.098284841675511547e-01
3.046949371815866892e-01
2.998393264803191904e-01
2.949653799186481296e-01
2.897201830768788566e-01
2.848564752094862595e-01
2.800771069971045857e-01
2.750630078828890102e-01
2.700571388576343268e-01
2.651840127665714419e-01
2.602662020482748306e-01
2.556967755562115086e-01
2.507102162016575653e-01
2.459573020223182749e-01
2.411167927576376158e-01
2.362689033182988618e-01
2.316450185658150418e-01
2.268982181778139429e-01
2.221977895079480236e-01
2.175402739363225257e-01
2.129386068767972762e-01
2.081559136056673476e-01
2.038021947740248918e-01
1.989750193346201401e-01
1.945186358848356167e-01
1.899066776655841948e-01
1.855044943316141726e-01
1.808986154692185933e-01
1.762925737033009255e-01
1.718847358166747386e-01
1.674039715694588260e-01
1.629684484899611430e-01
1.585934069874239405e-01
1.541272809547458156e-01
1.497152755681624425e-01
1.454087592758067371e-01
1.409905686805390246e-01
1.366929929177498337e-01
1.323886451188031332e-01
1.280949366768277808e-01
1.238656055309017290e-01
1.196939130119169664e-01
1.158383748522200107e-01
1.122622793846574929e-01
1.088056160265898215e-01
1.055869594216398144e-01
1.024899114431225833e-01
9.940622118669936724e-02
9.649563411172358551e-02
9.372153279804885939e-02
9.093165797376115411e-02
8.835439024839288058e-02
8.572159167128978741e-02
8.312939564848403906e-02
8.074696294660904661e-02
7.845502970146903121e-02
7.603843821370162570e-02
7.386130848147420824e-02
7.170599238877020665e-02
6.958980124593525107e-02
6.745630284189936543e-02
6.553686436073134780e-02
6.346256518231954691e-02
6.158834116162675149e-02
5.976483453997241679e-02
5.794798498422284311e-02
5.615722189780344986e-02
5.446278503104617918e-02
5.278443790384434314e-02
5.108283415012215833e-02
4.953295754744599377e-02
4.792722407560384701e-02
4.634866937674523429e-02
4.489167546966493783e-02
4.345229242394887254e-02
4.208370856674692462e-02
4.070197564991735739e-02
3.935163095699376057e-02
3.803960540658391648e-02
3.670897226829097915e-02
3.545889682188601427e-02
3.426800889545145168e-02
3.303355884505629336e-02
3.197565276648291904e-02
3.075057643726576348e-02
2.970301987862622797e-02
2.862785874970232361e-02
2.756903311054260258e-02
2.657296331057094202e-02
2.558806139034584121e-02
2.464710217861389510e-02
2.367324772381213319e-02
2.275752875574985068e-02
2.185032681157968518e-02
2.098291886551797991e-02
2.014061707536932491e-02
1.930981804015361597e-02
1.853677232869962999e-02
1.775503812335509773e-02
1.701796576145698722e-02
1.626625352749938580e-02
1.554873397935679566e-02
1.484411810723074675e-02
1.419430367072392618e-02
1.354636256445947151e-02
1.290502036117836815e-02
1.229656576435903849e-02
1.171378094753092007e-02
1.112873230981031164e-02
1.056595747964392262e-02
1.001128162368772681e-02
9.496789239043059924e-03
9.002352637680495137e-03
8.498331442870592223e-03
8.037700053652847842e-03
7.571586771846723629e-03
7.138394536288676824e-03
6.694719866409718292e-03
6.296765476505245158e-03
5.901520104441913828e-03
5.517422175661541861e-03
5.158684502517715993e-03
4.788148187066712698e-03
4.457984926980939830e-03
4.133564642395221381e-03
3.831725963997275469e-03
3.526115703592068093e-03
3.254246549871366891e-03
2.980902006036909371e-03
2.736601106424869315e-03
2.490207707310926333e-03
2.262511230136627239e-03
2.044275533197394568e-03
1.833254480657103185e-03
1.631082420329406759e-03
1.454346573093069986e-03
1.285802858288202614e-03
1.126234786880254794e-03
9.844626157556168183e-04
8.428704644539954582e-04
7.184191977993979348e-04
6.007315597642402414e-04
4.977344733837923453e-04
4.039593513316175658e-04
3.207688100606900512e-04
2.478003139132619811e-04
1.815771448573392447e-04
1.312428467914162039e-04
8.678353099743498595e-05
5.138278359853581397e-05
2.525700948666544652e-05
8.847634063933663458e-06
1.377113155363963160e-06
5.037057006662941499e-08
0.000000000000000000e+00
0.000000000000000000e+00
0.000000000000000000e+00
0.000000000000000000e+00
0.000000000000000000e+00
0.000000000000000000e+00
0.000000000000000000e+00
0.000000000000000000e+00
0.000000000000000000e+00
0.000000000000000000e+00
0.000000000000000000e+00
0.000000000000000000e+00
0.000000000000000000e+00
0.000000000000000000e+00
0.000000000000000000e+00
0.000000000000000000e+00
0.000000000000000000e+00
0.000000000000000000e+00
0.000000000000000000e+00
0.000000000000000000e+00
0.000000000000000000e+00
0.000000000000000000e+00
0.000000000000000000e+00
0.000000000000000000e+00
0.000000000000000000e+00
0.000000000000000000e+00
0.000000000000000000e+00
0.000000000000000000e+00
0.000000000000000000e+00
0.000000000000000000e+00
0.000000000000000000e+00
0.000000000000000000e+00
0.000000000000000000e+00
0.000000000000000000e+00
0.000000000000000000e+00
0.000000000000000000e+00
0.000000000000000000e+00
0.000000000000000000e+00
0.000000000000000000e+00
0.000000000000000000e+00
