0.000000000000000000e+00
0.000000000000000000e+00
0.000000000000000000e+00
0.000000000000000000e+00
0.000000000000000000e+00
0.000000000000000000e+00
0.000000000000000000e+00
0.000000000000000000e+00
0.000000000000000000e+00
0.000000000000000000e+00
0.000000000000000000e+00
0.000000000000000000e+00
0.000000000000000000e+00
0.000000000000000000e+00
0.000000000000000000e+00
0.000000000000000000e+00
0.000000000000000000e+00
0.000000000000000000e+00
0.000000000000000000e+00
0.000000000000000000e+00
0.000000000000000000e+00
0.000000000000000000e+00
0.000000000000000000e+00
0.000000000000000000e+00
0.000000000000000000e+00
0.000000000000000000e+00
4.662392070932657329e-05
1.954464892987352407e-03
2.672583767731134125e-02
1.862824377736866377e-01
7.102430321239839861e-01
1.495309182448317342e+00
2.020703366083703045e+00
2.084642442225584258e+00
1.888550216510107793e+00
1.629412904260636008e+00
1.408351707368505457e+00
1.245658594263176377e+00
1.147344422518323581e+00
1.059310568291560006e+00
9.812138745651961536e-01
9.192994641355214380e-01
8.988779767372784280e-01
8.935849809863812832e-01
9.031427154761996201e-01
9.196375663723308502e-01
9.381163796352041118e-01
9.573709592037572547e-01
9.661526647956329983e-01
9.749071524387473708e-01
9.831932533476278602e-01
9.885336854881385804e-01
9.929800359551326228e-01
9.942376204052280064e-01
9.951367517181499700e-01
9.905226526218959826e-01
9.870317313487574351e-01
9.779021884541800880e-01
9.701405970153162972e-01
9.641158589412186508e-01
9.597197168069661055e-01
9.536317819284170216e-01
9.552540343457129879e-01
9.590629636910695810e-01
9.658832374396507658e-01
9.738504333185741269e-01
9.888323257860106574e-01
9.987827526431042324e-01
1.007694042746934082e+00
1.017136247851710973e+00
1.023666473261998000e+00
1.029324383802799003e+00
1.032357806853250182e+00
1.034100656274400398e+00
1.032034250031818035e+00
1.028515637104583158e+00
1.024963792378768002e+00
1.021829500813673297e+00
1.016376738364903387e+00
1.009338201975922056e+00
1.005372605922595142e+00
9.986647114326159258e-01
9.947867369037989294e-01
9.912658687312376760e-01
9.893734098509954222e-01
9.866021935999361725e-01
9.849918373207748878e-01
9.864339723081513300e-01
9.870288121561763273e-01
9.888657886092090399e-01
9.922783694984157465e-01
9.931373434608042894e-01
9.955261481516045619e-01
9.972259881272109716e-01
9.987973572827941737e-01
9.991490207182266436e-01
1.000614922659394779e+00
1.001347734032560499e+00
1.002357195484086638e+00
1.001387074568045987e+00
1.002334104753448418e+00
1.002082438290318178e+00
1.002702752931859509e+00
1.002955786745231226e+00
1.003055808577776542e+00
1.003517368260157250e+00
1.001544890052253889e+00
1.002671686350820712e+00
1.001661342099788854e+00
1.001188023013208639e+00
1.001179523122265769e+00
1.001761679117390225e+00
1.000428211271400913e+00
1.001270805804503228e+00
1.001472258760703449e+00
9.987260939318434172e-01
9.996700085522955970e-01
9.993957017212357075e-01
9.974621635186071700e-01
9.985251402431533085e-01
9.982670739030133911e-01
9.983296273220222394e-01
9.987879776485224514e-01
9.977502219183785881e-01
9.985434640745798340e-01
9.982168882544234512e-01
9.985238662159515721e-01
9.983234895604728987e-01
9.987506275242759024e-01
9.982759665758406120e-01
9.990966415964324110e-01
9.998670727423337734e-01
9.997965491950120409e-01
9.996938823029212218e-01
9.993901148860303563e-01
9.997262794876087266e-01
1.000593354099117649e+00
9.994827472893348386e-01
1.000635775008394956e+00
9.994372891125846703e-01
1.000169581899693183e+00
1.000020229457862175e+00
9.996751844900670925e-01
1.000389118835969482e+00
9.997249425640803988e-01
1.000161100371508516e+00
9.990696033478885241e-01
9.996615837979988539e-01
9.998068089491314314e-01
1.000299703557965492e+00
9.992971940954792354e-01
9.998448234014418734e-01
9.992363794382091990e-01
9.992749844550895544e-01
9.996006313859919779e-01
9.999805652815488832e-01
9.985416366453040427e-01
9.995881008946113644e-01
9.988391102571914093e-01
9.993988697661930765e-01
9.997099129822526464e-01
9.993402947780023471e-01
9.993871227706683236e-01
9.994390633254056633e-01
1.000020927861346554e+00
9.999516822976139974e-01
9.999540308915297881e-01
9.991023943542562957e-01
1.000670070604199546e+00
9.999428185043888195e-01
9.997868068212133474e-01
9.999273053499202479e-01
9.996131408116099015e-01
9.996330831519081306e-01
9.995468182225956122e-01
1.000046583594081717e+00
9.998972600595930071e-01
9.996434155023219414e-01
9.995528521696265267e-01
9.994776022706318708e-01
1.000323892081495636e+00
9.997234061896823620e-01
9.999091373359424439e-01
9.999375379841227707e-01
9.998624632129582412e-01
9.994197050158795115e-01
1.000332614288964361e+00
9.994172315236782289e-01
9.994658729827622379e-01
9.999327822855519354e-01
1.000427384179092494e+00
1.000167940367394648e+00
9.998689678007507409e-01
9.996031945549366249e-01
9.998757689978626795e-01
9.996012651622262490e-01
1.000136599376184154e+00
9.996879826138058700e-01
1.000353853769513579e+00
9.995109617267727842e-01
1.000281763794915069e+00
9.996883459113423687e-01
1.000128231021711889e+00
9.998889151281130649e-01
1.000144139794200138e+00
9.999436234347726105e-01
9.998442211872115015e-01
9.998815052347777010e-01
1.000163046313720105e+00
9.998584056340550363e-01
1.000272720672797933e+00
1.000390852112557960e+00
1.000322506744494078e+00
1.000494690237832884e+00
9.996485145935796179e-01
1.000545452119339762e+00
9.999240032131855305e-01
1.000900605095344620e+00
9.999455175189376765e-01
1.000416124409169161e+00
1.000036872934297438e+00
1.000500005196975017e+00
1.000393686560364870e+00
1.000680550704988736e+00
1.000834442428417459e+00
9.999822458104407064e-01
1.000691276205591951e+00
1.000424509104460125e+00
9.999546470199625059e-01
9.999312848883564753e-01
1.000330463903437606e+00
1.000686840955916201e+00
1.000747484550724264e+00
1.000453873502394231e+00
1.000437575652066480e+00
1.000663653490962757e+00
1.000597646724602718e+00
1.001061294524479006e+00
1.000523179388196793e+00
1.000518014308982240e+00
1.000631923709467630e+00
1.000798110096415394e+00
1.000028794804226573e+00
1.000340353683560224e+00
1.000651556131761710e+00
1.000561571557452734e+00
1.000188204904724154e+00
1.000612416157883988e+00
1.000756675782981553e+00
1.000486084518317442e+00
1.000345056891573714e+00
1.000060739723553249e+00
1.000842560954072757e+00
1.000795203804684785e+00
1.000725124167291424e+00
1.001128310332321636e+00
1.000637387586724047e+00
1.001327396940838055e+00
1.000769345127963339e+00
1.000870221663839210e+00
1.000807495758879062e+00
1.000597902780843151e+00
1.000607458018720308e+00
1.000198961438591327e+00
1.000599431574346276e+00
1.000573828266420273e+00
9.999512203939111554e-01
1.000276822540585364e+00
1.000125164155061031e+00
1.000614309902307930e+00
1.000675844338922760e+00
1.000978149797596251e+00
1.000566500421808502e+00
1.000871036348674803e+00
1.000520718412256427e+00
1.000606048176717389e+00
1.000673333734792170e+00
1.000736504546195116e+00
1.000864881981087917e+00
1.000742568244679553e+00
1.001032418385124245e+00
1.000624465798066742e+00
1.000607974157593283e+00
1.000364616875853097e+00
1.000539075710339176e+00
1.000432193368936851e+00
1.000658727898205758e+00
1.000777940392697074e+00
1.000544467032135731e+00
1.000342017359641567e+00
1.000926671907565124e+00
1.000248414710295686e+00
1.000807676675124158e+00
1.000546298982811333e+00
1.000636685857837938e+00
1.000642130277839881e+00
1.000394385044890422e+00
1.000828147603189722e+00
1.000167521011358751e+00
1.000577496150935497e+00
1.000273155100395828e+00
1.000841467827831899e+00
1.000438861474471475e+00
1.000187107759602956e+00
1.000348945790169530e+00
1.001252653066601050e+00
1.000883921015583322e+00
1.000752098706789717e+00
1.000058161556624192e+00
1.000470022221153332e+00
1.000530214830350983e+00
1.000194518720627146e+00
1.001040507037935345e+00
1.000533599348309766e+00
1.000702349151488146e+00
1.000348688237747918e+00
1.000053714774394642e+00
1.000672935233968719e+00
1.000529752291070329e+00
1.000388550364182949e+00
1.000020277710308880e+00
1.000558803880779557e+00
1.000451642600831414e+00
1.000348406798369894e+00
1.000234014568354146e+00
1.000364627013600405e+00
9.999610606393670720e-01
1.000384737227791643e+00
1.000798081518827765e+00
1.000368349672884793e+00
1.000709807653057171e+00
1.000458316862056884e+00
1.000708169914281465e+00
9.999010358278112021e-01
1.000499730562699918e+00
1.000647672933749233e+00
1.000377520139537957e+00
1.000660845396993404e+00
1.000515964084158327e+00
1.000374133818081601e+00
1.000354172929397878e+00
1.000701841674481063e+00
1.000333846717023523e+00
1.000371672619227992e+00
1.000184399887446451e+00
1.000424772532724438e+00
1.000209878269521901e+00
1.000306599028976562e+00
1.000457227268855442e+00
1.000445301266222220e+00
1.000273401970073195e+00
9.989655629919974578e-01
9.913829863574525891e-01
9.834081178425319036e-01
9.748490627175262491e-01
9.663119084661495606e-01
9.583236988714726179e-01
9.499723769690395780e-01
9.415316172280093765e-01
9.333268143952941909e-01
9.257095639708192714e-01
9.173721038045542508e-01
9.090749056354983093e-01
9.008141086587215796e-01
8.932302651776274915e-01
8.851514497375319035e-01
8.773520253776792011e-01
8.697081598588911611e-01
8.618250511864793406e-01
8.541682313852192454e-01
8.461657215358568962e-01
8.387398164122044086e-01
8.311987915425332885e-01
8.233547480411779196e-01
8.160405738728819802e-01
8.084668017497923520e-01
8.009088749470277824e-01
7.933477560179041932e-01
7.860003661918829598e-01
7.784797196557562415e-01
7.711696615849834568e-01
7.640868648870068336e-01
7.571828904929264192e-01
7.496464124242424587e-01
7.425396893455211700e-01
7.358466187657656254e-01
7.282391655946011122e-01
7.212803591088503552e-01
7.141095681713346410e-01
7.072860003199170631e-01
7.006696617218071133e-01
6.935810713300817332e-01
6.868743360147466781e-01
6.800779115702357824e-01
6.732507996070674627e-01
6.662132121316615141e-01
6.596281215939804321e-01
6.529688557145369998e-01
6.463612664709477151e-01
6.395597070385750094e-01
6.328687671421149297e-01
6.263836532133962853e-01
6.198036452483193237e-01
6.133052261241669356e-01
6.068278179030534014e-01
6.004201947098823933e-01
5.938503023922353519e-01
5.877811659421349200e-01
5.813477533844920719e-01
5.752635919524875519e-01
5.688257462968788758e-01
5.626481504645157727e-01
5.561277881244176546e-01
5.500729992409686409e-01
5.440004212254420102e-01
5.378672210173832680e-01
5.319236778973130964e-01
5.258536853114049725e-01
5.196713302159443604e-01
5.135055671040159586e-01
5.077121741099416274e-01
5.017779396320050100e-01
4.956433934763381233e-01
4.898773213814429095e-01
4.839851011091004240e-01
4.780809655051991847e-01
4.723507196986141965e-01
4.668083992346901412e-01
4.607961868151400076e-01
4.551207351066450801e-01
4.493273259552903465e-01
4.437142712275238821e-01
4.380683888740359300e-01
4.324973763441378738e-01
4.266844302656258026e-01
4.212353458820247698e-01
4.156239996624597199e-01
4.100780957382801351e-01
4.046547435337782272e-01
3.990168570256246161e-01
3.937219837019927948e-01
3.883859532716696927e-01
3.827611902713075609e-01
3.775873673879781012e-01
3.721133935160815254e-01
3.668673519690582863e-01
3.615070047001468501e-01
3.561349304298235263e-01
3.509858397081472847e-01
3.457702238107040471e-01
3.405641696467732182e-01
3.354184410715878029e-01
3.302384931569452564e-01
3.250908452951892236e-01
3.200856425257315729e-01
3.148538335819441314e-01
3.098028885386817088e-01
3.048548672017830086e-01
2.998722061451575827e-01
2.946758604780648771e-01
2.898083925360374624e-01
2.846957789568141939e-01
2.798242022478512614e-01
2.749264727945247566e-01
2.700609522086337422e-01
2.650986963012569864e-01
2.602410775902819218e-01
2.554566686551108523e-01
2.505993143545021118e-01
2.458702403622381460e-01
2.411914262730436020e-01
2.362045808483582698e-01
2.314802277661557883e-01
2.269272327323988703e-01
2.221932580367217691e-01
2.175429054991454558e-01
2.128245176531993466e-01
2.081705828016823523e-01
2.036475127081210645e-01
1.990904969164871141e-01
1.945368911722637761e-01
1.899363682694728273e-01
1.852498228287719206e-01
1.808108160066541625e-01
1.762700944048861129e-01
1.718651359340246654e-01
1.673682166577029895e-01
1.629088761869850743e-01
1.585878596843796895e-01
1.540608963084885152e-01
1.496475988912606969e-01
1.453224880461168322e-01
1.409791825853939640e-01
1.366479551453568253e-01
1.323105921323692036e-01
1.281092766682967732e-01
1.236877827383845302e-01
1.195269091464395000e-01
1.158426708789900422e-01
1.122591140454903130e-01
1.087754946141950008e-01
1.055778936063085094e-01
1.024007835161238333e-01
9.937111527587827453e-02
9.647322526946701393e-02
9.370327878380360631e-02
9.094575414255989809e-02
8.824548566029861985e-02
8.572231488545485611e-02
8.320080998624894419e-02
8.071757347043032049e-02
7.836107730455980913e-02
7.606392729357280835e-02
7.383957049161192498e-02
7.164835039292259677e-02
6.951300996737473648e-02
6.744445314981263595e-02
6.546267079785389464e-02
6.345169001787094587e-02
6.154958799724467161e-02
5.966840687453906639e-02
5.787387829834785002e-02
5.612479965604705995e-02
5.440443966410334065e-02
5.273886517485061598e-02
5.106730150350102110e-02
4.944284202027329073e-02
4.784676372334267097e-02
4.633989319292522446e-02
4.487482078545666775e-02
4.343463393600446865e-02
4.197473674213225009e-02
4.057917169333014051e-02
3.929936395976437596e-02
3.796868220436534769e-02
3.663627030288337666e-02
3.537529435956100754e-02
3.422658227362022909e-02
3.307918202828992460e-02
3.189112255845226451e-02
3.075112393517686130e-02
2.966089597224625188e-02
2.860155349249294057e-02
2.748436370691589858e-02
2.653398836315952122e-02
2.551914575772543103e-02
2.456763563713421084e-02
2.366317910751595047e-02
2.274103269938761510e-02
2.185051825267008904e-02
2.099197333023880910e-02
2.009224260738662685e-02
1.929886007555584385e-02
1.850731852090096996e-02
1.775589259951454793e-02
1.697941843964292583e-02
1.624180309592691135e-02
1.551388133898373538e-02
1.483614548992945661e-02
1.416146286763820747e-02
1.351371265050981506e-02
1.289546890230116281e-02
1.226671808020169188e-02
1.167612607179396682e-02
1.111548973032879840e-02
1.054129110073967306e-02
1.000739868655531849e-02
9.491551511631071691e-03
8.975592313337504499e-03
8.468012749946147305e-03
8.001403748753386364e-03
7.557828350276756327e-03
7.119398707164699934e-03
6.691857828935254479e-03
6.298868845593091209e-03
5.881944459192919861e-03
5.517262414819160132e-03
5.143553072512923978e-03
4.785420073473578215e-03
4.448698804060430279e-03
4.144640986032052665e-03
3.828466528539502516e-03
3.537212651550383172e-03
3.252616356302919301e-03
2.984870208243613036e-03
2.732483015519783769e-03
2.487387640469082475e-03
2.252184022105564298e-03
2.044321319317251445e-03
1.835054946087645534e-03
1.635054814703217800e-03
1.457026073080799162e-03
1.294020552223715866e-03
1.131347452628063280e-03
9.805742790336899328e-04
8.417290912243134129e-04
7.200586072171689988e-04
6.041764808615439396e-04
4.984539310610426556e-04
4.016458939657606376e-04
3.226551620127904784e-04
2.455446651213991386e-04
1.811733276251222848e-04
1.287736733595406472e-04
8.519407320746728060e-05
5.090946514944713418e-05
2.545988260122563672e-05
8.847423015987720396e-06
1.377080306254170915e-06
3.777702641030537659e-08
0.000000000000000000e+00
0.000000000000000000e+00
0.000000000000000000e+00
0.000000000000000000e+00
0.000000000000000000e+00
0.000000000000000000e+00
0.000000000000000000e+00
0.000000000000000000e+00
0.000000000000000000e+00
0.000000000000000000e+00
0.000000000000000000e+00
0.000000000000000000e+00
0.000000000000000000e+00
0.000000000000000000e+00
0.000000000000000000e+00
0.000000000000000000e+00
0.000000000000000000e+00
0.000000000000000000e+00
0.000000000000000000e+00
0.000000000000000000e+00
0.000000000000000000e+00
0.000000000000000000e+00
0.000000000000000000e+00
0.000000000000000000e+00
0.000000000000000000e+00
0.000000000000000000e+00
0.000000000000000000e+00
0.000000000000000000e+00
0.000000000000000000e+00
0.000000000000000000e+00
0.000000000000000000e+00
0.000000000000000000e+00
0.000000000000000000e+00
0.000000000000000000e+00
0.000000000000000000e+00
0.000000000000000000e+00
0.000000000000000000e+00
0.000000000000000000e+00
0.000000000000000000e+00
0.000000000000000000e+00
