0.000000000000000000e+00
0.000000000000000000e+00
0.000000000000000000e+00
0.000000000000000000e+00
0.000000000000000000e+00
0.000000000000000000e+00
0.000000000000000000e+00
0.000000000000000000e+00
0.000000000000000000e+00
0.000000000000000000e+00
0.000000000000000000e+00
0.000000000000000000e+00
0.000000000000000000e+00
0.000000000000000000e+00
0.000000000000000000e+00
0.000000000000000000e+00
0.000000000000000000e+00
0.000000000000000000e+00
0.000000000000000000e+00
0.000000000000000000e+00
0.000000000000000000e+00
0.000000000000000000e+00
0.000000000000000000e+00
0.000000000000000000e+00
0.000000000000000000e+00
0.000000000000000000e+00
2.664399700959850907e-05
1.837070714485404327e-03
2.690037031566239537e-02
1.847520289452345421e-01
7.126683719474050660e-01
1.495846210594018011e+00
2.018139485272912648e+00
2.082387274754221806e+00
1.885184721461893309e+00
1.626153635566971012e+00
1.401966188413241277e+00
1.249905568195047723e+00
1.147095002592111834e+00
1.061802983575532489e+00
9.800835781463768104e-01
9.231329104217477211e-01
8.984606989608048266e-01
8.933398161757846179e-01
9.035070056718939036e-01
9.199670999879256961e-01
9.360904399994204317e-01
9.529120345934264380e-01
9.683284362494856135e-01
9.749065173368609560e-01
9.817979238650875740e-01
9.887399682301428738e-01
9.915349358833148719e-01
9.950958650184537069e-01
9.956417860054423974e-01
9.897313884494443048e-01
9.866557054333739973e-01
9.787958155650102743e-01
9.735495475278903577e-01
9.621920211820178537e-01
9.600283876732199628e-01
9.548622598639003867e-01
9.540463589416984247e-01
9.590322228737686583e-01
9.674211238618702913e-01
9.753845210389531228e-01
9.881252793943474666e-01
9.977581907497742320e-01
1.008749504021707377e+00
1.018791672471465182e+00
1.023829031252712074e+00
1.028791036597051178e+00
1.031763698473918911e+00
1.032127753723227626e+00
1.031990192716285781e+00
1.030337278024367809e+00
1.026898724483879644e+00
1.022195964920840305e+00
1.015800736504569146e+00
1.011572024395171354e+00
1.005438893208674189e+00
1.001020962783931267e+00
9.935003351978264341e-01
9.916465828491991541e-01
9.901193798419289926e-01
9.862557559738951429e-01
9.859264873966923082e-01
9.864849572449577719e-01
9.887490044265307976e-01
9.901959875616556106e-01
9.917514687389846761e-01
9.935520577604678438e-01
9.976968036791522554e-01
9.983218540573518540e-01
9.992613444203843898e-01
1.001147679558288761e+00
1.001882064187971988e+00
1.002240514904210844e+00
1.001938696087701253e+00
1.002056524696809836e+00
1.002564619526882472e+00
1.003407715090836261e+00
1.003625579555435188e+00
1.003247696586909932e+00
1.003898199099762634e+00
1.002982903634980882e+00
1.002633409590137470e+00
1.002773419769934726e+00
1.001974563081323932e+00
1.003123718426750299e+00
1.001842845974672214e+00
1.001855574254848502e+00
1.002222592482231889e+00
1.000901766857855035e+00
1.000782509768008310e+00
1.000246580335037994e+00
1.000137483203577204e+00
9.992155916323551823e-01
1.000473332608242449e+00
9.986722209349393475e-01
9.998094691469919804e-01
9.987491150560316999e-01
9.996880768913037896e-01
9.984036879520422625e-01
9.989292255896606854e-01
9.983688409746919179e-01
9.991033564643269083e-01
9.994146709459135192e-01
9.993785811815337761e-01
1.000521016644323913e+00
9.998454206380593678e-01
1.000591758263353226e+00
1.000913427787261112e+00
1.001279368470663123e+00
1.000098639938422407e+00
1.001252207505601621e+00
1.001212459718378689e+00
1.001318111876890349e+00
1.000691994667402884e+00
1.002092761507368701e+00
1.001724054028216404e+00
1.001100443617488622e+00
1.000370964302072840e+00
1.000829021862168933e+00
1.001192739268885523e+00
1.001096162390324507e+00
1.000224039811071552e+00
1.000235823008885028e+00
1.000014228454396026e+00
1.000749538587564436e+00
1.000287975226966219e+00
1.000116201053922849e+00
9.994474995956806884e-01
9.997409428701852230e-01
1.000424414457016686e+00
1.000355473446630228e+00
9.996597389116395060e-01
1.000302004164393521e+00
9.998867104036297526e-01
1.000110771367066720e+00
9.999592493897216938e-01
1.000122745073460884e+00
1.000440348312880534e+00
1.000727531209529397e+00
1.001689650378531526e+00
1.000289011792033333e+00
1.001202923209886464e+00
1.000635120387409982e+00
1.000671127943692618e+00
1.000578988398247660e+00
1.000137408132387939e+00
1.000092008098603547e+00
1.000805046224482187e+00
1.001147891269988044e+00
1.000299009652687365e+00
1.000555732766609252e+00
9.999597323585867059e-01
1.000447893209062133e+00
1.000763710482931224e+00
1.000230855555299447e+00
1.000515775774966309e+00
1.000047074724338847e+00
9.995118239295631701e-01
1.000971977872546770e+00
1.000199541155701199e+00
1.000444623291761648e+00
9.998991688541870593e-01
9.999049570196465453e-01
1.000716724700622118e+00
1.000231643759267985e+00
1.000187696212252453e+00
1.000166400652848786e+00
1.000266921178876833e+00
1.000924676292704207e+00
9.998984115396438721e-01
9.999801536105519251e-01
1.000326245042798101e+00
1.000207970676697533e+00
9.998514493072145903e-01
1.000463252637573852e+00
1.000826242063209470e+00
1.000290612212990204e+00
9.998948112972015911e-01
1.000632080157773496e+00
1.000169810863565267e+00
1.000314527861199343e+00
1.000984742260715210e+00
1.000142247054772060e+00
1.000462190160530618e+00
9.998760443795442487e-01
1.000159820838849134e+00
1.000158121876183470e+00
1.000147692311422309e+00
1.000353337682712951e+00
9.995487908998211823e-01
1.000368444429939441e+00
1.000462423132487677e+00
1.000250912469674569e+00
1.000517562146075567e+00
9.999904748037021784e-01
1.000328155338156000e+00
9.997186642535096368e-01
1.000163394827364494e+00
1.000286593247399880e+00
1.000565251542310019e+00
1.000852627609477574e+00
9.998645993558578082e-01
1.000335451733533221e+00
1.000555401397393407e+00
9.996937113972549360e-01
1.000036461423534639e+00
1.000386537377499163e+00
1.000193034212820686e+00
1.000133546252573113e+00
1.000158222619362824e+00
1.000170117293676331e+00
1.000456356540665004e+00
1.000134858615909339e+00
1.000577797237638400e+00
1.000223246801651200e+00
1.000325436820470815e+00
1.000075035011964486e+00
1.000038326419429247e+00
1.000779512297224505e+00
9.995730987768238762e-01
1.000286086985007428e+00
1.000022788010790142e+00
1.000097125638043982e+00
9.999431067411677088e-01
1.000291422220069615e+00
1.000131437977435533e+00
1.000153007100591740e+00
1.000122976517263007e+00
1.000837092777407289e+00
1.000061528416330336e+00
9.999337501745853007e-01
1.000317682719385370e+00
1.000730200732265152e+00
9.999270871867376176e-01
1.000115752303819772e+00
1.000281776303155290e+00
1.000332756248544008e+00
1.000197367024090900e+00
9.998865777101063612e-01
1.000177320613242493e+00
1.000367959349732772e+00
1.000357566443267121e+00
1.000037979535186805e+00
1.000059503750688972e+00
9.999506279453481694e-01
9.998445396456219214e-01
1.000505192359715245e+00
1.000196502177807201e+00
1.000018606538758625e+00
1.000313753349847179e+00
9.999511190034653385e-01
1.000355333794366919e+00
1.000742281532212230e+00
1.000210036758728993e+00
9.999641707390758416e-01
1.000239120269679649e+00
9.998908408157860528e-01
1.000628751329618371e+00
1.000203391592349167e+00
1.000382692909441262e+00
1.000447992157892596e+00
9.999857136556671300e-01
1.000055165121236156e+00
1.000001545286640647e+00
1.000326644110235641e+00
1.000085238192786274e+00
1.000041065865287182e+00
1.000380775196123118e+00
1.000593042925232989e+00
1.000431342247837030e+00
1.000169563443576770e+00
1.000444805364877565e+00
1.000329773524837096e+00
1.000420274857369840e+00
1.000187118744483517e+00
1.000342214618952674e+00
1.000308872932246240e+00
9.998803341895129426e-01
1.000132532179423883e+00
1.000365253734192050e+00
9.999582089727059309e-01
1.000125737568755335e+00
9.998659707688699605e-01
1.000033603204919075e+00
1.000322025454376318e+00
1.000355647997187569e+00
1.000372367496958237e+00
1.000216957867898548e+00
9.998852815653133108e-01
1.000201842684654396e+00
1.000509769153117734e+00
9.999694112445813854e-01
1.000283416043944662e+00
1.000172041064545159e+00
1.000247911806577017e+00
1.000433162358494554e+00
1.000117673952465092e+00
1.000121643366632451e+00
9.999559366403544258e-01
1.000148642622554540e+00
1.000248091304536624e+00
1.000231846236112832e+00
9.999782756481573331e-01
1.000186775084098256e+00
1.000071364121199791e+00
1.000499839323983897e+00
1.000123855999684119e+00
1.000163029824758576e+00
1.000335552294729702e+00
1.000291040395001163e+00
9.997761743681095048e-01
9.999536011076343156e-01
9.998790764550674615e-01
1.000454586602439244e+00
1.000022273719903820e+00
9.998806441429709535e-01
1.000239152547729660e+00
1.000327976900771354e+00
9.999507045789804982e-01
9.996414027629475507e-01
1.000116146089135238e+00
1.000071453168727365e+00
1.000118139025114372e+00
1.000110727308293868e+00
1.000010235498917321e+00
1.000345674466694312e+00
9.989556610670251580e-01
9.916848304530897495e-01
9.829445306453902242e-01
9.745823956664887433e-01
9.661748022343196185e-01
9.580806266457714271e-01
9.497208015513051160e-01
9.412241966021374084e-01
9.335576133383688413e-01
9.254176437409479261e-01
9.168582723490256159e-01
9.090523910121555140e-01
9.010782180185773482e-01
8.930056337495995145e-01
8.852997400735839184e-01
8.772535268590213597e-01
8.699031931486248537e-01
8.616902894703495353e-01
8.538890928085182130e-01
8.462815616696035548e-01
8.385007192693358924e-01
8.309809713296131273e-01
8.236326136634424255e-01
8.156588104593549549e-01
8.082328099806267430e-01
8.007430369282761973e-01
7.931448894197630217e-01
7.862866203580926028e-01
7.786106310497535876e-01
7.713877253185986715e-01
7.643111720133939357e-01
7.568992757467435384e-01
7.496746222170173057e-01
7.425421940385324993e-01
7.356049534528381617e-01
7.285411634117614499e-01
7.215181838416246940e-01
7.144756895506375605e-01
7.073898358726102842e-01
7.006608823515532158e-01
6.935010183747963852e-01
6.867589514891926372e-01
6.797995935994827210e-01
6.727799613503232523e-01
6.664965522935820674e-01
6.596520919879148570e-01
6.527546445671228437e-01
6.460943517808651615e-01
6.398829208321458184e-01
6.328487787815512133e-01
6.264585007968280772e-01
6.199586900853498728e-01
6.134411173999189115e-01
6.068289713094708882e-01
6.004827423726647462e-01
5.943975331418904773e-01
5.877112301853244514e-01
5.814978583873956497e-01
5.751470769522658566e-01
5.689093084437600867e-01
5.625771961278478450e-01
5.564897068156691162e-01
5.504669571420687246e-01
5.441777712701467706e-01
5.380159818085422652e-01
5.318142804409058400e-01
5.255612403323871584e-01
5.198059205701492935e-01
5.138363129767334891e-01
5.077496706793488412e-01
5.017607551956542178e-01
4.959321482708761164e-01
4.900377976911388656e-01
4.841233234049682754e-01
4.783470832484953417e-01
4.726506465004119417e-01
4.667880832364513233e-01
4.611053077719707849e-01
4.551200818805379300e-01
4.495390272211431393e-01
4.439088045470519495e-01
4.381631478784182576e-01
4.326055796694959765e-01
4.270147808738181117e-01
4.212144770306561758e-01
4.158803647110432822e-01
4.101900429184205943e-01
4.048327323354998231e-01
3.993219800183807067e-01
3.938384264586644590e-01
3.883690077811832175e-01
3.831400073817541330e-01
3.776944385521313619e-01
3.724044439349817326e-01
3.670204295703338171e-01
3.620073410961701654e-01
3.563975374293446019e-01
3.512381345542687217e-01
3.459801277072298009e-01
3.407992710881418974e-01
3.356501051029823213e-01
3.305044646005546594e-01
3.253621802441064026e-01
3.202714599110903504e-01
3.151768922935282990e-01
3.100380863149144739e-01
3.048700276051719005e-01
2.999513062161131560e-01
2.949021916641240137e-01
2.899576818592815020e-01
2.848108461255914881e-01
2.798186818268830756e-01
2.751365135952589802e-01
2.701575526664981575e-01
2.654398668465881017e-01
2.604988097523319168e-01
2.555872375156802434e-01
2.508045079433340319e-01
2.459082263633605714e-01
2.412091250739795689e-01
2.364352196695379271e-01
2.318015525017730338e-01
2.270125554300854998e-01
2.223647841031161643e-01
2.177391226498924803e-01
2.130863982816067204e-01
2.083541769313439485e-01
2.036736283087627608e-01
1.990916390426994698e-01
1.946070405520713420e-01
1.900374146472942061e-01
1.855529119495190893e-01
1.809099695350866732e-01
1.764971536041150535e-01
1.720227033123390148e-01
1.674237645856875012e-01
1.631379622079187353e-01
1.585885136702549769e-01
1.542512835120140313e-01
1.498304275132369412e-01
1.454430743746181198e-01
1.410853961460027395e-01
1.367645744343375658e-01
1.323892606833193542e-01
1.281969895940395232e-01
1.238563944663155780e-01
1.196416968239625012e-01
1.158834044015090020e-01
1.123443487210779856e-01
1.089246943854252359e-01
1.056341106211038383e-01
1.025110652492561558e-01
9.943295441708611959e-02
9.657266550904645974e-02
9.372827752081058783e-02
9.093128996256212571e-02
8.831923714866718456e-02
8.574739825527903647e-02
8.323579708351921957e-02
8.077626404288960893e-02
7.840797809065622181e-02
7.608849919060124700e-02
7.389479064674199515e-02
7.167470621384743057e-02
6.957181521911851019e-02
6.750584084756287850e-02
6.547257695155496438e-02
6.359024744595709322e-02
6.165290352136507807e-02
5.976218619701752222e-02
5.793402999659606062e-02
5.615014292790820177e-02
5.439252659674048695e-02
5.277912548732892339e-02
5.110011185254040994e-02
4.950463009809912690e-02
4.794650740014818474e-02
4.638790321952056955e-02
4.490424341601700897e-02
4.349551229876090497e-02
4.208114048339858804e-02
4.060609993297728537e-02
3.929064666165056618e-02
3.805212830363145088e-02
3.672599900159354697e-02
3.546255055358437519e-02
3.425738708313743469e-02
3.308223421373701623e-02
3.190312626707551835e-02
3.077915766697776265e-02
2.969217614024143720e-02
2.867989819584654265e-02
2.758403503056915465e-02
2.655743431970020163e-02
2.559377591408567784e-02
2.459115370505980322e-02
2.368671368948941855e-02
2.271577060362156217e-02
2.184266287509551568e-02
2.095525844090261394e-02
2.013921888791726095e-02
1.934764192262692847e-02
1.853830056098536988e-02
1.776470136147116630e-02
1.700209622008897609e-02
1.625113700156894866e-02
1.554037211823851468e-02
1.483955337422760389e-02
1.417211052303024924e-02
1.355201048480157884e-02
1.289640816951651177e-02
1.231312550001184385e-02
1.171623334347467876e-02
1.108937112003773734e-02
1.056299349457388154e-02
1.001460379750588117e-02
9.484522032317864101e-03
8.977921113720355867e-03
8.491361484306316626e-03
8.007867680481227032e-03
7.557524543256265853e-03
7.117584345109646306e-03
6.707319378923893780e-03
6.290779552220297950e-03
5.878108865260221923e-03
5.518780429204766386e-03
5.141465454657920264e-03
4.800511384517164998e-03
4.457935686136310638e-03
4.119605849680762523e-03
3.830642033551458041e-03
3.540106889986185772e-03
3.241810973310091729e-03
2.975892384651521519e-03
2.727982346330328888e-03
2.493780550811912702e-03
2.262010056718745214e-03
2.044280504240904555e-03
1.838056840396822249e-03
1.641696507364808801e-03
1.458285440836794506e-03
1.286656533272865274e-03
1.126879835679847489e-03
9.838289695226630667e-04
8.476419501420608387e-04
7.175948034732490891e-04
5.998264471452259290e-04
5.023004129305379739e-04
4.051608777700269688e-04
3.226245417263259949e-04
2.490520573454692885e-04
1.839431965725668691e-04
1.317107827265278231e-04
8.525089974356787057e-05
4.994305373231278799e-05
2.631367144068499713e-05
8.302928598297056498e-06
1.427709490404922638e-06
1.259317238833957508e-08
0.000000000000000000e+00
0.000000000000000000e+00
0.000000000000000000e+00
0.000000000000000000e+00
0.000000000000000000e+00
0.000000000000000000e+00
0.000000000000000000e+00
0.000000000000000000e+00
0.000000000000000000e+00
0.000000000000000000e+00
0.000000000000000000e+00
0.000000000000000000e+00
0.000000000000000000e+00
0.000000000000000000e+00
0.000000000000000000e+00
0.000000000000000000e+00
0.000000000000000000e+00
0.000000000000000000e+00
0.000000000000000000e+00
0.000000000000000000e+00
0.000000000000000000e+00
0.000000000000000000e+00
0.000000000000000000e+00
0.000000000000000000e+00
0.000000000000000000e+00
0.000000000000000000e+00
0.000000000000000000e+00
0.000000000000000000e+00
0.000000000000000000e+00
0.000000000000000000e+00
0.000000000000000000e+00
0.000000000000000000e+00
0.000000000000000000e+00
0.000000000000000000e+00
0.000000000000000000e+00
0.000000000000000000e+00
0.000000000000000000e+00
0.000000000000000000e+00
0.000000000000000000e+00
0.000000000000000000e+00
