0.000000000000000000e+00
0.000000000000000000e+00
0.000000000000000000e+00
0.000000000000000000e+00
0.000000000000000000e+00
0.000000000000000000e+00
0.000000000000000000e+00
0.000000000000000000e+00
0.000000000000000000e+00
0.000000000000000000e+00
0.000000000000000000e+00
0.000000000000000000e+00
0.000000000000000000e+00
0.000000000000000000e+00
0.000000000000000000e+00
0.000000000000000000e+00
0.000000000000000000e+00
0.000000000000000000e+00
0.000000000000000000e+00
0.000000000000000000e+00
0.000000000000000000e+00
0.000000000000000000e+00
0.000000000000000000e+00
0.000000000000000000e+00
0.000000000000000000e+00
0.000000000000000000e+00
4.662117911563657476e-05
1.737887153274417489e-03
2.641331798507643921e-02
1.841592820457998159e-01
7.164610509916827796e-01
1.503993631826992194e+00
2.021727020423733645e+00
2.084123919675868741e+00
1.888930378484613870e+00
1.629209459121608194e+00
1.405744572570284623e+00
1.243180549125211032e+00
1.142982177783933961e+00
1.061118942003004495e+00
9.814955234116106153e-01
9.247043349434678206e-01
8.992886568172229200e-01
8.951836651727290706e-01
9.059831272538142466e-01
9.231939699937001809e-01
9.399367502657176576e-01
9.537157206969711920e-01
9.668594438948504566e-01
9.759226772290542362e-01
9.844945341373216863e-01
9.885196474660781218e-01
9.930981405080020474e-01
9.962251898574571163e-01
9.956876800418388296e-01
9.921697458699649808e-01
9.884243176106343176e-01
9.815301276036750844e-01
9.702776366623478976e-01
9.629268571845575053e-01
9.582818382334246099e-01
9.537612130388704035e-01
9.564252545678828543e-01
9.581957022984126660e-01
9.687047696068676883e-01
9.772537127178867467e-01
9.868892957755887041e-01
9.976419562579715850e-01
1.009362368153842393e+00
1.015663553326147106e+00
1.023322062405458421e+00
1.027664480482878506e+00
1.031933129063396182e+00
1.033681383201728643e+00
1.032735428758222884e+00
1.029426741104100707e+00
1.025098546693897328e+00
1.021450890736141037e+00
1.015424303714643539e+00
1.009722908633788885e+00
1.005314931350230978e+00
9.987616200835981450e-01
9.947626036994535736e-01
9.922997865104026260e-01
9.876067221468863844e-01
9.868014066058649059e-01
9.861273486908562758e-01
9.857741792133614123e-01
9.873446348864968192e-01
9.900129200520502160e-01
9.919921446069944748e-01
9.937862642964906401e-01
9.957743017823824649e-01
9.971250793389088152e-01
9.983483988985440982e-01
1.000488385838838701e+00
1.000746458884349765e+00
1.001845369004253028e+00
1.000592525191117410e+00
1.001970756474897195e+00
1.001463780364098000e+00
1.002616034077758789e+00
1.003085452643856623e+00
1.002592894576224136e+00
1.002389434923214528e+00
1.002416108891923452e+00
1.001923973205016916e+00
1.003756202509620721e+00
1.002767850141584871e+00
1.003829165295309966e+00
1.001961917412537817e+00
1.001523678500685133e+00
1.002062846646091909e+00
1.000360807264774943e+00
9.992736899798241312e-01
9.999976957899417984e-01
1.000116477548779859e+00
9.993850453035428849e-01
9.991819910706682961e-01
9.991117168103149648e-01
9.984577140292224540e-01
9.977078551573551612e-01
9.983068764872035095e-01
9.991599585798294214e-01
9.985164341052885639e-01
9.987717677934025984e-01
9.988261548217395314e-01
9.985200145506193392e-01
9.989952944594835405e-01
9.998280551466475208e-01
1.000207421438190858e+00
9.999557033492659786e-01
1.000968165326051373e+00
1.001148970100109725e+00
9.998836587895988393e-01
1.000270023842886324e+00
1.000491838309750081e+00
1.001603429840293158e+00
1.000737634066482862e+00
1.000790446636813380e+00
1.001270686081648487e+00
1.000898483961661922e+00
1.000273603107742826e+00
9.997599066192762729e-01
1.000550596103338519e+00
1.000905896317952681e+00
9.994683272105674421e-01
1.000715437492805560e+00
9.996888375765479173e-01
1.000277299762043048e+00
9.995926082202809537e-01
1.000755093587021971e+00
1.000131403335770219e+00
1.000359715608173605e+00
9.997648563761684093e-01
1.000318334321926406e+00
1.000031423179364110e+00
9.997672944954852925e-01
1.000175350787134931e+00
1.000051119626274021e+00
1.000437203858862034e+00
9.997722110343043589e-01
1.000001317185839511e+00
1.000000602702262764e+00
1.000313030814019122e+00
1.000386088856705991e+00
9.999662676742681056e-01
1.000195372797772819e+00
1.000615512423868259e+00
1.000390366541938914e+00
1.000015238398530348e+00
1.000716335213310160e+00
1.000223399127293300e+00
1.000863588894957301e+00
1.000407434312701405e+00
1.000775378343464750e+00
1.000277965579707828e+00
1.000440993203631557e+00
9.998696120621705097e-01
1.001241820996845888e+00
1.000057751232289238e+00
9.998034916126541383e-01
1.000052719476225649e+00
1.000176438411840563e+00
1.000451169298858467e+00
9.997024121043858180e-01
9.995754183656552216e-01
1.000511900612805594e+00
1.000116406001882341e+00
9.999345545586912909e-01
1.000342777662676541e+00
9.999828509352414185e-01
1.000485635330627510e+00
1.000299865297366919e+00
9.996674831493002067e-01
1.000460508522336367e+00
1.000506275904464282e+00
1.000332172529938779e+00
1.000466930362496676e+00
1.000516405300929001e+00
9.998495498777223434e-01
1.000094075102150315e+00
9.999736010340629644e-01
1.000228618484544807e+00
1.000572105841904147e+00
1.000605131623118371e+00
1.000247902915558873e+00
1.000152759512102696e+00
1.000378939297414949e+00
1.000461448924586438e+00
1.000347759844425921e+00
9.998985843473866542e-01
1.000313718529420859e+00
1.000018503376893797e+00
9.998721594061907858e-01
1.000119377872915605e+00
1.000027173839089567e+00
1.000253709465647844e+00
9.997053626984234720e-01
1.000145357886115027e+00
1.000292379551996236e+00
1.000083930282866573e+00
1.000308593988217698e+00
1.000265867122327013e+00
9.997110595965917890e-01
1.000019296827640458e+00
9.996553668538535886e-01
9.999208390066879337e-01
1.000147503297052598e+00
1.000265293764694752e+00
9.997690149622099343e-01
1.000350178935315526e+00
9.997426592166344106e-01
1.000057189965175786e+00
1.000510170396127441e+00
9.998578757643701298e-01
1.000046977334842602e+00
9.994425561759049392e-01
1.000192563158872838e+00
9.997458754237267264e-01
1.000093837306546662e+00
9.999155703866209333e-01
9.998663457047750613e-01
9.998552019619151299e-01
9.997663442609561191e-01
1.000062059334239750e+00
9.999355486938140691e-01
9.998342474731551910e-01
1.000117291036506595e+00
1.000170791592124520e+00
1.000158689588559913e+00
1.000061909204562616e+00
9.999933917793411009e-01
9.997191138309198255e-01
1.000587271481922835e+00
9.996309687859068482e-01
1.000267781440990378e+00
1.000108455259725693e+00
1.000113105461524876e+00
1.000011363382791396e+00
1.000344298662509734e+00
1.000275981674696446e+00
9.995059850144207836e-01
9.997760798046957387e-01
1.000180745013791173e+00
1.000166608200079965e+00
9.996742208397139118e-01
1.000101448736410159e+00
1.000354051342920769e+00
9.998722776004285162e-01
9.997143979980811501e-01
1.000515441452037191e+00
9.998718725078976632e-01
1.000263388061990666e+00
1.000061663468281736e+00
1.000018064025112396e+00
9.998400249792896988e-01
9.999080955740990984e-01
1.000503280782015780e+00
9.998023838433580668e-01
9.999399922732856716e-01
1.000045515299145649e+00
1.000133045118344999e+00
9.997650582661790075e-01
1.000226768463495564e+00
1.000033977138971908e+00
1.000073095391244893e+00
1.000244288404428916e+00
9.998846297675082484e-01
1.000153040364858414e+00
9.998816251932526322e-01
9.999613088048923126e-01
9.999047784527199667e-01
1.000028942656612685e+00
9.998726674369077250e-01
9.999873892549282495e-01
9.998751488743328197e-01
1.000183442010308621e+00
1.000039254542906431e+00
9.999892573233625237e-01
1.000511726963683845e+00
9.999251702889372373e-01
9.999099484678356520e-01
1.000133778926493466e+00
1.000326194086849085e+00
1.000327563890373916e+00
1.000286905411769345e+00
1.000074388239286627e+00
1.000042164922062327e+00
1.000251901457808623e+00
1.000215593268815040e+00
1.000310022264364163e+00
1.000320347474144445e+00
9.999682693580670412e-01
9.995144112692434524e-01
9.994849293218531772e-01
1.000236328206745684e+00
1.000140695827517856e+00
1.000009665492792577e+00
9.995915117659518456e-01
1.000033332872859226e+00
1.000366059295699328e+00
1.000272236454036179e+00
1.000030564180290016e+00
1.000115317565238637e+00
9.998884576884541353e-01
1.000136577221933498e+00
1.000224558124406915e+00
1.000002552799702737e+00
1.000215990069639238e+00
1.000152237603753491e+00
1.000227819624085690e+00
1.000170924774798076e+00
1.000553125876396443e+00
1.000020374929653011e+00
1.000036375147269174e+00
1.000398837566777832e+00
9.998987518731248247e-01
1.000373157391309942e+00
1.000747401173047058e+00
1.000421550194070530e+00
1.000387139888871513e+00
1.000254568614318496e+00
1.000396457129901107e+00
1.000715219133113676e+00
1.000397019837423240e+00
1.000174439778884095e+00
1.000652302293677298e+00
1.000471844959961887e+00
1.000296979065480318e+00
1.000656342198334547e+00
9.987464098339333685e-01
9.913959155354656883e-01
9.829655969087292000e-01
9.745326393833151357e-01
9.664953355619444464e-01
9.579945839241200689e-01
9.498470870040427450e-01
9.409231113909217736e-01
9.333477941820434998e-01
9.250693805364865741e-01
9.167624208064216740e-01
9.091991852709946365e-01
9.011353660157698231e-01
8.930911663476716056e-01
8.851876734768153732e-01
8.773945646837464363e-01
8.695393297381615039e-01
8.618523622308880139e-01
8.542601872538205798e-01
8.459618722406814229e-01
8.382771369994629351e-01
8.308020143841584604e-01
8.232316257328494702e-01
8.159676413600277511e-01
8.081020777507449404e-01
8.010695731706318767e-01
7.932721872145007680e-01
7.860209515079301656e-01
7.786306694830842368e-01
7.713324797213808592e-01
7.639923114301895302e-01
7.568269622999442836e-01
7.495939985418201834e-01
7.423870900144721174e-01
7.353497801865189754e-01
7.286034793750808536e-01
7.212757957506588102e-01
7.141917298689097748e-01
7.072870212430775183e-01
7.002045920150689051e-01
6.934036858783199087e-01
6.866885363927279773e-01
6.798415316146749765e-01
6.730409725275523503e-01
6.661532237919870481e-01
6.595855849704804763e-01
6.527109737679797075e-01
6.461115008104417745e-01
6.393805976589049811e-01
6.328125974456560998e-01
6.264461466719356553e-01
6.199937393220292803e-01
6.132498842902105451e-01
6.068293286585518809e-01
6.002917794295956622e-01
5.940705214518231525e-01
5.876586309435263278e-01
5.813061965530734732e-01
5.751808379658470693e-01
5.687798620569806118e-01
5.626127726574273735e-01
5.562639597938118241e-01
5.503535967370934978e-01
5.440013486337879067e-01
5.379648083727466279e-01
5.319708403591336676e-01
5.256469354286600337e-01
5.197421816882802359e-01
5.137931159802807679e-01
5.076530610104629249e-01
5.018567511346780918e-01
4.959610904589450975e-01
4.899085013856482318e-01
4.841283025893189373e-01
4.783777696916061140e-01
4.724374028296723371e-01
4.666065195318382375e-01
4.609775843180460853e-01
4.551859690240285250e-01
4.496947175188497070e-01
4.436474056301539237e-01
4.382652139253676582e-01
4.322570815566967872e-01
4.271295829451833836e-01
4.212112421859181555e-01
4.157237117421040962e-01
4.103799167103640566e-01
4.050172864859035715e-01
3.992933389152218404e-01
3.940165814198368643e-01
3.886030427829593181e-01
3.830649379528757725e-01
3.777004816843969603e-01
3.723578766245245197e-01
3.670210822128828210e-01
3.616807256160018413e-01
3.565797778125442963e-01
3.512396017679616511e-01
3.459081748106154208e-01
3.407570638014961739e-01
3.357425681127544914e-01
3.303845863949711470e-01
3.252727211224124559e-01
3.201951464881503950e-01
3.151265341013193000e-01
3.099951962309578368e-01
3.048363376285990745e-01
2.998862584021578237e-01
2.948759769436808953e-01
2.898982008074106886e-01
2.848227179041920021e-01
2.800122773608742510e-01
2.749601678703121888e-01
2.702482775265721004e-01
2.654250001691700334e-01
2.603296786758568793e-01
2.556589684973282206e-01
2.507338426077830862e-01
2.461145887533119359e-01
2.411913165532305059e-01
2.363831107835039635e-01
2.316673988525790040e-01
2.269925027747730639e-01
2.223071529337150576e-01
2.177062339824882009e-01
2.130604180756242583e-01
2.083678869579224657e-01
2.038163824961733706e-01
1.992200634771010559e-01
1.944588570120676374e-01
1.900871929343325994e-01
1.855624790370403177e-01
1.809841709057942449e-01
1.764050366195872577e-01
1.718750534172833744e-01
1.674650976255364077e-01
1.630363456526276733e-01
1.584909920593162713e-01
1.541418528343227456e-01
1.497395304464557153e-01
1.454015039807166343e-01
1.410223831887203183e-01
1.366888011269520586e-01
1.322572080633053204e-01
1.280971520115811724e-01
1.237251586158223948e-01
1.195706248962207924e-01
1.157787865212136363e-01
1.122922589329788251e-01
1.088414946011085072e-01
1.056324850778836283e-01
1.023857590061333644e-01
9.938021766259817757e-02
9.643575791373996953e-02
9.362150732355919991e-02
9.095010653207524776e-02
8.837240475658869610e-02
8.557573549057646833e-02
8.315537396989212959e-02
8.067360883319851794e-02
7.836076039241193780e-02
7.600917962746965573e-02
7.382795525823944438e-02
7.160939640144918517e-02
6.948486000987230682e-02
6.750478543157591160e-02
6.541861339618587623e-02
6.346447081269875057e-02
6.159453396300761108e-02
5.972525949786378768e-02
5.789065037660422186e-02
5.609612410957604683e-02
5.439251856187682366e-02
5.268298525961000178e-02
5.103189468336070955e-02
4.946843574391682902e-02
4.790080370189100240e-02
4.633656540681666686e-02
4.487098080522061716e-02
4.341047255783761494e-02
4.198743614633754229e-02
4.059874225133164316e-02
3.929879513597360485e-02
3.796089905169522383e-02
3.673388070447088788e-02
3.542066809527184834e-02
3.426956422873404795e-02
3.303011871591864795e-02
3.186647454535833368e-02
3.075565632474314484e-02
2.964613452260304524e-02
2.862444353484734985e-02
2.751156800687187126e-02
2.653189167556112629e-02
2.553833204171769913e-02
2.457151609376024073e-02
2.366999581927933458e-02
2.272145764612642366e-02
2.184745187149194842e-02
2.096826522685410824e-02
2.014927189143924519e-02
1.931931635997486893e-02
1.849961903697993140e-02
1.773274349336471933e-02
1.698128499384995993e-02
1.626145018419150601e-02
1.553874986380393564e-02
1.485448325803513138e-02
1.416962562823633788e-02
1.352899856321456915e-02
1.289675804382249200e-02
1.227350689178912345e-02
1.167010676471028248e-02
1.109933494659014197e-02
1.053800908616493032e-02
1.001640101994391054e-02
9.477166207163385814e-03
8.979160470648962430e-03
8.485643909617205521e-03
8.020924694156572957e-03
7.569127762879406494e-03
7.128456515915455351e-03
6.705686360651997614e-03
6.261252968735151261e-03
5.887968218295290199e-03
5.500231679222456448e-03
5.128930384586278916e-03
4.784509703632044281e-03
4.450484780736290065e-03
4.131460084758503161e-03
3.836541446176290528e-03
3.541636732693688189e-03
3.244456630147361537e-03
2.978286946165214881e-03
2.729606977675365451e-03
2.474921097050415165e-03
2.253704967740559166e-03
2.042431787041559029e-03
1.825309331987822652e-03
1.633322047600673389e-03
1.463010201690763965e-03
1.283671253351759828e-03
1.122104681972518241e-03
9.713447486342112252e-04
8.438824273901513818e-04
7.169794431420279225e-04
5.997516325149654642e-04
4.958781735108607879e-04
4.030539455359175797e-04
3.209109313012900350e-04
2.463318101253655240e-04
1.829795841725973373e-04
1.310778803667773950e-04
8.329455099117802277e-05
5.030682138969764811e-05
2.520405597612545933e-05
9.125744974742586605e-06
1.326467245234576038e-06
3.777480503433231643e-08
0.000000000000000000e+00
0.000000000000000000e+00
0.000000000000000000e+00
0.000000000000000000e+00
0.000000000000000000e+00
0.000000000000000000e+00
0.000000000000000000e+00
0.000000000000000000e+00
0.000000000000000000e+00
0.000000000000000000e+00
0.000000000000000000e+00
0.000000000000000000e+00
0.000000000000000000e+00
0.000000000000000000e+00
0.000000000000000000e+00
0.000000000000000000e+00
0.000000000000000000e+00
0.000000000000000000e+00
0.000000000000000000e+00
0.000000000000000000e+00
0.000000000000000000e+00
0.000000000000000000e+00
0.000000000000000000e+00
0.000000000000000000e+00
0.000000000000000000e+00
0.000000000000000000e+00
0.000000000000000000e+00
0.000000000000000000e+00
0.000000000000000000e+00
0.000000000000000000e+00
0.000000000000000000e+00
0.000000000000000000e+00
0.000000000000000000e+00
0.000000000000000000e+00
0.000000000000000000e+00
0.000000000000000000e+00
0.000000000000000000e+00
0.000000000000000000e+00
0.000000000000000000e+00
0.000000000000000000e+00
