0.000000000000000000e+00
0.000000000000000000e+00
0.000000000000000000e+00
0.000000000000000000e+00
0.000000000000000000e+00
0.000000000000000000e+00
0.000000000000000000e+00
0.000000000000000000e+00
0.000000000000000000e+00
0.000000000000000000e+00
0.000000000000000000e+00
0.000000000000000000e+00
0.000000000000000000e+00
0.000000000000000000e+00
0.000000000000000000e+00
0.000000000000000000e+00
0.000000000000000000e+00
0.000000000000000000e+00
0.000000000000000000e+00
0.000000000000000000e+00
0.000000000000000000e+00
0.000000000000000000e+00
0.000000000000000000e+00
0.000000000000000000e+00
0.000000000000000000e+00
0.000000000000000000e+00
2.675422202259529481e-02
4.875135397591562336e-01
1.773910546156084456e+00
2.360964163347972100e+00
1.820200638195221376e+00
1.053354890701886148e+00
5.961513038731840464e-01
3.898290418586260464e-01
3.157163024452995792e-01
3.033952433510523350e-01
3.016424403924458653e-01
3.013949254660334698e-01
3.009736145666915830e-01
2.890210423496253900e-01
2.827499248629605222e-01
3.081582813255989706e-01
3.656791283268098214e-01
4.599152671593382258e-01
5.751168357992368918e-01
7.269245416110619029e-01
8.830895910968711293e-01
1.040433853837186673e+00
1.180212524079013114e+00
1.278628142369739873e+00
1.391711642339827693e+00
1.446084026968232461e+00
1.505289860378772993e+00
1.502995229665240684e+00
1.483157373871427431e+00
1.394459203442179884e+00
1.307807005909190190e+00
1.187933225907524815e+00
1.091412920287929911e+00
1.014489959830307875e+00
9.846253153790470725e-01
9.418985469944887168e-01
9.201217577103983913e-01
9.082530187233167629e-01
9.058781524976928790e-01
9.065504702693427674e-01
9.136688461320826571e-01
9.226974018034719283e-01
9.369621340757197103e-01
9.653562411975484814e-01
9.737182276820738336e-01
9.931482591290251571e-01
1.009111620683275534e+00
1.022628058478991298e+00
1.025033185809581804e+00
1.029871033030423044e+00
1.037440844901151626e+00
1.036005460498758968e+00
1.026791272831360180e+00
1.029536973574896486e+00
1.015050537479560644e+00
1.007298662721226590e+00
9.958807836340570763e-01
9.925817202125308825e-01
9.817243720872436130e-01
9.760305236039497068e-01
9.775817556569009747e-01
9.791696190344038042e-01
9.790861926211013033e-01
9.783261715617205256e-01
9.879289042825460943e-01
9.828747618157958055e-01
9.879114323279087895e-01
9.942941875027119236e-01
1.001003304365526425e+00
1.003432048489466544e+00
1.002557556221094881e+00
1.004045927061972376e+00
1.006844365883742931e+00
1.001466567564026633e+00
1.006136187885907640e+00
1.009212345784940457e+00
1.006191827048653398e+00
1.001757132140025597e+00
1.002958065453667391e+00
1.003398614724974935e+00
9.994996685634190969e-01
9.990633316806121211e-01
9.942168081771363131e-01
9.957939626302464431e-01
9.947463917828679447e-01
9.968218588874461217e-01
9.932959207409334246e-01
9.930148473896482919e-01
9.933830500973860334e-01
9.965914871805130471e-01
9.974936388114677976e-01
9.985778253659265413e-01
9.982916191833374198e-01
9.966239896237926166e-01
1.002751569917773811e+00
1.000196605712475817e+00
1.001970234966794049e+00
1.006995583021806029e+00
1.005318465799238004e+00
1.008104087562315510e+00
1.000390607840218715e+00
9.973924010493940839e-01
1.000932582468863075e+00
9.990467197413805955e-01
9.963351810876378556e-01
9.986790180852195276e-01
9.998270586140757255e-01
9.983571647455402598e-01
9.936814893987072628e-01
9.984131584125577330e-01
9.943416928313345560e-01
9.987549312381164279e-01
9.987194730515331909e-01
9.972421878399143624e-01
9.997680099530763531e-01
9.977384101163150332e-01
9.972042993828450497e-01
9.977798481675361764e-01
9.905038103587874287e-01
9.975195935319188800e-01
9.988269114011240069e-01
9.991859993196662293e-01
9.991608333641445183e-01
9.973149512313893572e-01
9.997045983063576058e-01
9.961153498459780486e-01
9.988034453334758700e-01
9.977027734164047867e-01
9.964693916944800112e-01
9.979070636276315964e-01
9.983756967462781295e-01
9.959373182162506444e-01
9.930475587424981709e-01
9.989625486714156510e-01
1.000109489780493188e+00
9.983997212376596320e-01
9.978538042950796383e-01
9.948727499220437753e-01
9.973732246836400916e-01
9.982862862801660242e-01
9.976054600061853295e-01
9.976931285931704974e-01
9.952673401425219391e-01
9.989763047743726032e-01
9.966349424616389729e-01
9.955892413870843782e-01
9.984517640792819337e-01
9.971095766605797550e-01
9.985818605928987735e-01
9.986591201918627592e-01
1.005674632824480330e+00
9.998208551640095365e-01
9.983079334678492955e-01
1.001489404545931494e+00
1.001378245199013639e+00
1.000205067660581815e+00
9.993457679903002822e-01
9.997478249749094381e-01
9.990508604959635885e-01
9.969411309669667931e-01
9.979896000330444883e-01
9.981704686254833092e-01
9.976700387527864811e-01
1.000164025160154235e+00
1.000717351406343880e+00
9.989674662639819180e-01
9.958448633382023241e-01
9.966109546496879634e-01
1.000101611351722264e+00
9.972146618373493032e-01
1.002493093808589197e+00
1.001361846664639454e+00
9.977945746170212571e-01
9.984277174108598940e-01
9.961123735876366014e-01
9.979183506281432692e-01
1.000130942019532565e+00
1.000836191160333621e+00
9.951796590865091829e-01
9.998169787159285615e-01
9.987075403182615885e-01
9.991660247753512136e-01
1.000056350338054623e+00
1.002081990890054453e+00
9.981358703517461128e-01
9.998110543613069057e-01
9.971334201408412756e-01
9.999898962903530641e-01
1.000667741095164764e+00
9.989485163202579399e-01
9.972182845133403806e-01
9.963653122924347461e-01
9.979013862475042407e-01
9.993106308009663818e-01
9.987209617110741622e-01
9.992313152087765049e-01
1.001303720921296048e+00
9.976710073582839566e-01
9.994721241564276104e-01
9.985589214458803209e-01
9.985235043114564224e-01
1.000693918902161972e+00
9.990752726825854468e-01
9.994313473827343142e-01
9.974283930447663815e-01
9.979881179876471942e-01
9.972837550071973478e-01
9.997582477312122462e-01
9.978074355102347637e-01
9.974032627748048441e-01
1.002696042687958089e+00
9.979198917754598108e-01
1.000618312538412491e+00
9.996084695152519517e-01
9.959161732260644051e-01
1.000021717834663759e+00
9.971271078248594710e-01
9.993860614980649704e-01
1.000252210145931020e+00
9.998257419865498319e-01
9.970260447045291574e-01
9.969157983533971645e-01
1.001084921470201117e+00
9.992139404596537267e-01
1.000235520495615482e+00
1.000508010108184465e+00
9.986511625869277653e-01
9.987098031366372641e-01
9.978409989943243241e-01
9.982449533719518486e-01
1.000069947065612697e+00
9.971629664509055191e-01
9.999225903707326113e-01
9.984947422962123786e-01
9.982259093387415572e-01
9.988314075007380666e-01
9.984986821481457442e-01
9.973554809805573740e-01
9.935224670450152340e-01
9.826365664231901942e-01
9.728500791553087446e-01
9.604557905486456049e-01
9.500532866701318913e-01
9.384198509152981149e-01
9.288673034050988209e-01
9.152313355465331313e-01
9.070799931967680196e-01
8.953059593412334705e-01
8.847556377956368179e-01
8.730846191291768976e-01
8.632324354402715061e-01
8.531699855220242767e-01
8.453860666247855482e-01
8.329676274860758900e-01
