0.000000000000000000e+00
0.000000000000000000e+00
0.000000000000000000e+00
0.000000000000000000e+00
0.000000000000000000e+00
0.000000000000000000e+00
0.000000000000000000e+00
0.000000000000000000e+00
0.000000000000000000e+00
0.000000000000000000e+00
0.000000000000000000e+00
0.000000000000000000e+00
0.000000000000000000e+00
0.000000000000000000e+00
0.000000000000000000e+00
0.000000000000000000e+00
0.000000000000000000e+00
0.000000000000000000e+00
0.000000000000000000e+00
0.000000000000000000e+00
0.000000000000000000e+00
0.000000000000000000e+00
0.000000000000000000e+00
0.000000000000000000e+00
0.000000000000000000e+00
1.578925689398828888e-04
2.514680832667033281e-02
4.770745194508653753e-01
1.766885746073019625e+00
2.345816306779023197e+00
1.773789275732535309e+00
1.029897798160238187e+00
5.765336296220112677e-01
3.731896144238139312e-01
3.118440137877867557e-01
2.927315282708686794e-01
2.977210350094101621e-01
2.935915203718608146e-01
2.949561717389900806e-01
2.851471322096589822e-01
2.768116304920891224e-01
3.062002308265528439e-01
3.663723843699999150e-01
4.386583198488351876e-01
5.574530163138182726e-01
7.156880439357115042e-01
8.668283536518022192e-01
1.032182863909123283e+00
1.161914746277675103e+00
1.275649762662779851e+00
1.362603851646046804e+00
1.452399629193946273e+00
1.492296878387298520e+00
1.488260860072551095e+00
1.469651185534589510e+00
1.391668075616000699e+00
1.273912181401043231e+00
1.182410203590209763e+00
1.084305171904142773e+00
1.007675890287682785e+00
9.520297439879858992e-01
9.354116276875811264e-01
9.097140623325545850e-01
9.016342704533839569e-01
9.054367139999062175e-01
8.969088544024651499e-01
9.065915320838779934e-01
9.215760701628510354e-01
9.326796150966043530e-01
9.600923351049156507e-01
9.658973232639115336e-01
9.969343700433538347e-01
1.004844549569666512e+00
1.015683498350431480e+00
1.030318395548573962e+00
1.038062409341711456e+00
1.035542329904940440e+00
1.038071314609352980e+00
1.037420103868909926e+00
1.027423708801655566e+00
1.032146744405615824e+00
1.014100224384616888e+00
1.009458576558032172e+00
9.919196835120500655e-01
9.906414391807988329e-01
9.837153702880784278e-01
9.800953701678735142e-01
9.876485881061448646e-01
9.868377820093946484e-01
9.801505103347700754e-01
9.947414597868954322e-01
9.944578026001055227e-01
9.963179859980543229e-01
9.998799868076302388e-01
1.004989083220390933e+00
1.008945489762207881e+00
1.011265885541786425e+00
1.015158770129629850e+00
1.012843926490799795e+00
1.017967159626478324e+00
1.011280378229039822e+00
1.010907471492723086e+00
1.009056672631329699e+00
1.009868106683519118e+00
1.012109334106413572e+00
1.006169055012271052e+00
1.003784956568188891e+00
9.988271068048217849e-01
1.002227979024340687e+00
1.001364978623334512e+00
9.985440543169280536e-01
1.001716876423665914e+00
9.999464180439524563e-01
1.004475161638777703e+00
1.005490473178351829e+00
1.001778852905264472e+00
1.000217281112022016e+00
1.002780512370909705e+00
1.003374784083054694e+00
1.001507843598480774e+00
1.006529997064104398e+00
1.003600506568858020e+00
1.004484535797049327e+00
1.005666243219958789e+00
1.003414623401585937e+00
1.005813791471586338e+00
1.004566199241273994e+00
1.004427663907525803e+00
1.007212621350007220e+00
9.988688787214223819e-01
1.002925429930178192e+00
1.003156946025464125e+00
1.003115179306827143e+00
1.001521719347628014e+00
1.003531341333321114e+00
1.000764423292829886e+00
9.967526392550816183e-01
9.997085519218408267e-01
9.974329650856333940e-01
1.000185108049411298e+00
9.980714127434415772e-01
1.002579159094427963e+00
1.004834783160721390e+00
1.001275734877730139e+00
1.004672218389641269e+00
1.003952300942020370e+00
1.003512391008412052e+00
1.003317737276932187e+00
1.002348161272434535e+00
1.005339213679533161e+00
1.005610229094874741e+00
1.003871749015607939e+00
1.000109785638489290e+00
1.001485240103688446e+00
1.003227495351732168e+00
1.003971702204917937e+00
1.005734410128266143e+00
1.006241498039423643e+00
1.002772816355905761e+00
1.000312727318721562e+00
9.989599788104813749e-01
1.005063667476423506e+00
1.002772034019556724e+00
1.000453416463954470e+00
1.002431339234542085e+00
1.000640899654295479e+00
1.001132304681386698e+00
9.999925498381772027e-01
9.974168711794658693e-01
1.004142507138720664e+00
9.963049198542259788e-01
1.001131995684537257e+00
1.000380016488303880e+00
9.984667822153200367e-01
1.002692473444193988e+00
9.973159111612897032e-01
1.001377324597656937e+00
1.001148343936074214e+00
1.001100103547675202e+00
1.001934112021622525e+00
9.989913140942339176e-01
9.981470183835605692e-01
9.996474164458127865e-01
1.001263275619374449e+00
1.003219841095591924e+00
1.000379210576801459e+00
1.005060791987140156e+00
1.003352979036879811e+00
1.001205711345594551e+00
1.000351664329548473e+00
1.000210137814453448e+00
1.001851008311634539e+00
1.002741621142235307e+00
1.001171704238165372e+00
1.002781135324568584e+00
9.996413916711438530e-01
1.002738940932305312e+00
1.001152699692102521e+00
9.999878603611028760e-01
1.004216480152966939e+00
1.002132401881735246e+00
1.000376481560225850e+00
1.003624443192329574e+00
9.999392412151860698e-01
1.001768070328599158e+00
1.001836301195448087e+00
9.973412262014044183e-01
1.004297554810752224e+00
9.995127455979249120e-01
1.002042234151397038e+00
1.002545981870241576e+00
1.001572217037540069e+00
1.002512006366740094e+00
1.001099299775228824e+00
1.001073058567248042e+00
1.002910131784482850e+00
9.998445348997357929e-01
1.004023032044353059e+00
1.004665750833570570e+00
1.001453013023256622e+00
1.000884339393345757e+00
1.000975747000470761e+00
9.971630417303268823e-01
9.972429003082261545e-01
9.986264163171156838e-01
1.000432877532810183e+00
1.000947646970218097e+00
1.000555668845055646e+00
1.001882504563759824e+00
1.000526143674167256e+00
9.990608549865377386e-01
9.980299188558168222e-01
9.978383147722387214e-01
9.978676237077286348e-01
9.977126265945742700e-01
9.977408928898778839e-01
9.961137957610151084e-01
1.000746348358142468e+00
9.962079566418644561e-01
9.952010763258396508e-01
9.985986838639839824e-01
9.974974414129569311e-01
9.979798081661247489e-01
9.981210181669559756e-01
9.965964669907871887e-01
9.991149914810650845e-01
1.000782569233305663e+00
9.974724227673016363e-01
9.991382315333037223e-01
1.000283476427244578e+00
9.979929748559284164e-01
1.000140662525366375e+00
9.994448885840482300e-01
9.983534455947566943e-01
9.976287428588428430e-01
9.999567512447867790e-01
9.995290950352265780e-01
9.980465316297187917e-01
1.000433926671283835e+00
1.001361252995115025e+00
9.980458937184549795e-01
9.999443904174867281e-01
9.983352792062493153e-01
9.976490091145597816e-01
9.937698601937440257e-01
9.829417201843304586e-01
9.702786591418351980e-01
9.621208471576502275e-01
9.496875983681785094e-01
9.393687131382870703e-01
9.282906701482339651e-01
9.166897596188889885e-01
9.067549196386753829e-01
8.966235047581236906e-01
8.873103841901398559e-01
8.715932181976049353e-01
8.641330036383683133e-01
8.551733742789806580e-01
8.439501800705043744e-01
8.327997018593820133e-01
