0.000000000000000000e+00
0.000000000000000000e+00
0.000000000000000000e+00
0.000000000000000000e+00
0.000000000000000000e+00
0.000000000000000000e+00
0.000000000000000000e+00
0.000000000000000000e+00
0.000000000000000000e+00
0.000000000000000000e+00
0.000000000000000000e+00
0.000000000000000000e+00
0.000000000000000000e+00
0.000000000000000000e+00
0.000000000000000000e+00
0.000000000000000000e+00
0.000000000000000000e+00
0.000000000000000000e+00
0.000000000000000000e+00
0.000000000000000000e+00
0.000000000000000000e+00
0.000000000000000000e+00
0.000000000000000000e+00
0.000000000000000000e+00
0.000000000000000000e+00
3.157581707743043874e-04
2.689893952948336012e-02
5.047272593234291005e-01
1.829552660512970386e+00
2.417814189629985400e+00
1.835992684428805255e+00
1.097270515194990192e+00
6.285827996789813410e-01
4.054511219650609455e-01
3.110410744045766784e-01
2.993052576564114720e-01
3.023194098075758784e-01
3.050287545333997818e-01
2.879352038158352056e-01
2.845963604845528350e-01
2.822962103459476513e-01
3.110027622788427148e-01
3.486635051395288731e-01
4.483872816555435348e-01
5.706263565169513718e-01
7.182553550853023605e-01
8.709328314040238883e-01
1.019853923233948745e+00
1.159414896580138299e+00
1.258696194999052498e+00
1.337124279289209516e+00
1.437797747193188425e+00
1.473171826872238244e+00
1.482824896647631840e+00
1.445501963123841049e+00
1.380249643577550867e+00
1.270329822442458401e+00
1.165043347138086771e+00
1.076892288031071843e+00
1.006255781065608979e+00
9.614855997222352402e-01
9.142124028634243116e-01
9.052206649143336170e-01
8.888513939710144252e-01
8.959565866766703301e-01
9.069552776538314376e-01
9.074427983830694044e-01
9.190411256533908002e-01
9.357071019201108619e-01
9.511678099148638266e-01
9.683556954589394028e-01
9.820677089568823348e-01
9.987229199973501892e-01
1.011415552602627610e+00
1.028713514850666977e+00
1.032804336655735122e+00
1.036839883083281233e+00
1.034273204484020825e+00
1.031433322200443703e+00
1.024509333922258847e+00
1.018210995993667822e+00
1.013549897518852605e+00
1.006491122967951846e+00
9.844867418174906293e-01
9.869907389582616153e-01
9.767914222799204405e-01
9.733426865244169113e-01
9.814357205702722853e-01
9.786128220627962060e-01
9.858219547229897239e-01
9.896546472011281681e-01
9.855676925672988142e-01
9.924889751911212254e-01
9.983617752639467602e-01
1.006696826915364662e+00
1.009039452134703030e+00
1.011951318232879204e+00
1.006680018289306089e+00
1.013974409357849771e+00
1.012881519478171954e+00
1.013999671137444158e+00
1.001064336097397867e+00
1.002794228713192126e+00
1.002842575897457067e+00
1.001953257250239648e+00
1.004413459739522452e+00
9.987747933953594615e-01
9.955699882135287115e-01
9.926183628629688949e-01
9.904728740580626134e-01
9.858876524661860374e-01
9.932901172463233230e-01
9.899557086779411375e-01
9.938687944217973191e-01
9.913391707841463507e-01
9.976372423130630551e-01
9.919768487503799470e-01
9.962249191260306169e-01
9.986973198303353838e-01
1.000933405277954824e+00
1.001084185009558425e+00
1.002130730081814747e+00
1.007183468788183101e+00
1.001332663788416122e+00
1.001129770569153310e+00
1.001418939334434821e+00
1.000553703221358282e+00
9.991186061111543282e-01
1.003283871562590690e+00
9.998060125675130028e-01
1.000693497727005443e+00
9.997996913482628534e-01
9.978596529286763994e-01
1.001580216787050004e+00
9.988313558725760988e-01
9.966581936510190420e-01
1.000668164345844158e+00
9.979668258636005262e-01
1.000457607748033828e+00
9.971714777834871368e-01
9.991460549249916445e-01
9.989860066933414773e-01
9.981910084728380372e-01
9.984678554842577602e-01
1.001704907918104182e+00
1.000001194907517599e+00
9.995756404727963451e-01
1.001901222537929792e+00
1.001145141502897351e+00
9.994375492779064007e-01
1.005723805129296045e+00
9.976530458871504248e-01
9.997771457094801750e-01
9.989420583913677376e-01
9.999631444701146954e-01
9.977714677756378547e-01
9.992849328939706899e-01
9.979602986842772694e-01
9.948156929668687809e-01
9.973053293500790950e-01
9.943986828164323999e-01
9.989391925453946497e-01
9.975539299709565988e-01
1.000341095009819048e+00
9.996480133345901908e-01
9.990897648976549972e-01
9.972764874940820423e-01
1.001352682436533970e+00
9.966988494338238080e-01
9.998361986029432602e-01
9.998718415479849186e-01
9.968470099479297408e-01
9.978964941144985445e-01
9.996401135174882713e-01
9.975254648263122137e-01
1.002464395493783966e+00
1.000121776224352610e+00
1.001770016679866204e+00
9.992487227949176098e-01
9.993502379852616802e-01
9.983986260011016300e-01
9.982737207102118093e-01
1.001544237195566289e+00
9.992140791804393629e-01
9.982568987434184971e-01
9.944216353767935113e-01
9.996615395906545132e-01
9.968100726888045049e-01
9.990859369085817177e-01
9.969581684483259654e-01
9.972869959945616092e-01
9.976861909998984146e-01
9.989902807518598049e-01
9.975734604193146060e-01
9.969715350439735113e-01
9.971302314066327055e-01
9.956651968417514764e-01
9.965634415642250499e-01
9.946257485997866965e-01
9.988835564447152704e-01
1.000159373013408626e+00
9.955698356221653889e-01
9.985134938543352989e-01
9.986489045060665815e-01
9.956846586193821569e-01
9.980527608765561443e-01
9.967118943914270446e-01
9.980880247206403988e-01
9.940778571919328677e-01
9.959282059060962089e-01
9.983752183482037523e-01
9.976191087654593392e-01
9.977060981661217687e-01
9.979008591664045857e-01
9.983565808665301189e-01
9.967401428598001711e-01
9.965128242982003171e-01
1.000015364702705023e+00
9.942700422671942873e-01
9.973057370394023957e-01
9.991770421885611819e-01
1.000115957963093605e+00
9.988469727485684846e-01
9.974434449316272877e-01
9.998102933327805975e-01
9.983626272036291160e-01
9.998895119234562090e-01
9.990161015665899313e-01
9.973684544276154584e-01
1.001335463125851089e+00
9.998896076773566843e-01
9.995424959170919887e-01
1.000898491376818633e+00
9.981703388327162196e-01
9.982641158237521850e-01
9.981314743722600191e-01
9.992356687761922984e-01
9.990608815761088390e-01
1.003604711953897999e+00
9.988714738446410335e-01
9.998554037725458921e-01
9.997431048175180468e-01
9.982263177778477603e-01
1.000584781910614174e+00
9.994483230898326687e-01
1.001043276065624488e+00
9.971823953041927258e-01
9.974660200666072285e-01
9.993704789547066536e-01
9.998384918538359978e-01
9.986685965932134978e-01
9.988508057397131878e-01
9.991695102413447049e-01
9.995112252459847912e-01
1.001292549982409685e+00
1.001291611873955656e+00
9.983341676748140880e-01
1.001299824350378564e+00
9.986567811188830079e-01
1.001874948158501422e+00
9.999336414808716045e-01
9.998559952196247602e-01
9.977434066224120102e-01
1.000342410347624833e+00
9.945215292322513445e-01
9.818032239732605859e-01
9.711817392689923167e-01
9.605378109580581247e-01
9.488388531127932568e-01
9.389506309819416474e-01
9.276964153809348357e-01
9.153606513619945151e-01
9.056791780298549810e-01
8.953747314089569587e-01
8.817568695683570823e-01
8.741688202778774563e-01
8.649657214486536905e-01
8.556363393987573840e-01
8.422617964419695236e-01
8.324354929940478431e-01
