0.000000000000000000e+00
0.000000000000000000e+00
0.000000000000000000e+00
0.000000000000000000e+00
0.000000000000000000e+00
0.000000000000000000e+00
0.000000000000000000e+00
0.000000000000000000e+00
0.000000000000000000e+00
0.000000000000000000e+00
0.000000000000000000e+00
0.000000000000000000e+00
0.000000000000000000e+00
0.000000000000000000e+00
0.000000000000000000e+00
0.000000000000000000e+00
0.000000000000000000e+00
0.000000000000000000e+00
0.000000000000000000e+00
0.000000000000000000e+00
0.000000000000000000e+00
0.000000000000000000e+00
0.000000000000000000e+00
0.000000000000000000e+00
0.000000000000000000e+00
1.578986289654982396e-04
2.280844571306273397e-02
4.898551309841189805e-01
1.806898997844267329e+00
2.386847320570443465e+00
1.817345613208143140e+00
1.054669067631275992e+00
6.011500259042836802e-01
3.894898658451000917e-01
3.189298942139193738e-01
2.981201702416471644e-01
3.018173233768744468e-01
3.088634160280718244e-01
3.131864802630848210e-01
2.938450982960222890e-01
2.921595347685929656e-01
3.130087443074056619e-01
3.658748124780986100e-01
4.506133713805620111e-01
5.706451401033679760e-01
7.117971809012764162e-01
8.681913111595284116e-01
1.022892837880087669e+00
1.162090300793285680e+00
1.279973262901136000e+00
1.362857469556968182e+00
1.440840685906316976e+00
1.496154146872096247e+00
1.502990931763610094e+00
1.457504106240454789e+00
1.372686493823606302e+00
1.266401906927756338e+00
1.160404697131574459e+00
1.071504694551810077e+00
1.005365174919622628e+00
9.480545712980913420e-01
9.218187083319142605e-01
8.969733766755662030e-01
8.915844045122973682e-01
8.945865554801719632e-01
8.918931107576640871e-01
8.998692970512022216e-01
9.166081948582518457e-01
9.230864783289070008e-01
9.564939416500012337e-01
9.580629615119324871e-01
9.863069240323562026e-01
1.000780595600325729e+00
1.001998813275903455e+00
1.022235998924750922e+00
1.018574896701368360e+00
1.028809206538627397e+00
1.034469621014371787e+00
1.025828718456242017e+00
1.025952166822828637e+00
1.020238547081737224e+00
1.008202721979413186e+00
1.003734109245334238e+00
9.990270712817965748e-01
9.828129304949667633e-01
9.805645038699337679e-01
9.727358086020978511e-01
9.782846828277923512e-01
9.749712150670521993e-01
9.797394542304064258e-01
9.840474929211713295e-01
9.790420595339960341e-01
9.886154156297594087e-01
9.994602720384896388e-01
1.000462692930180086e+00
1.004840865119809745e+00
1.005096519264956134e+00
1.009839975630854703e+00
1.006426733305406218e+00
1.004605542696970444e+00
1.014470859131529012e+00
1.002194956305364704e+00
1.000279438389719111e+00
1.005238560748894505e+00
1.000017973205264754e+00
9.992606104061576566e-01
9.944803681669958095e-01
9.942448501023061214e-01
9.930116416220137188e-01
9.953657019155891517e-01
9.922413726086557473e-01
9.928761975554485364e-01
9.890640702155701902e-01
9.970607084086841043e-01
9.960830644562456149e-01
9.934501580011839694e-01
9.988635469139441891e-01
9.925550361224213525e-01
9.953328103158742834e-01
1.002783096396566931e+00
9.996310676978726883e-01
1.002129574167712533e+00
9.980839257672414755e-01
1.002224125069411276e+00
1.005354455217072340e+00
1.003557476688147210e+00
1.001094664090629749e+00
9.993559862713967679e-01
1.001927994194628635e+00
9.979581325983032380e-01
9.974829821343567104e-01
9.986348477515500921e-01
9.951639651631415395e-01
9.999584089028509259e-01
9.958500457586804133e-01
9.981574113702164075e-01
9.982899450110114259e-01
9.981229504927748852e-01
1.001470082778760595e+00
9.991523215622084564e-01
9.992333243601091430e-01
1.001981691116516693e+00
9.953512396618189317e-01
1.001164565055735034e+00
1.001755139199169475e+00
9.947360757298744360e-01
1.002326072026144876e+00
1.000293059317523214e+00
1.001394797087891808e+00
1.000801760392516782e+00
9.990842240583390765e-01
9.999508653301406591e-01
1.001357998712596231e+00
9.995581797351891229e-01
9.990759919651067689e-01
9.985786996762191503e-01
9.973836031961618165e-01
1.000335742742302969e+00
9.972891337631168973e-01
9.994308263650154567e-01
1.000050685616380219e+00
9.974368590693118986e-01
9.987818109028226976e-01
9.976108443343378873e-01
9.993695163244821211e-01
9.953519561217201161e-01
9.951330195583304450e-01
9.985815623132868746e-01
9.959867698132274239e-01
9.997812587087661074e-01
9.989429721151573682e-01
9.970856202083225872e-01
9.984065250917237844e-01
9.992760477381816830e-01
9.935617556893812097e-01
9.966940669236752370e-01
9.990721047040415081e-01
9.941500668087090986e-01
1.001676738325170568e+00
9.957068920324008143e-01
9.972772544655206239e-01
9.978486739595724409e-01
9.972038884553938720e-01
1.000819869899166159e+00
9.995931523727593637e-01
9.985077285153729498e-01
9.959060068643612595e-01
9.980696807741099574e-01
9.961520426923115012e-01
9.970186704715096049e-01
9.987205483050670685e-01
9.965776423516617966e-01
9.994132226419271126e-01
9.979684588299423398e-01
1.001275127878632265e+00
9.962703305813693788e-01
9.998653524801320858e-01
9.969474284461914415e-01
1.001209413680728133e+00
9.986072991807329879e-01
9.967428167331040534e-01
9.988873095151618031e-01
9.960352677098324170e-01
9.984501752630058347e-01
9.998151682381890559e-01
9.959757216023177318e-01
9.966594847764904674e-01
9.961104447794772998e-01
9.968724668008159817e-01
9.968352631381148798e-01
9.989437548449630055e-01
9.999119273483887405e-01
1.000299196289411219e+00
9.972629496288067941e-01
9.992813887618301472e-01
9.970249418568132294e-01
9.987809497364930067e-01
9.976298529441268714e-01
9.988109733300455373e-01
9.987079717540823243e-01
9.981243377354898083e-01
9.991618731624772876e-01
9.974979261718185386e-01
9.990264598902632853e-01
9.982796715526142117e-01
9.989405759181813060e-01
9.986521986284060404e-01
9.975902311970182845e-01
9.987879816523144161e-01
9.981606723104902157e-01
9.996828849578789367e-01
9.990300918173136147e-01
1.000121968796117367e+00
9.961242369278306974e-01
9.987014056666291273e-01
1.000163963800305700e+00
1.000420518527784353e+00
9.983871822639890370e-01
9.977752371915592500e-01
9.988787591038301716e-01
1.001401228187186021e+00
1.000224278543534018e+00
1.001540166619419914e+00
9.990148715890970754e-01
9.984074190663992932e-01
1.001313717634818801e+00
9.987963915360367206e-01
1.001042765141284097e+00
9.975935170534608876e-01
9.999969012527950563e-01
9.994991592792954460e-01
1.001442089529498425e+00
9.991353556870570252e-01
1.000227785219499843e+00
1.000108545095633072e+00
1.000965678621421384e+00
9.979676677525560757e-01
9.975164748309957030e-01
9.986482458014779295e-01
9.969088787222087911e-01
9.981341352437080872e-01
1.000436269086824481e+00
9.999681491922488563e-01
9.967111945452380439e-01
9.965997292122100726e-01
9.816975068064135446e-01
9.720393372180684555e-01
9.621592090664191632e-01
9.509860470407081046e-01
9.397384299790083606e-01
9.290069442425961110e-01
9.184439962311031769e-01
9.074811557499978809e-01
8.969201177309152895e-01
8.849323000427079533e-01
8.758761783087261055e-01
8.657551128620292191e-01
8.532153042616880123e-01
8.433682700833151635e-01
8.347060978109797080e-01
