0.000000000000000000e+00
0.000000000000000000e+00
0.000000000000000000e+00
0.000000000000000000e+00
0.000000000000000000e+00
0.000000000000000000e+00
0.000000000000000000e+00
0.000000000000000000e+00
0.000000000000000000e+00
0.000000000000000000e+00
0.000000000000000000e+00
0.000000000000000000e+00
0.000000000000000000e+00
0.000000000000000000e+00
0.000000000000000000e+00
0.000000000000000000e+00
0.000000000000000000e+00
0.000000000000000000e+00
0.000000000000000000e+00
0.000000000000000000e+00
0.000000000000000000e+00
0.000000000000000000e+00
0.000000000000000000e+00
0.000000000000000000e+00
0.000000000000000000e+00
3.157258385155172105e-04
2.558061091959194788e-02
4.900158242633367855e-01
1.733189363045335663e+00
2.336528886551948236e+00
1.741454301648817315e+00
1.022048605141675059e+00
5.907120846191643571e-01
3.868405283904396974e-01
3.148903718924275785e-01
2.955275681703282697e-01
2.985127375276684925e-01
3.076985521009723556e-01
2.915763972423308648e-01
2.794351397327711761e-01
2.785746723034691619e-01
3.069176253386403097e-01
3.654510558561048783e-01
4.477988453170613226e-01
5.634137951301905201e-01
7.173884021915627462e-01
8.709386079198849773e-01
1.029577528322927371e+00
1.155630142885091916e+00
1.270633869649831382e+00
1.358443247281960531e+00
1.428399581321988965e+00
1.488887950711479391e+00
1.494329860559592493e+00
1.461633105190281334e+00
1.376475483279833822e+00
1.271035890562326243e+00
1.166103973258074689e+00
1.082031687530042419e+00
1.002846942838177657e+00
9.592555311623711667e-01
9.193030865671413254e-01
8.944314851416251821e-01
8.973404255275394537e-01
8.938413508775524541e-01
8.960464874679722191e-01
9.020336943857408807e-01
9.170092637789800660e-01
9.327451417828684921e-01
9.421225141399742764e-01
9.651375960686443545e-01
9.873891648951671485e-01
9.935229612368560170e-01
1.005781954643368836e+00
1.017824532817939609e+00
1.025980818289396135e+00
1.028611619903718744e+00
1.028680592705731867e+00
1.022231432530940509e+00
1.021009564120898272e+00
1.004323916678173001e+00
1.000123092461226104e+00
9.906861101617845389e-01
9.922634958500391456e-01
9.779034424100142564e-01
9.701751650022503171e-01
9.605924528260717521e-01
9.764945888669379626e-01
9.699664257104974041e-01
9.699184077650310210e-01
9.764043917234999093e-01
9.762333118120561926e-01
9.904435849677752923e-01
9.913192790145587407e-01
9.970290356823454658e-01
9.997958095997192540e-01
1.002487925715897399e+00
9.999460539378316470e-01
1.009045499720154337e+00
1.002968065580163382e+00
1.004544622200141291e+00
1.000961831477809039e+00
1.005183300875099217e+00
1.001407758403487724e+00
9.984662533195778344e-01
9.998832075954311449e-01
9.989350125942298986e-01
9.874904431794544468e-01
9.951678295912556038e-01
9.895237970957254658e-01
9.901504128904881075e-01
9.887870100062643441e-01
9.909575234855531045e-01
9.948667936306598847e-01
9.919815816040203904e-01
9.937718797569280449e-01
9.898632038254782106e-01
9.920777408637876382e-01
9.939233276959569263e-01
9.983218992461359020e-01
1.000705935567798077e+00
9.992393924271836259e-01
9.975982320432530415e-01
9.960270655092758885e-01
9.972850888908385558e-01
9.979334626303313360e-01
1.000258784859140437e+00
1.001346644078552117e+00
9.958570612188597515e-01
9.944083369501326430e-01
9.952499801675865898e-01
9.960104774512981152e-01
9.920969388006924961e-01
9.941274068741161596e-01
9.936215362781392058e-01
9.959969808622666232e-01
9.934413145790560451e-01
9.977125952632797112e-01
9.955276767491130219e-01
9.922369888288856687e-01
9.966878303880506440e-01
9.962840975978479729e-01
9.951261350988505061e-01
9.989588937794454671e-01
9.977377669527628390e-01
9.947778275601150133e-01
9.955747947623507788e-01
1.001057782553322006e+00
9.986357613513163756e-01
1.000299820511441951e+00
9.981285364849128428e-01
9.993937258484946184e-01
9.945098866264332482e-01
9.995979070444280801e-01
1.000037088823887865e+00
9.958351386853770970e-01
9.941777691906610315e-01
9.987272181361694923e-01
9.970390716704408129e-01
9.972314578758961767e-01
9.969271808172378568e-01
9.950424738536607361e-01
9.997922626465229889e-01
9.981225903286651269e-01
9.939952148117616737e-01
9.957640396313797160e-01
9.971299313927481922e-01
9.983630455783381041e-01
9.980033725420889290e-01
9.956673481572412276e-01
9.965063010241076435e-01
9.965180551746557480e-01
9.983739374028064439e-01
9.970446911151924496e-01
9.999182379097812934e-01
9.994718674090924404e-01
9.960910937024993750e-01
1.000383589159403508e+00
9.961401878825896228e-01
9.959787692090228406e-01
9.991125262982345490e-01
9.982743450719067102e-01
9.977643774916044039e-01
9.970171709148626382e-01
9.965321072074457831e-01
9.973331544231224255e-01
9.971506734001832628e-01
9.956917741476984940e-01
9.975881036781316658e-01
9.976479954673346251e-01
9.960193509850906457e-01
9.950896942769054121e-01
9.969763631138366389e-01
9.980005019332574001e-01
9.960227475390883711e-01
9.960853096139057339e-01
9.969325410300257095e-01
9.964535019051072862e-01
9.978120679322667330e-01
9.980667636588180791e-01
1.000457907295759119e+00
9.973769207598757180e-01
9.993726334138000045e-01
9.998506309905167422e-01
9.955188782124121394e-01
9.934239730457586903e-01
9.979171346965221012e-01
9.978999864646138640e-01
9.974523179680666596e-01
9.979688352861847411e-01
9.960533792688591737e-01
9.990271083077681968e-01
9.972560899006072122e-01
9.960351545570982346e-01
9.987541679308450382e-01
9.992599169141765936e-01
9.955412447070650650e-01
9.970570033798702436e-01
9.993656693997502449e-01
9.989764578077693358e-01
9.975227528524459597e-01
9.974083730832580263e-01
9.998023052022274593e-01
1.000027496278731665e+00
9.970863481843742493e-01
1.001710759167860676e+00
9.980281192498500209e-01
9.992113456794028403e-01
9.992384965574034883e-01
9.994981680099875865e-01
9.977389898259994006e-01
9.990895853451301489e-01
9.985055745577247066e-01
9.970343840385517131e-01
9.998029360458030590e-01
9.999544308566548079e-01
1.000713712604067052e+00
1.000474701052158411e+00
1.002567040018079725e+00
9.996103997145188158e-01
9.996518509708788303e-01
9.986092125961787414e-01
1.000337765690705538e+00
9.995473269296121233e-01
9.985886343409752230e-01
9.973653706904140881e-01
9.991669336111954625e-01
9.989577273559012704e-01
9.986131210922246648e-01
1.000620086269455200e+00
9.965948809900172511e-01
9.989010971790225346e-01
9.984681873278299369e-01
9.994759775606725238e-01
9.989725521288544963e-01
9.969098865648272634e-01
9.978777278048945876e-01
9.980975560652649570e-01
9.996253696812890110e-01
9.955522078470677716e-01
9.999613590235237881e-01
9.984039308854394390e-01
9.983176564700402267e-01
1.001218821149107319e+00
9.952209240417964065e-01
9.830207515433894150e-01
9.716359249640743601e-01
9.629473519126139358e-01
9.495363193923376244e-01
9.390778207144770962e-01
9.309042635729306570e-01
9.188616335038084504e-01
9.090276216244564944e-01
8.988994918963006953e-01
8.860796626721527680e-01
8.744025828965545921e-01
8.661568825839902619e-01
8.560819990882951869e-01
8.443317392103246721e-01
8.369551122961219614e-01
