0.000000000000000000e+00
0.000000000000000000e+00
0.000000000000000000e+00
0.000000000000000000e+00
0.000000000000000000e+00
0.000000000000000000e+00
0.000000000000000000e+00
0.000000000000000000e+00
0.000000000000000000e+00
0.000000000000000000e+00
0.000000000000000000e+00
0.000000000000000000e+00
0.000000000000000000e+00
0.000000000000000000e+00
0.000000000000000000e+00
0.000000000000000000e+00
0.000000000000000000e+00
0.000000000000000000e+00
0.000000000000000000e+00
0.000000000000000000e+00
0.000000000000000000e+00
0.000000000000000000e+00
0.000000000000000000e+00
0.000000000000000000e+00
0.000000000000000000e+00
0.000000000000000000e+00
2.265875750002405153e-02
4.791915359772067617e-01
1.772116988838251084e+00
2.318767478397686599e+00
1.769280930424965925e+00
1.046333431051923002e+00
5.902689939130907337e-01
3.855878951330294901e-01
3.082716783693299489e-01
2.918017103381717603e-01
3.030810108753854148e-01
3.034865356145439175e-01
3.004632407552245699e-01
2.791264241951604275e-01
2.854799658628051628e-01
3.031247687710737493e-01
3.554738474979334817e-01
4.412663465976405242e-01
5.596699938180098588e-01
7.053401563235146554e-01
8.613156011609013341e-01
1.020733600563119348e+00
1.156194155765784215e+00
1.267332155011998918e+00
1.355280987177822416e+00
1.425909738722860975e+00
1.474766887024282713e+00
1.500966634401575739e+00
1.449952398159860767e+00
1.375975459109926025e+00
1.268619556237128521e+00
1.162462297407226730e+00
1.071640146990928688e+00
1.004688774891233649e+00
9.606715577920843518e-01
9.230886787180011543e-01
9.076643107183433035e-01
8.914984082248887942e-01
8.992861690646958284e-01
9.050377195172002454e-01
9.088087446402756120e-01
9.293792323366050212e-01
9.312155794533276687e-01
9.532437557686505025e-01
9.639889191077414266e-01
9.765557851063625394e-01
1.003967017156592201e+00
1.017181916159928923e+00
1.015845133671278155e+00
1.030738270903347908e+00
1.028230166554282343e+00
1.038344891388888191e+00
1.029969734577785845e+00
1.027711468822969598e+00
1.020018495711682904e+00
1.002406064428700727e+00
9.959169778664369588e-01
9.931159875909437718e-01
9.837116686583253777e-01
9.812565972766654765e-01
9.798040851963503162e-01
9.733605094620912945e-01
9.734581942305475799e-01
9.786917840602691321e-01
9.757231437958818754e-01
9.925283038284703485e-01
9.922554088035182573e-01
9.966056389019078976e-01
9.971704041260641693e-01
1.005508340299268832e+00
1.010774533985737023e+00
1.006347611440154832e+00
1.005764236533859490e+00
1.009709087202353306e+00
1.009618787810350193e+00
1.009605090388282500e+00
1.010142426773422697e+00
1.007470695069778266e+00
1.005665321876834328e+00
1.000961264765450442e+00
9.921280066902677941e-01
1.001119716933611015e+00
9.925887826301034167e-01
9.925583723665183378e-01
9.961923579929062855e-01
9.897424457717385327e-01
9.957588946409545727e-01
9.910656500044241479e-01
9.956403383612015823e-01
9.906192881305274645e-01
9.946100709094874981e-01
9.956598025079488323e-01
9.982361780442228216e-01
9.938073668829363605e-01
9.996543259224078826e-01
1.000494277905426888e+00
9.995726928016073209e-01
1.005112848797554026e+00
1.000437557570538649e+00
1.002855793975015564e+00
9.994075024975118682e-01
9.992783047341101677e-01
1.002234248475658562e+00
9.966232962755803282e-01
9.987947761839540695e-01
9.974068240576327016e-01
9.981749536622223085e-01
9.925289501614769083e-01
9.995507512764355562e-01
9.979146528819894391e-01
1.000952435077159253e+00
9.959549512551997275e-01
9.973020090113964287e-01
9.975743865075824557e-01
9.947317731733922308e-01
9.954641895541079810e-01
9.956483775323297092e-01
9.963789311067019483e-01
9.995656151462828376e-01
1.003628111438466197e+00
9.950491044766844873e-01
9.989502240095226027e-01
9.997790962322453678e-01
9.968444750921496844e-01
1.001364945369372039e+00
9.956327300898463184e-01
9.953899907285339577e-01
1.001391661440949710e+00
9.963418470543995431e-01
9.984720550614974988e-01
9.984754487485392183e-01
9.962087762045335193e-01
9.984315090797661885e-01
9.978607940319482728e-01
9.996141291491298375e-01
9.983307704721405829e-01
1.001540629811153327e+00
9.995239403747342433e-01
9.953839518686352639e-01
9.971108039444801507e-01
1.001424369777703216e+00
1.001688787714461570e+00
9.976889022589030542e-01
9.934239379522523672e-01
9.953848975457434411e-01
1.000018317384121058e+00
9.980979327609246221e-01
9.968237565180348980e-01
9.961335505549318015e-01
1.001384489177682413e+00
9.995481700917868695e-01
1.000694107946705103e+00
9.966378581535716430e-01
9.972332817520148662e-01
9.965663199479148915e-01
9.987083584456835084e-01
9.969089475886248053e-01
9.986811976568641391e-01
9.970719625470226832e-01
9.971191260648261112e-01
9.965323449607510486e-01
9.979631343377598496e-01
1.001307090907926023e+00
9.988183191679902428e-01
1.000278814003428218e+00
9.982919881815665031e-01
9.958157970885571642e-01
9.999129149981511588e-01
9.978591521491974037e-01
9.977022461065512271e-01
9.983849526419225073e-01
9.959467717338316151e-01
9.959719223298170165e-01
9.988099354397270702e-01
9.971260839251840924e-01
9.962507311095276652e-01
9.977426180917081666e-01
1.000607492308515756e+00
9.980044690091356419e-01
9.978917331484965514e-01
9.974382175268956541e-01
9.972976026873421329e-01
9.973664983211645296e-01
9.982401279185696419e-01
9.979330247732760562e-01
9.979153021017760361e-01
9.955914033785585593e-01
9.962966736021356962e-01
9.989025505401057936e-01
9.978556418177693121e-01
9.980887195651579891e-01
9.951456990180017614e-01
9.993543558230174595e-01
9.951429135084147726e-01
9.982645809414663063e-01
9.944129425591888838e-01
9.967018332809716163e-01
9.966306215477619412e-01
9.969122493203149693e-01
9.986781387433186774e-01
9.979204626287843105e-01
9.985161849249798438e-01
9.987329189302018850e-01
1.000389445952027723e+00
9.984259432013740110e-01
9.968593578735268634e-01
9.973605965348506519e-01
9.953592553639344365e-01
9.995282490049482993e-01
9.960912717586589693e-01
9.963312974787152942e-01
9.990038063111795763e-01
9.984847856059750892e-01
9.975941261706253727e-01
9.983824713024856967e-01
9.981447907242438911e-01
9.975575648353748326e-01
9.982917549702459148e-01
9.962515233143116600e-01
9.982929430977972585e-01
9.987832531810038050e-01
9.956277970030288360e-01
9.973505354027805136e-01
9.999126038750528744e-01
9.977471168177424188e-01
9.959414890174462798e-01
9.976469263635527884e-01
9.964106888512209714e-01
1.000172125101117304e+00
9.974132041505927582e-01
9.979673424255112169e-01
9.965550042819486531e-01
9.975975814110342732e-01
9.987286913010186007e-01
9.974694668477065429e-01
9.988893098544155968e-01
9.983826871514785983e-01
9.956753343684185964e-01
9.922509284839717836e-01
9.836776449392687915e-01
9.720895565704354979e-01
9.612983416827325378e-01
9.481255568605230222e-01
9.373733333982152693e-01
9.272660578665585795e-01
9.176580570264396552e-01
9.059771127859219675e-01
8.956706015408703037e-01
8.851779242910042811e-01
8.755130628570904072e-01
8.636507219412836722e-01
8.518016614839672984e-01
8.437007334713902962e-01
8.329455928921924990e-01
