0.000000000000000000e+00
0.000000000000000000e+00
0.000000000000000000e+00
0.000000000000000000e+00
0.000000000000000000e+00
0.000000000000000000e+00
0.000000000000000000e+00
0.000000000000000000e+00
0.000000000000000000e+00
0.000000000000000000e+00
0.000000000000000000e+00
0.000000000000000000e+00
0.000000000000000000e+00
0.000000000000000000e+00
0.000000000000000000e+00
0.000000000000000000e+00
0.000000000000000000e+00
0.000000000000000000e+00
0.000000000000000000e+00
0.000000000000000000e+00
0.000000000000000000e+00
0.000000000000000000e+00
0.000000000000000000e+00
0.000000000000000000e+00
0.000000000000000000e+00
0.000000000000000000e+00
2.397048165379534260e-02
4.704262100828746629e-01
1.709904333976116186e+00
2.312370514935263355e+00
1.708743465107033010e+00
1.020920119310714025e+00
5.905605677722277624e-01
3.844268578122489455e-01
3.058062303699223272e-01
2.927310858066035082e-01
3.015672122408211697e-01
3.080352187895455396e-01
2.952199153887015148e-01
2.801331238218848219e-01
2.803013217355255216e-01
3.090350561006013907e-01
3.607005425224011352e-01
4.382643672790653144e-01
5.712929941084782248e-01
7.156365784164845367e-01
8.636899573413612252e-01
1.022612930081976845e+00
1.163204350058404168e+00
1.261970628960620733e+00
1.364235221600413217e+00
1.422927132046461152e+00
1.481786556127930643e+00
1.491072254866882885e+00
1.462500889152845485e+00
1.390912170837842465e+00
1.277511043266868596e+00
1.172392536088015191e+00
1.090270862180739320e+00
1.008727787756504402e+00
9.470238049705888006e-01
9.303732318153639103e-01
9.084872488083884923e-01
8.989126355964814907e-01
8.945733879589903292e-01
8.948873564275202641e-01
9.108643774577361851e-01
9.214534367141611337e-01
9.346939013055604040e-01
9.512592048920035515e-01
9.629834811269896155e-01
9.783628763398937167e-01
9.959704187523692465e-01
1.011789015645746304e+00
1.025295410867542278e+00
1.031180921955637153e+00
1.025236889517668226e+00
1.037524546885150167e+00
1.036830033276327834e+00
1.024066569651155501e+00
1.014227117751196561e+00
1.009411988949167505e+00
1.000835754264998823e+00
9.947193107331632200e-01
9.894441990525144615e-01
9.801823540124879885e-01
9.808227114225426257e-01
9.734952869530426600e-01
9.696674992289974204e-01
9.803632885286961418e-01
9.817290762815923388e-01
9.789758277621718463e-01
9.911563063701641640e-01
9.968173704958835923e-01
9.972476876764766462e-01
1.001515980790673943e+00
1.010034964272057634e+00
1.013103823961292393e+00
1.015364373316578472e+00
1.014302168381475910e+00
1.012349206689377557e+00
1.011083018762394925e+00
1.008393329688543227e+00
1.006672424331127358e+00
1.002792535034167543e+00
1.005481768519577379e+00
9.962275227739953998e-01
1.003424409704044784e+00
1.002627758695430638e+00
9.949891252885132431e-01
9.949775143050392234e-01
9.979521793940057117e-01
9.904932685475748011e-01
9.935640536643333132e-01
9.975201122587361580e-01
9.981589658433167589e-01
9.967305521131358814e-01
9.931835651188735126e-01
1.003306086920939810e+00
1.005519199446276213e+00
9.999705440026200876e-01
9.994673504787121576e-01
1.001385153365305758e+00
9.991929513145813013e-01
1.000392117294225169e+00
1.002384420780969343e+00
1.001950129563135894e+00
1.000989316301866161e+00
9.955230006662509901e-01
9.964715174600154990e-01
1.000583378818120206e+00
1.002650727358273430e+00
1.001366926866702922e+00
9.999455734312533428e-01
9.990741493733854561e-01
1.002961304863644765e+00
9.976142531119494006e-01
9.955087002116487227e-01
9.962709346903660945e-01
1.000380057446361493e+00
9.991598575181684927e-01
9.990327995931740368e-01
1.001475016278004393e+00
9.991511521562057574e-01
1.002173905439699420e+00
9.988467286383218013e-01
1.000438391035837427e+00
1.001220490379432837e+00
1.003813384650308560e+00
1.001695924377054236e+00
1.001512860267030680e+00
9.983089029292659955e-01
9.990178214288857328e-01
1.002455445606309725e+00
9.983152146039906416e-01
9.952086212198617554e-01
9.993882801352772516e-01
9.998147420609128089e-01
9.988147368463382580e-01
1.000940782843502186e+00
9.998361575563534664e-01
1.000685361345227786e+00
9.997780453718821958e-01
9.966483512664715549e-01
1.000015151394286983e+00
9.991466736623263456e-01
9.965235010801269944e-01
1.001952019010330819e+00
9.994120260285477286e-01
1.001839265966777415e+00
1.000613270601328431e+00
9.987299024005498183e-01
9.963605497509594455e-01
9.996947536940875567e-01
9.969674843349205506e-01
9.987733443238971942e-01
9.995583147095220555e-01
9.999070997815978634e-01
1.000021036723061973e+00
9.988405778081994590e-01
1.000529854584337075e+00
9.983726045116094738e-01
1.000005761070895227e+00
1.002263589097250662e+00
1.001015196600467894e+00
1.002014588097358772e+00
9.975105027148946091e-01
1.001527644827848507e+00
1.000269811014182775e+00
9.968501461734632363e-01
1.000733674172892052e+00
1.000770159833850093e+00
1.001184031654925866e+00
1.003156233411646836e+00
9.991982280583212583e-01
1.000175551889135539e+00
9.996004458904912404e-01
1.000014681170711128e+00
1.003053289505846601e+00
1.000943645233744350e+00
1.000981287834288080e+00
1.003307539480244870e+00
1.001656404444670079e+00
1.002824969697518220e+00
1.003107888855103269e+00
1.001317815143046408e+00
1.001496515230042128e+00
9.991862500564430150e-01
1.000189482404003183e+00
1.000351567628616767e+00
1.001948128123355097e+00
1.000192790606921012e+00
9.997150034618959014e-01
9.994094511144293591e-01
1.000177219660786987e+00
9.966525059394576447e-01
1.000151766751090410e+00
9.970217077568185315e-01
1.000381078703807658e+00
9.984904009318187335e-01
1.000534665168337334e+00
9.975509652862578625e-01
1.000952396497779784e+00
9.979380082807289831e-01
9.997687160488649694e-01
1.000058122622051515e+00
9.982504658686136567e-01
9.972748601316657746e-01
9.973397451844423500e-01
9.983576703360337312e-01
9.982616253701726006e-01
1.000577939222655255e+00
1.000656469040011043e+00
9.971027079681960004e-01
9.980831484047991697e-01
9.990313743830433468e-01
9.988010174258676876e-01
1.003740393093497163e+00
9.998291656555143847e-01
9.956599959680945133e-01
1.000138476478499072e+00
9.977781058186611096e-01
9.962342918788580359e-01
9.996492905757646819e-01
9.998379020750628454e-01
9.975904273402101952e-01
9.975883205696806089e-01
9.977765597105980877e-01
9.944169172042146565e-01
9.985178481240460924e-01
9.975436487979435496e-01
9.995898413606291166e-01
9.996676424955838192e-01
9.964367959205407965e-01
9.980977233218049083e-01
1.000194367032237075e+00
1.000007767398656267e+00
9.978942762031193237e-01
1.001819319543736819e+00
9.992259162784284943e-01
9.977318950970995859e-01
9.981274468004674993e-01
1.000517080054533325e+00
9.982436938414634975e-01
9.939232420662865719e-01
9.839686592359224715e-01
9.731566985050289498e-01
9.604257078569855555e-01
9.497750541951709424e-01
9.366791532317023661e-01
9.294689987526276731e-01
9.200040189692223480e-01
9.089661226935927818e-01
8.966128311334027323e-01
8.844041977615701988e-01
8.758883279483482553e-01
8.623337050204465948e-01
8.543035998535873921e-01
8.419789687951850787e-01
8.335640884259319927e-01
