0.000000000000000000e+00
0.000000000000000000e+00
0.000000000000000000e+00
0.000000000000000000e+00
0.000000000000000000e+00
0.000000000000000000e+00
0.000000000000000000e+00
0.000000000000000000e+00
0.000000000000000000e+00
0.000000000000000000e+00
0.000000000000000000e+00
0.000000000000000000e+00
0.000000000000000000e+00
0.000000000000000000e+00
0.000000000000000000e+00
0.000000000000000000e+00
0.000000000000000000e+00
0.000000000000000000e+00
0.000000000000000000e+00
0.000000000000000000e+00
0.000000000000000000e+00
0.000000000000000000e+00
0.000000000000000000e+00
0.000000000000000000e+00
0.000000000000000000e+00
0.000000000000000000e+00
2.689733071816814702e-02
4.763265263943593508e-01
1.767513896690471320e+00
2.354205017657753807e+00
1.754550482359337193e+00
1.064407721642880889e+00
5.871411133806997418e-01
3.891439336911470814e-01
3.157662970253474199e-01
2.923631796416218953e-01
3.013766236966559653e-01
3.126759258719365997e-01
2.909654666228094211e-01
2.861585075130391176e-01
2.824670953124730488e-01
3.071095264271445635e-01
3.526781307746028604e-01
4.381605888252408376e-01
5.659262908508255752e-01
7.071042300150582882e-01
8.724001058765643579e-01
1.031532466512540713e+00
1.161265938250763075e+00
1.280157287403685284e+00
1.356286988031376595e+00
1.451646819536059674e+00
1.483475907928645920e+00
1.492456600426521174e+00
1.468158906106155737e+00
1.389466196085463512e+00
1.281799560319262676e+00
1.174786062989783941e+00
1.090387601128737671e+00
9.998737067803714629e-01
9.526488250745820396e-01
9.189622233006283780e-01
9.072165528594092754e-01
8.958509740281436207e-01
8.949652434323926986e-01
8.958214200109243519e-01
9.073420931624035513e-01
9.152006131115051346e-01
9.375109312104930037e-01
9.554894150774440043e-01
9.713548870344781427e-01
9.908050604705015418e-01
1.000655473968378839e+00
1.005672756542077773e+00
1.029095930635713474e+00
1.033462999473105048e+00
1.033497316224422091e+00
1.034467744235869624e+00
1.027672989598221287e+00
1.022092669469803594e+00
1.021952416222064342e+00
1.012469142020984814e+00
9.977575273562538927e-01
9.964729433481157583e-01
9.888728165634392830e-01
9.789660310426678835e-01
9.834245664965294287e-01
9.829057087253924019e-01
9.829193265655463696e-01
9.823152387496273397e-01
9.817358535777938044e-01
9.899110761259569680e-01
9.976851998498366125e-01
9.966931682404363002e-01
1.002060995925793785e+00
1.007414374468285079e+00
1.010060654371495392e+00
1.016404560779303745e+00
1.015130668005551184e+00
1.014656455214371977e+00
1.009893433059424472e+00
1.007143210261582267e+00
1.012467164278399112e+00
1.005581148628580390e+00
1.006772727381490373e+00
1.005358818915028873e+00
9.985430740796202853e-01
9.968164098349463487e-01
9.955852223252830147e-01
9.946092864464707306e-01
9.943294572525939179e-01
9.938252948338033299e-01
9.888500548567732418e-01
9.981209408367270886e-01
9.934804089748804357e-01
9.957690020801552855e-01
1.001138642438959003e+00
9.967676748875616832e-01
9.990908896645838144e-01
1.003289198675591853e+00
1.008554530655463521e+00
1.007829301115517273e+00
9.969155067163778527e-01
1.001925709819772248e+00
1.000374416320003013e+00
1.000400831628948994e+00
9.992748572006208141e-01
1.000460904256449179e+00
9.972984462960149399e-01
1.004986642122230656e+00
9.985296894901775078e-01
1.000155497249517467e+00
1.000829189846689671e+00
1.000126240034043823e+00
1.001688715447289768e+00
9.969620531027237886e-01
1.000503621105342855e+00
9.968645119771083474e-01
9.999856506798333600e-01
9.972806615474618663e-01
9.996323931106709804e-01
9.941216323423741619e-01
9.975144807872401431e-01
1.002207266757200177e+00
9.978687665200763890e-01
9.990296584130631263e-01
9.989083351997188887e-01
9.976366804321150639e-01
9.961083763442322159e-01
9.983396259170530529e-01
9.987195078791160086e-01
1.001556536004735598e+00
9.971171379647771893e-01
9.968692447737186324e-01
9.993054889613324221e-01
9.996139661630309980e-01
9.997701051180609699e-01
9.964934269026584079e-01
9.997665097940392487e-01
9.963820552295363786e-01
1.001548983650682123e+00
9.990723252260768072e-01
9.986451155500210008e-01
1.000772860462406877e+00
1.001758413765513778e+00
1.002879540385507751e+00
1.001175814143171694e+00
9.987166109781970835e-01
1.002569547506927172e+00
1.000673347821420700e+00
9.994977178468965606e-01
1.002194391667833973e+00
1.003222708509201810e+00
1.001977997757992789e+00
1.000692473180164965e+00
1.000737770125245341e+00
1.002286538467185073e+00
9.980441280278804506e-01
1.002478859082682083e+00
9.991438915198054271e-01
9.990510886734473850e-01
9.990149792441966881e-01
1.001373364156675771e+00
9.975749201531591837e-01
9.966409034867702577e-01
9.952393483733480428e-01
9.961777490928579448e-01
9.995860888040262182e-01
9.967955486427976242e-01
9.970672223161515246e-01
1.000206359430075409e+00
9.979428747995625626e-01
9.980245488802292897e-01
9.992138528532173991e-01
1.000065463092386642e+00
1.000761447891239442e+00
9.980040108269022658e-01
1.000449329439953239e+00
9.968357640518099583e-01
9.963835370791918056e-01
9.985493327903857130e-01
9.990731173528673015e-01
9.977101719708757477e-01
9.964620546857360095e-01
9.952519509817217003e-01
9.963131495015641326e-01
9.989660349696550812e-01
9.966167047228928766e-01
9.970744203308578024e-01
9.974242022597228363e-01
9.954377682682710171e-01
9.965472758513275187e-01
9.996312874223454159e-01
9.946518314136549854e-01
9.975917443134996176e-01
9.955309392104177979e-01
9.969986262586605363e-01
9.994846040039108148e-01
9.975545379642598576e-01
9.974122995897165556e-01
9.965516580738524866e-01
9.992818791637243514e-01
9.986773190667308508e-01
9.998542796688532075e-01
9.987930827165358849e-01
9.977799892244407776e-01
9.972321094237093231e-01
9.996784096731333724e-01
9.991689725170699310e-01
9.972776525414864812e-01
9.991592696196399670e-01
9.994693037720348006e-01
1.000679088993231325e+00
9.971992460452493434e-01
9.968750940227286694e-01
9.979236810589734441e-01
1.001798939095293051e+00
9.976760603215184542e-01
1.001492496248032493e+00
9.984877642931677677e-01
9.975928000731748568e-01
9.985954125950724514e-01
9.977668114155638923e-01
9.999119672654046553e-01
1.000516891015893028e+00
1.000823279287035739e+00
9.980284139383195363e-01
9.968197491464806381e-01
9.992774556343400061e-01
9.984213390825062984e-01
9.994825617745829449e-01
1.000724234131863843e+00
9.983818872751102358e-01
9.985551705690826063e-01
9.985585881597047742e-01
9.981759240874992223e-01
9.993059378367195045e-01
9.984869043438331371e-01
9.998646073951992230e-01
9.998848675557449051e-01
1.000205167510622273e+00
1.000548385913709648e+00
9.994329487457492833e-01
9.979270503089949784e-01
9.936182258709694848e-01
9.873417625860515523e-01
9.709718683520190963e-01
9.613283191175626685e-01
9.502546401620537431e-01
9.403363118647167784e-01
9.299154129675892833e-01
9.205902569720636475e-01
9.064435176844699571e-01
8.974856476178819653e-01
8.849633293549131752e-01
8.778701881700206044e-01
8.651543675303757785e-01
8.550652008093034828e-01
8.442922498509105589e-01
8.360524002151734635e-01
