0.000000000000000000e+00
0.000000000000000000e+00
0.000000000000000000e+00
0.000000000000000000e+00
0.000000000000000000e+00
0.000000000000000000e+00
0.000000000000000000e+00
0.000000000000000000e+00
0.000000000000000000e+00
0.000000000000000000e+00
0.000000000000000000e+00
0.000000000000000000e+00
0.000000000000000000e+00
0.000000000000000000e+00
0.000000000000000000e+00
0.000000000000000000e+00
0.000000000000000000e+00
0.000000000000000000e+00
0.000000000000000000e+00
0.000000000000000000e+00
0.000000000000000000e+00
0.000000000000000000e+00
0.000000000000000000e+00
0.000000000000000000e+00
0.000000000000000000e+00
0.000000000000000000e+00
2.427036860814984348e-02
5.119821931134371784e-01
1.792350301167437987e+00
2.378926905198547548e+00
1.786980576946657351e+00
1.070391118866838687e+00
6.037708060559108247e-01
3.786911273753073570e-01
3.127166323647527779e-01
2.899707090200315807e-01
2.896379382404318248e-01
3.044804055680981336e-01
2.940650322818728624e-01
2.767325078492748891e-01
2.850837619419002711e-01
3.045406335454331481e-01
3.662135331584189246e-01
4.449127094148560557e-01
5.625523932787112047e-01
7.017736172852608867e-01
8.755939105538409484e-01
1.027346217895824587e+00
1.169634730292247848e+00
1.271835030546268674e+00
1.357292253331714438e+00
1.435333784797656387e+00
1.489885699500100857e+00
1.485151359565575202e+00
1.455213023753908486e+00
1.384111874147868404e+00
1.277684146189516978e+00
1.158875380736488880e+00
1.072577934217279871e+00
1.006054784439101457e+00
9.550618777908616019e-01
9.080211207157647957e-01
9.072195351998701973e-01
9.017649073623685840e-01
8.867812026888375332e-01
9.009584383607500691e-01
9.058077684843849342e-01
9.196222249245968872e-01
9.334753130316989500e-01
9.427972237806861999e-01
9.676429114882221239e-01
9.851355603848978015e-01
9.989573047181591336e-01
1.015563850454589634e+00
1.019953779258852666e+00
1.019937377182101201e+00
1.028521814359500519e+00
1.027607314693473661e+00
1.034037192777126135e+00
1.029503611856107836e+00
1.013608404010190478e+00
1.001378633739429036e+00
9.957919390141451998e-01
9.846906081212311035e-01
9.836550614101706724e-01
9.820752063976503354e-01
9.763388783911183255e-01
9.709554516539118385e-01
9.675443472782122578e-01
9.774897579476676812e-01
9.772458190440727055e-01
9.785083360695522314e-01
9.939975510511732670e-01
9.956599011010520694e-01
9.999617843232861958e-01
1.004440300840989009e+00
1.003877061344231603e+00
1.011540138772330621e+00
1.002959371919770915e+00
1.006580094411777537e+00
1.004480694517939199e+00
1.008208702619023844e+00
1.002149525933991647e+00
1.002059166440476323e+00
1.002625595635295408e+00
9.953424147304453795e-01
9.943200299323741165e-01
9.995342957606344614e-01
9.934675208364702748e-01
9.943915247189948348e-01
9.925965757989156923e-01
9.904001567390455785e-01
9.925058750416247966e-01
9.943680072592760988e-01
9.921838933097657520e-01
9.991629124318578414e-01
9.926833632805306395e-01
9.991829624324992665e-01
9.951216204436208468e-01
9.973044628331314554e-01
9.994124466027919373e-01
9.961131510940837153e-01
1.003798093143784653e+00
1.004055611560096484e+00
1.000551623141171964e+00
1.004991821116193673e+00
1.002095650192803111e+00
1.006916907662431138e+00
9.998257958461143069e-01
1.002886880528132130e+00
9.946064423437344093e-01
9.938837333772447824e-01
9.984036954455495216e-01
9.967772720363533567e-01
9.968199283879135564e-01
9.966688584016292207e-01
9.952413196074366697e-01
9.990343862755376447e-01
9.977538671481820387e-01
9.978794552570703358e-01
9.979732185746673645e-01
9.976979780735996117e-01
9.947885492136605556e-01
9.931745168168394367e-01
9.974898138985284213e-01
9.999681508939975982e-01
1.000070884939768812e+00
1.001735576545463413e+00
1.000498934839031628e+00
9.979146076167055845e-01
9.986924124765704791e-01
1.000248622728142633e+00
9.961766709000523523e-01
9.954769288545395334e-01
9.996717868813623786e-01
9.946610518518824717e-01
9.977377150001822681e-01
9.984789123376666131e-01
9.957376312261884133e-01
9.989844009125314894e-01
9.964127816770299573e-01
1.001119375142901058e+00
9.963993613874073674e-01
9.988604876442808145e-01
9.943274751533930367e-01
9.999830194092332869e-01
1.000041914298837042e+00
9.972245657988025869e-01
9.994197945448648479e-01
1.003209536412834835e+00
9.999467589569456250e-01
1.000374920651355914e+00
9.988969977059224403e-01
9.982155143399096264e-01
1.000896714326594772e+00
9.980978725923511652e-01
1.000647846735059687e+00
9.976440400874860837e-01
9.974290494622021219e-01
9.994579211987697498e-01
9.981785179857310952e-01
9.961714303374699098e-01
1.000641239443101904e+00
9.988342277882724662e-01
9.984886454833156177e-01
9.974418929153979763e-01
9.998880534944263321e-01
1.001267389356445214e+00
9.987552104223101912e-01
9.997973887222647571e-01
9.977888198026773070e-01
1.001283760108013121e+00
9.973367623714528563e-01
9.994868420388465236e-01
1.001472231450089012e+00
9.970994473643134404e-01
1.003201766387374683e+00
9.998683754649370092e-01
9.990294586912383812e-01
1.001851679700975550e+00
1.000412093162956539e+00
1.000451401144571539e+00
9.999428153580971479e-01
1.000097612351974918e+00
1.000854707191457083e+00
9.941212862056438837e-01
9.987023139802778671e-01
1.000353937256545755e+00
9.950259426759809900e-01
9.966697233774105547e-01
9.977577229802316872e-01
1.000236022562179805e+00
9.979004659102349573e-01
9.984211774466034139e-01
9.961481680073503986e-01
9.979117946137168182e-01
9.985006454670412035e-01
9.970915889573068736e-01
9.993078103367056819e-01
9.979854009258462000e-01
1.000441081329767501e+00
9.996953982599986466e-01
9.973753200723957102e-01
9.995174740272544378e-01
9.987438570537652271e-01
9.972136051232447507e-01
9.944424078499047859e-01
9.988634785936112426e-01
9.980676097887437592e-01
9.991095211320133451e-01
1.000453373564360815e+00
9.985216235732325973e-01
9.991220037217325434e-01
1.001268829500410629e+00
9.991151002842542095e-01
1.000261180988754495e+00
9.993400482484361413e-01
9.985190814339934828e-01
9.999116005479259384e-01
9.988060621732027800e-01
1.000002887967878618e+00
9.961101791498522262e-01
1.001455111804797848e+00
9.996855685632678457e-01
9.998026246287747831e-01
9.994433305798424705e-01
9.977049762247199860e-01
9.994068946626236682e-01
9.992416208309706782e-01
9.995730938608982097e-01
9.998788912704933418e-01
9.989598741709583285e-01
9.997425336046122935e-01
9.997035905822497792e-01
9.986181546482715277e-01
9.979594910327950208e-01
9.995531896113273307e-01
9.976974119213968262e-01
9.961431084915320922e-01
9.981391111666660931e-01
9.996998923391109404e-01
9.975556482191257901e-01
1.000595028834410982e+00
9.989823124445622593e-01
9.948055333583926130e-01
9.856170720317150025e-01
9.743955339463405974e-01
9.626825158760036194e-01
9.499714437994452032e-01
9.378774233520708048e-01
9.268397249094079138e-01
9.175924661182126574e-01
9.058559585381338319e-01
8.966768288515711838e-01
8.860495095197563620e-01
8.743593170841972295e-01
8.652579252778449526e-01
8.537045059902750310e-01
8.460437475506159544e-01
8.345666247865631826e-01
