0.000000000000000000e+00
0.000000000000000000e+00
0.000000000000000000e+00
0.000000000000000000e+00
0.000000000000000000e+00
0.000000000000000000e+00
0.000000000000000000e+00
0.000000000000000000e+00
0.000000000000000000e+00
0.000000000000000000e+00
0.000000000000000000e+00
0.000000000000000000e+00
0.000000000000000000e+00
0.000000000000000000e+00
0.000000000000000000e+00
0.000000000000000000e+00
0.000000000000000000e+00
0.000000000000000000e+00
0.000000000000000000e+00
0.000000000000000000e+00
0.000000000000000000e+00
0.000000000000000000e+00
0.000000000000000000e+00
0.000000000000000000e+00
0.000000000000000000e+00
0.000000000000000000e+00
2.500103826400049134e-02
5.049148600051648339e-01
1.809641847060837083e+00
2.431394577864025575e+00
1.874591375738385191e+00
1.082689339697113784e+00
6.197041719800884252e-01
4.029309835371254200e-01
3.237540308402162004e-01
2.945290213060239304e-01
3.046625944176707401e-01
3.166695951033181577e-01
3.117944306862278636e-01
2.940363298892851862e-01
2.939061687961720404e-01
3.175928417337217646e-01
3.604666348452120195e-01
4.576038567631844356e-01
5.822479920093720507e-01
7.206602285054336532e-01
8.851261678472548411e-01
1.041120572228742436e+00
1.172891545802233981e+00
1.285896975618315174e+00
1.372008738998880428e+00
1.434615932368985547e+00
1.509645815885583664e+00
1.502062376176939162e+00
1.455848578198420507e+00
1.368490604272827316e+00
1.278212287194486318e+00
1.171529666017843585e+00
1.071962166972300068e+00
1.005169948665456836e+00
9.536733002503281487e-01
9.274190031750416674e-01
9.042884481556090481e-01
8.984157684994361626e-01
8.985908263663585638e-01
8.932624711146626151e-01
9.023812513586059181e-01
9.230118162354116196e-01
9.356718961187542316e-01
9.477791349219604200e-01
9.662652370067222884e-01
9.874912643926282430e-01
1.002420000326523342e+00
1.007090687107347060e+00
1.023305978413335149e+00
1.024047621424146071e+00
1.032647613710613532e+00
1.032772393357390017e+00
1.025640453315874057e+00
1.024598302084866353e+00
1.016144720926383638e+00
1.004084796422936243e+00
1.000197759795510066e+00
9.885347986571948464e-01
9.877392422330686372e-01
9.774255035114639556e-01
9.755149108223819532e-01
9.858148496068033229e-01
9.698376212655386297e-01
9.756679851675490456e-01
9.864464382621401795e-01
9.881831819860221744e-01
9.935029778126525102e-01
9.966789627505301397e-01
9.997861863261088278e-01
1.006970117871442971e+00
1.010301993502362050e+00
1.011147289581387332e+00
1.013443532733466768e+00
1.011460881152865143e+00
1.012304344289523650e+00
1.012948277176662470e+00
1.009640989393238986e+00
1.006118412639976700e+00
1.006071263320138076e+00
9.988151581838511373e-01
9.991127489558775387e-01
9.991642589755937998e-01
9.989394692466154746e-01
9.979310237174134901e-01
9.955086198135956188e-01
9.943337063905826056e-01
9.927023093971028000e-01
9.962585283704404882e-01
9.939708246726408625e-01
9.940065059373821565e-01
9.960204666558730713e-01
9.995625408646040544e-01
9.984635088131763592e-01
9.997850295342760596e-01
9.990796042691829637e-01
1.004716885162121542e+00
9.995477549157507635e-01
1.001549949001059980e+00
9.981256146876551494e-01
9.982163874148981542e-01
1.003447787743968034e+00
1.001217255527244498e+00
9.998173961458954873e-01
9.972268210194874527e-01
9.952792645103043512e-01
9.946114714200353646e-01
9.991669965650397112e-01
9.963305806874893644e-01
1.000852493491936501e+00
9.955469236187832749e-01
9.916500670232936132e-01
9.965594339390362322e-01
9.963100065642120917e-01
9.991206983732164870e-01
9.967726248671239242e-01
1.001237442700849911e+00
1.002849675556062525e+00
9.972240290662692797e-01
9.991275987943780690e-01
1.000191200033294869e+00
1.001147108200966196e+00
1.000238927002214506e+00
9.996554667003730854e-01
9.997101791538880455e-01
9.994076991420332012e-01
9.974154924552299795e-01
9.987715707524768005e-01
9.997332110678838202e-01
9.956651323951752897e-01
9.967570768665607872e-01
9.963102482203536336e-01
1.000819660714895587e+00
9.972640157012574447e-01
9.992684803533957716e-01
1.002170159742287403e+00
1.001718900479326102e+00
9.997406846153447102e-01
9.981890360397241979e-01
9.981303581467592112e-01
9.952859790742207835e-01
9.988975611877984884e-01
9.985861239788909050e-01
9.974883680018979959e-01
9.984592095129410927e-01
9.945807336263416953e-01
9.999588053320089820e-01
1.001294535511217276e+00
9.963315910847343471e-01
9.999951920357377233e-01
1.000346983156114256e+00
9.984313492856283778e-01
9.969515457399842351e-01
9.991354186928664838e-01
9.996122165430857409e-01
9.979590609370765364e-01
9.949287276608385078e-01
9.971705274351181369e-01
9.984262353777223487e-01
9.979853645806554541e-01
9.966663587190820461e-01
9.970245564583065656e-01
9.978909104990468792e-01
9.978909797124059233e-01
9.964772216744630651e-01
9.955813457022220092e-01
9.989506743057651184e-01
9.998853922625557944e-01
9.981640691664689369e-01
9.994164015755426789e-01
9.987425305880196502e-01
9.973630729591660415e-01
9.973423416077752401e-01
9.960621937167436490e-01
9.971362847102537286e-01
9.975366261366570564e-01
9.991798450280094945e-01
9.967079033390440213e-01
9.980671035954480352e-01
9.979279997386421019e-01
9.985807775116311014e-01
9.994606938799415197e-01
9.984647884116633065e-01
9.967758587546519111e-01
1.001710965334950521e+00
9.999747869240116493e-01
9.950587430333034389e-01
9.986749465869665388e-01
9.980934504999526835e-01
9.982961905411529280e-01
1.000466511326864261e+00
9.975549866906309182e-01
9.991912048107171040e-01
1.000226650075183965e+00
9.978663779795657884e-01
9.979132123451095460e-01
9.993982347519375642e-01
9.991569691957162824e-01
9.967729553208131144e-01
9.977003781628454027e-01
9.979199325948623356e-01
1.000910913334963626e+00
9.994401063669043905e-01
9.979448501309418074e-01
9.965175798349783509e-01
9.997313807152033993e-01
9.996547268981420542e-01
9.954070049260543840e-01
9.995196257096433667e-01
9.961893396696103187e-01
9.988690433610371011e-01
1.002723635123080825e+00
9.989832589759288783e-01
9.973227509898396903e-01
9.980002049058214197e-01
9.983159241181019938e-01
9.969090303468212122e-01
9.971990755146891150e-01
1.000486646842095428e+00
9.980737437159042935e-01
9.963517754017459094e-01
9.992333022703455692e-01
9.987888109915387114e-01
9.977886498418656602e-01
9.982239992383140637e-01
9.993553520775997345e-01
9.989192938851738646e-01
9.990804639271154697e-01
9.979073190866547538e-01
9.965647754140861680e-01
9.999268531685959749e-01
9.977421661227997562e-01
1.000632982047966912e+00
9.961761810715236143e-01
9.955032832409014265e-01
9.983461157318642698e-01
9.991763319590519776e-01
9.971827313714364260e-01
1.000047314966868051e+00
9.938090608094084510e-01
9.811902609243398077e-01
9.719682357622979607e-01
9.611544973332947217e-01
9.484648375722742886e-01
9.406715123657167776e-01
9.273678719895729339e-01
9.197619511503489775e-01
9.079556925584044702e-01
8.968970853806500498e-01
8.864644619627501942e-01
8.775921091344787150e-01
8.657140229296451661e-01
8.564042740633470707e-01
8.441329086632175516e-01
8.342836478009160173e-01
