0.000000000000000000e+00
0.000000000000000000e+00
0.000000000000000000e+00
0.000000000000000000e+00
0.000000000000000000e+00
0.000000000000000000e+00
0.000000000000000000e+00
0.000000000000000000e+00
0.000000000000000000e+00
0.000000000000000000e+00
0.000000000000000000e+00
0.000000000000000000e+00
0.000000000000000000e+00
0.000000000000000000e+00
0.000000000000000000e+00
0.000000000000000000e+00
0.000000000000000000e+00
0.000000000000000000e+00
0.000000000000000000e+00
0.000000000000000000e+00
0.000000000000000000e+00
0.000000000000000000e+00
0.000000000000000000e+00
0.000000000000000000e+00
0.000000000000000000e+00
0.000000000000000000e+00
2.660797359101561496e-02
4.896847676641821190e-01
1.732321355031819943e+00
2.340195695866114978e+00
1.779140104462678007e+00
1.064424479000076307e+00
5.893459148552162574e-01
3.996174661569579789e-01
3.097636859182564262e-01
2.906038612245954722e-01
2.940892611210138563e-01
3.065782195353529138e-01
2.867036654845732113e-01
2.885598509784035870e-01
2.726713161935638841e-01
2.976651922267230521e-01
3.493641625108587778e-01
4.497133671754013351e-01
5.583164744865841689e-01
7.067377402701403577e-01
8.592501922244347723e-01
1.000021455949827276e+00
1.149655243241793912e+00
1.266180140524388431e+00
1.341543542301635306e+00
1.447165243484612285e+00
1.499997190848891160e+00
1.499979074487161057e+00
1.473060604304176735e+00
1.386023083233763442e+00
1.280850756326329387e+00
1.163831984875066672e+00
1.072569107969033597e+00
1.001958836116743079e+00
9.504842235347022994e-01
9.208848822341526574e-01
9.009579635453941471e-01
8.933802970400299692e-01
8.915863707870059773e-01
8.963773297940128559e-01
9.007112470339836419e-01
9.121940833558154216e-01
9.179445553166989402e-01
9.421415182255008514e-01
9.584291110879921138e-01
9.714147698667889852e-01
1.001628017994599551e+00
1.004931059444893027e+00
1.026955209031847449e+00
1.026032332565053107e+00
1.034807118356975586e+00
1.034823925345617068e+00
1.031604768321718879e+00
1.022029415037845279e+00
1.020784423242921957e+00
1.003617664676746957e+00
9.986999520984313206e-01
9.924325694408820953e-01
9.901636918201656146e-01
9.802424116055590275e-01
9.750411595454622216e-01
9.706115092976909109e-01
9.731849725139855023e-01
9.782089494723215095e-01
9.872751226556750748e-01
9.841238390242530443e-01
9.932977404842384672e-01
9.972990434426883821e-01
1.000955413314421616e+00
9.978347669351752547e-01
1.004319842772381621e+00
1.010125078233630180e+00
1.014441026449698802e+00
1.012727916399879691e+00
1.005107517436660824e+00
1.008761932386934346e+00
1.005818539535417111e+00
1.006365695596065590e+00
1.001451746589869574e+00
1.005592306710799022e+00
9.982847010772802898e-01
9.944322845462656435e-01
9.996051801518033297e-01
9.977359923804576258e-01
9.976456879084311113e-01
9.927482465260260014e-01
9.897324752875502618e-01
9.966873937516371740e-01
9.940625445771746893e-01
9.981135861365314499e-01
1.000964242618332500e+00
9.957200725551158538e-01
9.990428748909230272e-01
1.003718897160643664e+00
1.003442666801590777e+00
1.007644053710206489e+00
1.001058292862796018e+00
9.998576977369838525e-01
1.002739689389790856e+00
1.002515224607933630e+00
1.002422750008554742e+00
9.996075210566465197e-01
1.002789969896313416e+00
1.000918365704000390e+00
9.996131814863173926e-01
9.969373292337421200e-01
1.000684901283484640e+00
9.995190490107100922e-01
9.995258127394029968e-01
9.970914423054568765e-01
9.963237019749443535e-01
9.963960003482935646e-01
9.980859454613103532e-01
9.985963166576030670e-01
1.000645167314047956e+00
1.001931423336093641e+00
1.001879692759911400e+00
1.000655047879280612e+00
9.967668529436987113e-01
1.001189270971899470e+00
9.942035059494070959e-01
9.985800042715371472e-01
1.000616319418223821e+00
1.001847427330845752e+00
9.973272811953924899e-01
1.002577806963498741e+00
1.003137197015954385e+00
1.003963011219317858e+00
9.978181880126472114e-01
1.000007140251555571e+00
1.002343920896598961e+00
1.000368559363157273e+00
9.985429306615370981e-01
1.000034252902759491e+00
1.004233053513408302e+00
1.000259906711465030e+00
9.976108271702962549e-01
1.000582461965428438e+00
1.000361370279882145e+00
1.000218746263510816e+00
1.001462983081049307e+00
1.000571467439035134e+00
1.001080704834807156e+00
1.000411118797335686e+00
1.000807999882290966e+00
9.976261164400573866e-01
9.996300006566291030e-01
9.995363264769773215e-01
1.000653764938508772e+00
1.002127620704845512e+00
1.002551369770558365e+00
9.993952862580629537e-01
9.960018813832228757e-01
9.972299503206633053e-01
1.000087349042044771e+00
9.968056978654026290e-01
1.000688007871181284e+00
9.988707577291675577e-01
9.963372149068817629e-01
1.002167158752000020e+00
1.002433506356634307e+00
9.994273761871591555e-01
1.001696454021424376e+00
1.005045862411462654e+00
9.973569669046189468e-01
9.990467680030977737e-01
9.984947271341759745e-01
9.945632800314233579e-01
9.975592123217517093e-01
9.987602017859323889e-01
9.963084566670720177e-01
9.998436954457227133e-01
9.997419121754897997e-01
1.000714162857205158e+00
9.973697012570519327e-01
9.992694215221028520e-01
9.973796618885323317e-01
9.967308148817435320e-01
1.000564594925030582e+00
9.996181365941468888e-01
9.981975730445776795e-01
9.955297377992257113e-01
9.995230136166620705e-01
9.979813628464945241e-01
1.002029325221986955e+00
9.978855950367411243e-01
9.979614891562739176e-01
1.001202158455780422e+00
9.985948601775074263e-01
9.976996175865907590e-01
9.988199260856753803e-01
9.998384288125122810e-01
9.978930403149441908e-01
9.986736517799408297e-01
1.001263861360752294e+00
1.002835377755426416e+00
9.969317599519310624e-01
9.989086102425485114e-01
9.987327327278138211e-01
9.990234729017578585e-01
9.991000307894500887e-01
1.000636470520048560e+00
9.988393541584952295e-01
1.000624478705620879e+00
9.991020611413291563e-01
9.979708965046686364e-01
9.997151095904844853e-01
9.995002276206640390e-01
1.000763230945038718e+00
9.990583765492135893e-01
1.000867538144360580e+00
9.976048970433768481e-01
9.995622229566052397e-01
9.990051061382780873e-01
9.992925324599671866e-01
1.000120171432877347e+00
9.994108102632436319e-01
9.992854551111234329e-01
9.980363084792366335e-01
9.991457922380356793e-01
9.987055575251592154e-01
9.984945879625735099e-01
9.955360446199980062e-01
9.981728838028463002e-01
1.000613247967782060e+00
9.987691469199123651e-01
9.989923035440130272e-01
9.994844471313424350e-01
9.999824116423265963e-01
9.975494096424805113e-01
9.975366579870991179e-01
9.968358759406601433e-01
1.000655189583091520e+00
9.974087256527417455e-01
9.974947005694826396e-01
9.972874201282690976e-01
9.977740734782768461e-01
9.967738819135728567e-01
9.927867407698781621e-01
9.826405281490887544e-01
9.718318810176572731e-01
9.626982236239849389e-01
9.473524777970290245e-01
9.374708726540110781e-01
9.262890928534871504e-01
9.147977761478652825e-01
9.052571626144525485e-01
8.956639017514864687e-01
8.830301501023920530e-01
8.754828648327281915e-01
8.604587370860053985e-01
8.510309419244946882e-01
8.439613429937465883e-01
8.320302109891462017e-01
