0.000000000000000000e+00
0.000000000000000000e+00
0.000000000000000000e+00
0.000000000000000000e+00
0.000000000000000000e+00
0.000000000000000000e+00
0.000000000000000000e+00
0.000000000000000000e+00
0.000000000000000000e+00
0.000000000000000000e+00
0.000000000000000000e+00
0.000000000000000000e+00
0.000000000000000000e+00
0.000000000000000000e+00
0.000000000000000000e+00
0.000000000000000000e+00
0.000000000000000000e+00
0.000000000000000000e+00
0.000000000000000000e+00
0.000000000000000000e+00
2.652967824427706589e-05
2.995657818198507738e-02
9.614864856367438817e-01
3.308092411466643679e+00
3.427439058187482512e+00
1.973670075771959631e+00
9.317799110177005240e-01
4.377687053084731716e-01
2.306495016487049854e-01
1.437070909872956714e-01
1.889229764668876044e-01
6.626506570774087779e-01
1.419997156148565587e+00
1.726170825835013467e+00
1.497065452960732790e+00
1.134385322186196809e+00
8.779206965506035631e-01
7.549136903881709104e-01
7.327740951161467731e-01
7.709017679483736174e-01
8.404780109368755747e-01
9.219058543213406454e-01
9.958947423274064903e-01
1.063445271773653333e+00
1.114391267479633241e+00
1.159525080233851924e+00
1.178671949076783632e+00
1.185012229729595967e+00
1.174336085304296562e+00
1.146928951229469362e+00
1.116239963939722468e+00
1.081570374684094116e+00
1.052340138180035911e+00
1.025666462624483133e+00
1.001551025556076446e+00
9.829502186600609370e-01
9.660226710828899721e-01
9.519832029733625856e-01
9.438441316336455555e-01
9.393116063525899229e-01
9.365103318631526896e-01
9.380557608649402468e-01
9.438751111161142182e-01
9.513931571946936394e-01
9.621306804856352146e-01
9.713984097305308207e-01
9.790776216301230184e-01
9.869384907381129057e-01
9.921297497255416875e-01
9.950424328539432262e-01
1.005308260603533288e+00
1.007718489382843474e+00
1.010329091378526556e+00
1.012694894141290547e+00
1.012294130115575230e+00
1.013558439995372762e+00
1.013422202965955199e+00
1.013934807571782670e+00
1.008271093386422512e+00
1.009480677737655263e+00
1.008796452587690462e+00
1.003882982160453574e+00
1.005093082249155056e+00
1.001688893412725045e+00
1.001383666141561379e+00
9.994541017768047153e-01
9.984804857239035769e-01
1.000142563050057776e+00
9.979618691842618849e-01
9.973692181783222477e-01
9.968468857126743243e-01
9.968821904958977687e-01
9.960964923684177963e-01
9.963623834419661485e-01
9.963858813762860311e-01
9.957228415007742806e-01
9.965819499080064148e-01
9.967443008188685560e-01
9.977135534197342226e-01
9.982410636436398477e-01
9.981747443622506211e-01
1.000157275789633093e+00
1.000079587286792693e+00
9.996307805391404511e-01
1.000001322108522217e+00
1.000480827712156406e+00
1.000507998576305235e+00
1.000939020958512282e+00
1.001108470530457373e+00
1.002230595901184573e+00
1.001296200436456507e+00
1.002097828936331814e+00
1.000954207396933526e+00
9.998920651859334319e-01
9.997101912268310242e-01
9.995564628690394304e-01
1.000306597131667141e+00
1.000203600699494544e+00
1.000115655533085679e+00
1.000188468430236455e+00
9.993734931733398996e-01
1.000094214766310774e+00
9.989123758307409950e-01
9.985240048269127255e-01
9.991299625658108807e-01
9.995109474323268239e-01
9.996480927281897744e-01
1.001266919097081320e+00
1.000524369479262043e+00
1.000129439401972409e+00
1.000001972372436709e+00
1.000561043881664114e+00
9.998857692951419462e-01
1.000291857174032906e+00
9.994941624233786293e-01
9.991366355310661307e-01
9.999486709168766696e-01
9.995376574383147972e-01
9.996800743063326555e-01
9.991088603170824589e-01
1.000128060174772626e+00
1.000291383021560954e+00
1.000485627042843051e+00
1.000263508661445977e+00
1.000508175546663825e+00
1.000624778764654055e+00
1.000298937833147050e+00
9.998150856219994997e-01
9.986449225147259190e-01
9.991981837363381747e-01
1.000695045144760931e+00
9.996138679540328420e-01
1.000108539878245884e+00
9.997785746197580536e-01
1.000615979780698162e+00
9.996237423576168624e-01
1.000245791686453778e+00
1.000460420880893375e+00
1.000312151614557443e+00
1.000709396230822001e+00
9.998431715876051618e-01
1.000206365734293001e+00
1.000436777899148977e+00
1.000035062437911959e+00
1.000228077027560003e+00
9.999183804880498183e-01
9.999041561457538974e-01
9.990882584502227548e-01
1.000087817977808546e+00
1.000038521768996214e+00
9.997756151116526935e-01
1.000206820655730189e+00
9.999202165966361022e-01
1.000407437442174308e+00
1.000262850637547940e+00
1.000373022087426733e+00
1.000374246938643852e+00
1.000874880658241706e+00
9.993207989511480038e-01
9.999634800489159980e-01
1.000181325656170017e+00
1.000464846171231548e+00
1.000474862389017838e+00
1.000180005015128826e+00
1.000258937080987787e+00
1.000084246146716538e+00
1.000191768109536472e+00
9.997134115108511354e-01
9.997658678021953405e-01
1.000613175491591900e+00
1.000435839454444142e+00
1.000125525928309944e+00
1.000284342602924204e+00
9.998316123344267448e-01
9.993621103141481221e-01
9.996013080871712919e-01
9.992633201223601880e-01
1.000521598294349168e+00
1.000483235622606770e+00
1.000710567084655667e+00
1.000023402696137209e+00
1.000382523921376166e+00
9.994152859301932423e-01
1.000722482653876533e+00
1.000545009795461349e+00
1.000040121892790790e+00
1.000277618014487890e+00
1.000063042951664372e+00
1.000595724087519178e+00
9.995162424646044652e-01
9.997600989997272869e-01
1.000976877986480496e+00
9.997124776407599889e-01
1.000098200083093580e+00
9.998310125856849639e-01
1.000025635044110350e+00
9.995209503804367568e-01
1.000452170522365014e+00
9.999526211741935899e-01
9.999166210082921502e-01
9.997158290047652995e-01
9.999088329279331999e-01
1.000547568689968081e+00
1.000635143549447603e+00
1.000469938081925969e+00
9.999993331465243385e-01
9.999763285237714960e-01
9.998910613503783074e-01
1.000836112464631444e+00
9.998491305293079057e-01
9.997703094585078665e-01
1.000298594815647757e+00
1.000138226099632766e+00
1.000028886655468296e+00
9.995571271511184408e-01
9.996373823599956632e-01
9.995253307602468551e-01
1.000633308733062332e+00
9.993603888755600018e-01
1.000419910672586843e+00
9.998336505578850897e-01
9.997307960086770917e-01
1.000182243447413688e+00
9.999273525983178867e-01
9.998451820246323507e-01
1.000405384522349284e+00
1.000154366733128075e+00
9.999994343694100785e-01
1.000385144606056764e+00
9.996183260331689135e-01
9.998048894192139713e-01
1.000382204943171205e+00
1.000004888160425764e+00
9.999534259701634564e-01
1.000266326929255989e+00
1.000254501752018355e+00
1.000026690051468714e+00
9.997865347729611996e-01
1.000285552446979365e+00
1.000224908782367583e+00
9.999305511193193885e-01
1.000258996187947114e+00
9.999152351945755912e-01
9.996449570306252808e-01
9.953790928328228871e-01
9.847030695743486106e-01
9.737920205760659531e-01
9.624234861217797476e-01
9.515461767572168661e-01
9.399853980352282923e-01
9.292907957256009155e-01
9.185359859627512114e-01
9.078009458140686716e-01
8.969197350868900465e-01
8.869271677239267682e-01
8.765902680779655842e-01
8.655607249623848976e-01
8.562457620980824524e-01
8.455240804200382376e-01
8.352904355714158013e-01
