0.000000000000000000e+00
0.000000000000000000e+00
0.000000000000000000e+00
0.000000000000000000e+00
0.000000000000000000e+00
0.000000000000000000e+00
0.000000000000000000e+00
0.000000000000000000e+00
0.000000000000000000e+00
0.000000000000000000e+00
0.000000000000000000e+00
0.000000000000000000e+00
0.000000000000000000e+00
0.000000000000000000e+00
0.000000000000000000e+00
0.000000000000000000e+00
0.000000000000000000e+00
0.000000000000000000e+00
0.000000000000000000e+00
0.000000000000000000e+00
1.326177651854389380e-05
3.070925463852488060e-02
9.573011546485550305e-01
3.295782933680539539e+00
3.416898001262739459e+00
1.982291666998095891e+00
9.355332427535797413e-01
4.383751768153799633e-01
2.312001196543159165e-01
1.424826069797605343e-01
1.872915319725501904e-01
6.572790674899997576e-01
1.416793290937206073e+00
1.719245955072252752e+00
1.498850587167236847e+00
1.133712081267435057e+00
8.764000684700450350e-01
7.545848083072680401e-01
7.313977794538050192e-01
7.745642709183291341e-01
8.441818257202641229e-01
9.225312622264603135e-01
9.992692710990048743e-01
1.067482882457266413e+00
1.118511087081639710e+00
1.155899823525661230e+00
1.181248440019640578e+00
1.183377363783930880e+00
1.172865875709351080e+00
1.150679419758448674e+00
1.118087113035233227e+00
1.084513118396888132e+00
1.053110387299265316e+00
1.027248611442711956e+00
1.004253037797213644e+00
9.824391566480975557e-01
9.632519678758212356e-01
9.504112628229864912e-01
9.416113646801074211e-01
9.375957827578622616e-01
9.359682058829669193e-01
9.349697113124092462e-01
9.454637794016111929e-01
9.505901182499452151e-01
9.607803596152948433e-01
9.692070141437776343e-01
9.783284619338642463e-01
9.858285301709190929e-01
9.926978155836622131e-01
9.984906010690020040e-01
1.001945969769820310e+00
1.005363953868375626e+00
1.010942108092435010e+00
1.013953128629072609e+00
1.013476515723563010e+00
1.012720084915770036e+00
1.014834148385807211e+00
1.012976805408359438e+00
1.012469874221328059e+00
1.009010356623281313e+00
1.008142043539005162e+00
1.006322435720040431e+00
1.001245972174837018e+00
1.001817396267900673e+00
9.998479370706072622e-01
9.998341350223878266e-01
9.984756913791502653e-01
1.000149000489451989e+00
9.976488998200292446e-01
9.982224558435728312e-01
9.984495966896282937e-01
9.966613503300918442e-01
9.939192082897029268e-01
9.958906805228529002e-01
9.970659266846301216e-01
9.967514127832980408e-01
9.954342032918535033e-01
9.967803897499480925e-01
9.975866169753008217e-01
9.980753389917299545e-01
9.986396775547675686e-01
1.000017259272724113e+00
9.994279439601659876e-01
1.001334196225190709e+00
1.000713255598203011e+00
1.000562851985693058e+00
1.001292367909649261e+00
1.003017484797362524e+00
1.001190799668353337e+00
1.001875999733164990e+00
1.002202689188009588e+00
1.000841922847634624e+00
1.001210673832440001e+00
1.000285182455191491e+00
1.000809792531303088e+00
1.000804066012540794e+00
1.000881468696905641e+00
9.994074163214134998e-01
1.001331698399397840e+00
9.990484121467477774e-01
9.987484904386427775e-01
9.997228417282952861e-01
9.988329329366579801e-01
1.000718399698948380e+00
9.999814052663266173e-01
9.999073262484486913e-01
9.995872860494153800e-01
1.001174278607348533e+00
9.991789888731686942e-01
9.991872039433972175e-01
1.000714426500388887e+00
9.993938978792996641e-01
9.994380528640772754e-01
9.995160557446962635e-01
1.000808415013961339e+00
1.000341417999587756e+00
1.000819371384989775e+00
1.000627181927118636e+00
1.001099578524346612e+00
9.994255861994698620e-01
1.000531949934791554e+00
1.000599709651639468e+00
1.000845387084396299e+00
1.000109716305886520e+00
9.997864909533740185e-01
1.000747642230170209e+00
1.000645882065622105e+00
9.998432835080395265e-01
1.000520508668410358e+00
1.000066880920295942e+00
1.000720445056160424e+00
1.000608340322953982e+00
1.000145849310057011e+00
1.000779377671239478e+00
1.000569442550385268e+00
1.000768999863612896e+00
1.000440458871048710e+00
9.998732592441349487e-01
9.993332107645219731e-01
1.000102130121217403e+00
1.000391991980398965e+00
1.000358640194273230e+00
9.997821188111747359e-01
1.000052318078618052e+00
1.000926810717159832e+00
9.993071469030571086e-01
1.000659788343354561e+00
9.993950299923419767e-01
9.995999158031101395e-01
1.000101965566742024e+00
1.000169713454868381e+00
1.000653632284061567e+00
9.993735089233360958e-01
1.000633672835415044e+00
1.000186964028263459e+00
1.000820744544280494e+00
1.000431549905542283e+00
1.000083111083621912e+00
1.000191744774481917e+00
1.000336923159442559e+00
1.000146991844478750e+00
1.000783470782462103e+00
1.000710489423879634e+00
9.994466458197270864e-01
1.000047319383826405e+00
1.000402028815142508e+00
1.000364548314257362e+00
1.000313288995175576e+00
1.000807035961991609e+00
9.997505210843211643e-01
9.999153125954590715e-01
1.000279035490407642e+00
1.000168775079295580e+00
1.000801030145443304e+00
1.000711724045608708e+00
9.999978119135967125e-01
1.000633211558599855e+00
1.000134968346851672e+00
1.000219703937888172e+00
1.000081055863505375e+00
1.000012160838534614e+00
9.996942353530251513e-01
1.000142774784592792e+00
1.000654039102558013e+00
1.000128191897432073e+00
1.000844764383703067e+00
1.000068242018172571e+00
1.000970419390724064e+00
1.000386375741696421e+00
1.000255677072011462e+00
1.000619606467367362e+00
1.000472861969859073e+00
1.001011404986755782e+00
1.000649599699533265e+00
1.000390825652923921e+00
1.000422639772882372e+00
9.997384139764923239e-01
1.000386508047198975e+00
1.000316990269295436e+00
1.000729354620458977e+00
1.000371608981219129e+00
1.000126082250844872e+00
1.000222315528972450e+00
1.000161064461019489e+00
1.000182430748741469e+00
9.992751484217926583e-01
9.996200622842944528e-01
1.000564165274502981e+00
1.000474146159556765e+00
1.000249272536673395e+00
1.000273072879363845e+00
1.000148255602668623e+00
1.000221420758374391e+00
1.000511736535415697e+00
1.000378669415732835e+00
1.000106240972765237e+00
1.000229295388462392e+00
9.998435235553561062e-01
1.000312101604643233e+00
1.000066775178790168e+00
9.997074709791753389e-01
1.000703406941751972e+00
1.000338829520855954e+00
1.000346789572133188e+00
1.000495245594961835e+00
1.000212885193242363e+00
1.000053721277982977e+00
1.000211453387486404e+00
9.998947391444800159e-01
1.000478670099751888e+00
1.000141436270771678e+00
1.000179965440550101e+00
1.000062882229290073e+00
9.996692946339360564e-01
1.000197097583010564e+00
9.999243370827681776e-01
9.997646231446083442e-01
1.000227337157075347e+00
1.000632377058379152e+00
1.000043974060433216e+00
1.000472749604204736e+00
1.000525231181435881e+00
1.000384381598758976e+00
9.996838346019011334e-01
9.952705497717484473e-01
9.844742175100993364e-01
9.735216674258921898e-01
9.623684577644959770e-01
9.512803209250054737e-01
9.408384192843526339e-01
9.295456059302438234e-01
9.184178372451003991e-01
9.076017110869808446e-01
8.970844398120737528e-01
8.868218210183681505e-01
8.758374960844602652e-01
8.658618681785560378e-01
8.556682489094750155e-01
8.454282602318967665e-01
8.349772761314380176e-01
