0.000000000000000000e+00
0.000000000000000000e+00
0.000000000000000000e+00
0.000000000000000000e+00
0.000000000000000000e+00
0.000000000000000000e+00
0.000000000000000000e+00
0.000000000000000000e+00
0.000000000000000000e+00
0.000000000000000000e+00
0.000000000000000000e+00
0.000000000000000000e+00
0.000000000000000000e+00
0.000000000000000000e+00
0.000000000000000000e+00
0.000000000000000000e+00
0.000000000000000000e+00
0.000000000000000000e+00
0.000000000000000000e+00
0.000000000000000000e+00
0.000000000000000000e+00
3.054378896360348747e-02
9.588107912100506391e-01
3.293066066361344468e+00
3.411308751768085124e+00
1.974356191639389024e+00
9.276091554680016005e-01
4.394289019898757753e-01
2.300501875841543253e-01
1.410844775224457948e-01
1.882803254052909381e-01
6.599161433690636791e-01
1.411893927392265935e+00
1.719753058177003968e+00
1.493525538822376042e+00
1.134029490879337798e+00
8.773042421347584385e-01
7.556254890315292627e-01
7.375649749246833142e-01
7.764360093164273113e-01
8.479598258511361619e-01
9.238629817228507513e-01
1.000224151809732120e+00
1.065419943348426601e+00
1.119897015348832570e+00
1.155911605126413111e+00
1.180346726042504235e+00
1.182930776836816689e+00
1.170498325651267324e+00
1.147940092390465461e+00
1.113327686231046387e+00
1.084239153439102932e+00
1.049461558027784402e+00
1.026044114717078681e+00
1.003122007639040358e+00
9.823377260715211445e-01
9.638497479478942420e-01
9.477633385712664893e-01
9.423113584419875455e-01
9.374697190880361131e-01
9.356796249045882252e-01
9.381607286000523960e-01
9.442864840679507932e-01
9.519729574653031934e-01
9.597518685498720448e-01
9.725191564716959558e-01
9.791492049895913485e-01
9.866478011527286540e-01
9.940330953614456844e-01
9.993891817873316041e-01
1.004404579422889965e+00
1.008212988204600036e+00
1.010290843880252032e+00
1.011056867770575352e+00
1.014234334040463592e+00
1.013742871668901646e+00
1.013631172058852892e+00
1.012377658561979921e+00
1.011566723633622766e+00
1.008800706328480068e+00
1.007049252982529897e+00
1.006311103664526696e+00
1.003071655956013775e+00
1.001077341491785289e+00
1.001159259754736075e+00
9.998047695309587590e-01
1.000558266810493979e+00
9.982475476378303014e-01
9.974337484394176778e-01
9.969196062552097004e-01
9.965709713605109821e-01
9.964373243007713654e-01
9.966652607165766842e-01
9.954947500882804778e-01
9.976255233158827229e-01
9.961270584874220013e-01
9.962941536468933323e-01
9.958708510925203816e-01
9.993281495091156374e-01
9.979214907808857671e-01
9.996003481158917126e-01
1.001366374772586276e+00
1.000926891384751327e+00
9.996509524790863077e-01
1.001007725832821160e+00
1.001014146857684972e+00
1.000957315734335218e+00
1.001198555406434210e+00
1.001276038131095891e+00
1.002301479840610687e+00
1.001028358570194676e+00
1.001618929055250184e+00
1.001551345931505965e+00
1.000893282373820359e+00
1.000836010135228271e+00
1.000258452259382924e+00
9.998701394487975458e-01
9.995180048084039148e-01
1.001196572549162056e+00
9.995814691383125838e-01
9.989510957070977248e-01
1.000072702090056387e+00
1.001305074971143183e+00
1.000082982979092927e+00
1.001319839525008915e+00
1.001053709590579377e+00
1.001049359992107091e+00
9.995963553904260168e-01
9.999820833398025410e-01
1.000136378419284933e+00
1.000222846466779281e+00
9.995207017990094256e-01
9.999443143956625590e-01
1.000670870088925968e+00
1.000739810670652652e+00
1.000328029611720959e+00
1.000033206502260574e+00
1.000762954798820381e+00
1.001034506095508370e+00
1.000287381221106164e+00
1.001893491235966716e+00
1.000705316888088836e+00
1.001090078533657834e+00
9.995916685422411296e-01
1.001227519783562947e+00
9.994547406079703489e-01
1.000899447824722621e+00
1.001447871250257027e+00
1.000319466208513308e+00
1.000440559409953467e+00
9.998990705059277451e-01
1.000482376920614147e+00
1.000088858319875040e+00
9.996965590123787493e-01
1.000882554980062400e+00
9.999937172207764569e-01
1.000116784741392761e+00
9.999732464492543382e-01
9.998253490455107917e-01
9.996169932910047295e-01
1.000001624924620192e+00
9.999855998618079056e-01
1.000350284516061450e+00
1.000029836258687466e+00
1.000217379160319719e+00
1.000794724770093014e+00
1.000321783832722744e+00
1.000703245028176536e+00
1.001174208334133287e+00
1.000983299351238420e+00
9.998218119697322992e-01
9.997115685714756950e-01
9.998278943822404008e-01
9.997820059768389722e-01
9.998920264189247176e-01
1.001100372986885922e+00
1.000191671362242518e+00
1.000254943061549939e+00
1.000273607795578723e+00
9.999869358409287923e-01
9.998073483419218643e-01
1.000458111235014158e+00
9.997404021324145518e-01
9.991491717100605685e-01
9.998629286205806821e-01
1.000137255034050154e+00
1.000548974827015547e+00
9.999761318367956786e-01
1.000130731442844478e+00
1.000243453845888641e+00
1.000832474858105448e+00
1.000185028382350794e+00
1.000875577266536975e+00
1.000347661226905105e+00
1.000156540763277313e+00
1.000301903616979793e+00
1.000968660501241780e+00
9.998625230932774999e-01
1.000070148763055888e+00
1.000202795337191031e+00
9.998628752208331694e-01
1.000316972367937929e+00
9.995488255137248146e-01
1.000527495675926692e+00
1.000192132949513146e+00
1.000128118495941409e+00
1.000218380528472117e+00
9.999337690878549179e-01
9.999100943352727811e-01
1.000283162557997318e+00
9.998065381532823537e-01
1.000485421969213862e+00
1.000435056766033171e+00
9.997332602181210337e-01
1.000062892534630210e+00
1.000025009782331997e+00
1.000263785794452520e+00
1.000284382395375093e+00
1.000637507624541955e+00
1.000059125507648083e+00
9.999137957234214280e-01
1.000180684532165243e+00
9.999493089284968717e-01
1.000027638227072080e+00
1.000456866109429521e+00
1.000122654294173241e+00
9.996696232108954749e-01
9.998747863803773006e-01
9.998859790502990785e-01
9.999483090462660817e-01
1.000206137363018666e+00
1.000146332523858650e+00
1.000058692571361929e+00
1.000266106456582316e+00
9.995768809988310188e-01
1.000013887247676037e+00
1.000597678386966560e+00
1.000173226373331836e+00
9.995372965409108357e-01
9.998620374695419422e-01
1.000040651579488182e+00
1.000519704263424403e+00
1.000404286026431055e+00
1.000387466688250404e+00
1.000004933745150648e+00
9.997266291128299454e-01
9.997993381883338859e-01
9.998201298233970746e-01
9.999355407412930941e-01
1.000188148614615136e+00
1.000229108199976347e+00
9.992720858486653368e-01
1.000040759547565772e+00
9.998264529999726369e-01
9.999490036953472272e-01
9.995020504183735888e-01
9.996849668140915801e-01
1.000141666807112140e+00
1.000050753695201244e+00
1.000538545871670459e+00
9.996928583540773960e-01
9.999713326276367109e-01
9.998683093742946060e-01
9.996007146651648689e-01
9.950591554325509680e-01
9.841850364508080151e-01
9.730132256994067363e-01
9.613324581507018962e-01
9.508573278259433437e-01
9.399620771103557315e-01
9.283887773982653080e-01
9.182271016425271881e-01
9.071687341420660022e-01
8.970606423484547287e-01
8.860132363864341443e-01
8.761165544701827734e-01
8.656384565252657204e-01
8.551177967409880898e-01
8.449442854995559138e-01
8.346468960378773394e-01
