0.000000000000000000e+00
0.000000000000000000e+00
0.000000000000000000e+00
0.000000000000000000e+00
0.000000000000000000e+00
0.000000000000000000e+00
0.000000000000000000e+00
0.000000000000000000e+00
0.000000000000000000e+00
0.000000000000000000e+00
0.000000000000000000e+00
0.000000000000000000e+00
0.000000000000000000e+00
0.000000000000000000e+00
0.000000000000000000e+00
0.000000000000000000e+00
0.000000000000000000e+00
0.000000000000000000e+00
0.000000000000000000e+00
0.000000000000000000e+00
0.000000000000000000e+00
2.916883111042312821e-02
9.563715970335178174e-01
3.299277280373557719e+00
3.407159257503078020e+00
1.974420528674387887e+00
9.306088716463034594e-01
4.401874430245311109e-01
2.295140720207101415e-01
1.427080396156410191e-01
1.878792788643217637e-01
6.562146711713903180e-01
1.414362814953409098e+00
1.720557971557874266e+00
1.488933576067455133e+00
1.133562906468604359e+00
8.731181147417756971e-01
7.584251661829780611e-01
7.371375935405641844e-01
7.755195901345034448e-01
8.448972254344159216e-01
9.255904217051409422e-01
9.957506535262038438e-01
1.066050314671344479e+00
1.117523487059223886e+00
1.156075749002748232e+00
1.178838300909971881e+00
1.184462613534878805e+00
1.173446051332489359e+00
1.149655313589591943e+00
1.114732635709899222e+00
1.083913834863875936e+00
1.053495381611984305e+00
1.024845196459802654e+00
1.002274384485101866e+00
9.809669093642142679e-01
9.638376844050394743e-01
9.502790482218668178e-01
9.394611169933178019e-01
9.375087317917372154e-01
9.353279156484625156e-01
9.374732746225730162e-01
9.435747098568908475e-01
9.511981729496085114e-01
9.624750893888777137e-01
9.703317302849805426e-01
9.783341770232119039e-01
9.866525407324253649e-01
9.934848054118258220e-01
9.983628568189789609e-01
1.003222499425438619e+00
1.009319050897986347e+00
1.010797864502724686e+00
1.011527950190765024e+00
1.013786387916505216e+00
1.015262996643414573e+00
1.014757998292119989e+00
1.012452970374288386e+00
1.011203660354009770e+00
1.009706135594010012e+00
1.006247329459572404e+00
1.002872273128770475e+00
1.001673981806261438e+00
1.002278401302325817e+00
1.000875648927565642e+00
9.988437323608557739e-01
9.992648451663166398e-01
9.996614764039790657e-01
9.984540852984242765e-01
9.968364034031993448e-01
9.959846570144645916e-01
9.972150961677954673e-01
9.973460174301633785e-01
9.963931895169050312e-01
9.950011680884967014e-01
9.959322051017649446e-01
9.957077777322025369e-01
9.977460379612254071e-01
9.964007756576854780e-01
9.982655526101265053e-01
9.990207611884103223e-01
9.982884775913331010e-01
9.998528390157717105e-01
1.001319493645429271e+00
1.000599061627987618e+00
1.000307906546237691e+00
1.000393339275936322e+00
1.002819233929866050e+00
1.001730419761007296e+00
9.999173944241133150e-01
1.000337800627704832e+00
1.000029432361075221e+00
1.002151616743144791e+00
1.000534860163737605e+00
1.001582480564929600e+00
1.000231616457207151e+00
1.000039131264955028e+00
9.993460728893397427e-01
9.992131584133960853e-01
9.995525522453577727e-01
1.000066757437445109e+00
9.997836674143927294e-01
9.987936072558812883e-01
9.990275394820282706e-01
9.992840838332900377e-01
9.991836960640676502e-01
9.990974465259848669e-01
9.995205980824770631e-01
1.000564875643634943e+00
9.993515618763632036e-01
1.000008155471025173e+00
9.992574315491383752e-01
9.997658820348256370e-01
1.000847077532359908e+00
1.000373668189156406e+00
9.999594083413481105e-01
1.000269988254396614e+00
1.001031052039424551e+00
1.000219470521976017e+00
1.000165853048410769e+00
1.000113240219508981e+00
9.998772817470099605e-01
1.000212711319256709e+00
1.000632304297423891e+00
9.993185268527340348e-01
1.000523746524444091e+00
1.001087957389287242e+00
9.994199177668934286e-01
1.000227837006582465e+00
1.000922036072817045e+00
1.000077052982317971e+00
9.999572131143779075e-01
9.997202221684640122e-01
1.000420718606151116e+00
9.999420092285293826e-01
9.998262725693158881e-01
1.000387298028342808e+00
9.997839835755265581e-01
9.997004964414556438e-01
1.000221356549617191e+00
9.996403545152169334e-01
9.995877864792874767e-01
9.998682587043609127e-01
9.993634716953204711e-01
9.997537703270250597e-01
9.997783703149741852e-01
1.000247882096146901e+00
9.998707287399041244e-01
9.997691808705985173e-01
9.997719523984484047e-01
9.995491974531789392e-01
9.992374826160154155e-01
9.999850351285036743e-01
1.000328248997934821e+00
1.000332652097678965e+00
1.000400148741416251e+00
9.997873609955759688e-01
1.000421852349565155e+00
9.998930268654990794e-01
9.996278941442884314e-01
1.001076377125354355e+00
9.990273763223859183e-01
1.000548394146606013e+00
1.000058456238473781e+00
1.000388818156013437e+00
1.000142961556461652e+00
1.000417361637079727e+00
9.999558756026650785e-01
9.997548935492048816e-01
9.995158019496727109e-01
9.999816615555878752e-01
9.995856579492419236e-01
1.000823752462976168e+00
9.995260360821102141e-01
9.995412930963684106e-01
9.998612987030008892e-01
9.997181871863759506e-01
1.000340077050327681e+00
1.000431815633965993e+00
1.000027983253057640e+00
9.999873557792999801e-01
1.000833185110994394e+00
9.998857544234013295e-01
9.998604616248422117e-01
1.000011665557928087e+00
9.997556199880774930e-01
1.000323358021853126e+00
9.998538371288492321e-01
1.000250992304849706e+00
1.000594259102161931e+00
1.000319450657567888e+00
1.000130964904920594e+00
1.000000233627939661e+00
1.000035980864522278e+00
1.000093751507893813e+00
1.000637742309085532e+00
1.000733086948420114e+00
1.000372973164346480e+00
1.000552144227738305e+00
1.000153689771036358e+00
1.000001294541266850e+00
1.000176306106957735e+00
1.000433227275062231e+00
9.999493250880837625e-01
9.996229207180349352e-01
1.000847830812475081e+00
1.000055730104792096e+00
9.998223408122720590e-01
1.000025807518013510e+00
9.997435369414569006e-01
1.000151471176888185e+00
9.995841475263776976e-01
9.998567929065848015e-01
1.000719198640776186e+00
1.000574446223080782e+00
1.000450943826717065e+00
1.000209225518408962e+00
1.000134260729067526e+00
1.000476219127475641e+00
1.000361919744155337e+00
1.000072659375196960e+00
1.000311440480443181e+00
1.000823226883684969e+00
1.000278642258941808e+00
1.000193840688192282e+00
9.997337779349566578e-01
1.000017747478235020e+00
9.998271035997878808e-01
1.000042457827705400e+00
1.000138060592695721e+00
9.998392089083564249e-01
1.000370087627378224e+00
1.000155122724295076e+00
1.000201815385568960e+00
9.993223455018495072e-01
1.000389311528922853e+00
1.000149113466531459e+00
9.995918903893233898e-01
9.997686206517121255e-01
1.000304113675426487e+00
1.000064941692907050e+00
1.000186270595204263e+00
1.000044204369709977e+00
9.994781111956079211e-01
9.950651737549619513e-01
9.847113681515257122e-01
9.732279447231432234e-01
9.622996763120786889e-01
9.511038646568930055e-01
9.401465113749087887e-01
9.291511009938616672e-01
9.185032664142206427e-01
9.081196789049623685e-01
8.969383663815997387e-01
8.866269442154769420e-01
8.764749679812765537e-01
8.654161797657751176e-01
8.555190122953892917e-01
8.452554660546667264e-01
8.350561226943621351e-01
