0.000000000000000000e+00
0.000000000000000000e+00
0.000000000000000000e+00
0.000000000000000000e+00
0.000000000000000000e+00
0.000000000000000000e+00
0.000000000000000000e+00
0.000000000000000000e+00
0.000000000000000000e+00
0.000000000000000000e+00
0.000000000000000000e+00
0.000000000000000000e+00
0.000000000000000000e+00
0.000000000000000000e+00
0.000000000000000000e+00
0.000000000000000000e+00
0.000000000000000000e+00
0.000000000000000000e+00
0.000000000000000000e+00
0.000000000000000000e+00
5.304868693603698827e-05
3.085485847606528678e-02
9.478724277348501426e-01
3.290804525143754766e+00
3.411679105648900201e+00
1.969484456769234892e+00
9.258619117357161921e-01
4.419555488094057405e-01
2.279199338776695671e-01
1.402642990389383337e-01
1.886093557024883516e-01
6.579109736490009741e-01
1.412217921027167922e+00
1.717677976606076573e+00
1.491383450556152734e+00
1.133383176020560823e+00
8.751918950400897623e-01
7.549362975814056798e-01
7.369326848549495601e-01
7.752197137359182477e-01
8.474422740224383244e-01
9.264782975080504412e-01
9.982034834335055118e-01
1.061852768171777317e+00
1.115721028361223555e+00
1.155654242551368949e+00
1.179530590718180116e+00
1.183597925912764914e+00
1.171661428929123394e+00
1.147478647036439536e+00
1.116050475363616012e+00
1.084688356851793545e+00
1.050906969303438299e+00
1.027179899605390245e+00
1.002149116287547992e+00
9.837587629220675423e-01
9.631357371494687625e-01
9.532653499244700956e-01
9.411572804907011314e-01
9.374300509800321812e-01
9.353320892013314847e-01
9.375974182563339143e-01
9.435140640042952720e-01
9.524101128871389488e-01
9.621154183779423441e-01
9.719475866573566991e-01
9.794593301006513375e-01
9.874606534071040942e-01
9.929151044414022964e-01
9.984037963203160615e-01
1.003214032385142618e+00
1.007006629313947021e+00
1.011004051366624745e+00
1.011743144860036026e+00
1.012575676702808014e+00
1.013874885768837109e+00
1.013069821885824506e+00
1.013803310866988605e+00
1.011245347349116086e+00
1.009287386186188407e+00
1.006769923516642740e+00
1.004208998186422175e+00
1.002062070973171348e+00
1.001999960197094586e+00
9.998449437953120800e-01
9.981710585835810168e-01
1.000426124068831690e+00
9.992759690617847301e-01
9.985469455385719284e-01
9.987066382325370251e-01
9.962435035791216142e-01
9.972470181995836125e-01
9.961808998780173896e-01
9.966938263861946368e-01
9.958915112824422433e-01
9.951240988409071342e-01
9.964641594474068498e-01
9.975917687594914041e-01
9.985597669355096295e-01
9.988725405540518354e-01
9.982345285151209557e-01
1.000248347926140591e+00
9.991436199982182131e-01
1.001060652883353219e+00
1.000403613554397664e+00
1.001350943886923472e+00
1.001084331076611100e+00
1.000768617283953832e+00
1.002128389979348499e+00
1.001408393488335991e+00
9.999781503766291824e-01
1.001131815182213947e+00
9.999385289340136929e-01
1.000189501232801259e+00
1.001091337022584460e+00
1.000724408977402113e+00
9.997879558822937440e-01
1.001136652334946753e+00
9.992404722382021154e-01
9.996992545436357291e-01
1.000100831704259674e+00
1.000335677808485313e+00
1.000865712278033337e+00
1.000201453327710599e+00
9.998508065696586344e-01
1.001117484811051339e+00
1.001212900558009267e+00
1.001333393473994082e+00
1.000114878881818603e+00
9.997840627495716559e-01
9.989773234981431660e-01
1.000335988561206646e+00
1.001278668680320116e+00
1.000561450634418481e+00
9.999295063993348665e-01
1.000941120783625182e+00
1.000249029828545355e+00
9.990954759817508579e-01
1.000368892162651679e+00
1.000189843835792791e+00
1.000771302522616812e+00
1.000440205912285441e+00
9.997601054866317449e-01
9.995369221246396263e-01
9.998250958700932722e-01
1.000057290485894423e+00
1.000197529098383331e+00
9.996365835645979470e-01
1.000504318126687942e+00
1.000779086443407406e+00
1.000562729805986262e+00
9.997628404194045526e-01
9.996063682983203913e-01
1.001030410484474276e+00
1.000591787529765631e+00
9.997159777279364112e-01
9.996930082467219147e-01
1.000386209210182509e+00
9.999365918702296518e-01
9.997221764044207371e-01
1.000054357773727087e+00
1.000196737689249327e+00
1.000167204648656050e+00
1.000425363537909451e+00
1.000188245071447657e+00
1.000437166775600017e+00
1.000536784844979321e+00
1.000448864989599951e+00
1.000131352066916168e+00
9.998711880522388462e-01
1.000268169758367520e+00
9.998770007819597350e-01
9.995825751291691486e-01
1.000489788279777414e+00
9.999820753624247827e-01
9.987212301886888577e-01
1.000353460441391285e+00
9.997542699993267057e-01
9.996751614023088317e-01
9.997540956666812750e-01
1.000932893349779862e+00
1.000813633667904545e+00
1.000173256858990944e+00
1.000125892169850816e+00
9.998735650008020448e-01
1.000022625571069357e+00
1.000189055571347740e+00
1.000204038698670805e+00
1.000132128284968447e+00
1.000023412417183621e+00
9.998111638536876233e-01
1.000067758275430485e+00
1.000244914879592217e+00
9.998174074516575915e-01
1.000249376758907793e+00
1.000029654879266872e+00
9.995473260964131690e-01
1.000865049769252391e+00
1.000157126951420894e+00
9.999860637167126143e-01
1.000664446636468252e+00
9.999759652654404141e-01
9.998554246104904841e-01
1.000324853617034382e+00
1.001183585380668761e+00
9.998691234130571148e-01
9.999865344451668303e-01
1.000466571253277870e+00
1.000630591817080584e+00
1.000184385434707002e+00
1.000293644932740422e+00
1.000552525062783804e+00
1.000371151606104902e+00
9.998106300218294606e-01
1.000026025877023272e+00
9.996477290877401334e-01
9.998892781519191919e-01
9.999806697341413475e-01
1.000615939274442256e+00
1.000349825836912121e+00
9.998563543575309520e-01
9.997394645341787234e-01
1.000179044280032681e+00
1.000288071383441890e+00
1.000462536574515449e+00
1.000315024454547119e+00
1.000216624783843988e+00
1.000690596594747683e+00
9.997556343466885709e-01
9.999858034304884846e-01
1.000379999672075693e+00
9.997874759417365587e-01
1.000233078538570908e+00
9.997570415081249440e-01
1.000397837634974474e+00
1.000029500529679760e+00
9.999330969469069075e-01
9.999818332821429623e-01
1.001025959877044347e+00
9.996734371379535355e-01
9.998128236708819783e-01
9.999574899977538012e-01
1.000384945414074522e+00
1.000204924557344333e+00
9.999346006729069591e-01
9.998016900503619020e-01
9.999850834861132576e-01
9.994262345901393507e-01
1.000483955317845952e+00
9.997542037123268166e-01
9.996333353320961956e-01
1.000613150486294733e+00
1.000350880653798624e+00
1.000171247103272432e+00
1.000493107136179782e+00
9.998405622277938276e-01
1.000310672341251816e+00
9.999351477194248217e-01
9.999515147616756527e-01
1.000288677203482912e+00
9.998046426176954160e-01
1.000263532145657663e+00
9.997691772357546469e-01
1.000094027384853312e+00
9.953527199248733970e-01
9.843012635721133385e-01
9.729536070886743993e-01
9.623137799950648441e-01
9.512652135236564499e-01
9.403697175084468896e-01
9.291689899128742214e-01
9.185587966196075982e-01
9.076962478726664507e-01
8.971509694682310299e-01
8.867583617224983339e-01
8.760841536366377191e-01
8.657401644753698333e-01
8.556828901740204385e-01
8.452920311947622611e-01
8.353009364996057950e-01
