0.000000000000000000e+00
0.000000000000000000e+00
0.000000000000000000e+00
0.000000000000000000e+00
0.000000000000000000e+00
0.000000000000000000e+00
0.000000000000000000e+00
0.000000000000000000e+00
0.000000000000000000e+00
0.000000000000000000e+00
0.000000000000000000e+00
0.000000000000000000e+00
0.000000000000000000e+00
0.000000000000000000e+00
0.000000000000000000e+00
0.000000000000000000e+00
0.000000000000000000e+00
0.000000000000000000e+00
0.000000000000000000e+00
0.000000000000000000e+00
1.326081374549692325e-05
3.065880060302882473e-02
9.588609124179058307e-01
3.286874928976275090e+00
3.425470482297956920e+00
1.986887482168247177e+00
9.342351912864984564e-01
4.384317884277477151e-01
2.293855779354064539e-01
1.433944965605025712e-01
1.884582330045739829e-01
6.571751803530299085e-01
1.414157615545340363e+00
1.721817899950394803e+00
1.500141898545132912e+00
1.131281370909563266e+00
8.788298750422015582e-01
7.550730228583061310e-01
7.374212654982086335e-01
7.734685032357434542e-01
8.440253942850750590e-01
9.203186315254981986e-01
9.991998123438825541e-01
1.066156472660898302e+00
1.116707314869168410e+00
1.157816288177272224e+00
1.176937746447841215e+00
1.184309242930636552e+00
1.171318718587529784e+00
1.147263334816955416e+00
1.114814993216406647e+00
1.082145817553703759e+00
1.051935858779260435e+00
1.025559683319591686e+00
1.001220821105335279e+00
9.829396460740841279e-01
9.650677681869880287e-01
9.499090033584907111e-01
9.424713662518460211e-01
9.399444461153565467e-01
9.368367799273665808e-01
9.404310950753175247e-01
9.430949720129726543e-01
9.515232873641669142e-01
9.600755500621367400e-01
9.715050770670377034e-01
9.793716418594943240e-01
9.883834804893795178e-01
9.939181692326766182e-01
9.984677328954292275e-01
1.004094816071941842e+00
1.007719058436383985e+00
1.012108356238953455e+00
1.011393985667652817e+00
1.013987417441287509e+00
1.013108100058146555e+00
1.014569034608469922e+00
1.013429449727821119e+00
1.011145418323789125e+00
1.007900861231706413e+00
1.006598883998306215e+00
1.004743931062372253e+00
1.003918362844584466e+00
1.003295580304671697e+00
1.001184388586277896e+00
9.996273534948820760e-01
1.000226096387402119e+00
1.000913614817215969e+00
9.986510802259485065e-01
9.968160496444620211e-01
9.984580975486857524e-01
9.983579186118217708e-01
9.977439831873922138e-01
9.981882768134540118e-01
9.961041132705064083e-01
9.973678257708460393e-01
9.963932508283885880e-01
9.981557041732751490e-01
9.979519613537956024e-01
9.985506874348304418e-01
9.986311943876106101e-01
9.988647469862637074e-01
1.000185142328644083e+00
1.000868651661885433e+00
9.994390763585793147e-01
1.001033070126673197e+00
1.002782423662909927e+00
1.000591381851178685e+00
1.002958058133518682e+00
1.001558278763740706e+00
1.002654901494060669e+00
1.001854704955337017e+00
1.001866865104019899e+00
1.001536573049053302e+00
1.001196731860869216e+00
1.000600629947386411e+00
9.998892820228647560e-01
1.001271934340582481e+00
1.000242441107814573e+00
1.000421254761917789e+00
1.001067127816144486e+00
1.000218144599717585e+00
1.000115435522010987e+00
1.000013887262013235e+00
9.999217547217598145e-01
9.998513684424040759e-01
1.000984288223304430e+00
1.000391835378462213e+00
1.000172476610532435e+00
1.001050722815095106e+00
1.000741929655402540e+00
9.995808257221163728e-01
9.999138014721695722e-01
1.000093078216287346e+00
1.000886120443800209e+00
1.000654654942279231e+00
9.999195497884364459e-01
1.000663916960969457e+00
1.000665131625653848e+00
1.000254129189121377e+00
1.000783185380971219e+00
1.000327743260391200e+00
1.000570426208463815e+00
1.000457208313377588e+00
9.997336630089821430e-01
1.001471709471369875e+00
1.000235356119112851e+00
1.000210335660259631e+00
1.000585122319674447e+00
9.999688406357882808e-01
1.001094197737178337e+00
1.000257878769827302e+00
1.000139631108490246e+00
1.000979716503590078e+00
1.000410171399877646e+00
9.997726674519389345e-01
9.998575952330310823e-01
1.000434547158282061e+00
1.000387331577946570e+00
1.000244023437548924e+00
1.000755367024431131e+00
9.997239686845867945e-01
9.994199293945807971e-01
1.001134654245396272e+00
9.998854089379500820e-01
9.999989496157341007e-01
1.000579502421474976e+00
1.000670653430763668e+00
9.996158872448358546e-01
1.000352580656265644e+00
9.996906135506559155e-01
1.000539105298388742e+00
1.000133782381941394e+00
1.000092926787705228e+00
1.000703959930291598e+00
9.999650265643131863e-01
1.000336376309013620e+00
1.000058097755426090e+00
9.995399105119987526e-01
1.000132305792418741e+00
1.000301753739357258e+00
1.000529260827875300e+00
1.000426638975566496e+00
1.000930617452077120e+00
1.000090322899821249e+00
1.000104242716727487e+00
9.999010679761869413e-01
1.000214825354594161e+00
9.997741776640902689e-01
9.998573746391390404e-01
1.000469229344622901e+00
1.001003624370222056e+00
9.999094957427573371e-01
1.000059361996321172e+00
9.999941628910856695e-01
1.000369435838264209e+00
9.998464337328403229e-01
1.000540929365074883e+00
1.000676019581131726e+00
1.000277064689692796e+00
1.000787712689311881e+00
1.000307519909913401e+00
1.000343384713106909e+00
9.997979068291257265e-01
9.999538896580099090e-01
1.000371781204820953e+00
1.001236640878149009e+00
1.000304577426688768e+00
1.000686866247086249e+00
1.000006788405821911e+00
1.000612628219286648e+00
9.999579997911067775e-01
9.997657122152471265e-01
9.999106327794692328e-01
9.992415763052916455e-01
1.000041909476536484e+00
1.000818388198188913e+00
1.001046177030274542e+00
9.998155434807278752e-01
1.000357299471527739e+00
9.997501902237811988e-01
1.000340113039097201e+00
1.000295619588122964e+00
9.998861504481000306e-01
1.000336426513308341e+00
1.000135975638315688e+00
1.000541741918689276e+00
1.000145391037701836e+00
1.000117650848383999e+00
9.997405423191821905e-01
1.000562713512282986e+00
1.000549189778566550e+00
1.000305849636922151e+00
1.000192209967901702e+00
9.995982294388519040e-01
9.999092122355089929e-01
1.000140835932602057e+00
1.000029049984879626e+00
1.000331690973346177e+00
9.999883422682661616e-01
1.000294052311450965e+00
1.000024451690809890e+00
1.000191706270209924e+00
9.998047841545514292e-01
1.001069982451739948e+00
9.999677919447473862e-01
1.000577756668039608e+00
9.996333684793848873e-01
1.000396042498866267e+00
1.000540170294050402e+00
1.000318433990345035e+00
1.000722010135817408e+00
1.000028747517573979e+00
9.997772220434377743e-01
9.998065038420020922e-01
1.000714389759387091e+00
1.000525608038460801e+00
1.000205665720547366e+00
9.996946401445560015e-01
9.995955838128635085e-01
9.996234959368351936e-01
9.997484971659288400e-01
1.000519971770249983e+00
9.996640033008368231e-01
9.951322464619759556e-01
9.841278853632404733e-01
9.732480381077910359e-01
9.619952645684948234e-01
9.510587911643521020e-01
9.403230045525448055e-01
9.287819333654533382e-01
9.182510443977853765e-01
9.077506539637992811e-01
8.970027711151126182e-01
8.867359134687921030e-01
8.763990893406790050e-01
8.656262904040982198e-01
8.551509841202737938e-01
8.449729241358051590e-01
8.352433749114503980e-01
