0.000000000000000000e+00
0.000000000000000000e+00
0.000000000000000000e+00
0.000000000000000000e+00
0.000000000000000000e+00
0.000000000000000000e+00
0.000000000000000000e+00
0.000000000000000000e+00
0.000000000000000000e+00
0.000000000000000000e+00
0.000000000000000000e+00
0.000000000000000000e+00
0.000000000000000000e+00
0.000000000000000000e+00
0.000000000000000000e+00
0.000000000000000000e+00
0.000000000000000000e+00
0.000000000000000000e+00
0.000000000000000000e+00
0.000000000000000000e+00
1.326330438049918863e-05
2.947077545594103259e-02
9.616835370935891136e-01
3.293154753540461943e+00
3.418303885983607238e+00
1.980248319463429718e+00
9.313545905383877610e-01
4.405854135358024393e-01
2.284541210139397205e-01
1.410769784632625590e-01
1.874149816963953941e-01
6.600627062487541830e-01
1.413948228578979505e+00
1.723571883680491856e+00
1.496138187819930687e+00
1.134068289343508562e+00
8.752499026110127645e-01
7.537639370307577247e-01
7.352392497954021167e-01
7.742140327645342657e-01
8.443028731038242363e-01
9.251752693700173724e-01
9.997115498346103024e-01
1.066280118603931903e+00
1.116075312951621434e+00
1.157069723216205936e+00
1.178056024574605676e+00
1.181025575632893787e+00
1.170450888803597378e+00
1.146775774732458508e+00
1.113061355786229223e+00
1.080940774722369380e+00
1.051775429141210694e+00
1.026003558292599704e+00
1.002292887929905341e+00
9.812166559298571844e-01
9.641767525821062224e-01
9.510856215422017756e-01
9.419251008145574922e-01
9.360881456937691913e-01
9.349230594086349599e-01
9.382169625544876101e-01
9.425556630607876407e-01
9.506305049589187650e-01
9.614766461867220171e-01
9.703972054690140903e-01
9.800774952043076471e-01
9.850036245341082797e-01
9.936034636255384189e-01
9.990234433892062338e-01
1.002511186339217986e+00
1.005341286044052485e+00
1.010427503598107180e+00
1.011538538465636350e+00
1.013904654459745203e+00
1.012357531181069081e+00
1.011432112835083164e+00
1.012427997294960580e+00
1.009069983967458839e+00
1.007279537274476500e+00
1.007484782834990877e+00
1.004773171411706301e+00
1.000748643310984010e+00
1.001696934497118718e+00
1.001049969251786687e+00
9.990608711496420380e-01
9.995071839462101870e-01
9.977353380446236653e-01
9.974976258877334967e-01
9.976888082953427883e-01
9.965096483551793005e-01
9.958039819219693944e-01
9.959004499394303878e-01
9.965704195651431396e-01
9.957998940791776832e-01
9.978100511976485398e-01
9.957338740583030479e-01
9.963955695946282720e-01
9.982307580507215894e-01
9.971986827513873441e-01
9.977683711321714277e-01
9.984754972488149027e-01
9.990803738723669225e-01
1.000194283123515770e+00
9.996058590029827107e-01
1.000776798973009640e+00
9.995291267886016184e-01
1.000171462606770367e+00
1.000582531779218298e+00
1.001166122237879152e+00
1.000340241032182442e+00
1.000315078592034057e+00
1.000405834229906921e+00
1.001483198553048348e+00
1.000426289859020157e+00
9.997425425317025827e-01
9.993923388942557162e-01
9.980785642018858983e-01
9.994183160328123927e-01
1.000349148197451354e+00
1.000071445069526721e+00
9.998542567276755832e-01
1.001023263531465535e+00
9.989541946348715618e-01
1.000134736111909950e+00
9.991489469483528785e-01
9.986736588854265850e-01
9.983073824345022329e-01
9.999609154765453090e-01
1.001045263436617816e+00
9.998712137135465916e-01
9.994410100715085399e-01
9.990994174967126051e-01
9.999114859345079598e-01
1.000500590261603318e+00
9.999954297162427785e-01
9.997456071078761886e-01
9.998451568709497694e-01
9.996478228596095139e-01
9.998091603315671927e-01
1.000037480504367693e+00
9.993188909151240473e-01
9.999632692439693882e-01
1.000109334211211065e+00
1.000382804838455542e+00
1.000312817726196846e+00
1.000478807665025283e+00
9.989893448413917909e-01
1.000480552389332756e+00
1.000024701568917651e+00
9.997057364660388856e-01
9.999718580626336673e-01
1.000311654979678666e+00
1.000084533624112426e+00
9.995403020880878620e-01
9.983990940422673432e-01
9.991310276132496782e-01
9.992443339596176477e-01
1.000502435552410363e+00
1.000182287337656017e+00
9.991483542356841552e-01
1.000019891766133817e+00
9.996648541997792403e-01
9.998411524188075550e-01
9.994539061235040434e-01
1.000141582864361611e+00
9.994846025532021505e-01
9.999018210748928936e-01
9.992422520684474119e-01
9.996690050406769057e-01
1.000220504018371148e+00
9.998325551290221380e-01
9.994069577439477214e-01
1.000375401573293743e+00
1.000067478131321019e+00
1.000167138544614920e+00
9.999625044875933844e-01
1.000331217173016984e+00
1.000143901113115019e+00
1.000080679525775063e+00
9.996148857478577288e-01
9.998694792850563173e-01
9.994590737464463803e-01
9.995737107940018129e-01
9.994951432640040156e-01
1.000551630367934708e+00
9.992664576391885323e-01
9.995049767588728429e-01
1.000083237810123871e+00
9.994665575662617929e-01
9.999337286523931612e-01
9.999853358487363897e-01
9.994580492099452984e-01
1.000012383520372028e+00
9.997718537309018272e-01
9.998008685005538299e-01
9.995872107284934360e-01
1.000595357491391502e+00
9.995451438632936281e-01
9.997288447743974960e-01
9.998842629747664024e-01
1.000032807531724188e+00
1.000463290961813634e+00
9.999230888346384294e-01
9.996149979951783893e-01
1.000348051237613722e+00
9.998700768351113100e-01
9.998414196132214826e-01
9.999355649643667521e-01
1.000162726492359599e+00
9.998306364603659624e-01
9.999662186529663099e-01
9.997681736524787199e-01
1.000391236570968845e+00
1.000310875960363610e+00
9.994866474190712280e-01
9.993023035335564241e-01
9.999944201284732825e-01
9.994996866467120711e-01
9.994955685566269121e-01
9.996807707957615641e-01
1.000060517570535934e+00
9.999417177786569244e-01
1.000158211198496794e+00
1.000195341270547766e+00
1.000297946333450927e+00
9.999045338381663539e-01
1.000224551605928491e+00
9.991216698210078073e-01
9.999579499805653082e-01
9.999846434514951810e-01
1.000027757162692987e+00
1.000186079565670738e+00
9.998158395795867515e-01
1.000120532484271685e+00
1.000049668274664239e+00
1.000316620977450777e+00
1.000110032268462623e+00
1.000163797960950784e+00
9.995404214227545658e-01
1.000444046938092857e+00
9.998047769551222652e-01
1.000526505886500717e+00
9.998346033168957758e-01
1.000484145670052172e+00
1.000309525149081891e+00
1.000070027756579272e+00
9.999441658527429277e-01
1.000216857025348682e+00
9.998778282420260899e-01
1.000287667163420213e+00
9.995970436508007095e-01
1.000164806164061559e+00
1.000127749712002467e+00
1.000184336943775065e+00
9.999250134993217243e-01
1.000552018246704034e+00
9.998692032288091225e-01
1.000250579981127652e+00
9.998867299297174993e-01
1.000216675188404514e+00
1.000111552223774014e+00
1.000122040567196224e+00
9.996942222749500839e-01
9.954184427966701332e-01
9.846159506135793160e-01
9.736204804364588794e-01
9.623591139359387592e-01
9.507610561381383274e-01
9.401031566241995208e-01
9.295778762207471679e-01
9.185193352500595765e-01
9.087346909691025321e-01
8.971520912499046929e-01
8.867191915728780405e-01
8.770607415803178819e-01
8.658669704016421775e-01
8.558021583041747204e-01
8.452328301725519077e-01
8.355291336924198786e-01
