0.000000000000000000e+00
0.000000000000000000e+00
0.000000000000000000e+00
0.000000000000000000e+00
0.000000000000000000e+00
0.000000000000000000e+00
0.000000000000000000e+00
0.000000000000000000e+00
0.000000000000000000e+00
0.000000000000000000e+00
0.000000000000000000e+00
0.000000000000000000e+00
0.000000000000000000e+00
0.000000000000000000e+00
0.000000000000000000e+00
0.000000000000000000e+00
0.000000000000000000e+00
0.000000000000000000e+00
0.000000000000000000e+00
0.000000000000000000e+00
1.326614383855009784e-05
3.111738070761497013e-02
9.534645432349547756e-01
3.277686421684869789e+00
3.402920123638442540e+00
1.974112860902966782e+00
9.296802473703361658e-01
4.362045199039455423e-01
2.288599795087921385e-01
1.429587960471560282e-01
1.870894843325575929e-01
6.546690205735544721e-01
1.410302368244094051e+00
1.712622854128311722e+00
1.490560610287389398e+00
1.131439647759302058e+00
8.784799858209305645e-01
7.559395584440558036e-01
7.399559222299278982e-01
7.752624895240776137e-01
8.479714423911365317e-01
9.249880616229464447e-01
9.976010393885281768e-01
1.065208882284699232e+00
1.114909167424101399e+00
1.155946500648054931e+00
1.172921136004645426e+00
1.185598343957628753e+00
1.170360111555822424e+00
1.145118802801468716e+00
1.112554061199042099e+00
1.080949334709429444e+00
1.052168510397664125e+00
1.025073811255050593e+00
9.986590005305826523e-01
9.784379801626408302e-01
9.626067242595949258e-01
9.502520227655854024e-01
9.422701350882499716e-01
9.349655048569959215e-01
9.390551423728636937e-01
9.388836907174464841e-01
9.439451100972781061e-01
9.545387346605063161e-01
9.625536945465320571e-01
9.704918767097507892e-01
9.791171813952502800e-01
9.888186933447256077e-01
9.940395905196076631e-01
9.986855083851274850e-01
1.004344705190279630e+00
1.007707443307509276e+00
1.011534937110553312e+00
1.012078166054702466e+00
1.014956588123599790e+00
1.014294956374299339e+00
1.012966389879949025e+00
1.012183333290835874e+00
1.009346636751288884e+00
1.007400777217426935e+00
1.007337346063051919e+00
1.005794191771678614e+00
1.003200304784160224e+00
1.003714043540771650e+00
1.000514571284633503e+00
9.998468415643420037e-01
1.001070063138867372e+00
9.982424468705337617e-01
9.989862701458213090e-01
9.991421979286588817e-01
9.977891604245562318e-01
9.974244830395843087e-01
9.978080882136545204e-01
9.969036828662510841e-01
9.962622188350194197e-01
9.960525016853717384e-01
9.971200889247543442e-01
9.969573088142329453e-01
9.977162826896235348e-01
9.980384827896179312e-01
9.993803983916462741e-01
9.988900607102527696e-01
1.000607328257791862e+00
1.001300094209084834e+00
9.997922845963620464e-01
1.002862753298293219e+00
1.001432833300436309e+00
1.001940273804323267e+00
1.000750320577163066e+00
1.002163613599950320e+00
1.001462732103663766e+00
1.000672757550181924e+00
1.000618683113043250e+00
1.001298506094114416e+00
1.000926711167528405e+00
1.000594850662680058e+00
1.000328568068232560e+00
1.000800376640418321e+00
1.000658777269847199e+00
9.994266157739493117e-01
9.993469817293484381e-01
9.990525885260116423e-01
9.991373400292395957e-01
9.989421157538486140e-01
9.999149935184691307e-01
9.996605937177971413e-01
9.996617408962580331e-01
1.000195370939688910e+00
1.000167561484271550e+00
9.998580667232076502e-01
9.989618655455103635e-01
9.994869689846210825e-01
9.998643751888979248e-01
1.001042906810603927e+00
9.998658824260306943e-01
9.997913049044643286e-01
9.998234660136935403e-01
1.000521080911413563e+00
9.994129986197934912e-01
9.997968350694956818e-01
9.998498891052036708e-01
1.000499220848268811e+00
9.999582110643523425e-01
9.998763667241780118e-01
1.000520058639638110e+00
1.000783780536697920e+00
9.994173099822902806e-01
1.000606724683676063e+00
1.000149820893522890e+00
9.990606950755804849e-01
9.994190142300877211e-01
1.000543796851431466e+00
1.000840385470743721e+00
1.000152854471334507e+00
9.994319140796102952e-01
9.997905552294912290e-01
9.999578165982155875e-01
1.000016857768905032e+00
1.000393228291812875e+00
1.000098315153040707e+00
9.995226560027329343e-01
9.997403333245228341e-01
1.000568966928698122e+00
1.000127792858082065e+00
9.995160026620594218e-01
9.991531329656027083e-01
1.000345859854633535e+00
1.000400295381549620e+00
9.994921144714332684e-01
9.996435137964069240e-01
1.000217497425309743e+00
9.994732912921056034e-01
1.000284294551814002e+00
1.000158138162041688e+00
9.998585587108561601e-01
1.000571172794940233e+00
1.000161007400942159e+00
9.998547696750321734e-01
9.994822694856267953e-01
9.996591138975556845e-01
9.998023584365421934e-01
1.000652626321257843e+00
1.000001188204669766e+00
1.000339654431717795e+00
1.000451021809221075e+00
9.999973900267927762e-01
1.000236119119924272e+00
9.993446311527784953e-01
1.000759507636442613e+00
1.000082860915109118e+00
9.988209846114026735e-01
1.000657557428176192e+00
9.999350543543268355e-01
9.998876592985328493e-01
1.000353652393945580e+00
1.000202969865845226e+00
1.000572526954366603e+00
1.001053166301244746e+00
1.000092833461670327e+00
1.000054113389233779e+00
1.000308745562511037e+00
9.999742843781377344e-01
1.000674890208593348e+00
9.995118379641650952e-01
1.000053805701379916e+00
1.000459744460699962e+00
1.000511347990207911e+00
1.000353341179122557e+00
1.000068824737526896e+00
1.000841334524303017e+00
1.001059492319397171e+00
1.000752595875222140e+00
9.996885566253975730e-01
1.000233635508106955e+00
1.000468670798281279e+00
1.000234223039871306e+00
1.000583836599716836e+00
1.000478788536540264e+00
1.000744638024031907e+00
1.000134642911781668e+00
1.000294590994541322e+00
1.000641266824818576e+00
1.000371374638256983e+00
1.000815613424736794e+00
1.000074454360698084e+00
1.000303412584894414e+00
9.995058949438406781e-01
1.000115141661555240e+00
1.000022707533193778e+00
1.000360367273231521e+00
1.000010017934729989e+00
9.999184640926916945e-01
1.000707606240172742e+00
9.999426444195994579e-01
9.996119405731502816e-01
1.000411461767971355e+00
1.000488102841287752e+00
9.998435921239403612e-01
9.998595316057641291e-01
1.000054310639132193e+00
1.000272984117002162e+00
1.000375253266021724e+00
1.000322058101967171e+00
1.000752491385231036e+00
1.000148364752645458e+00
9.998156207266623019e-01
1.000239525941838625e+00
1.000624223440027327e+00
9.998881068454621435e-01
1.000168026354874673e+00
1.000193456813462500e+00
1.000279777502695255e+00
1.000063015518148024e+00
1.000534756057349872e+00
1.000232044481268900e+00
1.000739664527007688e+00
1.000211501369503209e+00
1.000871337448670850e+00
1.000073929532479200e+00
9.999483430783958626e-01
1.000008853388549834e+00
1.000499349626280177e+00
1.000015932671844965e+00
9.999336189489941296e-01
9.953739385071018742e-01
9.845614196511707217e-01
9.730775438543624034e-01
9.626948885932791189e-01
9.515115268036093976e-01
9.404835337931156669e-01
9.298758023989687205e-01
9.185612748322783405e-01
9.087102623066388718e-01
8.978175229989792117e-01
8.870007143178888498e-01
8.765413820221815699e-01
8.662479554426838479e-01
8.558962321573635457e-01
8.458050234558862623e-01
8.351455352263864595e-01
