0.000000000000000000e+00
0.000000000000000000e+00
0.000000000000000000e+00
0.000000000000000000e+00
0.000000000000000000e+00
0.000000000000000000e+00
0.000000000000000000e+00
0.000000000000000000e+00
0.000000000000000000e+00
0.000000000000000000e+00
0.000000000000000000e+00
0.000000000000000000e+00
0.000000000000000000e+00
0.000000000000000000e+00
0.000000000000000000e+00
0.000000000000000000e+00
0.000000000000000000e+00
0.000000000000000000e+00
0.000000000000000000e+00
0.000000000000000000e+00
1.326156866703180795e-05
3.105842171419702716e-02
9.581668796899825979e-01
3.293581632293571815e+00
3.416259473953198178e+00
1.973732036876061802e+00
9.301612400063284936e-01
4.396949306122652779e-01
2.307092898623486765e-01
1.433065883738865176e-01
1.879476836903394288e-01
6.576114240570782865e-01
1.419177401179387177e+00
1.721945721016412412e+00
1.490936313812887493e+00
1.131151167451031725e+00
8.744282920854753449e-01
7.561862064393167771e-01
7.351505530460549220e-01
7.758275110663208629e-01
8.424830578549135085e-01
9.215717543113209897e-01
9.999664672239266805e-01
1.063607261934651715e+00
1.113314290216029123e+00
1.153186559666300903e+00
1.175896250988878622e+00
1.182674487272974639e+00
1.169747950796921065e+00
1.146907789370416486e+00
1.115872954557338259e+00
1.082505857222450851e+00
1.052646941881626885e+00
1.022745563809101865e+00
1.002248047980624834e+00
9.829648398013628441e-01
9.637065840638685543e-01
9.509122646657915956e-01
9.407822093358557680e-01
9.356822324852223094e-01
9.373896202852854964e-01
9.386630561997246769e-01
9.421226589611184643e-01
9.500084375276339754e-01
9.587729240947947540e-01
9.697881863584475459e-01
9.799757066987787590e-01
9.849689240411237945e-01
9.927143318305724495e-01
9.993739297957209278e-01
1.001673440466080534e+00
1.008010853836068588e+00
1.009608076814442645e+00
1.012803257878676533e+00
1.013232652174553161e+00
1.014036094074486138e+00
1.014845865076382303e+00
1.012481118441633132e+00
1.010317404757180126e+00
1.006728787928887314e+00
1.007278961664534567e+00
1.003167197736964944e+00
1.002404702992603536e+00
1.003072077258175820e+00
1.000092231235478302e+00
9.985824188407766977e-01
9.987021647316631778e-01
9.979637027515212422e-01
9.988766053163495862e-01
9.963856768876931946e-01
9.959906209709026292e-01
9.966210951692814346e-01
9.960939061112875637e-01
9.955435099808629396e-01
9.964510714243625111e-01
9.960506439253429267e-01
9.969587766397187689e-01
9.959467736463611942e-01
9.991204886201912050e-01
9.967928571614630417e-01
9.984065809888982290e-01
9.993896363094859625e-01
1.000260651347806951e+00
1.001183728865979727e+00
1.001362176772101931e+00
9.995315098107092622e-01
1.000999492420184378e+00
1.001438445186470627e+00
1.000724803103832050e+00
1.001398653857362708e+00
1.000524787004433813e+00
9.982395928990616119e-01
1.001241227449786608e+00
1.000522206058092722e+00
1.000559831513011533e+00
1.001109290447459887e+00
1.000682605694030336e+00
1.001168647546129220e+00
1.000324789256760383e+00
1.000452444617572212e+00
1.000634267646896225e+00
9.984040702834250380e-01
9.989279738634107009e-01
9.993866558445634318e-01
9.993396286025416630e-01
1.000196021632114407e+00
1.000322992502750807e+00
9.997965926624149402e-01
9.993841079013440210e-01
9.998000918727358854e-01
1.000461439130128083e+00
1.000106435555758733e+00
9.994760475765734897e-01
9.997815699861003491e-01
9.986021919535255087e-01
9.991823652190611194e-01
9.996569578638133668e-01
9.999065447691358743e-01
9.998198025114555243e-01
9.996682939554983882e-01
1.000714781904770145e+00
1.001055085295202041e+00
1.000468446488805840e+00
1.000169566025448376e+00
1.000013490817956985e+00
9.999467785403860498e-01
1.000436185266966316e+00
9.996859265904580738e-01
1.000668625757608954e+00
9.998264932131499805e-01
9.999497216090378338e-01
9.996420908647595249e-01
1.000360994226797029e+00
9.987109237087751223e-01
9.992294499313230105e-01
9.999704367635374735e-01
9.991042854137313078e-01
1.000138702894755927e+00
1.000077949556536616e+00
9.997293031732927826e-01
9.988782446663132530e-01
9.987719162813982754e-01
9.994702811352911276e-01
9.985521762302322912e-01
1.000097856997582468e+00
9.984003028845364058e-01
9.992904654091125938e-01
9.998436855771362097e-01
1.000885919929957790e+00
1.000319115831211692e+00
9.995714968303079928e-01
9.999367182764284934e-01
9.997958253046249633e-01
9.992780444478955859e-01
9.998831495444010509e-01
1.000113891740006977e+00
1.000428753569929663e+00
1.000037890216393777e+00
9.999379633742311313e-01
9.998018838369168160e-01
1.000398051144122835e+00
9.996602847900423194e-01
1.000158571229886384e+00
9.994217110076458743e-01
1.000243544809691798e+00
9.994876049190677403e-01
9.999070278403963119e-01
9.997784958053662629e-01
9.995756944332404581e-01
1.000066418439405913e+00
1.000009466604433905e+00
1.000363679664862726e+00
9.989591590073143568e-01
1.000144134009193220e+00
1.000498738981121738e+00
1.000322689175339175e+00
1.000117447413076066e+00
1.000017114726407197e+00
9.998671855585848922e-01
1.000620143818507835e+00
1.000268127540206331e+00
9.995105246603365190e-01
1.000300963037921376e+00
9.991395366658573085e-01
1.000933190380919768e+00
1.000144937464107153e+00
9.997275937642244870e-01
1.000084598318485618e+00
9.993175773368374593e-01
9.997928164797859063e-01
9.997730089022794919e-01
1.000018041501355093e+00
1.000019520839950493e+00
9.998862333599329855e-01
9.999154929390520197e-01
9.996118748693094691e-01
1.000310352167209205e+00
1.000488662693343134e+00
9.999469530655054061e-01
1.000085208693203942e+00
9.996863792076939870e-01
9.996519656444893265e-01
9.998951949420645802e-01
9.999184108898836465e-01
1.000470020248795056e+00
1.000815012974044738e+00
9.998651684009361995e-01
9.996130884394094362e-01
1.000046258687885992e+00
1.000417534066444958e+00
1.000070853057064557e+00
1.000458867912613181e+00
9.997141721295981220e-01
1.000235858659273669e+00
9.999073397704989485e-01
9.994162494275130593e-01
9.999544998885839808e-01
9.996386057544338621e-01
1.000509566498184677e+00
1.000529907202065472e+00
9.996874657768375361e-01
1.000100879559608025e+00
1.000495859451220992e+00
9.999504505273431043e-01
1.000362541076055711e+00
9.995775396388234535e-01
9.998418176094520105e-01
1.000047448346710777e+00
1.000307120189374510e+00
1.000408724637815716e+00
1.000649873803217460e+00
1.000382758082658530e+00
9.999113405082405981e-01
1.000500754690341054e+00
1.000221956827987535e+00
1.000241088067115092e+00
9.997226889944242911e-01
1.000264035343540137e+00
1.000082392874343640e+00
1.000239797473310599e+00
1.000526151828316168e+00
1.000134493169567929e+00
1.000965799468148676e+00
9.998797942142599871e-01
9.954159795778236841e-01
9.850225394599716466e-01
9.735813638494240640e-01
9.623652933739041959e-01
9.510950725104864167e-01
9.398989291730813767e-01
9.293837769279110761e-01
9.187640089421832412e-01
9.083412447216265839e-01
8.972792597440549800e-01
8.871229948838739165e-01
8.765129497075777598e-01
8.657815832233816122e-01
8.555474876981090659e-01
8.451961706329114143e-01
8.349948722185804861e-01
