0.000000000000000000e+00
0.000000000000000000e+00
0.000000000000000000e+00
0.000000000000000000e+00
0.000000000000000000e+00
0.000000000000000000e+00
0.000000000000000000e+00
0.000000000000000000e+00
0.000000000000000000e+00
0.000000000000000000e+00
0.000000000000000000e+00
0.000000000000000000e+00
0.000000000000000000e+00
0.000000000000000000e+00
0.000000000000000000e+00
0.000000000000000000e+00
0.000000000000000000e+00
0.000000000000000000e+00
0.000000000000000000e+00
0.000000000000000000e+00
0.000000000000000000e+00
0.000000000000000000e+00
0.000000000000000000e+00
0.000000000000000000e+00
0.000000000000000000e+00
0.000000000000000000e+00
2.708044261376071557e-02
5.050797239604186695e-01
1.736453439752503547e+00
2.222043694632359845e+00
1.639740598051288911e+00
9.161150636949284554e-01
5.331647479789389799e-01
3.364939949509863637e-01
2.968733274055599947e-01
2.822309474817738528e-01
2.971242813675277206e-01
3.039342427378849409e-01
2.905353393199386902e-01
2.745204216390594865e-01
2.672377266991998179e-01
3.009768580648701786e-01
3.506606209126481022e-01
4.427171388793079698e-01
5.712960446183455998e-01
7.494965686328479704e-01
9.071860343155114803e-01
1.078512634799734027e+00
1.221364731399724457e+00
1.316402875893341040e+00
1.413502661562439089e+00
1.477768255908522788e+00
1.551610807110274770e+00
1.548262754796354557e+00
1.489005448039915303e+00
1.399540867029963609e+00
1.284934450912070814e+00
1.179404021925152035e+00
1.077497857628557432e+00
9.923201193054383973e-01
9.421543862572397954e-01
9.134768205851793166e-01
9.015988322464039140e-01
9.035581848300684449e-01
9.027263654859232211e-01
9.052966041949587206e-01
9.082659627348264042e-01
9.286260942504670490e-01
9.462330747253152596e-01
9.598943194982674232e-01
9.811575549227267157e-01
9.895645838790659843e-01
1.009551838065017249e+00
1.017586775840069624e+00
1.030498116179076495e+00
1.030943436148905601e+00
1.029837961639077371e+00
1.035486463101866317e+00
1.030828664406471029e+00
1.014695327050761042e+00
1.009749985646618997e+00
1.003217272228015267e+00
1.000195641909664923e+00
9.922418691003432878e-01
9.745351392927112943e-01
9.790246390731366377e-01
9.774360900288132648e-01
9.712242407537078348e-01
9.789402935754625279e-01
9.764471546695231430e-01
9.855343109145349167e-01
9.938722979216216835e-01
9.926825929909296464e-01
9.965004623439944753e-01
9.957323840182852326e-01
1.008122094463156593e+00
1.012779889142883194e+00
1.009820124229656058e+00
1.012370542819383212e+00
1.011273468906602080e+00
1.011351541487909067e+00
1.008038776513688006e+00
1.002803701484948906e+00
1.001227161212156824e+00
1.004687147891301091e+00
1.001555919671134109e+00
1.001316928988111199e+00
9.949867979399527051e-01
9.981890687284147301e-01
9.948399248287504992e-01
9.943727159143920247e-01
9.941852994490739670e-01
1.000178180768494407e+00
9.995710015590145714e-01
9.983307817902853376e-01
1.000638757723366412e+00
9.976296676459331936e-01
1.003253524577712330e+00
9.964571627418618016e-01
9.943091837852000570e-01
9.983097937932035038e-01
9.979669440992646745e-01
9.959246443969996809e-01
9.970409631812189311e-01
9.985543614930870726e-01
9.959878051734172288e-01
1.002891966672068369e+00
1.002618469237915866e+00
1.004388609136459776e+00
9.975029765140502880e-01
9.989608954881382674e-01
9.990891810887617686e-01
9.943515469118411332e-01
9.949393410113395175e-01
9.960093540381083077e-01
9.954572966237397180e-01
9.967528399208096523e-01
9.937371090760164227e-01
9.968589890701604617e-01
9.945441026127089801e-01
9.970061840489170546e-01
9.992995687563556162e-01
9.990890352098221738e-01
1.001268295621021487e+00
9.986404359105649498e-01
9.950103376743938410e-01
1.000577720277135318e+00
9.974540675378504861e-01
9.981587675259170345e-01
9.955642762239834687e-01
9.988684781484992170e-01
9.973796837842283658e-01
1.000394122814785680e+00
9.979816375104505477e-01
9.995230331154840719e-01
9.999968051999960084e-01
9.986379134220387810e-01
9.989864659518621348e-01
1.000064228199630145e+00
9.979705067234496685e-01
9.984313689263064617e-01
9.995025070862064709e-01
9.978358843117638433e-01
9.975618745639902585e-01
9.953028608342836536e-01
9.953523759849656205e-01
9.967557823801593830e-01
9.969622417452104202e-01
9.943428117325646687e-01
9.960010106989659606e-01
9.995252265996807939e-01
9.977471926271104241e-01
9.980816037231718951e-01
9.965339333612085460e-01
9.997569204874225957e-01
9.985095292353178831e-01
9.991778962838935296e-01
1.000002263951242476e+00
9.971036000136459521e-01
9.980944319460834935e-01
9.996480341224923682e-01
9.975874722222363156e-01
9.984248715876473668e-01
1.000437678446456591e+00
9.974356043515567594e-01
9.970859731909607060e-01
9.944992081671459871e-01
9.971509535697081761e-01
9.990215095521758348e-01
1.000154822549051747e+00
9.985303386978308104e-01
9.982534619222913630e-01
9.927630794458797148e-01
9.951250188648601558e-01
9.945245826153037427e-01
9.955810257774274641e-01
9.952204023205334371e-01
9.951635618287647533e-01
9.949674837190145560e-01
9.991964804577890824e-01
9.983718953899386461e-01
9.989321790994941663e-01
9.963710335120166128e-01
9.982262420878529330e-01
9.973632025217440411e-01
9.953245424888540471e-01
9.971290128419847409e-01
9.993271788778830267e-01
9.975580073406588033e-01
1.000315556024266250e+00
9.985533241755893963e-01
9.967208151193093224e-01
9.956335021306967903e-01
9.982780829341730833e-01
9.995812652637413587e-01
9.961293172291355580e-01
9.982086502697424812e-01
9.979258707331262190e-01
1.000331514949599709e+00
9.961910085899606804e-01
9.949578322646204231e-01
9.966673275072702731e-01
9.998263484474901874e-01
9.992091173286682393e-01
9.997434639098057296e-01
9.975093850317587885e-01
9.988213311699164487e-01
9.974094279483129988e-01
9.980707408961624338e-01
9.979508661872240616e-01
9.963788171420747686e-01
9.990477846311150989e-01
9.997195032081560573e-01
9.970124252370320406e-01
9.981288319357604077e-01
9.976471381418088313e-01
9.992034746822886504e-01
9.958897751834082657e-01
9.990596190606972904e-01
9.978913444622207196e-01
1.000188589813512996e+00
9.952912628173253839e-01
9.952833217815614253e-01
9.976938197437726918e-01
9.995459685835922370e-01
9.982110886664237182e-01
9.984116842565582406e-01
9.960594998623387708e-01
9.985473261704507220e-01
9.984589546556215112e-01
9.989189535143937482e-01
9.991689414084629073e-01
9.999802722700197322e-01
9.988223732635197472e-01
9.981343998101629422e-01
9.993575508365418747e-01
9.993888265526341685e-01
1.000652802864677282e+00
9.993919926156802358e-01
1.000287222875681836e+00
1.000322309476920690e+00
9.984930994344602961e-01
9.983745843819157306e-01
9.901554968615536856e-01
9.827853317632881947e-01
9.706584168358906028e-01
9.575587648255324824e-01
9.460356606361669529e-01
9.363328844472567081e-01
9.245358601561540768e-01
9.131376237875704627e-01
9.035357421980232395e-01
8.938333295613960505e-01
8.835126584211158152e-01
8.706948837377804784e-01
8.616784087126745373e-01
8.490191932022684851e-01
8.388831916938327415e-01
8.304462569619220913e-01
8.210412746424219366e-01
