0.000000000000000000e+00
0.000000000000000000e+00
0.000000000000000000e+00
0.000000000000000000e+00
0.000000000000000000e+00
0.000000000000000000e+00
0.000000000000000000e+00
0.000000000000000000e+00
0.000000000000000000e+00
0.000000000000000000e+00
0.000000000000000000e+00
0.000000000000000000e+00
0.000000000000000000e+00
0.000000000000000000e+00
0.000000000000000000e+00
0.000000000000000000e+00
0.000000000000000000e+00
0.000000000000000000e+00
0.000000000000000000e+00
0.000000000000000000e+00
0.000000000000000000e+00
0.000000000000000000e+00
0.000000000000000000e+00
0.000000000000000000e+00
0.000000000000000000e+00
0.000000000000000000e+00
2.650165127472868185e-02
4.753380444464679333e-01
1.669660295075747314e+00
2.085604889447970844e+00
1.548026162083178559e+00
8.862585720168173475e-01
4.952858544867976831e-01
3.323147887465800476e-01
2.693097250776470553e-01
2.670335141348689212e-01
2.708249107133188782e-01
2.780094896103714186e-01
2.774042229174332741e-01
2.614623910468267809e-01
2.623395493021483671e-01
2.867338467252856238e-01
3.421138226929280601e-01
4.355637955726511801e-01
5.647524520388835789e-01
7.184940022813876004e-01
8.864659231005357354e-01
1.052717207792781995e+00
1.195786557604978206e+00
1.302402007515022664e+00
1.397933904766932578e+00
1.473961285474662208e+00
1.542136099924389603e+00
1.543586548982260886e+00
1.484908230570954446e+00
1.393918708593691713e+00
1.271055390353558634e+00
1.162307528573889082e+00
1.066602985994471231e+00
1.001279944450704340e+00
9.431946298252497085e-01
9.185485446523810049e-01
8.913070498293514943e-01
9.002580629305458881e-01
8.873191029730419510e-01
8.949981137296156852e-01
9.021834086706177480e-01
9.212524863431605926e-01
9.354685973965296553e-01
9.506270700453864908e-01
9.727571458614140409e-01
9.869739151286452961e-01
9.901882200227508646e-01
1.009921687450452854e+00
1.021247373346751086e+00
1.029014019638499144e+00
1.030168607181833673e+00
1.032504476263347959e+00
1.024177316582075559e+00
1.024742573587757999e+00
1.013896387544689581e+00
9.983516694102938516e-01
9.862900335923509010e-01
9.819156551731810234e-01
9.789159021213924561e-01
9.676228361049160620e-01
9.707016888899342444e-01
9.696223378960686645e-01
9.689248167788618860e-01
9.710848999162794426e-01
9.709743528527459144e-01
9.815711758363766526e-01
9.882222585284105021e-01
9.933359520101886497e-01
1.001739740779810539e+00
1.003896741636459700e+00
1.001491455668398700e+00
1.009752540573371604e+00
1.003450297622910714e+00
1.005053480949755773e+00
1.011872830487720254e+00
1.005033051054327276e+00
1.004707561357284673e+00
1.000750777323919261e+00
9.968904017973485576e-01
9.987943088482880150e-01
1.000210459839710575e+00
9.974972752913044971e-01
9.931412421966777648e-01
9.989348811816375351e-01
9.972820363682195488e-01
9.964062790694411254e-01
9.970344265111680260e-01
9.983810173949224653e-01
1.004983789544626305e+00
1.004255745630024954e+00
9.977624117988947994e-01
9.998429076976599328e-01
9.988802879469352858e-01
9.941332846707839899e-01
9.953551090178536231e-01
9.962788459465438118e-01
9.970196623381807344e-01
1.002520453431823944e+00
9.997285648814802084e-01
1.004977593631485311e+00
1.003298856602343969e+00
1.001119574400187506e+00
1.003382962441281112e+00
1.001747677015826232e+00
9.966944145929006460e-01
9.978792599730368362e-01
9.955442265095636456e-01
9.967938060149805768e-01
9.904815678469034435e-01
9.942352524488803356e-01
9.940432037078757999e-01
9.957472680621990424e-01
9.975886950841708067e-01
9.988281345208068762e-01
9.945660842631774967e-01
9.930727352263377661e-01
1.001595950749341934e+00
9.962474167226242905e-01
9.994673557561499777e-01
9.972488642346484244e-01
1.000436704800165444e+00
9.998014524560248084e-01
1.001317293025017596e+00
9.985710089599457717e-01
9.997079214073101294e-01
9.991104278078281054e-01
1.002909701501753181e+00
1.000223085681295920e+00
9.982803363547632092e-01
9.979529552234598366e-01
1.000526121596687412e+00
9.988431697995191483e-01
9.997522729020089649e-01
9.978164997597914754e-01
9.994678507449501481e-01
9.985585269637780037e-01
1.002074032075926935e+00
9.980841664690237591e-01
1.000314935861323029e+00
1.000476458493121612e+00
1.001930304098787472e+00
1.001864853182710791e+00
9.969917858750854123e-01
9.987865094619141626e-01
9.999069400538372898e-01
1.001022819810089226e+00
1.001423578707151929e+00
1.001872953746926198e+00
1.000791224748937891e+00
1.000611618691974680e+00
9.997223818742806412e-01
1.001255431719136446e+00
1.001310419076212543e+00
9.990038782934624884e-01
1.001660838520362029e+00
1.000541493260406645e+00
1.001548943273046000e+00
1.003370308362927066e+00
1.001292647121194035e+00
9.995452984169382882e-01
9.997321307597704099e-01
9.997459078979233915e-01
1.002336519147117411e+00
1.000030915550531807e+00
1.000235425915787291e+00
1.002632004877294980e+00
1.001559046594507896e+00
9.997062868195539798e-01
1.001937793989748471e+00
9.990109666590077930e-01
1.000587289850423334e+00
1.003805131602741207e+00
1.000879487381940436e+00
1.000757702359730938e+00
9.998890047318724772e-01
1.001806012286335701e+00
1.002891482275493518e+00
1.000394695750133289e+00
1.000794041267895951e+00
1.002623388317351205e+00
9.989878491701470464e-01
1.000603118853678586e+00
1.000475424790966184e+00
1.001247222474354714e+00
1.002568774780318916e+00
1.003158036805859021e+00
1.002296206732239181e+00
1.001936865692419687e+00
9.984340428749586271e-01
1.002807622506549645e+00
1.003058927731183658e+00
1.000673681822543015e+00
9.999977536864758099e-01
9.983582715390768580e-01
9.995639384146284279e-01
9.965959203289150858e-01
1.003554975689643358e+00
1.002366987914176555e+00
1.000704688959492161e+00
9.993049236293041204e-01
1.000584280507595070e+00
1.001665762165344864e+00
9.992801548544186785e-01
9.993582633605081478e-01
9.988205058986083795e-01
9.987039593054930497e-01
1.000156193785920467e+00
9.980960332357413645e-01
9.992666559796482550e-01
9.966879204636980294e-01
9.989585197533333849e-01
9.997191269310126138e-01
9.995996056855332990e-01
1.000831602341938353e+00
1.000126759149205125e+00
1.001855236404670668e+00
1.001790744603312078e+00
9.987317582720491860e-01
9.971139928107700667e-01
9.965417457699620174e-01
1.000492534212446660e+00
9.987637432326126330e-01
1.001703869365777821e+00
9.980339397893003284e-01
9.995330532496456977e-01
9.989409432119551457e-01
9.983395327864710289e-01
1.001105615957560868e+00
9.997914948779149658e-01
9.999780834158843446e-01
9.973884251298866799e-01
9.999637884640731889e-01
9.998400055133223052e-01
1.000496603089276793e+00
9.973527021906251067e-01
9.985189694108695946e-01
9.978871735250047781e-01
9.909801600572121227e-01
9.806106910376979346e-01
9.691592842264385999e-01
9.575099855559969786e-01
9.456554625244174561e-01
9.355614862036369939e-01
9.247832009811169929e-01
9.131858933670077283e-01
9.031941999740764615e-01
8.904907761713890535e-01
8.813362452188571172e-01
8.700506075458935840e-01
8.589932683252967660e-01
8.488918677216596986e-01
8.386612843885996593e-01
8.299118645781355941e-01
8.201795486518671519e-01
