0.000000000000000000e+00
0.000000000000000000e+00
0.000000000000000000e+00
0.000000000000000000e+00
0.000000000000000000e+00
0.000000000000000000e+00
0.000000000000000000e+00
0.000000000000000000e+00
0.000000000000000000e+00
0.000000000000000000e+00
0.000000000000000000e+00
0.000000000000000000e+00
0.000000000000000000e+00
0.000000000000000000e+00
0.000000000000000000e+00
0.000000000000000000e+00
0.000000000000000000e+00
0.000000000000000000e+00
0.000000000000000000e+00
0.000000000000000000e+00
0.000000000000000000e+00
0.000000000000000000e+00
0.000000000000000000e+00
0.000000000000000000e+00
0.000000000000000000e+00
1.555682606220482468e-04
2.607307804543166838e-02
4.993462116685799534e-01
1.717461468432987415e+00
2.175045729796181160e+00
1.630883054845869262e+00
9.232851374353586715e-01
5.198713272006280084e-01
3.326300760878062035e-01
2.804802946969847666e-01
2.758996313249995613e-01
2.757213308170379795e-01
2.877588779081448056e-01
2.767591540590317312e-01
2.611734861857987200e-01
2.600312253632935944e-01
2.867725505214246962e-01
3.438402767801307380e-01
4.398996882199954772e-01
5.708570646214745636e-01
7.277780041412932333e-01
9.012770078481987523e-01
1.058867701274114781e+00
1.194270620422186457e+00
1.304270647003816341e+00
1.405342504607803633e+00
1.497733380260972247e+00
1.518779647493687213e+00
1.542169001772485837e+00
1.498221982610808745e+00
1.388030676490801696e+00
1.274808148287690734e+00
1.163259998469716283e+00
1.067633819601112810e+00
9.996147634918658431e-01
9.563956136362858906e-01
9.256003578649002472e-01
9.125352740738428281e-01
9.035911006465070505e-01
8.985035909259841969e-01
9.070510112312667461e-01
9.093285303741069914e-01
9.213768384865550498e-01
9.429040349182448155e-01
9.532268946236129858e-01
9.840430001636821800e-01
9.869290317151774294e-01
1.004853732491477691e+00
1.029459511904185609e+00
1.026580190097746259e+00
1.037246142358403178e+00
1.039642819926344108e+00
1.038741406336365358e+00
1.029667725828731673e+00
1.024512727985908311e+00
1.001090863459583868e+00
1.005797441959914940e+00
9.891879201707303171e-01
9.913203303210201822e-01
9.787079822948765440e-01
9.795723648934843153e-01
9.737938907628360674e-01
9.743384968776211963e-01
9.803193364519752206e-01
9.858289918634940419e-01
9.797151203513053686e-01
9.898120298455405086e-01
9.936883344565893283e-01
1.000772322952887761e+00
1.003789548365801254e+00
1.006738924321604278e+00
1.009014307280202472e+00
1.008867157859426156e+00
1.011145693268629353e+00
1.013916146460919210e+00
1.008002765736091044e+00
1.008183520933358945e+00
1.003726151005776668e+00
1.008960795501425034e+00
9.990816785481135831e-01
9.995654056714148306e-01
9.955287835408297425e-01
9.993828416696648453e-01
9.937909369441347840e-01
9.919735859704771341e-01
9.934975124230598365e-01
9.991774067206450338e-01
9.942353114055898500e-01
1.001908486457467218e+00
9.980584738002769019e-01
1.002108559711027969e+00
9.997159222580855875e-01
1.000043819069287077e+00
9.979992514331738063e-01
9.973209604011112894e-01
9.987084742016612005e-01
9.959952717933183708e-01
9.984621706032943411e-01
1.002655775256219739e+00
1.001775931245499907e+00
1.002762270307423931e+00
1.004287791242055361e+00
1.003737882036082718e+00
1.001857981076436532e+00
1.003487605983215847e+00
1.000577499261606107e+00
1.000512178809038311e+00
9.981046876261747691e-01
9.985745845997987535e-01
9.974941101050418535e-01
9.964192932112916345e-01
9.962841724373717733e-01
1.000007436744007050e+00
9.983298827911954998e-01
9.992644908671918236e-01
9.997229325349185070e-01
1.002504152463787213e+00
1.001596627037875553e+00
9.994574629935268906e-01
1.001414403125970187e+00
1.001627151094062862e+00
1.004663407822518062e+00
9.975369058624768970e-01
9.972683982564555238e-01
1.005083790107904385e+00
1.002661322920458842e+00
1.003556200005478738e+00
1.006481785644231186e+00
1.002513569634253532e+00
1.004043636795192596e+00
1.000736151127773255e+00
1.000760311752194154e+00
9.999935276551117358e-01
9.971688996375691616e-01
1.000540086197808431e+00
9.997520018603625047e-01
9.977817683318465081e-01
9.976231985036280170e-01
9.990287941705223718e-01
9.954737130346293927e-01
9.986981763023039527e-01
9.953688084191892882e-01
9.952568606816993846e-01
9.965562287868269253e-01
9.983543805853918318e-01
9.985106112422207358e-01
9.963388424956484135e-01
9.952551716540632976e-01
9.977633591609926800e-01
9.958827585086630352e-01
9.978429687214631638e-01
9.999255262223999408e-01
9.985230353847353024e-01
9.983084196664590015e-01
9.991512853677700923e-01
9.976970679060795932e-01
9.975193939508790741e-01
9.974193474666865900e-01
9.995336898985147656e-01
9.951863962500834271e-01
9.986893911954652925e-01
1.002196941515681727e+00
9.986146441178279654e-01
1.000461622089616087e+00
9.965540854839995966e-01
9.977303657152950533e-01
9.991947101563924960e-01
9.994172513014573100e-01
9.972688728936841551e-01
1.000369481712858999e+00
9.980684644360389157e-01
1.000062065621696750e+00
9.985223608256692529e-01
9.969114901314629629e-01
9.982084666636041881e-01
1.000358689304800874e+00
9.994918386744754413e-01
9.984452456726119474e-01
9.965085170568416251e-01
9.957036851696844382e-01
9.970952883446284609e-01
9.982282414151152361e-01
9.970843348439536458e-01
9.981296162443707987e-01
9.994368753793552163e-01
9.983408271739611095e-01
1.000095397503944827e+00
9.971596819992820659e-01
9.948186940817057566e-01
9.951099740577584729e-01
9.984661231430638217e-01
9.981910530612586596e-01
9.966512378462920596e-01
9.963691967673452554e-01
9.964414831134269512e-01
9.969687966261689960e-01
9.946064839025460236e-01
9.969240720251031362e-01
9.953791142625599830e-01
9.948638778651739401e-01
9.983714025283572102e-01
9.971321657582692399e-01
9.982745810472942738e-01
9.953633331398691331e-01
9.983521800368675425e-01
9.979194389442676005e-01
9.940683133560864748e-01
9.970683206462019887e-01
9.994740047297689944e-01
9.974495106039514836e-01
9.978914413324553312e-01
9.963023597345008753e-01
9.986308254405172891e-01
9.974276820394721854e-01
9.964813940525056868e-01
9.976922614348038287e-01
9.973779251245861177e-01
9.987242779088540967e-01
9.995166736003648911e-01
9.985923370391008858e-01
9.978546545973049353e-01
9.991407087864097036e-01
9.998581400870678593e-01
9.995568754284798185e-01
1.001287475970453311e+00
1.000132309011827481e+00
9.995988138102408493e-01
9.988836954913428157e-01
9.987485551641025472e-01
9.998592823664452789e-01
9.985818632253906646e-01
1.000761525792722040e+00
1.000664842704564572e+00
9.996464203405791560e-01
9.982007899467552070e-01
9.987814053373034184e-01
1.001985570727704555e+00
9.985049218120405357e-01
9.928114686848402703e-01
9.818985074770727461e-01
9.728337342659646447e-01
9.575167249019652660e-01
9.469325834819868337e-01
9.379373498438394741e-01
9.253607420477955037e-01
9.121905677858312966e-01
9.058538933687205752e-01
8.925742797759074199e-01
8.801432705329790274e-01
8.730252668967077856e-01
8.616618127450620390e-01
8.518820360740571029e-01
8.417752164777083657e-01
8.300538882965045051e-01
8.204728625428077127e-01
