0.000000000000000000e+00
0.000000000000000000e+00
0.000000000000000000e+00
0.000000000000000000e+00
0.000000000000000000e+00
0.000000000000000000e+00
0.000000000000000000e+00
0.000000000000000000e+00
0.000000000000000000e+00
0.000000000000000000e+00
0.000000000000000000e+00
0.000000000000000000e+00
0.000000000000000000e+00
0.000000000000000000e+00
0.000000000000000000e+00
0.000000000000000000e+00
0.000000000000000000e+00
0.000000000000000000e+00
0.000000000000000000e+00
0.000000000000000000e+00
1.306779156465589060e-05
3.570140440872978521e-02
1.038242199481926642e+00
3.435023271069739703e+00
3.422556664358242795e+00
1.923734338632802299e+00
8.793895722361338985e-01
4.067767441456719979e-01
2.096899070130315290e-01
1.278707728411227207e-01
1.897298891845223545e-01
7.119735149797988827e-01
1.495356229811766635e+00
1.759615420273443531e+00
1.483949654353917236e+00
1.098615070861293841e+00
8.387701488375847170e-01
7.284201293991362514e-01
7.150002483995172575e-01
7.670715481786910539e-01
8.438216690108758522e-01
9.261884550235806035e-01
1.007757131752930357e+00
1.075940294583589418e+00
1.128655578204806442e+00
1.169277330955704297e+00
1.189641463164896829e+00
1.193612950256430993e+00
1.179142208688737758e+00
1.152514353465463381e+00
1.118264764991871552e+00
1.082317757243741241e+00
1.051213365089453067e+00
1.024868897359244135e+00
1.000679173126073573e+00
9.753743936202834419e-01
9.580216520307225370e-01
9.456198397270739742e-01
9.355163606561972545e-01
9.304813018383022438e-01
9.278162975657167078e-01
9.310685391811867051e-01
9.399978133386710510e-01
9.480080551248206699e-01
9.605804240677091599e-01
9.703947029558825932e-01
9.770051250308805502e-01
9.883197213329888431e-01
9.939451873647401348e-01
1.000379711757447554e+00
1.004192984479694850e+00
1.009779695459123161e+00
1.013293600995349708e+00
1.017382507701440675e+00
1.016897007980083423e+00
1.017809761902995325e+00
1.017965295976362761e+00
1.017031363264245147e+00
1.012587626525108808e+00
1.012117579686728774e+00
1.007728745015302740e+00
1.005885534498140776e+00
1.002582543272120486e+00
1.001838642397788526e+00
1.001694349945810414e+00
9.980434867450783676e-01
9.975543571525291586e-01
9.969996480962841634e-01
9.960664655228185227e-01
9.943587389799056764e-01
9.951205019986446576e-01
9.930700004486900934e-01
9.931546865380245226e-01
9.951617746929964925e-01
9.956047201421553972e-01
9.962241325465511776e-01
9.973756946871958906e-01
9.995453070800673911e-01
9.999865146826580897e-01
9.998691626101974261e-01
1.001115422511609676e+00
1.000972937255250494e+00
1.001024449624512647e+00
1.001585474078901195e+00
1.001253200056297699e+00
1.001561351077446593e+00
1.001638330603050075e+00
1.000973981313973971e+00
1.002065188661487083e+00
1.002061030177778367e+00
9.997727406982913623e-01
1.000977069604950698e+00
9.993299185708621746e-01
9.992894169424585415e-01
9.993697859653639659e-01
9.999942431205881554e-01
1.000499055744710653e+00
9.994000934681140924e-01
1.000660676132924864e+00
9.999214494215166171e-01
9.990037654423504776e-01
9.994653147425259787e-01
9.994924717602038378e-01
1.001650754619124895e+00
9.996860254699100334e-01
1.001562753676248807e+00
1.000111245306794183e+00
1.001142731488871451e+00
1.001523454725042450e+00
1.000397760375436151e+00
1.001185939752829324e+00
1.000838395514463519e+00
1.001507006753391327e+00
1.000010773442221002e+00
1.000603642364210177e+00
1.000080793293999237e+00
1.000120852105432556e+00
1.000035653313407602e+00
9.995534059503700108e-01
9.981153467092563902e-01
9.986792318986360550e-01
9.997938929656032814e-01
9.990892110580810170e-01
9.995849580029162462e-01
9.984739821378513236e-01
9.994686050067219663e-01
1.000664821872665478e+00
1.000641866875515928e+00
1.001469804392972174e+00
1.001103301721457006e+00
1.002966245382807875e+00
1.002154761064946387e+00
1.002352177863063520e+00
1.001745359287455894e+00
1.002030240698725816e+00
1.001946916303358526e+00
1.000488074597146948e+00
1.000707875607982800e+00
9.995592806287181276e-01
9.999258624803923912e-01
9.999050805955821408e-01
9.999844059034945776e-01
9.994497980181809016e-01
9.987373211660989236e-01
9.987067056446122804e-01
9.997608107144886347e-01
9.980174021872182388e-01
9.988674716449472690e-01
9.990208105658057169e-01
9.989228224997227512e-01
9.992271792350886361e-01
9.991661323259015681e-01
9.991440008166125875e-01
1.000292970098388468e+00
1.000566454148328566e+00
1.000859721026470250e+00
1.000486685511331242e+00
1.000593375359241088e+00
1.001276697914871949e+00
1.000333941960992901e+00
1.001303203561989985e+00
1.000708772457473694e+00
1.001009386379902777e+00
9.999070476784707173e-01
1.000613940324772688e+00
1.000294220254414501e+00
9.999286988154908462e-01
9.999565207738777550e-01
1.000140027963233091e+00
9.999198210401686326e-01
9.997385594409110565e-01
1.000317157630262965e+00
9.999725973735731355e-01
9.994288465133022159e-01
9.986131017411866706e-01
9.999555131485958759e-01
9.998384923343257569e-01
9.996601720510025491e-01
1.000113720940148943e+00
9.997616092105222618e-01
1.000184790194006856e+00
1.000055883485880592e+00
1.000491148312227407e+00
9.992646673552666448e-01
1.000234763411517847e+00
9.998308613729972594e-01
1.000122850535009711e+00
9.996070388132018980e-01
9.999555997783995398e-01
1.000282382514156243e+00
9.994725427639216120e-01
9.993409173548225555e-01
1.000119209991237490e+00
9.996382906073626451e-01
1.000297449185997500e+00
9.999847031781164963e-01
9.999227343454162309e-01
9.998462151826835731e-01
1.000160763595071334e+00
9.996575247239386508e-01
9.997919617641054524e-01
1.000048249340924400e+00
1.000814531470090252e+00
9.996512584975405513e-01
1.000010311476750680e+00
9.999650673923594635e-01
9.997228540122660156e-01
9.997807661180304617e-01
1.000565977244774363e+00
9.999928534209193698e-01
9.998398488235579196e-01
1.000184408834757122e+00
1.000146876845339428e+00
9.999335647418611250e-01
1.000118021762440135e+00
1.000727001398933558e+00
9.998103864423243392e-01
1.000516585792188051e+00
9.997150773432842419e-01
9.999302724401866183e-01
1.000557748487359122e+00
1.000219571875703650e+00
1.000161637822048144e+00
1.000052757525701885e+00
1.000305087628676537e+00
1.000183288678698101e+00
1.000123285938724571e+00
9.999544794895615096e-01
1.000607149436892662e+00
1.000300636255167186e+00
9.996430627579926398e-01
9.999443734712709642e-01
1.000081279673653123e+00
1.000479798227227324e+00
1.000511040018419839e+00
1.000527549582675091e+00
9.995091184920078531e-01
1.000693681024496628e+00
1.000302255561326348e+00
9.998968381268805716e-01
1.000248768381000630e+00
9.997762431412262618e-01
9.999989036405476650e-01
9.918089766192285106e-01
9.816942454760313463e-01
9.702360259044704449e-01
9.590033353673584893e-01
9.474162915256700845e-01
9.367927804347611076e-01
9.257639146725550328e-01
9.147464142964618627e-01
9.040177573023909785e-01
8.935570257638443259e-01
8.829934522605316083e-01
8.723249378737401027e-01
8.617939231377219622e-01
8.519343851768889087e-01
8.414550684116713919e-01
8.308430591308154645e-01
8.210425746124145885e-01
