0.000000000000000000e+00
0.000000000000000000e+00
0.000000000000000000e+00
0.000000000000000000e+00
0.000000000000000000e+00
0.000000000000000000e+00
0.000000000000000000e+00
0.000000000000000000e+00
0.000000000000000000e+00
0.000000000000000000e+00
0.000000000000000000e+00
0.000000000000000000e+00
0.000000000000000000e+00
0.000000000000000000e+00
0.000000000000000000e+00
0.000000000000000000e+00
0.000000000000000000e+00
0.000000000000000000e+00
0.000000000000000000e+00
0.000000000000000000e+00
0.000000000000000000e+00
3.511894527007912437e-02
1.047074382731957520e+00
3.451640697677112346e+00
3.438318923796990223e+00
1.922214146091010489e+00
8.806019371498242654e-01
4.082184082879738440e-01
2.077677452912363443e-01
1.283745468427202052e-01
1.895274942017428077e-01
7.094377079962856936e-01
1.497116331818189705e+00
1.768658993468030793e+00
1.486862291476563680e+00
1.104663377508825040e+00
8.407046106692135368e-01
7.261914037864809490e-01
7.144270683181694892e-01
7.648294889434321675e-01
8.447117240369732549e-01
9.255808126805841196e-01
1.004762227743992486e+00
1.071704648097745904e+00
1.128978569183871183e+00
1.168985900183850735e+00
1.190032435380884879e+00
1.194376668586267343e+00
1.182489699566931618e+00
1.155476719387546591e+00
1.115457285620323535e+00
1.079340678889829430e+00
1.052264353848012757e+00
1.023090648226560484e+00
9.984791231092775554e-01
9.750645254335648104e-01
9.585793749591229318e-01
9.429186360968194736e-01
9.350347278012069996e-01
9.328655750115992795e-01
9.290972365119728460e-01
9.326985188372234337e-01
9.390742255229282964e-01
9.477041887470912807e-01
9.576753605043750728e-01
9.666632131430085151e-01
9.771916021844392342e-01
9.852394156913677481e-01
9.924311402884883337e-01
9.990177819870612597e-01
1.004403034174349729e+00
1.009340042588566799e+00
1.012944094334225387e+00
1.014722982908531357e+00
1.017219660721339958e+00
1.019449581750611511e+00
1.016934318564315376e+00
1.014022934749542193e+00
1.013478160209249079e+00
1.011191015202840049e+00
1.007574162938517537e+00
1.004630565408824339e+00
1.004256410903532792e+00
1.000307877222909703e+00
1.001449445902536928e+00
9.980918819870399084e-01
9.968739509378429231e-01
9.967247866175598103e-01
9.956082432944657334e-01
9.926700680737478022e-01
9.935492229124187613e-01
9.925955298829325368e-01
9.952741007891812153e-01
9.949080550322416672e-01
9.946113052562434165e-01
9.956842491112841698e-01
9.971458017284678954e-01
9.991696805313841079e-01
9.978978276435438444e-01
9.988534617965727502e-01
1.000824987027206125e+00
1.000833045572030899e+00
1.000118578441732131e+00
1.000583018928037360e+00
1.000657980728984597e+00
1.000319857105641086e+00
9.989999903603795639e-01
1.000365412074437854e+00
1.000912380962344583e+00
9.989798044849671488e-01
1.000336221813609372e+00
9.990323054792275004e-01
9.983095568709020595e-01
9.997748724581773105e-01
9.997863155770601029e-01
9.986144149705213913e-01
9.982340993022587039e-01
9.989780116552983147e-01
9.984681053928795569e-01
9.982518505806255993e-01
9.990079096131028180e-01
9.999581581857623913e-01
1.000353439301318481e+00
1.000595844520069555e+00
1.000042298371121685e+00
1.000730288668461920e+00
9.999700242197311351e-01
9.998645593204199544e-01
1.000290573846472464e+00
1.000287824150346561e+00
1.000486668192792417e+00
9.989616063877596597e-01
9.997581065883432982e-01
1.000287128985367202e+00
9.993169293977343104e-01
9.993672322846309797e-01
9.997509970060938223e-01
9.984519857163541845e-01
9.983531988914156052e-01
9.991162639285073865e-01
9.978902996681625615e-01
9.982557639372406921e-01
9.993896697403054086e-01
9.991873299072214776e-01
9.985933795635005827e-01
9.990473477089352183e-01
1.000202332227042357e+00
1.001028247763968926e+00
1.001631435720564456e+00
1.001796451756883366e+00
1.001639245479841289e+00
1.002313534908081394e+00
1.001769031047086367e+00
1.001923344664306104e+00
1.000547648211608465e+00
1.000270144631976610e+00
1.000404215353160486e+00
1.001347923071115087e+00
9.995081419459651562e-01
1.000064602422221061e+00
9.992396183227759687e-01
9.992758763797772170e-01
9.998327594724224499e-01
9.980026689439559506e-01
9.984231521976687507e-01
9.989796174392097106e-01
9.988305597430303662e-01
9.987880799761764683e-01
9.989724337029972645e-01
9.992846204090073403e-01
9.993280496912796407e-01
9.989659937943384804e-01
9.997793235909036014e-01
1.000435144333406967e+00
9.994207570453040868e-01
1.000330605599278222e+00
1.000134131089302603e+00
1.001076628533344559e+00
1.000914731444259465e+00
1.000893578566776743e+00
1.000206205334566611e+00
1.000551808955961963e+00
1.000765974576063755e+00
1.001033179096035841e+00
1.000050934001256664e+00
9.997823507377076035e-01
1.000069680244348280e+00
9.998335845404268118e-01
9.996675443896576585e-01
9.999924693999031611e-01
1.000515981648329777e+00
9.997138023293189457e-01
9.996809045455485876e-01
9.996139157401174868e-01
1.000031220351502492e+00
9.999301166531058271e-01
9.992579043059670596e-01
9.999668804575473358e-01
1.000730074270612446e+00
9.998657760548470552e-01
1.000441408023853285e+00
9.997926907237398853e-01
9.997006882631345182e-01
9.995340860736970923e-01
1.000562271644541257e+00
1.000459856133003367e+00
1.000397506462377795e+00
1.000160525721496940e+00
1.000465040230325009e+00
1.001165457455043706e+00
1.000458861135881339e+00
1.000160307417438776e+00
1.000600202277738049e+00
1.000448622450581304e+00
1.000131733869583428e+00
1.000299817101482747e+00
9.992253068877683386e-01
1.001026117593690090e+00
1.000826347202275812e+00
9.999055400004255301e-01
1.000424697642651628e+00
9.997997148975630299e-01
9.998819087260392147e-01
1.000536183911155952e+00
9.996694050367399553e-01
9.998153773492255425e-01
9.996866141342154455e-01
1.000532340741830506e+00
1.000293718133606458e+00
9.997530295101438869e-01
9.997579288511837525e-01
1.000058840341484068e+00
9.995452425363894333e-01
1.000491421663355363e+00
1.000504544677582652e+00
1.000291209317063057e+00
1.000221386004865209e+00
1.000089418516336925e+00
9.997933578016608980e-01
1.000111150183261577e+00
1.000774653249695501e+00
1.000128719142473699e+00
9.997322161047864642e-01
1.000326765079968983e+00
9.998558730305595610e-01
1.000036672619224243e+00
9.997901210960936647e-01
9.999757928170215360e-01
1.000037686375145451e+00
1.000613266546886981e+00
1.000747158041795926e+00
1.000212404298211899e+00
9.999546098039983066e-01
1.000142931943638791e+00
9.998107331932172270e-01
1.000115949712862884e+00
1.000398963307982170e+00
1.000121889091997396e+00
9.998406060791342753e-01
1.000794164347219573e+00
1.000674943790698768e+00
1.000140064267401430e+00
9.995224971198986008e-01
9.921771221308299804e-01
9.809974360500510748e-01
9.700729613498884074e-01
9.585871596235567837e-01
9.480945034832787277e-01
9.364484515846031032e-01
9.262361404796658482e-01
9.153046731224218080e-01
9.042878150548371297e-01
8.939248508469085364e-01
8.832578809780905482e-01
8.726009664041498581e-01
8.622019419867126278e-01
8.521078588745808480e-01
8.419052296306815952e-01
8.312153915882527500e-01
8.213996251758949318e-01
