0.000000000000000000e+00
0.000000000000000000e+00
0.000000000000000000e+00
0.000000000000000000e+00
0.000000000000000000e+00
0.000000000000000000e+00
0.000000000000000000e+00
0.000000000000000000e+00
0.000000000000000000e+00
0.000000000000000000e+00
0.000000000000000000e+00
0.000000000000000000e+00
0.000000000000000000e+00
0.000000000000000000e+00
0.000000000000000000e+00
0.000000000000000000e+00
0.000000000000000000e+00
0.000000000000000000e+00
0.000000000000000000e+00
0.000000000000000000e+00
0.000000000000000000e+00
3.545699399546035913e-02
1.044442445777794548e+00
3.442229712512366202e+00
3.429969116878714086e+00
1.919844251783397127e+00
8.807927115744362823e-01
4.087028307038607644e-01
2.089939493205394683e-01
1.273288474421520877e-01
1.893865681086988051e-01
7.118591932960673940e-01
1.496587706330181122e+00
1.761186507302798354e+00
1.488707951264952367e+00
1.098975327050462525e+00
8.359095285298810962e-01
7.302017940775881177e-01
7.167267333780383831e-01
7.629755192619460669e-01
8.435561533259410272e-01
9.297702603473119165e-01
1.008223725418071925e+00
1.075882085405947874e+00
1.128356062732788212e+00
1.166448366871815523e+00
1.189728382111755245e+00
1.193900174491677513e+00
1.178542674307978322e+00
1.151858660069705165e+00
1.116362204648500223e+00
1.086868430196729074e+00
1.049533510920531265e+00
1.023770709705754234e+00
1.000448554246441413e+00
9.770594447298733831e-01
9.574114006137287580e-01
9.438706286026320447e-01
9.353771746002487175e-01
9.294234315351652675e-01
9.299550082147153285e-01
9.335253856978492637e-01
9.394057328507766647e-01
9.483071207239828215e-01
9.573404415219380903e-01
9.697069412378679365e-01
9.790916563014012697e-01
9.859330249498897691e-01
9.957993254261666705e-01
9.997263809926829614e-01
1.005537449615734991e+00
1.008855688478709656e+00
1.012347140461530293e+00
1.014450944423323620e+00
1.017609432501127120e+00
1.018492355417918160e+00
1.016526822598757596e+00
1.017764482436601892e+00
1.013921932948005367e+00
1.012430167078453236e+00
1.008905084850609368e+00
1.005973023945807343e+00
1.004338959078660443e+00
1.002637494486532832e+00
1.001113957101111618e+00
9.994666026445789830e-01
9.980846517916120986e-01
9.962591202555096670e-01
9.966279095631139784e-01
9.938143952843712103e-01
9.937382622968401469e-01
9.925162737739281482e-01
9.948372180311343405e-01
9.941964913793347458e-01
9.970115598542125257e-01
9.972368845051763353e-01
9.984023307344498388e-01
9.998441962385810067e-01
1.000791627213257762e+00
1.001488640882611802e+00
1.000910497065312210e+00
1.000882903167266802e+00
1.002139368356188553e+00
1.001762622457105678e+00
1.001649684106543647e+00
1.000366294665595124e+00
1.000318205692616091e+00
1.002242951911235691e+00
1.000723678256461469e+00
1.000276447974327132e+00
1.000646164486279854e+00
1.000110693261076600e+00
9.996903248270700981e-01
9.999760747095582936e-01
1.000841234118304612e+00
1.000744476097153113e+00
9.989509774174094581e-01
9.997634383415354709e-01
1.000356645175790149e+00
9.999893863227811153e-01
9.996685677855903229e-01
9.996055902296272500e-01
9.996782154417103161e-01
1.000557182300870318e+00
9.992588134957555157e-01
1.001902523926630151e+00
1.000620690508059463e+00
1.001077871874689773e+00
1.001471851820282977e+00
1.001021748773480935e+00
9.999163545934887098e-01
1.000505565015342047e+00
1.000572760298219066e+00
9.994499572059670767e-01
9.991055804781343586e-01
9.997284929331142767e-01
9.997322773651722283e-01
9.991029880333940350e-01
9.992347149429954278e-01
9.992464515457750718e-01
9.984410849847935587e-01
9.993216791435930446e-01
9.998872868281271087e-01
9.989949399092691307e-01
9.986289989286413205e-01
9.993574613255539196e-01
9.995587739205240574e-01
1.001408527588088404e+00
1.000807684607960324e+00
1.001675842210951295e+00
1.002172958845337414e+00
1.002250047493053353e+00
1.002477438319117731e+00
1.000826403529192499e+00
1.001319388198392391e+00
1.000989495021523012e+00
1.001136262847146963e+00
9.994996943492068242e-01
1.000747951602187547e+00
1.000539621057936035e+00
9.992175628258903597e-01
9.992034020536239014e-01
9.990795932705391902e-01
9.987554452597415811e-01
9.992946023007226453e-01
9.981981717877269622e-01
9.989632099938104970e-01
9.987251573781649183e-01
9.993074815134976863e-01
9.988089731354380385e-01
9.997365337551433750e-01
9.998999980867948612e-01
1.000315280374207250e+00
9.999908773091208403e-01
1.000733222838566361e+00
1.000325374870008499e+00
1.000982275949398259e+00
1.000819413271292202e+00
1.000602873748880572e+00
1.000339419807550367e+00
1.000796082270515530e+00
1.001126961645340874e+00
1.001186052648061597e+00
1.000998142167033533e+00
1.000270831446518738e+00
1.000232732441402206e+00
9.996691575390191931e-01
1.000142114257561721e+00
9.993698314423539175e-01
9.997365852415877052e-01
9.999789911825107680e-01
9.992372521099477378e-01
9.997499663445886808e-01
1.000102370418509246e+00
9.997640790509131348e-01
1.000130836651642152e+00
9.998691641614879666e-01
9.995882479660298525e-01
9.997741579098646802e-01
1.000050587906178068e+00
1.000198144359836228e+00
1.000205600719532351e+00
1.000006363819415434e+00
1.000226738437372864e+00
1.000201688609587469e+00
9.999557570680380758e-01
1.000335813225652570e+00
1.000541706057687552e+00
1.000019507628973958e+00
1.000828402749220691e+00
9.999402127358162362e-01
9.999153415721492300e-01
9.993821944021673565e-01
1.000500057332755821e+00
1.000002245062348472e+00
9.998794877770569300e-01
9.998318483345943752e-01
1.000139024432947554e+00
9.998803827275718481e-01
9.998176819226189949e-01
1.000671691316629364e+00
1.000172569310967541e+00
1.000231792997035019e+00
9.997226402601152584e-01
9.999703237809773881e-01
1.000433284503855491e+00
9.999237872048750697e-01
1.000195979073769115e+00
1.000416279070876824e+00
9.998704257244601656e-01
1.000281012962682459e+00
9.996673588865305771e-01
9.998363218947733388e-01
9.997056540565916194e-01
9.995906804037347770e-01
9.998934401954554518e-01
1.000066390717894826e+00
1.000353740663134650e+00
1.000033716521828708e+00
9.996469029305373732e-01
9.994495492316478602e-01
9.997970752218395818e-01
9.990759461119131934e-01
9.999710274218767125e-01
1.000071200366644542e+00
9.996036974174017375e-01
1.000283183042017354e+00
1.000067912909402112e+00
9.998350876325139414e-01
1.000360963196303299e+00
1.000229590237715405e+00
9.995327115897111314e-01
9.997811553561287701e-01
9.995419040087462070e-01
9.999673229219484538e-01
9.997765162606874201e-01
9.997346566387376177e-01
1.000120728316432173e+00
1.000337282979857134e+00
1.000027409678997836e+00
1.000579446193252453e+00
1.000245814776074216e+00
9.994979291533755417e-01
9.920773209260203007e-01
9.809451419626219471e-01
9.695491184247608807e-01
9.587326949958663302e-01
9.479935108644648167e-01
9.361445156435627135e-01
9.251767353825368634e-01
9.147433423486890369e-01
9.041423533695260861e-01
8.931360857126432462e-01
8.829868347107446835e-01
8.719914265156335498e-01
8.618804007184130977e-01
8.512646092567883738e-01
8.409757955958586662e-01
8.310663754615360554e-01
8.206774783510156768e-01
