0.000000000000000000e+00
0.000000000000000000e+00
0.000000000000000000e+00
0.000000000000000000e+00
0.000000000000000000e+00
0.000000000000000000e+00
0.000000000000000000e+00
0.000000000000000000e+00
0.000000000000000000e+00
0.000000000000000000e+00
0.000000000000000000e+00
0.000000000000000000e+00
0.000000000000000000e+00
0.000000000000000000e+00
0.000000000000000000e+00
0.000000000000000000e+00
0.000000000000000000e+00
0.000000000000000000e+00
0.000000000000000000e+00
0.000000000000000000e+00
0.000000000000000000e+00
0.000000000000000000e+00
0.000000000000000000e+00
0.000000000000000000e+00
0.000000000000000000e+00
0.000000000000000000e+00
1.581146690656115572e-02
2.720594624016582364e-01
1.077549046190998894e+00
1.450817414389716786e+00
1.152222952495543851e+00
6.944826535713239934e-01
3.957724072199360066e-01
2.735536533289967820e-01
2.343288722832143067e-01
2.249421437699649085e-01
2.456356259376048512e-01
2.257431191563712969e-01
2.260674384065901321e-01
2.034629822090856244e-01
2.007081228008499585e-01
2.400783657459081011e-01
2.921998491568496559e-01
3.634940067045245859e-01
5.188680722650326205e-01
6.812066685010141898e-01
8.555337145481562988e-01
1.048314971851458610e+00
1.171871820706721801e+00
1.318546550520753202e+00
1.431284516400244122e+00
1.507019503098487201e+00
1.549694611973290614e+00
1.585873807914097045e+00
1.583191711490244069e+00
1.428469216859836965e+00
1.291591803853896270e+00
1.199444397547007934e+00
1.091411100642301735e+00
1.007614817351702552e+00
9.476335043951858994e-01
9.265661902987955001e-01
9.185585043959715312e-01
9.123736690604092869e-01
9.111522773940545772e-01
9.252619944160813681e-01
9.302886123590105028e-01
9.644338873882977170e-01
9.828389699141991676e-01
1.006825307182414919e+00
1.001465467986880853e+00
1.013898057856265078e+00
1.053975917412000696e+00
1.049433283153855312e+00
1.056993102320117117e+00
1.067224713624568722e+00
1.069643254338869864e+00
1.043849380852399644e+00
1.053041512510485944e+00
1.024133017590222128e+00
1.023845980939217304e+00
9.984820067345172578e-01
9.808536313961040420e-01
9.788621710659212161e-01
9.732132709074896582e-01
9.667550815622610871e-01
9.692385831517507100e-01
9.661522076648990653e-01
9.700461949850341936e-01
9.615382686190095951e-01
9.563576775551839715e-01
9.688057174949924466e-01
9.615613521572269340e-01
9.731584296742870066e-01
9.801019209385340991e-01
1.000939039015267262e+00
1.000925025545799540e+00
1.013825623850196367e+00
1.029230381055423305e+00
1.018213663305897354e+00
1.011568581966417302e+00
1.037703955883946261e+00
1.036642709166333498e+00
1.022622885017131500e+00
1.003503855396854272e+00
1.003761763007016805e+00
9.850580045369071724e-01
9.543810471069202883e-01
9.756565137873316473e-01
9.535049362210370472e-01
9.782142105903494089e-01
9.889620948111623733e-01
1.016620126525092926e+00
1.048833425637821337e+00
1.077828004287284758e+00
1.107624215912335286e+00
1.126617036898716062e+00
1.144947538888285044e+00
1.151104371105044155e+00
1.130547444906481180e+00
1.110916405941682727e+00
1.087793342703321731e+00
1.049516194098335298e+00
1.033402620069174160e+00
9.904870134699660378e-01
9.794933753723964465e-01
9.741513811907012155e-01
9.784595865517603519e-01
9.911403316888565129e-01
1.006780907083941079e+00
1.036518208393002460e+00
1.043554682319755011e+00
1.041108366194654966e+00
1.041403546132767088e+00
1.033703035662644210e+00
1.043122023584427849e+00
1.020777264318266209e+00
1.013584847085204910e+00
1.002678952114261612e+00
9.907384898483838631e-01
1.000114242876811943e+00
9.944130116804441588e-01
9.996779771736763465e-01
9.921699134836313716e-01
9.866502818875962921e-01
9.991462975493504706e-01
9.941052371177588887e-01
1.001869131138058977e+00
1.000240539209601653e+00
9.959645316792917757e-01
1.006883197699709465e+00
1.001262291008988559e+00
9.965724809476088630e-01
1.002953451340286906e+00
1.001560661892212156e+00
9.956361459334138742e-01
1.003489586618285134e+00
9.998986511812140154e-01
1.006588949454763737e+00
9.961636176885524385e-01
9.922079314005952666e-01
9.998693385768095965e-01
9.987578376650186884e-01
1.003267786180287890e+00
1.001318242987677243e+00
9.997478511937142320e-01
9.918514238050224474e-01
1.001254459511385031e+00
9.955713867326471123e-01
9.972280492404246299e-01
9.934519110827169097e-01
1.005064691403773303e+00
1.007670898837852214e+00
9.995606559621725840e-01
1.003153861753709686e+00
9.980746591972061710e-01
1.000762396931457410e+00
9.912388593855664398e-01
1.001464901513637873e+00
9.909458447076675558e-01
1.002572403326020600e+00
9.932804037456316459e-01
9.958205343056378833e-01
9.955499006305192911e-01
9.967426122903259023e-01
9.958965044508494291e-01
9.910484903283629521e-01
9.990676780723224404e-01
9.971913202510158669e-01
9.926248033982675301e-01
1.000033047323096724e+00
9.903108235609956456e-01
9.932872871493942935e-01
9.956435399505109141e-01
9.998846953247071401e-01
9.950656010089357073e-01
9.974825730705905169e-01
1.004204101063352450e+00
9.994499519080392025e-01
9.914578844903217947e-01
1.009037921189106290e+00
9.967629618683114812e-01
9.958475830412302221e-01
1.001621660625480414e+00
1.000612599585601004e+00
9.981526139627204808e-01
9.995995347822300703e-01
9.957229148658632845e-01
9.972238816944525297e-01
1.001314986607413360e+00
1.002305605754780116e+00
1.002750862730528603e+00
9.997727921617324265e-01
1.003728157701089696e+00
1.000368356624359967e+00
9.937220326432900652e-01
1.009258633006269834e+00
9.992123589107825277e-01
1.004193769474356568e+00
1.001816699358243135e+00
1.000516172302393425e+00
1.003299043746826769e+00
1.005767265703153779e+00
9.936749159809211696e-01
9.980882858850560480e-01
1.003412152584096662e+00
1.008119444696064404e+00
9.971181116340039896e-01
1.001183484192391893e+00
1.002672244852314654e+00
1.005929474242563959e+00
9.978671664448548473e-01
1.003923786357118431e+00
1.001681228348693775e+00
1.003693013395599243e+00
1.003102235287050892e+00
1.001726407135017816e+00
1.004530385488940469e+00
1.002050011286875542e+00
1.005531976608672551e+00
1.002133995767797492e+00
1.000090539460990469e+00
1.003978399054022752e+00
1.006667077624152418e+00
1.000787850039369875e+00
1.004205083117251096e+00
1.010124926513341181e+00
1.008078545319051500e+00
1.003377185562638774e+00
9.990439611190915503e-01
1.003856556586503190e+00
1.005762454109484061e+00
1.004082195192344207e+00
1.004155650864401395e+00
1.002472357378680012e+00
1.008329535852371395e+00
1.002061312253604397e+00
1.005406160248572656e+00
1.002393402456352334e+00
1.003257907694557360e+00
1.005022979197030875e+00
9.973033223437465233e-01
9.962794489208377513e-01
1.004236563678513994e+00
1.007497894979097808e+00
1.002424835957795191e+00
9.990181728383938919e-01
9.985190697840130580e-01
9.978093917650815436e-01
9.973255670630815084e-01
9.951878714136103143e-01
1.005133308709041051e+00
1.001077387825974663e+00
9.999705436719122931e-01
1.004418883884980129e+00
9.968392932297930331e-01
9.985621636030346249e-01
9.964679842071966220e-01
9.960540597449112354e-01
1.003087670485268035e+00
