0.000000000000000000e+00
0.000000000000000000e+00
0.000000000000000000e+00
0.000000000000000000e+00
0.000000000000000000e+00
0.000000000000000000e+00
0.000000000000000000e+00
0.000000000000000000e+00
0.000000000000000000e+00
0.000000000000000000e+00
0.000000000000000000e+00
0.000000000000000000e+00
0.000000000000000000e+00
0.000000000000000000e+00
0.000000000000000000e+00
0.000000000000000000e+00
0.000000000000000000e+00
0.000000000000000000e+00
0.000000000000000000e+00
0.000000000000000000e+00
0.000000000000000000e+00
0.000000000000000000e+00
0.000000000000000000e+00
0.000000000000000000e+00
0.000000000000000000e+00
0.000000000000000000e+00
1.767693649287338173e-02
3.369364900904369686e-01
1.223465200845016643e+00
1.637445032563567882e+00
1.275480854361185967e+00
7.868772820152493130e-01
4.614604918055048577e-01
2.870263307787460083e-01
2.464758807134578289e-01
2.467846889665858690e-01
2.501231930151160410e-01
2.355680409622568916e-01
2.327473416800880102e-01
2.332568950752725856e-01
2.151088760613643625e-01
2.579813953890518485e-01
3.107362706133964814e-01
4.078016134352083211e-01
5.117645297215681621e-01
6.624740112603824116e-01
8.718060045154836235e-01
1.045733234659859345e+00
1.205278664868110861e+00
1.274674829851394353e+00
1.424795810415441233e+00
1.526687235108650009e+00
1.599942491172344106e+00
1.655519378996348712e+00
1.574206946725243750e+00
1.472171603790661587e+00
1.327594343165812374e+00
1.216997624776501308e+00
1.101284751547946250e+00
1.019359959995067122e+00
9.752304327360418190e-01
9.125050535784454686e-01
9.256920561936716751e-01
9.312825229818287864e-01
9.197496286797038900e-01
9.349820631627294709e-01
9.403193607892997852e-01
9.568353909958031700e-01
9.765886320757070083e-01
1.007938753180008362e+00
1.035289307346630272e+00
1.044110383561819289e+00
1.043103744032607860e+00
1.056037383515626260e+00
1.081914962276801839e+00
1.089209587374023958e+00
1.092071029003655935e+00
1.085502306602246003e+00
1.086228178467713912e+00
1.047391423627985985e+00
1.045327641554477882e+00
1.015111219795955755e+00
1.006876363443225619e+00
1.009801051845194086e+00
9.927225145672902151e-01
9.815250613688067949e-01
9.897021609352508742e-01
9.556030490016329537e-01
9.660821966204096167e-01
9.928242017950129616e-01
9.710047777190985441e-01
9.801786332328753515e-01
1.002400757682920807e+00
1.004468389255182226e+00
1.006517149711114500e+00
1.005322832600535454e+00
1.001365384847859863e+00
1.012892268103769089e+00
1.032232782952463568e+00
1.021686890479846399e+00
1.061621134921452381e+00
1.032370170929616693e+00
1.036331503285472966e+00
1.033055010712425892e+00
1.011463628833296102e+00
9.993660918047788666e-01
1.004422023990379165e+00
9.659756613662614511e-01
9.650699325461998823e-01
9.679052357793880290e-01
9.813971943353889671e-01
9.914134363961847329e-01
1.020745357252746510e+00
1.050517321832186379e+00
1.080543426344691360e+00
1.114960543150385286e+00
1.136053952092755948e+00
1.144154860253499661e+00
1.145353638632279347e+00
1.147541900801072323e+00
1.111834409269143453e+00
1.075725741122010470e+00
1.059018434950586673e+00
1.011349335829847762e+00
9.949151606254262870e-01
9.628604776573325141e-01
9.634592498785518044e-01
9.859880104192341177e-01
9.765583423456692946e-01
1.002991546489728103e+00
1.017683076195728953e+00
1.018399006748490265e+00
1.028542715068612168e+00
1.037719398105341195e+00
1.033434961198570923e+00
1.015212596820333157e+00
1.021433933445291764e+00
9.907671929257976240e-01
9.978699061088235345e-01
9.902631810437290127e-01
9.886631390797542274e-01
9.906317235728486770e-01
9.877176361207077315e-01
9.869142936303471059e-01
1.004501886950912581e+00
9.964518643431014011e-01
9.999442545824926976e-01
9.993162221792935007e-01
9.995329133254818865e-01
1.000823828983156583e+00
1.001357625709315968e+00
1.002758107171322077e+00
1.006002629991218145e+00
9.985119415902250495e-01
9.935391812700189451e-01
1.001636448201339125e+00
9.943193999478154854e-01
9.945350280325401249e-01
9.973971004617344649e-01
9.920444519148426954e-01
1.004554003849754018e+00
1.000544832522634486e+00
9.999975240906759932e-01
1.008383841847500184e+00
9.988656241897118093e-01
1.006870365245762899e+00
1.001294041726445982e+00
1.007540060595841114e+00
1.000702784414017055e+00
1.005760087378523515e+00
1.000785130497855668e+00
1.005099363035963034e+00
1.000089578034826010e+00
1.001792178985970727e+00
9.996992703730268603e-01
1.005353534947994065e+00
9.962800262983906308e-01
1.004954452660926201e+00
9.972123550122069524e-01
1.004080078715719360e+00
1.006603309557860593e+00
9.930425784219433227e-01
1.004300018807908756e+00
9.976142079981378252e-01
9.976748387595008039e-01
9.961570422734150609e-01
1.000212620014168108e+00
9.914122055149312551e-01
9.963316780985895793e-01
9.874817185408610865e-01
9.953092628308987111e-01
1.004006776404151813e+00
9.928091550227834405e-01
9.998685771212123541e-01
1.000668038553262473e+00
9.935174675253743981e-01
9.944647081306202674e-01
9.936666910969190747e-01
1.002004881810561354e+00
9.895879456451832645e-01
9.954754984077422986e-01
9.960156720053225943e-01
9.921305231711641248e-01
9.990028620299872264e-01
9.932408459303004866e-01
9.984982252933998215e-01
9.851120602440165408e-01
9.962945486146248530e-01
9.945767480059685139e-01
9.967617347356798607e-01
9.957636244951360016e-01
9.945644910876388911e-01
9.930398968737440546e-01
9.878160457560504204e-01
9.930134800111936055e-01
9.987897068646345300e-01
9.956763603936523710e-01
9.924950367006950547e-01
9.936413623971946940e-01
9.934372474566818267e-01
9.944189356050827655e-01
9.998706576187037509e-01
1.003125398374342669e+00
9.927039095167601301e-01
1.003404807339964178e+00
1.002427922434082630e+00
9.985760957622794587e-01
9.995885030958310269e-01
9.934240602629367256e-01
9.951322211576317800e-01
9.948179374696002331e-01
9.946792084181229621e-01
1.003886248220082544e+00
1.000291655060979723e+00
9.964840833521745322e-01
9.953912402757604250e-01
9.939657839114207638e-01
9.998734206176091988e-01
9.918854101025125214e-01
9.926191163580230237e-01
9.968310340710659911e-01
9.882903080243586880e-01
9.965124013668847924e-01
9.935900326952495920e-01
9.943546705595127655e-01
9.989118280634829983e-01
1.001190187520718533e+00
1.002727159043768079e+00
9.945779364737645789e-01
9.991754728226879267e-01
9.987634655858450561e-01
9.983780571521035929e-01
9.945853048807027363e-01
1.002178986429619112e+00
1.000351638510910579e+00
9.953791419025377341e-01
9.994715663944543360e-01
9.936158585684091715e-01
9.977361346783549800e-01
9.943404539469824499e-01
9.995083217575406742e-01
9.951656115058188368e-01
9.989298195722272622e-01
9.932255800986636851e-01
1.002793672575263972e+00
9.987300551917994706e-01
1.002215717743124124e+00
9.947273991733538434e-01
9.988426446790695801e-01
9.943767374014732541e-01
9.948342700306322950e-01
9.936092886907573751e-01
9.947425548799961881e-01
9.971604877941545597e-01
9.975396671482107402e-01
9.977407225521376377e-01
9.975452644859776896e-01
1.000330522734599326e+00
9.952153113901978099e-01
9.921299169509373295e-01
