0.000000000000000000e+00
0.000000000000000000e+00
0.000000000000000000e+00
0.000000000000000000e+00
0.000000000000000000e+00
0.000000000000000000e+00
0.000000000000000000e+00
0.000000000000000000e+00
0.000000000000000000e+00
0.000000000000000000e+00
0.000000000000000000e+00
0.000000000000000000e+00
0.000000000000000000e+00
0.000000000000000000e+00
0.000000000000000000e+00
0.000000000000000000e+00
0.000000000000000000e+00
0.000000000000000000e+00
0.000000000000000000e+00
0.000000000000000000e+00
0.000000000000000000e+00
0.000000000000000000e+00
0.000000000000000000e+00
0.000000000000000000e+00
0.000000000000000000e+00
0.000000000000000000e+00
1.116489537355545673e-02
2.686976327933485176e-01
1.012763749865633445e+00
1.422788314700438539e+00
1.076060961835322738e+00
6.288723266498053022e-01
3.816812905920429211e-01
2.689904158761901032e-01
2.338609427608197289e-01
2.374634361468152821e-01
2.158025019371986875e-01
2.304677162406639501e-01
2.195331760538288268e-01
1.980890397909003953e-01
2.015742715463181844e-01
2.515434505520613429e-01
2.868745248170095352e-01
3.746698885709628390e-01
5.338963012016432197e-01
6.710265101932728626e-01
8.443460014710865158e-01
1.002339931855443345e+00
1.165054538182290989e+00
1.302468352971990262e+00
1.413331383580364919e+00
1.472802456457024567e+00
1.586977112222685671e+00
1.560168333225843362e+00
1.519500892634809253e+00
1.378050056364034548e+00
1.272183014350228181e+00
1.150845031394051698e+00
1.033552191734165238e+00
9.503759337528404627e-01
9.036873364799475894e-01
8.767846519771227420e-01
8.588221903915673749e-01
8.737961967486597148e-01
8.781689072769761628e-01
8.996894497911609445e-01
9.122877498338610724e-01
9.065400468438707948e-01
9.588082918417718536e-01
9.745705754905020779e-01
9.848520065144488189e-01
1.023196075880826061e+00
1.038800680222758510e+00
1.046167471056494769e+00
1.063245292774440243e+00
1.063123043662174361e+00
1.058065832315330690e+00
1.083594021767441129e+00
1.055738583872097625e+00
1.034826158218543402e+00
1.037107184850563746e+00
1.028635719026790962e+00
9.979940952417063471e-01
9.896037690053950397e-01
9.794984011442297023e-01
9.787992580718712921e-01
9.814511051821713794e-01
9.620482181456924131e-01
9.599528448888756671e-01
9.702732046192259485e-01
9.678581646090204105e-01
9.874043526906808310e-01
9.745714977830249870e-01
9.891169482711602567e-01
9.729772630081758855e-01
9.985625657942639455e-01
1.018533269867498703e+00
1.017544457713748907e+00
1.025545301028794931e+00
1.030248417346885770e+00
1.036179619446369937e+00
1.043834782367540237e+00
1.035135326444081239e+00
1.034688621818057541e+00
1.015519415319465768e+00
9.944218313396688824e-01
9.871846525061318545e-01
9.850759428014669306e-01
9.739956514930749876e-01
9.749256570157932567e-01
9.912359676541103726e-01
1.009172193027054076e+00
1.028433748239587775e+00
1.054826628437165237e+00
1.081839286976612691e+00
1.131029529929223898e+00
1.152572305470839664e+00
1.165080198568357428e+00
1.159692583284709144e+00
1.147228703530171812e+00
1.117646006177043239e+00
1.087682626605519287e+00
1.049704975144706065e+00
1.021206995620726143e+00
9.932747010487005257e-01
9.858479429475135447e-01
9.732223923590196391e-01
9.662163008748366755e-01
9.926307471685430484e-01
1.015506571287172477e+00
1.026133032605729412e+00
1.022073657128307334e+00
1.037225277460567474e+00
1.033587399740609980e+00
1.035866622520986935e+00
1.028641466543599892e+00
1.024532185045633037e+00
1.006193307768987300e+00
9.989378519662676092e-01
9.941368044239895507e-01
9.950643952814833826e-01
9.957686453162839513e-01
9.974171289495885606e-01
9.906090635300106584e-01
9.935009276277687595e-01
9.944914487693912175e-01
1.000721049872651758e+00
1.000023043624016506e+00
1.004142310043256714e+00
1.003179667157603205e+00
9.991246356537348827e-01
9.992455425845675476e-01
1.004756476309772051e+00
9.930667973377119706e-01
9.999360210999614917e-01
9.888190359712208943e-01
9.939383353557789125e-01
9.982424373604414924e-01
9.991857940518270587e-01
9.956604959560374501e-01
9.950623850779338753e-01
1.001192222034374080e+00
1.006106421843213194e+00
1.003785865272046829e+00
1.002171647661725506e+00
1.003409752047552006e+00
9.973801700216086141e-01
9.994812618397367343e-01
9.960767998594305395e-01
1.000916367267126628e+00
9.973021252787250823e-01
1.000102395973286429e+00
9.974125890295861829e-01
9.949569554040620378e-01
9.935649266080011088e-01
1.009452094663508825e+00
1.000164571119857015e+00
9.906483457872790055e-01
9.991451090876189989e-01
9.972916900853220357e-01
9.923692656850594540e-01
9.974721748201497151e-01
9.891803537922714273e-01
9.957971679444668212e-01
1.002155209499354660e+00
9.943798910942737157e-01
9.962007105767765047e-01
9.925173559782558552e-01
9.932512060403151377e-01
9.920946398742183092e-01
9.929062606746162922e-01
9.868579089276756644e-01
9.872825137608625123e-01
1.001415550578832692e+00
9.970694707434913928e-01
9.939051884948870708e-01
9.903473455180191731e-01
9.922214979694641279e-01
9.931287478158660198e-01
9.933276765098812966e-01
9.951800127293364273e-01
9.922150851828327456e-01
9.916025603347048412e-01
9.970607055311957456e-01
1.000349261562589298e+00
9.961303478047354165e-01
9.988418971622100573e-01
9.996945241928314463e-01
1.003040243491942540e+00
9.958250294613617548e-01
9.926830855884397620e-01
9.982915716074818313e-01
9.909728905546327793e-01
9.952444687047846683e-01
9.895654489757401695e-01
9.950647321976228143e-01
9.931152348531249174e-01
1.001754239009254865e+00
9.947136835655635556e-01
9.913943635678030830e-01
9.937121171739313752e-01
9.889286335817771834e-01
9.869098942585285972e-01
9.929982016073995998e-01
1.000935769745389337e+00
9.994799259248712264e-01
9.972082605526333410e-01
9.984225011345978507e-01
9.938828422214421865e-01
9.945205281749109893e-01
9.918996878516174176e-01
9.928473041709827696e-01
9.955673075648022730e-01
9.889758559357605394e-01
9.985620120508370556e-01
9.898168950838129865e-01
9.941868284685377866e-01
1.000313376092820450e+00
9.939300024055752747e-01
9.938496358902765282e-01
9.883472835755137131e-01
9.961788034601485320e-01
9.876020391252747777e-01
1.001471694742092078e+00
9.961822349924305264e-01
9.945234400347044978e-01
9.901701429061436910e-01
9.895028995559673746e-01
9.905603180022531928e-01
9.892806290449597251e-01
9.932798678719375607e-01
9.898700359943981564e-01
9.922430509829638368e-01
9.898703430499818934e-01
9.954542086394513323e-01
9.965361174787765730e-01
9.929425648527610004e-01
9.983625319283913058e-01
9.963739302383366470e-01
9.972780007138210001e-01
9.939693059662523256e-01
9.967595266071230808e-01
9.966145169478782817e-01
9.884997583075075811e-01
9.972543283482360188e-01
9.929544154111800136e-01
9.973303124299010003e-01
9.987639429876289388e-01
9.959972018470225619e-01
9.926861314081488752e-01
9.967287484031669420e-01
9.996034568533359588e-01
9.922627874573681783e-01
9.994340579838919547e-01
9.895551332073511119e-01
9.968396620321747781e-01
9.961638399874651606e-01
1.000359644315377938e+00
9.946124498720659846e-01
9.996202534807477891e-01
