0.000000000000000000e+00
0.000000000000000000e+00
0.000000000000000000e+00
0.000000000000000000e+00
0.000000000000000000e+00
0.000000000000000000e+00
0.000000000000000000e+00
0.000000000000000000e+00
0.000000000000000000e+00
0.000000000000000000e+00
0.000000000000000000e+00
0.000000000000000000e+00
0.000000000000000000e+00
0.000000000000000000e+00
0.000000000000000000e+00
0.000000000000000000e+00
0.000000000000000000e+00
0.000000000000000000e+00
0.000000000000000000e+00
0.000000000000000000e+00
0.000000000000000000e+00
0.000000000000000000e+00
0.000000000000000000e+00
0.000000000000000000e+00
0.000000000000000000e+00
0.000000000000000000e+00
1.581124600784468773e-02
3.014203995838157235e-01
1.146689158626620797e+00
1.527352400790907172e+00
1.150100443958735008e+00
7.010556330995091345e-01
4.378171087498076708e-01
2.782059989136208555e-01
2.518862991151710196e-01
2.171646117093767592e-01
2.265111252027298683e-01
2.280623929732108479e-01
2.005053556135741877e-01
1.942500098907638528e-01
2.114573893966888440e-01
2.442469312948989391e-01
2.918341384691410800e-01
3.676312523757694906e-01
4.967605847681040854e-01
6.411267308275691024e-01
8.280314794558102376e-01
9.805559802177529205e-01
1.149084797829705185e+00
1.265477765906166230e+00
1.377476841401795271e+00
1.517834848866725261e+00
1.553701779427021590e+00
1.542719408191960628e+00
1.460896736577039112e+00
1.368223667696949475e+00
1.273362405589767876e+00
1.167816962964990379e+00
1.049404406873138518e+00
9.618426402728814661e-01
9.272758753300900381e-01
8.873495946031907389e-01
8.871080988183825955e-01
8.692700124315948518e-01
8.874307641891685527e-01
8.951027265819208045e-01
8.818268378019603615e-01
9.393314329033095600e-01
9.352152910431089650e-01
9.531236570607768410e-01
9.884404929683873187e-01
9.913957309376556504e-01
1.001890712676096973e+00
1.030797758996502278e+00
1.040030904014167534e+00
1.042572188726267113e+00
1.051881164443528194e+00
1.055254119572296423e+00
1.030448311805235662e+00
1.032180195093600261e+00
1.010525998023438010e+00
9.829299942100272469e-01
9.981149953206730485e-01
9.461515081282217965e-01
9.666128745208650841e-01
9.642396097870150617e-01
9.500186370348724374e-01
9.710871418590637516e-01
9.546869280937922975e-01
9.786497792255677286e-01
9.750867828617970634e-01
9.960216640045979064e-01
9.863595955152837380e-01
9.868931945554269003e-01
1.005031140728522399e+00
1.022769931083094219e+00
9.929845615075340026e-01
1.027966615165516462e+00
1.026455626665928156e+00
1.041952146562795223e+00
1.037747119590365585e+00
1.053857783638746382e+00
1.023944716688594880e+00
1.033218848378962385e+00
1.012043665320436103e+00
1.000402500745291245e+00
9.822222612123032714e-01
9.604158861993022933e-01
9.561111595618652093e-01
9.678195943610793384e-01
9.708713959786913206e-01
9.993516232007543243e-01
1.018618800168560767e+00
1.061140517031828212e+00
1.083791938111499986e+00
1.118870899374002192e+00
1.147585497677481081e+00
1.172988256359760451e+00
1.155600536751938412e+00
1.149469141795025129e+00
1.126736194206080288e+00
1.091672075189830116e+00
1.061863971797623485e+00
1.026707070407163025e+00
1.003158042443536235e+00
9.849127198047209486e-01
9.656879509282018104e-01
9.840714784350336197e-01
9.905330905139508868e-01
1.014245436116712584e+00
1.018015965261398925e+00
1.036967216955434701e+00
1.055604617348741225e+00
1.055426655219190657e+00
1.035999561631041122e+00
1.015605760002267877e+00
1.013646129722711731e+00
1.014019841769463914e+00
9.990212423261378705e-01
1.000123357630925858e+00
9.936144930008126153e-01
9.984119500332494512e-01
9.972835521083119881e-01
9.960895287748809945e-01
9.990562670717575422e-01
9.934857799621145125e-01
9.956740059005546595e-01
1.000744230373761923e+00
9.991009510115748116e-01
1.003461821557290135e+00
9.959966860301860958e-01
1.005346530476650457e+00
1.004928751115558017e+00
9.938462547742941133e-01
9.969492802846888768e-01
9.939743469095626560e-01
9.867798672735732524e-01
9.962507483798457297e-01
9.902198648161540939e-01
9.960983472769302516e-01
9.949326955050304955e-01
9.923670356795309955e-01
9.873152500932692588e-01
9.939437936947878027e-01
9.911656861174973354e-01
9.927939373541819768e-01
9.806922655193446303e-01
9.916015177223540533e-01
9.937629343825898909e-01
9.952360590763394965e-01
9.848318756990587231e-01
9.869058144597188109e-01
9.900729876341958224e-01
9.860926739269265662e-01
9.879518093562821290e-01
9.901712425860148548e-01
9.766345011057636638e-01
9.866430133063237573e-01
9.909132061967867999e-01
9.918848586281336921e-01
9.833509143152527887e-01
9.846408068585595919e-01
9.900797630078080891e-01
9.869032799703367775e-01
9.912980210890043331e-01
9.963381900459002960e-01
9.840483855891570819e-01
9.911755976435943083e-01
9.853381822104326782e-01
9.931566460978188404e-01
9.882111578249773709e-01
9.949460188902604640e-01
9.978213814565404238e-01
9.873427479269762941e-01
9.832079407546545635e-01
9.911207826327039783e-01
9.873012615376575152e-01
9.961014883108552098e-01
9.868696802129972578e-01
9.870454930957436313e-01
9.896223321738027989e-01
9.895254011247170967e-01
9.876935575589000926e-01
9.833576148786815629e-01
9.812614193007345165e-01
9.810773949500475322e-01
9.872540846951491922e-01
9.860752146517444139e-01
9.904331594012795170e-01
9.842450364600997537e-01
9.862376005542093926e-01
9.826140669552215767e-01
9.803891482783914091e-01
9.887100129053655317e-01
9.906150482163122994e-01
9.932299116004599249e-01
9.939426024714022034e-01
9.854729187776404276e-01
9.911405770613667121e-01
9.942103101499756290e-01
9.885180403917955827e-01
9.916884339589363551e-01
9.925717037752159744e-01
9.879987375069413380e-01
9.888074714190069336e-01
9.910017802689438104e-01
9.867397506113056993e-01
9.861364516081080334e-01
9.863816539028028574e-01
9.827281005863032215e-01
9.845841171562573768e-01
9.876390854068299863e-01
9.897109576016438481e-01
9.900099102072223989e-01
9.836156269930811380e-01
9.839251314364783063e-01
9.859810940864571771e-01
9.824899728703465618e-01
9.816638711090265312e-01
9.901099173261295183e-01
9.817464689909483067e-01
9.873979472261522616e-01
9.816483758591286746e-01
9.850707820239507084e-01
9.829846639046930790e-01
9.858094790259203100e-01
9.832884804919670430e-01
9.841350340412037268e-01
9.911772128052935837e-01
9.850632064051072501e-01
9.849590663344147679e-01
9.910011165007873712e-01
9.831056829765648652e-01
9.860175696579438487e-01
9.864128059326300324e-01
9.887729390262921525e-01
9.879388645796783885e-01
9.879055773669052076e-01
9.928091872760589354e-01
9.924183558943255878e-01
9.890009514832585058e-01
9.881763148562117127e-01
9.869373609469171971e-01
9.924907202477756263e-01
9.870637427630953864e-01
9.883437932208023469e-01
9.949849478491749055e-01
9.930187274991486568e-01
9.857988189835005244e-01
9.873105466326219659e-01
9.906566990012586338e-01
9.883616659785332548e-01
9.924952746551857219e-01
9.902546157606594290e-01
9.882109253923339054e-01
9.913173308981624299e-01
9.923622362398666352e-01
9.937480820672321968e-01
9.972360525298633593e-01
9.884489831205471866e-01
