0.000000000000000000e+00
0.000000000000000000e+00
0.000000000000000000e+00
0.000000000000000000e+00
0.000000000000000000e+00
0.000000000000000000e+00
0.000000000000000000e+00
0.000000000000000000e+00
0.000000000000000000e+00
0.000000000000000000e+00
0.000000000000000000e+00
0.000000000000000000e+00
0.000000000000000000e+00
0.000000000000000000e+00
0.000000000000000000e+00
0.000000000000000000e+00
0.000000000000000000e+00
0.000000000000000000e+00
0.000000000000000000e+00
0.000000000000000000e+00
0.000000000000000000e+00
0.000000000000000000e+00
0.000000000000000000e+00
0.000000000000000000e+00
0.000000000000000000e+00
0.000000000000000000e+00
1.581332403860548699e-02
3.126891840733597161e-01
1.121908563574597784e+00
1.453990381248450259e+00
1.110926757676115706e+00
6.820554842877354362e-01
3.921080904550089397e-01
2.741678809193027200e-01
2.381983034446490954e-01
2.503682409093787586e-01
2.692011933713319705e-01
2.787279429137797804e-01
2.468082553953279412e-01
2.269339277950060962e-01
2.202472785706638403e-01
2.579343816477021600e-01
3.121263467937639424e-01
4.035844285297799372e-01
5.126609602906718743e-01
6.762377740142204718e-01
8.541235474513653170e-01
1.034250455212337938e+00
1.138682179332170419e+00
1.234182950584577387e+00
1.413008713981015685e+00
1.481087205899299208e+00
1.523330342149770145e+00
1.554106067032023919e+00
1.509476443138565438e+00
1.386219034263530547e+00
1.278441332556173649e+00
1.164216184809449217e+00
1.051069489706457416e+00
9.807913898533521246e-01
9.497081216231635370e-01
8.885025726759298026e-01
8.882281477678464210e-01
8.974132327295718525e-01
9.219375030393781589e-01
9.109046162534206736e-01
9.324660866007423721e-01
9.668413158663520246e-01
9.560832757511377178e-01
9.763768415953865132e-01
9.843642778873206156e-01
1.005838556819795171e+00
1.030236117431797993e+00
1.058989129689732689e+00
1.059589076407967845e+00
1.055774593776545034e+00
1.062959340639170636e+00
1.059634828811703677e+00
1.051468937619030264e+00
1.042859179855579965e+00
1.030821578068850775e+00
1.005680850064556875e+00
9.989180714311600706e-01
9.852550401568472838e-01
9.671973906976704116e-01
9.726775289553475368e-01
9.669076520122196206e-01
9.589273921502962095e-01
9.719951863719223928e-01
9.603462767418042834e-01
9.755339986029675226e-01
9.835114345725642915e-01
9.840459132015865196e-01
1.005705192266258097e+00
1.008601560625436155e+00
9.956842072676584943e-01
9.865204909854786708e-01
1.025558953187922340e+00
1.015076233473907630e+00
1.044134728551099123e+00
1.020484114761040617e+00
1.047211041657476693e+00
1.029240416889733556e+00
1.013351081526079556e+00
1.005715591530431663e+00
9.962491646174096438e-01
9.951383354176828178e-01
9.637644582951332417e-01
9.689452066302127742e-01
9.635334126728832826e-01
9.754398655016601749e-01
9.843488384536019931e-01
1.034754565999356890e+00
1.047840920623778871e+00
1.076858307731030751e+00
1.118381309244607769e+00
1.117507400095518300e+00
1.141201828107978100e+00
1.154589311085128189e+00
1.130497238104765545e+00
1.104208015475719007e+00
1.080442011155087201e+00
1.045982487788406967e+00
1.011336363700967578e+00
9.810779133951913478e-01
9.746724261821169133e-01
9.764703906375840070e-01
9.894252348210512693e-01
9.894763293952464345e-01
1.003393106362893583e+00
1.031691332552870266e+00
1.035176714073630988e+00
1.035165083556444543e+00
1.028402777345657659e+00
1.024940499779505076e+00
1.026983321625267953e+00
1.019985518920143219e+00
9.921070561657922005e-01
9.882540574861573557e-01
9.902505746574861156e-01
9.920903286334575855e-01
9.929962504749347829e-01
9.920096274292881100e-01
9.907318865525260865e-01
9.863907106713100115e-01
9.920425132655076306e-01
9.842377727064104409e-01
1.000215131331448015e+00
9.874117594292731726e-01
1.003886007093275801e+00
9.967621369289073607e-01
9.940647343488556720e-01
9.944702976970630770e-01
9.881819790697365935e-01
9.985856021285578477e-01
9.938618192142386620e-01
9.958453311583901346e-01
9.916148105838031857e-01
1.000621998336895802e+00
9.906567055620004725e-01
9.933896321534894103e-01
9.885649416856303606e-01
9.871481237037864620e-01
9.972270360281116908e-01
1.002256701640676928e+00
9.965737351126467969e-01
9.902711621486804949e-01
9.878431534233462763e-01
1.003649778142799764e+00
9.928882779430828753e-01
1.000557803803888479e+00
9.852363473144840622e-01
9.856803316721515218e-01
9.973558509574198538e-01
9.887467536260649004e-01
9.894529363123137911e-01
9.949660129092131600e-01
9.889499385603497394e-01
9.962924797677481514e-01
9.883249431239465865e-01
9.912804589793491328e-01
9.889943991287956093e-01
9.788919692367897829e-01
9.893806162934368764e-01
9.878585641059677291e-01
9.906025273676086762e-01
9.867697338435891252e-01
9.873291203918233006e-01
9.819742899755118382e-01
9.811526170443852779e-01
9.914734257785945415e-01
9.809497095549402079e-01
9.941796784223739802e-01
9.921835691290827874e-01
9.851504486776898606e-01
9.983959954717182006e-01
9.850115094107545488e-01
9.980747658359206964e-01
9.901330817421700736e-01
9.892434599660135941e-01
1.001957115437964285e+00
9.977489174161037200e-01
9.991349910283692237e-01
1.001045176351522237e+00
9.979494525158362217e-01
9.927624974133281155e-01
9.937572181916896064e-01
9.963102400408552217e-01
9.906835543833134583e-01
9.925760246583015256e-01
9.901564026735623081e-01
9.891547219190858220e-01
9.867391001659068239e-01
9.915201279733156792e-01
9.876498288675131798e-01
9.925867273106564470e-01
9.870484737253280016e-01
9.963743501025462690e-01
9.927213468294412424e-01
9.978935987774870675e-01
9.914159634042176705e-01
9.959866342214032109e-01
9.981390879198221988e-01
9.970089670818647054e-01
9.956778556585348383e-01
9.910806344408258362e-01
9.905242242336214087e-01
1.001148280832356185e+00
9.994992765579326921e-01
9.911305298606696290e-01
9.901853787645716887e-01
1.000056723936888936e+00
9.879677529532101543e-01
9.936748267881834185e-01
9.985716441355370065e-01
9.982490115848597911e-01
9.953614892847044704e-01
9.912246458265976390e-01
9.940131854524050237e-01
9.943516657896021016e-01
9.984904617801766413e-01
9.957049349155563389e-01
9.947754738759511106e-01
9.907314898847374707e-01
9.907856380037768362e-01
9.946107349723448676e-01
9.950082028970047565e-01
9.990782548350028991e-01
9.963856291170287705e-01
9.972617374306608218e-01
9.939484624801093737e-01
9.957379117004133695e-01
9.902642908943939393e-01
1.000186758834271661e+00
9.981116871970470150e-01
9.994510282498977327e-01
9.957841923090811065e-01
9.912375962307622412e-01
9.979551583201392573e-01
9.959346366979743292e-01
9.975258816011411955e-01
9.940384348777449031e-01
9.927557271180269538e-01
9.973352032297185810e-01
9.962142228645537445e-01
1.001754792005965955e+00
9.983720269666324088e-01
9.935509561298746517e-01
9.986878049218210762e-01
9.918568342434390672e-01
9.986619078352302337e-01
1.000199495697417840e+00
1.002021981266297601e+00
1.000114196319965343e+00
9.968463329548388208e-01
9.902425759821019691e-01
9.981838226854869989e-01
9.986041715982246769e-01
9.945032975589951363e-01
9.978198232331335626e-01
