0.000000000000000000e+00
0.000000000000000000e+00
0.000000000000000000e+00
0.000000000000000000e+00
0.000000000000000000e+00
0.000000000000000000e+00
0.000000000000000000e+00
0.000000000000000000e+00
0.000000000000000000e+00
0.000000000000000000e+00
0.000000000000000000e+00
0.000000000000000000e+00
0.000000000000000000e+00
0.000000000000000000e+00
0.000000000000000000e+00
0.000000000000000000e+00
0.000000000000000000e+00
0.000000000000000000e+00
0.000000000000000000e+00
0.000000000000000000e+00
0.000000000000000000e+00
0.000000000000000000e+00
0.000000000000000000e+00
0.000000000000000000e+00
0.000000000000000000e+00
0.000000000000000000e+00
1.395242373690837139e-02
3.403177959331384339e-01
1.134734916265432103e+00
1.571032937852745892e+00
1.143889785010433702e+00
7.228470939739142231e-01
4.199237798775469765e-01
2.852173218235087293e-01
2.601425693956435081e-01
2.265153791337753686e-01
2.240809751287689000e-01
2.369101046846742442e-01
2.212378970161203995e-01
2.147838673418870359e-01
2.266114424842640140e-01
2.393391981088097420e-01
2.860752370007964562e-01
3.866536037966750161e-01
5.024157956260238977e-01
6.610669299053316683e-01
8.371736717606318434e-01
9.971524544862955253e-01
1.128087366464606944e+00
1.263998232019136525e+00
1.394513903137690525e+00
1.483496202829460264e+00
1.510950132520018530e+00
1.530541183901584779e+00
1.463674646279476743e+00
1.361354838848045201e+00
1.225392557169828311e+00
1.125249353455182177e+00
1.008653920349407374e+00
9.370229363198432360e-01
8.838156314924175971e-01
8.554806821073853706e-01
8.776597989482519679e-01
8.395424529961513782e-01
8.385226685093430943e-01
8.766109133000525855e-01
9.089439846962952263e-01
9.137557206013281474e-01
9.163696590066465752e-01
9.364436232964065132e-01
9.862998999832414126e-01
9.925121261078559964e-01
9.963929920525939066e-01
1.018077434089192934e+00
1.049310359713456764e+00
1.051610301628358224e+00
1.040483344763458273e+00
1.049916001710481162e+00
1.020262929174449162e+00
1.037342922778160537e+00
9.949963470702262169e-01
1.003775467256400322e+00
9.908191507500286876e-01
9.631066988181099520e-01
9.688089472944259040e-01
9.725526648826655629e-01
9.639038185440436113e-01
9.597456532431085652e-01
9.642861259530737250e-01
9.661831938509986006e-01
9.748602926936229540e-01
9.674015977912204800e-01
9.896599629091830108e-01
9.863890645527905177e-01
9.917394874469475097e-01
1.008756037685911044e+00
1.016018689509306627e+00
1.017756065337478866e+00
1.031737675142982313e+00
1.048913599564626153e+00
1.032541917809888021e+00
1.047553289032174595e+00
1.044872205118277941e+00
1.027767361775546506e+00
1.030924052318111572e+00
9.943345975069441955e-01
9.900334868782704190e-01
9.840236769745926981e-01
9.687433638118865264e-01
9.659500348419205462e-01
9.828946164430115706e-01
9.951901695293051686e-01
1.009011474612692805e+00
1.045824926071424299e+00
1.084941240758263037e+00
1.113688289408734766e+00
1.121028491277645367e+00
1.157674043640438022e+00
1.159245937732614529e+00
1.146284466562450755e+00
1.102188113865132379e+00
1.089474526001825483e+00
1.054564015273914412e+00
1.026461877657340427e+00
9.936017388617779389e-01
9.820198377746541807e-01
9.784759657410290190e-01
9.809499802765212495e-01
1.005898576804486577e+00
1.015042898893810053e+00
1.018035881176568180e+00
1.046661465289836279e+00
1.060058473495112175e+00
1.063957567937193760e+00
1.050831721694049259e+00
1.031606982805465922e+00
1.028082634476875201e+00
1.017295037349196907e+00
9.981284361129992844e-01
9.910536837362033946e-01
9.796770233025072772e-01
9.865975999374436700e-01
9.905578799091386832e-01
9.801948862001867990e-01
1.000559019280274020e+00
1.009410467616457474e+00
9.975035214568581665e-01
9.968455986763345988e-01
1.008527425129558841e+00
1.001744862386299673e+00
1.011089130755863819e+00
9.963339261197079466e-01
1.005276959767866352e+00
1.002563306201670112e+00
9.915976827328577548e-01
9.973647918954302583e-01
9.976494214530148286e-01
1.001796735772539471e+00
9.839428594437764630e-01
9.963983350007339368e-01
1.007478927495335075e+00
9.976960540840899005e-01
1.002574378094321261e+00
1.010216068899769448e+00
1.007120895279839612e+00
1.000305801937547701e+00
1.005670253650319479e+00
9.974003992866564694e-01
1.005338834395431924e+00
1.006313207910809471e+00
9.955323883802140728e-01
9.974609766787974063e-01
1.013724079739674044e+00
1.002593057959875855e+00
1.002355453938676755e+00
1.007806131247743986e+00
1.006128006395849317e+00
1.009234134506686642e+00
1.013458400230640155e+00
9.972709204587663079e-01
9.993450730920128144e-01
1.007758209126428328e+00
9.963718949820056237e-01
1.002847738300416625e+00
1.003674651208596780e+00
9.982363522989249338e-01
1.007281281312604859e+00
1.001248349520685865e+00
1.001721363162668910e+00
1.003365716027839971e+00
9.982778420343645376e-01
9.973741079309372815e-01
1.000807333312343284e+00
1.001830844162654666e+00
9.944396318484995945e-01
1.006478524936353036e+00
1.000118097423921659e+00
1.002359359044873610e+00
1.005350376830623782e+00
9.990393539215363106e-01
9.981666358575069786e-01
9.985009029817671911e-01
1.002922033556155057e+00
1.000866665486069174e+00
9.996782252602335328e-01
1.000600256383115783e+00
9.969534837052086429e-01
9.917068765715094658e-01
9.873413323781988771e-01
9.992229169242455855e-01
9.920369027145304885e-01
9.948142897547467278e-01
9.979585306175879911e-01
9.922578656142737596e-01
9.996542170315274589e-01
9.983883713803742843e-01
1.000336706461423697e+00
1.002345179436282985e+00
1.000101586989999847e+00
9.996741024351073479e-01
9.994819443814814131e-01
9.915562092862489907e-01
9.997653496516926142e-01
9.961355785774749227e-01
9.947212224762183030e-01
9.960805584291582138e-01
9.921180241356045704e-01
9.959366028714254915e-01
9.962972485435892533e-01
9.966510141721184324e-01
9.978218607850469768e-01
1.004469526926431433e+00
1.003304113985481694e+00
1.000695925138520570e+00
9.998419960484802305e-01
9.960687474012224207e-01
9.954770002756080371e-01
1.000141154221916295e+00
9.974338385685946884e-01
9.933814675653207527e-01
9.942750176496450987e-01
1.006668229857065944e+00
9.946169679536024377e-01
9.939456440565352935e-01
9.905746283614955683e-01
9.923740728600392025e-01
1.000143338008890881e+00
9.975167323503915107e-01
9.962752105345901166e-01
9.929436017948614079e-01
9.962962681222181649e-01
9.989033159920553961e-01
9.953514324082773923e-01
9.895879007296519703e-01
9.887455678246506174e-01
9.953015284224805415e-01
9.973167067303427835e-01
9.943640732891710909e-01
9.977720897191693084e-01
9.909991713830327287e-01
9.936579756251696649e-01
9.886618074299913239e-01
9.911836136973032341e-01
9.853871069797273119e-01
9.911634050501068049e-01
9.933865659572322926e-01
9.945826902621647259e-01
9.946102513019726699e-01
9.977814269034700478e-01
9.936015727063367553e-01
9.916346351734778297e-01
9.916017126197165243e-01
9.899765769239131652e-01
9.912394297249123021e-01
9.959776361628079888e-01
9.893285087118940391e-01
9.887650065704934876e-01
9.921032961427591612e-01
9.917885859037728347e-01
9.852228886903391381e-01
