0.000000000000000000e+00
0.000000000000000000e+00
0.000000000000000000e+00
0.000000000000000000e+00
0.000000000000000000e+00
0.000000000000000000e+00
0.000000000000000000e+00
0.000000000000000000e+00
0.000000000000000000e+00
0.000000000000000000e+00
0.000000000000000000e+00
0.000000000000000000e+00
0.000000000000000000e+00
0.000000000000000000e+00
0.000000000000000000e+00
0.000000000000000000e+00
0.000000000000000000e+00
0.000000000000000000e+00
0.000000000000000000e+00
0.000000000000000000e+00
0.000000000000000000e+00
0.000000000000000000e+00
0.000000000000000000e+00
0.000000000000000000e+00
0.000000000000000000e+00
0.000000000000000000e+00
1.581656401742452880e-02
3.671826838333346332e-01
1.249233679245463913e+00
1.715564655846763653e+00
1.285342923768113321e+00
7.638479410039236139e-01
4.614709276817011707e-01
3.161436557050161245e-01
2.289148477181463526e-01
2.556042081874358995e-01
2.251159645702437984e-01
2.318562342898652928e-01
2.265811346412352489e-01
2.328433870829594299e-01
2.294546567722366148e-01
2.651956963184330385e-01
3.143607984359605423e-01
4.091920748933829399e-01
5.583012035103527282e-01
7.227726508092282565e-01
9.053691015751099691e-01
1.116999252507891116e+00
1.228917584559114262e+00
1.387240255437670822e+00
1.440457327091874573e+00
1.524258114425497634e+00
1.614202813623628385e+00
1.640489698960473142e+00
1.572262644646382990e+00
1.449294503576533222e+00
1.313705393860850501e+00
1.185206204415345965e+00
1.075533512092372801e+00
9.865294591530309187e-01
9.384774531540499565e-01
9.225458507009893783e-01
9.203601146287986312e-01
8.985694053131111358e-01
9.103465513689044109e-01
9.048467269583815309e-01
9.339869731255950880e-01
9.547058223676503363e-01
9.700656292906378875e-01
9.978156455635636135e-01
1.001656840118565706e+00
1.031096700418760559e+00
1.036041377558361898e+00
1.070213043034943468e+00
1.070755072117091755e+00
1.060805458779975563e+00
1.087629533544503424e+00
1.059851936511064574e+00
1.050093802989755076e+00
1.060752051260511308e+00
1.018226800499968832e+00
1.024774950650934935e+00
9.885622026238355398e-01
9.948288236805362672e-01
9.722458063066091727e-01
9.652790132005475421e-01
9.670184297126896977e-01
9.677438615788187537e-01
9.855429254914115367e-01
9.877074432243417856e-01
9.864246631169637514e-01
9.901128550863755873e-01
9.977648995842570701e-01
9.997822027724634353e-01
9.971740273684394085e-01
1.002909582306343639e+00
1.012404632167428487e+00
1.018757858438728237e+00
1.015486258208978310e+00
1.048044768959781603e+00
1.047153460722457741e+00
1.050660356539788065e+00
1.019500100417910948e+00
1.028320454315071686e+00
1.002929796275310093e+00
1.001795726155078725e+00
9.663639833647394983e-01
9.613043557144852480e-01
9.499939857065516913e-01
9.667826808602589805e-01
9.749440220332711293e-01
9.818699701234930854e-01
1.011475116754565695e+00
1.035374656358341916e+00
1.077726886318769450e+00
1.097499050674727750e+00
1.134394565739440086e+00
1.146405202384425337e+00
1.141098443828736375e+00
1.130408557915196788e+00
1.112804591145603927e+00
1.080619117935300855e+00
1.059782638654736209e+00
1.014242624539230420e+00
1.008048359743392020e+00
9.723828789392723326e-01
9.659719196597315038e-01
9.762828524676602227e-01
9.844554374335983127e-01
1.011664262392279134e+00
1.024650925941571478e+00
1.028700350005559150e+00
1.042151160211412186e+00
1.035689672098334624e+00
1.028798721402949035e+00
1.014950837078720136e+00
1.011216510717531714e+00
1.010109771540020906e+00
9.916586255320659626e-01
9.956244949828999546e-01
9.782584207206440619e-01
9.807328993026721564e-01
9.854552513621882559e-01
9.847788192056968759e-01
9.928204321216350658e-01
9.850231537263742787e-01
1.002006747033607370e+00
9.910793266371653587e-01
9.912883611713358967e-01
9.932157866395674439e-01
1.001005233311539566e+00
9.838770442368687252e-01
9.973713988567111111e-01
9.992278340235729583e-01
9.863895009248301315e-01
9.934979538091734952e-01
9.934081067583429014e-01
9.968492479061002998e-01
9.921915721229795926e-01
9.867500412572726143e-01
1.001076189248796044e+00
1.006505025154790456e+00
9.984364190129801919e-01
9.937158916313846291e-01
9.938896672681372113e-01
9.936288464610180116e-01
1.004239481221522956e+00
1.005443426221669823e+00
9.981477682010347907e-01
9.969354370718084279e-01
9.956378371323241216e-01
9.981460900318609442e-01
9.960716037714316684e-01
9.964748320339122944e-01
9.980909757859651732e-01
9.944715587706588478e-01
9.996796405487817783e-01
9.930102026917073665e-01
9.952250968593286951e-01
9.922590334339329576e-01
9.954346541875672694e-01
9.940965033253604810e-01
9.931202094132717262e-01
9.951916283335349167e-01
9.932439089879191441e-01
9.996926608644441936e-01
9.998031483044170775e-01
9.940367680243225035e-01
9.935589232921266944e-01
9.954922991999691773e-01
9.950616826932398018e-01
9.920733559999219686e-01
9.865363675353723272e-01
9.992105635525074803e-01
9.880123285264993394e-01
9.933005821516169842e-01
9.828102444369024582e-01
9.923657403999469606e-01
9.856095607278625437e-01
9.866058342296821770e-01
9.913693372280281135e-01
9.865429223293744609e-01
9.886950372417370181e-01
9.861814274541874648e-01
9.853258264745428097e-01
9.770129663751285776e-01
9.846286541266418002e-01
9.777714891917205220e-01
9.787262967566423555e-01
9.820748895876393325e-01
9.821304905736485402e-01
9.857346534705700991e-01
9.960433068388651057e-01
9.856163974134142247e-01
9.866024069723875467e-01
9.916222416588699184e-01
9.873064727534172080e-01
9.840777543396086458e-01
9.922130295386542009e-01
9.868683851940297513e-01
9.871302443691885031e-01
9.831384812590771016e-01
9.948062254247116432e-01
9.879255243152549326e-01
9.884269744286010573e-01
9.971305749830839948e-01
9.921409861979023637e-01
9.950154857697122157e-01
9.923827451953987078e-01
9.882940711672719702e-01
9.849398732784881982e-01
9.931044447515661178e-01
9.907812177173941359e-01
9.928716938341358711e-01
9.886995946202488117e-01
9.925860383203499726e-01
9.918853746816909123e-01
9.948683441328450838e-01
9.965718048763974046e-01
9.932339413150697016e-01
9.906400472072652841e-01
9.958081084175495201e-01
9.924569256949529183e-01
9.945713008291274804e-01
9.911416691186137884e-01
9.916161777594710847e-01
9.956852475102768718e-01
9.948986847876960526e-01
9.843256527852818349e-01
9.955031282563878703e-01
9.856339914492885379e-01
9.922745274070874366e-01
9.974775283968173589e-01
9.914537163724792546e-01
9.864318332364365727e-01
9.893057017811294207e-01
9.897013412780510944e-01
9.916377877460883505e-01
9.955095779780840370e-01
9.876771857608368510e-01
9.906142800156866324e-01
9.898369240681845760e-01
9.932056909288439206e-01
9.964760814476574247e-01
9.975858572209915787e-01
9.953042235539990568e-01
9.922098345725381963e-01
9.919281554087958641e-01
9.964995428781228126e-01
9.945431740499721673e-01
9.931957115604714836e-01
9.919474571256284845e-01
9.976337869946098058e-01
9.935053625656905529e-01
1.003901488403236453e+00
9.957142966368678350e-01
1.001755873668935592e+00
9.962800805201683652e-01
9.930136911629787733e-01
9.973885601507581633e-01
