0.000000000000000000e+00
0.000000000000000000e+00
0.000000000000000000e+00
0.000000000000000000e+00
0.000000000000000000e+00
0.000000000000000000e+00
0.000000000000000000e+00
0.000000000000000000e+00
0.000000000000000000e+00
0.000000000000000000e+00
0.000000000000000000e+00
0.000000000000000000e+00
0.000000000000000000e+00
0.000000000000000000e+00
0.000000000000000000e+00
0.000000000000000000e+00
0.000000000000000000e+00
0.000000000000000000e+00
0.000000000000000000e+00
0.000000000000000000e+00
0.000000000000000000e+00
0.000000000000000000e+00
0.000000000000000000e+00
0.000000000000000000e+00
0.000000000000000000e+00
0.000000000000000000e+00
1.674731752679016819e-02
3.179439810648949649e-01
1.164797199332407107e+00
1.509880178650414351e+00
1.130143242736086906e+00
6.887952364102261082e-01
3.792062794387375257e-01
2.957725604511932671e-01
2.448399564533790540e-01
2.348706824636781210e-01
2.638672023402750533e-01
2.876195541323390836e-01
2.534766742453648525e-01
2.454122628707403053e-01
2.509715364789967262e-01
2.773423559680053274e-01
3.378819642721736516e-01
4.185246199193983774e-01
5.794316906883484330e-01
7.306792110503959048e-01
9.211033245313710038e-01
1.077636867957781464e+00
1.244778594679127881e+00
1.372336594091208450e+00
1.525555153751501969e+00
1.632448009019329183e+00
1.661653065565424470e+00
1.682075322368958181e+00
1.597596446877215470e+00
1.487935400059118285e+00
1.386401032856829030e+00
1.262903750405915737e+00
1.133220562653806329e+00
1.042477197520071730e+00
1.008479253384738872e+00
9.548731789410300763e-01
9.491526448798444093e-01
9.499602180783406347e-01
9.480628586683944592e-01
9.644193178432628466e-01
9.724257415161221552e-01
9.885731713021811418e-01
1.039438515498325000e+00
1.034498865684284619e+00
1.040068394723514977e+00
1.092344826075573927e+00
1.109162941404953306e+00
1.108822128063168266e+00
1.112691389811678588e+00
1.123533865081664862e+00
1.127403379146896478e+00
1.115033955512011010e+00
1.116285971074939987e+00
1.096341278000315889e+00
1.088229817648830311e+00
1.049982047704537402e+00
1.050412385617716104e+00
1.042929628919927021e+00
1.036877507710419088e+00
1.011066806259576234e+00
1.004068887054450965e+00
1.022729437698323807e+00
1.023358564504832646e+00
1.013670460626537428e+00
1.025300990033410020e+00
1.035247124028331411e+00
1.042005582840846767e+00
1.034710575011146272e+00
1.037660339186239788e+00
1.059605314641080209e+00
1.055020624510734084e+00
1.066622527701162060e+00
1.069321463156224450e+00
1.086943754869267531e+00
1.087935184491103158e+00
1.089374433600375891e+00
1.080412686458678495e+00
1.071714224812809313e+00
1.035743253806255426e+00
1.043031722756750268e+00
1.020137262400385048e+00
1.014817231573370115e+00
1.008464467835613831e+00
1.014108612373919360e+00
1.016547807958421590e+00
1.037974066838323273e+00
1.061424206120033187e+00
1.097484690423430553e+00
1.133873504587155079e+00
1.154245959696328594e+00
1.183721103579021383e+00
1.194044460371475491e+00
1.189426477107426994e+00
1.192162412497057122e+00
1.162647092682087546e+00
1.125217736200278207e+00
1.093074508938974843e+00
1.053337678921850262e+00
1.031762996925328135e+00
1.017128664270079419e+00
1.024183007066116424e+00
1.025384783503643371e+00
1.030066033801288805e+00
1.046949753024828622e+00
1.056405473602620049e+00
1.073049111498751262e+00
1.075933016915666451e+00
1.075383902624271082e+00
1.077224511575913590e+00
1.055510811092834622e+00
1.058128690201373567e+00
1.037885846807402368e+00
1.023259086383020877e+00
1.025128562779865415e+00
1.023001436696247213e+00
1.019722194858752706e+00
1.020649486918062232e+00
1.015962181623474070e+00
1.014467238981160424e+00
1.020356115950959097e+00
1.020388041014247849e+00
1.027323503060074250e+00
1.028883528543291792e+00
1.026070667457017249e+00
1.021654734865400815e+00
1.024924060849200735e+00
1.019562569239098382e+00
1.030283044953557825e+00
1.020548033836464308e+00
1.019030646634726534e+00
1.025739383163660090e+00
1.024188066791076102e+00
1.022021876472147595e+00
1.024915113323286553e+00
1.022051072769285529e+00
1.020782585978749601e+00
1.022734311731012813e+00
1.022533180202692904e+00
1.027139250673899440e+00
1.014668800948391514e+00
1.027196530211294867e+00
1.026124456854206501e+00
1.023072122744881796e+00
1.027639565450819692e+00
1.023240715605251872e+00
1.023295479859960055e+00
1.022226112865765701e+00
1.028559117361124819e+00
1.020967469689664897e+00
1.023962202951806955e+00
1.026131500153985687e+00
1.021404922191744946e+00
1.021087910992781955e+00
1.014893941233657948e+00
1.014129323721559617e+00
1.018755053202203831e+00
1.019883453007352392e+00
1.014289856922291566e+00
1.019910451152142183e+00
1.024420706243247103e+00
1.015718879441246170e+00
1.014504423636836350e+00
1.019584812853203237e+00
1.017659723843467923e+00
1.008354173298384504e+00
1.014724945515737442e+00
1.013837980651200343e+00
1.019564434815350085e+00
1.004530025569042362e+00
1.008042945817434477e+00
1.009164758844148357e+00
1.003930017101062111e+00
1.008135919559969063e+00
1.005869776003846416e+00
1.006264390189280933e+00
1.007953542149529591e+00
1.006421042962703405e+00
1.005327511852487365e+00
1.008035387110790326e+00
1.010952543161956818e+00
1.003820707853452010e+00
1.005885116983905370e+00
1.005488853000740646e+00
1.002582831142788899e+00
1.004095942839582367e+00
1.004220948349519027e+00
1.004342547249864603e+00
1.002081089254605262e+00
1.006237516029379941e+00
1.004575117765045489e+00
1.000293427132258328e+00
1.003382678470197575e+00
1.001815787421668658e+00
1.014449446013038880e+00
1.012378711820964616e+00
1.003764362437470581e+00
1.000754594570662181e+00
1.011886491319893056e+00
1.009219071366108222e+00
9.993884481295957078e-01
1.006505002027719531e+00
1.002726313494258781e+00
1.005733361425972028e+00
1.007607889998827444e+00
1.010592814330989020e+00
1.004441407950370735e+00
1.002722132776111108e+00
9.990418305984646308e-01
9.977049065560769092e-01
1.002080858512806705e+00
9.896172731997956440e-01
9.948322453736314630e-01
1.004267548959253187e+00
9.941670998574300144e-01
9.975081102472251882e-01
9.975890147867249036e-01
9.968568229224419319e-01
9.994312993607645801e-01
1.001974116882645482e+00
9.977637043991260946e-01
9.940831934146772131e-01
9.949098430849476760e-01
9.984952145797774126e-01
9.916619899690147788e-01
9.944238471149169367e-01
9.970588550882867329e-01
9.966897189371187737e-01
9.901230479108503735e-01
9.974099198752205409e-01
9.924004720348145181e-01
9.979964858972029118e-01
9.902206975235591235e-01
9.941525784013407474e-01
9.944429776020103917e-01
9.963173685339246077e-01
9.888552681825953927e-01
9.962810839639921756e-01
9.906816961995432713e-01
9.907986110427328130e-01
9.953167881626671099e-01
9.876956540033403620e-01
9.913380692110191905e-01
9.909832099331625788e-01
9.902194383796978361e-01
9.909580563889882621e-01
9.917475947018100646e-01
9.921468746588172349e-01
9.949860304171733727e-01
9.870213329604228258e-01
9.931447142005127571e-01
9.930938663755713991e-01
9.960558502974653505e-01
9.908197248741916763e-01
9.908692215364620637e-01
