0.000000000000000000e+00
0.000000000000000000e+00
0.000000000000000000e+00
0.000000000000000000e+00
0.000000000000000000e+00
0.000000000000000000e+00
0.000000000000000000e+00
0.000000000000000000e+00
0.000000000000000000e+00
0.000000000000000000e+00
0.000000000000000000e+00
0.000000000000000000e+00
0.000000000000000000e+00
0.000000000000000000e+00
0.000000000000000000e+00
0.000000000000000000e+00
0.000000000000000000e+00
0.000000000000000000e+00
0.000000000000000000e+00
0.000000000000000000e+00
0.000000000000000000e+00
0.000000000000000000e+00
0.000000000000000000e+00
0.000000000000000000e+00
0.000000000000000000e+00
0.000000000000000000e+00
1.395291761483956859e-02
3.472400928636906747e-01
1.157293652835951425e+00
1.533556571371275323e+00
1.191681815653898191e+00
6.734961315642067348e-01
4.088062499413629425e-01
2.607793533646411421e-01
2.469795358258214391e-01
2.311886387525755870e-01
2.216371683986169128e-01
2.253048391564582975e-01
2.067016863411291483e-01
2.110231987024328848e-01
2.019263061591110020e-01
2.355545215713060747e-01
3.428684252803673727e-01
3.825244264603301914e-01
5.308047471231247538e-01
6.983259665992110898e-01
8.272330026289556049e-01
9.801046855564209404e-01
1.172285899451750213e+00
1.289638444599615408e+00
1.419411288054382103e+00
1.486504481557609170e+00
1.555563408966395667e+00
1.565060004433056484e+00
1.488800057595678350e+00
1.386853776959201090e+00
1.260840143890091136e+00
1.149000282052137223e+00
1.028542712698598871e+00
9.745162046624629149e-01
9.207928595527724580e-01
8.967924336882736602e-01
8.930772147410372952e-01
8.859090367435735747e-01
8.927284849036952741e-01
9.197355107522353634e-01
9.230104080077854434e-01
9.464796826536774343e-01
9.673597330667790262e-01
9.811095458999556929e-01
9.783168987364143643e-01
1.018999850396466345e+00
1.024890538312279942e+00
1.059229824780715923e+00
1.090073720718989225e+00
1.073308530832437935e+00
1.071218924984243204e+00
1.064963373790799084e+00
1.058782891683458072e+00
1.039860422233486181e+00
1.025477315295712621e+00
1.000860348571003033e+00
1.008131541682242505e+00
9.883460506694765613e-01
9.859528529271770481e-01
9.651695836220964830e-01
9.628901794946378434e-01
9.533799570779147858e-01
9.752471645173043102e-01
9.824474322185758890e-01
9.737780821179787827e-01
9.860853948232144450e-01
9.746533405941544270e-01
9.866481673166522803e-01
9.930913986074616506e-01
1.005281782865234286e+00
1.015002329032004935e+00
1.018410600850864212e+00
1.023693995927989819e+00
1.021697541874443393e+00
1.035295097886662408e+00
1.054756090626350229e+00
1.047956117106114915e+00
1.031218980160398813e+00
9.987149843556085704e-01
1.007165533297075699e+00
9.869005885512032172e-01
9.707734079460540455e-01
9.618962644712285570e-01
9.762821014565745692e-01
9.701953600621184837e-01
1.004841862454416646e+00
1.021074405709164967e+00
1.055091779798324580e+00
1.080993130629837706e+00
1.099133969949626977e+00
1.140129701040618837e+00
1.152084020457642133e+00
1.144492315135799743e+00
1.132737679609414849e+00
1.099032658330742374e+00
1.074997460496034396e+00
1.031614656823727438e+00
1.009407755271438667e+00
9.807817980038348038e-01
9.803539634306505102e-01
9.686307794774953184e-01
9.749163423179391108e-01
9.830657479692108680e-01
1.016637072244437556e+00
1.025820909958390148e+00
1.040918154305237042e+00
1.036094244446131629e+00
1.030527729519032043e+00
1.034690036694728477e+00
1.024847240889452671e+00
1.013602919247194922e+00
9.999499281015093999e-01
9.934297435517488450e-01
9.911223355398868229e-01
9.817304970677768194e-01
9.812813840574529101e-01
9.901103546569696157e-01
9.898107499921250385e-01
9.876724381608177339e-01
9.924425950877417968e-01
9.975083906917824317e-01
9.962803174730104905e-01
9.974536432503373629e-01
9.865221127582068927e-01
9.922615106498263726e-01
9.899648780081967692e-01
9.884857013098126144e-01
9.829128112598315425e-01
1.006357292343304843e+00
9.895648475595607563e-01
9.985649749880787240e-01
9.954324799442839655e-01
9.882165054972369411e-01
9.977689624451977490e-01
9.996526940093450886e-01
9.942998131256934879e-01
1.001743948052669309e+00
1.003433397791770210e+00
1.005804559428188361e+00
1.002702530500850786e+00
1.006601362528868782e+00
1.004607647987855401e+00
1.005903649867004646e+00
1.003188071093306766e+00
1.006691915913550339e+00
1.003027070915134100e+00
1.003858162170276902e+00
1.001282969953489532e+00
1.003270582475141115e+00
1.004532885107120688e+00
1.002262948758747774e+00
1.007009664819541905e+00
1.004903080462842269e+00
1.006937426262810797e+00
1.001405717067542556e+00
1.000416441912154397e+00
9.998790341526347936e-01
9.998759448109796333e-01
9.976262723640930696e-01
1.007992400428088464e+00
9.973620980690628413e-01
1.005130451191733609e+00
1.000745577250149454e+00
1.008531579253503674e+00
9.966569740072439565e-01
1.003448595498708684e+00
9.956066215040614287e-01
1.005774734695494832e+00
9.962881177879115979e-01
1.006257754012412464e+00
1.002048498075970517e+00
1.004739662275041745e+00
9.993341160082199748e-01
1.010121743978398490e+00
1.005303774738679046e+00
9.981500782982174469e-01
9.999464152808715811e-01
1.001201830860472874e+00
1.000775889858499301e+00
1.001068837139242884e+00
9.969274907078842229e-01
9.980692458865352279e-01
9.936730558347479647e-01
9.929321714104655250e-01
9.959201729982490869e-01
9.956965816566538674e-01
9.954620146305721562e-01
9.936545717992882887e-01
9.852064915865861305e-01
9.972420285595198219e-01
9.880369851519983371e-01
9.980580890712216213e-01
1.003092734223818061e+00
1.001011210903544946e+00
9.979855166070642492e-01
9.953463770278431211e-01
9.969371144313051714e-01
9.967462974930852981e-01
1.003091222023917650e+00
1.000779509102859954e+00
9.998574800775098526e-01
9.958077607366425665e-01
9.938425280686504770e-01
1.007030972310235750e+00
9.942789571698259499e-01
9.997142946080943560e-01
9.933447852095903530e-01
9.987302917645856093e-01
9.931174458005720407e-01
9.927821274840668009e-01
9.910153207468530567e-01
9.924512625063377502e-01
9.957808163955087499e-01
9.969018234023566682e-01
9.920399171330150923e-01
9.925449722914306827e-01
9.976517289006749944e-01
9.937163854493383797e-01
9.939319419609541351e-01
9.940351409653748194e-01
9.968026640390055260e-01
9.917822077222249177e-01
1.001092393860519403e+00
9.925799457978888851e-01
9.948323207284989200e-01
9.963875158847952385e-01
9.945669108421951732e-01
9.905683902176779521e-01
9.899808614137413088e-01
9.940057340374929273e-01
9.853567757920125292e-01
9.951480879682929048e-01
9.944539759029269455e-01
9.905491718226911990e-01
9.946173618955547191e-01
9.915533697804433944e-01
9.963384832854100814e-01
9.871532901398473170e-01
9.910304011663073620e-01
9.866838704570908281e-01
9.926125992286585209e-01
9.930020646327166745e-01
9.857641770964659100e-01
9.898318773699122941e-01
9.899822361890180389e-01
9.913088845408600802e-01
1.000190895880583186e+00
9.919557512147780809e-01
9.918078173615060278e-01
9.942267247399443342e-01
9.885949194435961207e-01
9.912645821342395136e-01
9.974418255779482489e-01
9.980445210124102573e-01
