0.000000000000000000e+00
0.000000000000000000e+00
0.000000000000000000e+00
0.000000000000000000e+00
0.000000000000000000e+00
0.000000000000000000e+00
0.000000000000000000e+00
0.000000000000000000e+00
0.000000000000000000e+00
0.000000000000000000e+00
0.000000000000000000e+00
0.000000000000000000e+00
0.000000000000000000e+00
0.000000000000000000e+00
0.000000000000000000e+00
0.000000000000000000e+00
0.000000000000000000e+00
0.000000000000000000e+00
0.000000000000000000e+00
0.000000000000000000e+00
2.789288932023951340e-05
3.431072742221198679e-02
1.010614009002970271e+00
3.387766946295427850e+00
3.392225344557151079e+00
1.901105164714472107e+00
8.549009335366281048e-01
3.916612323110081340e-01
1.968067789454092109e-01
1.212125833123444824e-01
1.822288131274112100e-01
6.837868735050601776e-01
1.460414825210069933e+00
1.711679784586159769e+00
1.440484785405582224e+00
1.052973996595608197e+00
7.806508057774576015e-01
6.673019935442902062e-01
6.556861213359429508e-01
7.074636192053994632e-01
7.962691829066309568e-01
8.947893518374614441e-01
9.829922955527911066e-01
1.061538585469885998e+00
1.132975778169614589e+00
1.183222917166379951e+00
1.213327940783590631e+00
1.221730725610660651e+00
1.210084478147649190e+00
1.192128467526536673e+00
1.145568328600820029e+00
1.103445249972985875e+00
1.068106154978306632e+00
1.037107960109091342e+00
1.008726259135731995e+00
9.878566327404613157e-01
9.718115871141423945e-01
9.519067388285658016e-01
9.423310880068183071e-01
9.363100450298512678e-01
9.247557088112710044e-01
9.279678096340033822e-01
9.274141210747569586e-01
9.316480535238662597e-01
9.433537997679226628e-01
9.518553845482259357e-01
9.629939304643887477e-01
9.742791913723812813e-01
9.834454131106309394e-01
9.953981424332342121e-01
1.004003140630781887e+00
1.012144331627764071e+00
1.017786788716058988e+00
1.025427625606715409e+00
1.026197952030836635e+00
1.031421951536421355e+00
1.028769738293730418e+00
1.031508395044507420e+00
1.027336184272962472e+00
1.022263347349447793e+00
1.020322635967331637e+00
1.017529823891503371e+00
1.013164452172806040e+00
1.009920738653668382e+00
1.006033578109769566e+00
1.000174462215304372e+00
9.987784336176339650e-01
9.944358680166416331e-01
9.957336654060339187e-01
9.918252023837540454e-01
9.894014048904733460e-01
9.877086804808820064e-01
9.878251691971704496e-01
9.848689580456030379e-01
9.857335706231670214e-01
9.856031600798556003e-01
9.832469717613705473e-01
9.870596379357765571e-01
9.916913540630525326e-01
9.944711426084350547e-01
9.987750333829334970e-01
1.002641982491122130e+00
1.007035711426355951e+00
1.009982077026747582e+00
1.011085754593170849e+00
1.011281614695992204e+00
1.011091334449546908e+00
1.007538311198352687e+00
1.004852176001569619e+00
1.001636084902993273e+00
1.001176987571589683e+00
9.965953674612967328e-01
9.958407992033130318e-01
9.957971028623835430e-01
9.963917645364173126e-01
9.963631372027366151e-01
9.980839244774788455e-01
9.979707377480085961e-01
9.984272193170917742e-01
9.982853706847130137e-01
9.983231695340918366e-01
9.987510390297787977e-01
9.953708118101841640e-01
9.935106495775423152e-01
9.946994223815976977e-01
9.948444367377663466e-01
9.965588764164197144e-01
9.989959801309695742e-01
1.001226871001946961e+00
1.004414425367598174e+00
1.006115527049072700e+00
1.005635233686676067e+00
1.004385622741338802e+00
1.002043435301715357e+00
1.001362805466107231e+00
1.001487035137913262e+00
9.990070806510272794e-01
9.989890733076592921e-01
9.984835892145208502e-01
9.988887770293519708e-01
9.976691711800492746e-01
9.963255862255853135e-01
9.970529795204254864e-01
9.979093617080925238e-01
9.961355894504450026e-01
9.959864251314530792e-01
9.959637251316779682e-01
9.960187534932180009e-01
9.964578117034610383e-01
9.975057770192474749e-01
9.995581299600942993e-01
1.001484368154114790e+00
1.002411714342398286e+00
1.004740640907427762e+00
1.007595430183824581e+00
1.008029575258599264e+00
1.007518307297017746e+00
1.009146383097820010e+00
1.007835425719254108e+00
1.007346619621476869e+00
1.005960187273667428e+00
1.005035545305351663e+00
1.002873709006498082e+00
1.001249914622639015e+00
9.993448350361990862e-01
1.000121651176859583e+00
9.977052280949358920e-01
9.964004077608091814e-01
9.969639701929982056e-01
9.954220513326659248e-01
9.954124473451310129e-01
9.943125232864907792e-01
9.954709664216271348e-01
9.959665154551464727e-01
9.972085500170004835e-01
9.982880244497445155e-01
9.982824969133058390e-01
1.001604902963932675e+00
1.001353953018078835e+00
1.002717341030548326e+00
1.002493557301662674e+00
1.002481098688595917e+00
1.002343591341876339e+00
1.002934346282680966e+00
1.002301338130772823e+00
1.003208001322579923e+00
1.001709786956232140e+00
1.001446639391263105e+00
1.001588685182451810e+00
1.001574345654787868e+00
1.000518129505936660e+00
1.000581190200660053e+00
1.000157069623996975e+00
9.994161373899757006e-01
1.000186189253264635e+00
9.984246719990306218e-01
9.995517503806026216e-01
9.997265879054116899e-01
9.991235248103924604e-01
9.989813012759952704e-01
9.987370795070250606e-01
9.988842238471906665e-01
9.999707376092554778e-01
9.999990808069549875e-01
9.994696536327820624e-01
9.997537985702341645e-01
9.991346201031650054e-01
9.992308282628021843e-01
9.994850066635276864e-01
1.000030199368988626e+00
1.000484752601380922e+00
1.000815250884577567e+00
9.993457881315935820e-01
9.991523683322761640e-01
9.999437345060773197e-01
1.001027072987413558e+00
1.001478723271017834e+00
1.000777877258634208e+00
1.001114409608843792e+00
1.001373592472262875e+00
1.000683110355255812e+00
1.001268295347090609e+00
1.001361590186672146e+00
1.000474994319101363e+00
1.000899451057874145e+00
9.998108822060363110e-01
9.991542865031239895e-01
1.000657259212549333e+00
9.997031198426630239e-01
9.997003303820953812e-01
9.999823571028102487e-01
9.990073925908926622e-01
9.996130373737016628e-01
9.997740803659881381e-01
9.996207763274529423e-01
9.994875011688775235e-01
1.000096939426402542e+00
9.994277032530326510e-01
9.998889549113773034e-01
9.993825684651025387e-01
1.000984660077411936e+00
1.000411004394601955e+00
1.000690780524506218e+00
1.001000642285257758e+00
1.000987783639208484e+00
1.000640202995207062e+00
1.000429314077760923e+00
1.000486013563715693e+00
1.000144679406159254e+00
9.998576493849994362e-01
9.999713684300493011e-01
1.000406256939276428e+00
1.000451666578783927e+00
1.000345724868886954e+00
9.997310476765033371e-01
1.000293255323680963e+00
1.000665385288074249e+00
9.995854195138706988e-01
9.995908817198700946e-01
1.000013848922472581e+00
1.000538053992041210e+00
9.999752055595167999e-01
1.000059539814377008e+00
9.999663776048359765e-01
1.000081154209508050e+00
1.000595118188814636e+00
1.000354630098311715e+00
9.999249343536019685e-01
1.000515027553578795e+00
1.000667381443885118e+00
1.000576548263761412e+00
1.000713910997899303e+00
1.000337590423852507e+00
1.000601595217274875e+00
1.000592632067610399e+00
1.001104255797892639e+00
1.001131606953453934e+00
9.996013730950669141e-01
1.001060077078381960e+00
9.999837221936794807e-01
