0.000000000000000000e+00
0.000000000000000000e+00
0.000000000000000000e+00
0.000000000000000000e+00
0.000000000000000000e+00
0.000000000000000000e+00
0.000000000000000000e+00
0.000000000000000000e+00
0.000000000000000000e+00
0.000000000000000000e+00
0.000000000000000000e+00
0.000000000000000000e+00
0.000000000000000000e+00
0.000000000000000000e+00
0.000000000000000000e+00
0.000000000000000000e+00
0.000000000000000000e+00
0.000000000000000000e+00
0.000000000000000000e+00
0.000000000000000000e+00
2.789194675650648284e-05
3.261057237916478030e-02
1.001271733363406691e+00
3.365322547113076990e+00
3.409706350534970287e+00
1.900644316035370762e+00
8.641532453299134442e-01
3.918340090656370345e-01
1.976805044508823661e-01
1.197267209173787927e-01
1.797274902159340382e-01
6.880642421561604660e-01
1.444938297039283448e+00
1.708937316261949890e+00
1.440367163277684215e+00
1.046901264684972910e+00
7.831762912248378949e-01
6.684048730460850907e-01
6.608127849773026696e-01
7.087320730431975191e-01
7.970570646285874972e-01
8.950313946972842105e-01
9.834004285764921249e-01
1.064111011126714246e+00
1.132718445976234944e+00
1.186144585711771393e+00
1.211633265854617170e+00
1.223133929426574840e+00
1.214887987397267777e+00
1.185418421918499998e+00
1.150885137160359006e+00
1.109070272630575893e+00
1.071706757576959435e+00
1.040656852022069145e+00
1.012094488691996697e+00
9.883827407690752853e-01
9.704639844672646731e-01
9.560126326683445752e-01
9.433269569349456152e-01
9.346093946031568400e-01
9.282989667640759723e-01
9.261138564604946000e-01
9.262783186387701928e-01
9.283950869196208044e-01
9.424314264493744986e-01
9.508941233107290891e-01
9.623198297994621786e-01
9.749873219408663472e-01
9.848788147955015448e-01
9.953814956902101718e-01
1.009002846222160077e+00
1.011429030450137656e+00
1.020547131675853869e+00
1.025573097175128456e+00
1.027481343596641450e+00
1.030383424487107735e+00
1.030063154443277007e+00
1.031619932455409616e+00
1.027533574763207502e+00
1.027966169295944754e+00
1.021232534864054964e+00
1.017585455770067870e+00
1.013645242811693770e+00
1.006839749665542127e+00
1.006260648553182424e+00
9.991046444003551796e-01
9.988512304465687608e-01
9.953608389177689419e-01
9.930356045891852723e-01
9.902197811649597892e-01
9.881369382406013369e-01
9.898233887993377333e-01
9.859844903881983535e-01
9.858454885100678133e-01
9.859405064116446571e-01
9.868848901399533968e-01
9.857266425984979596e-01
9.869806518183550370e-01
9.916215917615646136e-01
9.936903107923635847e-01
9.986577088533555857e-01
1.004600715094624785e+00
1.006929148548636244e+00
1.010729371536396304e+00
1.012986189358979994e+00
1.009967645153031501e+00
1.010581691954299810e+00
1.005544247730998153e+00
1.002738807503214424e+00
1.001673615338807277e+00
9.999659952329795765e-01
9.985090225619650539e-01
9.955422177077453139e-01
9.937731142842984866e-01
9.962740347126166629e-01
9.968743438272381630e-01
9.972097100023815663e-01
9.988812903678002675e-01
9.987007226423278983e-01
9.980940075766828734e-01
9.961417137003195643e-01
9.959765819626380523e-01
9.950176388167966124e-01
9.957938289963923495e-01
9.917931336649455920e-01
9.933429411736303116e-01
9.935763331287198463e-01
9.966911925693789920e-01
1.000144353125990149e+00
1.002832706250252892e+00
1.003890307293780149e+00
1.005459552469984086e+00
1.005223813873889815e+00
1.002925919411028044e+00
1.001735310948775437e+00
1.000195895818209779e+00
9.988292296044846141e-01
9.980276378834049833e-01
9.998684038110037253e-01
9.957596244163654520e-01
9.983742775398170011e-01
9.961701254199314404e-01
9.958616948252407841e-01
9.959854513058447045e-01
9.957931131099874156e-01
9.948047622166024118e-01
9.950915672664426559e-01
9.945958794764619970e-01
9.957319431276058230e-01
9.964964020843724013e-01
9.981537358594447795e-01
1.001037804155032518e+00
1.001980092206805173e+00
1.005597836683278290e+00
1.005660139488877336e+00
1.007645932416922685e+00
1.008072076248970772e+00
1.007579109583982557e+00
1.006495150924505033e+00
1.006355875937901434e+00
1.004993207789223852e+00
1.004020332241586377e+00
1.002342116739230349e+00
1.001268708147245556e+00
9.989462676223695992e-01
9.981009343652436083e-01
9.965482775508228697e-01
9.962773128464371686e-01
9.966532076004090968e-01
9.948191596273595616e-01
9.957103184551427955e-01
9.948963629881939497e-01
9.948108715041836803e-01
9.959908903249551360e-01
9.962038376429672715e-01
9.984373790705365348e-01
9.987459097761280935e-01
1.000194982746058336e+00
1.000661474989263278e+00
1.001452494998655407e+00
1.002394908431893716e+00
1.004075428773826717e+00
1.004256294103757385e+00
1.002025835513676633e+00
1.002227171846758136e+00
1.002957750356609612e+00
1.003137451728331131e+00
1.002407900947266617e+00
1.001769637083638198e+00
1.001025645217262339e+00
1.000943386426947468e+00
9.990486541058941627e-01
9.997762022438860807e-01
9.999960785714668843e-01
9.998118020428616859e-01
9.994740513064835907e-01
9.987036339845895005e-01
9.986315120095051734e-01
9.990118057276079488e-01
9.994730532179345595e-01
9.978246268691641774e-01
9.996257624613255066e-01
9.989683002636621234e-01
9.983983189341599784e-01
9.981003392273091190e-01
9.989685017902181219e-01
9.994703711470789287e-01
9.999039332241620448e-01
1.001123290037186919e+00
9.997805744347295631e-01
1.000196411771703486e+00
1.000269830623848222e+00
1.000396230652677687e+00
1.000515988863001748e+00
1.000647875288157573e+00
1.000195500428588513e+00
1.000838579460984867e+00
1.000848890681725223e+00
1.001357333072379507e+00
1.001804035136919069e+00
1.001078268721240949e+00
1.000798597941505497e+00
1.000803913891752384e+00
1.000742778141359368e+00
1.000661624328998300e+00
1.000700939391505395e+00
9.999763525415489296e-01
9.992153879772136538e-01
9.991075309827462947e-01
9.993337754773004011e-01
9.987964823244387391e-01
9.993630285383263701e-01
9.994332957429226116e-01
9.990818751386382202e-01
1.000448323111986948e+00
9.989903532188897373e-01
9.994909115905178387e-01
1.000301808181415009e+00
9.999487395248501942e-01
9.997657539661470860e-01
9.995149470119282231e-01
1.000488964981058659e+00
1.001596970120663954e+00
1.001483684279045550e+00
1.000143408146243695e+00
1.000748584795810192e+00
1.000759598456536059e+00
1.001044560231624692e+00
1.000543369207803623e+00
9.998831874536343589e-01
9.998561173815972980e-01
9.996558820476012519e-01
1.000361957628132625e+00
9.995628290051715714e-01
1.000298933376862376e+00
1.000228203909076408e+00
9.998088407126218824e-01
9.999726363658167916e-01
1.000436103030495572e+00
9.991123445401123293e-01
1.000637618409558671e+00
9.997490511124474954e-01
9.995209319222612132e-01
1.000321625691461991e+00
9.997825836599563143e-01
1.000154155754580776e+00
1.000713205893700941e+00
1.000632364713325950e+00
9.997778708104367862e-01
1.000599022969239638e+00
9.997867821861514681e-01
1.000475874966036072e+00
1.001129206281999862e+00
1.000293815195031133e+00
1.000275642200240567e+00
1.000111201031250729e+00
1.000670238491763619e+00
1.000129382465087202e+00
9.994814474721485098e-01
1.000291201207566205e+00
