0.000000000000000000e+00
0.000000000000000000e+00
0.000000000000000000e+00
0.000000000000000000e+00
0.000000000000000000e+00
0.000000000000000000e+00
0.000000000000000000e+00
0.000000000000000000e+00
0.000000000000000000e+00
0.000000000000000000e+00
0.000000000000000000e+00
0.000000000000000000e+00
0.000000000000000000e+00
0.000000000000000000e+00
0.000000000000000000e+00
0.000000000000000000e+00
0.000000000000000000e+00
0.000000000000000000e+00
0.000000000000000000e+00
0.000000000000000000e+00
0.000000000000000000e+00
3.364914482533150342e-02
1.002025890749498549e+00
3.396709973105702218e+00
3.395240384179690096e+00
1.899355707045325081e+00
8.661778507426466378e-01
3.908910385622890171e-01
1.972843134990574510e-01
1.218241111571654878e-01
1.811455152759995912e-01
6.911368109838968987e-01
1.450495224994746479e+00
1.713570979348218559e+00
1.430303212252184597e+00
1.056140707127102729e+00
7.813289799828184723e-01
6.649566030080009682e-01
6.593357336450261785e-01
7.075591024826547448e-01
7.936501888254492432e-01
8.875007716710341388e-01
9.846010925461028407e-01
1.064459971798253024e+00
1.131088559685984318e+00
1.183370359241851633e+00
1.210763726436280718e+00
1.228476412009724905e+00
1.215022293475848558e+00
1.184149661969513323e+00
1.147721259198258847e+00
1.107738557535511204e+00
1.070782419393250251e+00
1.036072053086590339e+00
1.010419161218862438e+00
9.862530290597426585e-01
9.711333596410665070e-01
9.543287235140692770e-01
9.441521985820729990e-01
9.341944008233289409e-01
9.288544290418231375e-01
9.252122946192006259e-01
9.283575394793056601e-01
9.334465243142976432e-01
9.402586722120850338e-01
9.503790558726213922e-01
9.635552149744583961e-01
9.744610996887589360e-01
9.849012510434310697e-01
9.986664156682396598e-01
1.007761865274670932e+00
1.009877535346556554e+00
1.017689785412458248e+00
1.022887378541834646e+00
1.024560001587641933e+00
1.030032669615797092e+00
1.028352435046617774e+00
1.028980124724934164e+00
1.025935822965662325e+00
1.025754574947031816e+00
1.020475167312838272e+00
1.017806001872545441e+00
1.012400885085095403e+00
1.008842713025946081e+00
1.003355775190208243e+00
9.987893951328696840e-01
9.965526064831234931e-01
9.934200635764428577e-01
9.936673900488354194e-01
9.914691455372194318e-01
9.886196000558237218e-01
9.889463331375414334e-01
9.836404679892786218e-01
9.864700203736075368e-01
9.854510957797191217e-01
9.851825239952288760e-01
9.846403650072449443e-01
9.877878848387610100e-01
9.910269705484425762e-01
9.939547131254268253e-01
9.993176663376505120e-01
1.003345377203748168e+00
1.007500683290225352e+00
1.010331554570670365e+00
1.009832994171420584e+00
1.009075851330997198e+00
1.008146208267162613e+00
1.007523739732908652e+00
1.003972414663481194e+00
1.001732439462459157e+00
1.000115392436872641e+00
9.980450978482892088e-01
9.956001131451136521e-01
9.916517333423823244e-01
9.946529933823931025e-01
9.938280019287993872e-01
9.958888753086350132e-01
9.976467634529685435e-01
9.983955688860428612e-01
9.974198748263204406e-01
9.971140089587868793e-01
9.976352284033669360e-01
9.954910170933077840e-01
9.938647082732881000e-01
9.934190302065405431e-01
9.926238550459287602e-01
9.939134862490812683e-01
9.970852036589685774e-01
1.001051341064639999e+00
1.002928910497971060e+00
1.005398457252038469e+00
1.005411428068215596e+00
1.004886778734668251e+00
1.001989634676662577e+00
1.001167579469819380e+00
9.988474993734793861e-01
9.981267669059911141e-01
9.983729257490860931e-01
9.977531477081348354e-01
9.957008309586345973e-01
9.962840776641754825e-01
9.967842254009811054e-01
9.968408683042915275e-01
9.953980419914411071e-01
9.942919982379032628e-01
9.958307160246786527e-01
9.953427438636371916e-01
9.957587501873997882e-01
9.966650141615748248e-01
9.967231335963016026e-01
9.975814418054421706e-01
9.992374519539755084e-01
1.001970186490029002e+00
1.005182999116493558e+00
1.004911341644820766e+00
1.008126578490209369e+00
1.008865907117260985e+00
1.008420144388970208e+00
1.006571105338070371e+00
1.004962744109120010e+00
1.004564076931644179e+00
1.002984377170381691e+00
1.001804220520196020e+00
1.000713760004900976e+00
1.000641887658794360e+00
9.992711238807017171e-01
9.975171916102977265e-01
9.968515526962884454e-01
9.955566285658907777e-01
9.936176351240121329e-01
9.943284545741968294e-01
9.955526685964581901e-01
9.948497190991270056e-01
9.949570924491587531e-01
9.963861518322697508e-01
9.976157365978739477e-01
9.983892792858302112e-01
1.000137760826074862e+00
1.000562562378774834e+00
1.001771629678017916e+00
1.003100900442720933e+00
1.004267893345469398e+00
1.002695131896803815e+00
1.003039671802323118e+00
1.004231546166559630e+00
1.004089810489209755e+00
1.003935157498162978e+00
1.002414475225133828e+00
1.001579828336171429e+00
1.001437882972513904e+00
9.999056463554449881e-01
1.000076685028469026e+00
1.000284490487197475e+00
9.990393785157797302e-01
9.995959397662399493e-01
9.999066640189089306e-01
9.994187708052781893e-01
9.976827388118421069e-01
9.989261459397132947e-01
9.980567948238751042e-01
9.980310960629622530e-01
9.987195953809447913e-01
9.990362265280821052e-01
9.983254268341001936e-01
9.983471431784628480e-01
9.995287577163325388e-01
9.998052119967675289e-01
9.996451844664403508e-01
1.000415759562411688e+00
9.997349985962984409e-01
9.996852843770377417e-01
1.000078233322929888e+00
1.000542067426620774e+00
9.994515927371987463e-01
1.000760316929516058e+00
1.000141512282717970e+00
1.001413054964361171e+00
1.000535051918204354e+00
1.000772735291712845e+00
1.000261595445373075e+00
1.000242261355549722e+00
1.000429815496385544e+00
1.000568623819944047e+00
1.000622183699235501e+00
9.998670144938566207e-01
9.990849332486113621e-01
9.993779698358956631e-01
9.992936032693453541e-01
1.000059569211982469e+00
9.992711649891152792e-01
9.991088198052507918e-01
9.988012926536233849e-01
9.993939961167431774e-01
9.994197903174625308e-01
9.995936353968621901e-01
9.993306649781650286e-01
9.995406922502493297e-01
9.997103015100503587e-01
1.000156438700091632e+00
1.000030928853675061e+00
9.992269528915407317e-01
1.000052688486183783e+00
1.000402028554799871e+00
1.000009592546713177e+00
1.001312137225159438e+00
1.000570422401863890e+00
1.000864882920365240e+00
9.998643366339390326e-01
9.998190874813420725e-01
1.000800845926606675e+00
9.997769466482332446e-01
9.997446363913747858e-01
1.000001426089278445e+00
9.999946521056697346e-01
9.991324631511930843e-01
9.997488926553519395e-01
9.996409283538063573e-01
9.996289556824449196e-01
9.997319892363739635e-01
9.996256509496319609e-01
9.998176481881331235e-01
9.995944788773691858e-01
1.000124401917232619e+00
9.999380571726412814e-01
1.000806283082301018e+00
1.000837602342441901e+00
1.000747171084365394e+00
1.000580801384225893e+00
1.000651445849293664e+00
9.996152478070142733e-01
1.001052362989153899e+00
1.000746604957863939e+00
9.999791449736811222e-01
1.000673124673195025e+00
1.000262830461760011e+00
9.999697378512594215e-01
1.000511905144381597e+00
9.998664652172426504e-01
9.987782376467865264e-01
9.992989144520275646e-01
