0.000000000000000000e+00
0.000000000000000000e+00
0.000000000000000000e+00
0.000000000000000000e+00
0.000000000000000000e+00
0.000000000000000000e+00
0.000000000000000000e+00
0.000000000000000000e+00
0.000000000000000000e+00
0.000000000000000000e+00
0.000000000000000000e+00
0.000000000000000000e+00
0.000000000000000000e+00
0.000000000000000000e+00
0.000000000000000000e+00
0.000000000000000000e+00
0.000000000000000000e+00
0.000000000000000000e+00
0.000000000000000000e+00
0.000000000000000000e+00
8.367430248260592396e-05
3.342141874008305175e-02
1.009704583527783361e+00
3.385128018881014000e+00
3.392751405097728767e+00
1.897454623363094450e+00
8.608322489090766139e-01
3.924933382690394823e-01
1.965655975604312655e-01
1.210311450840843434e-01
1.761075246198680888e-01
6.857478132316364716e-01
1.456021325426671176e+00
1.709041705315796023e+00
1.437986759960183436e+00
1.041533338867110414e+00
7.831442993345302250e-01
6.632407193217821906e-01
6.578347845538369265e-01
7.093126213648869305e-01
7.939405556393964725e-01
8.886981703192887716e-01
9.861991589702292504e-01
1.064642842655485255e+00
1.128956148718444741e+00
1.182181539948344851e+00
1.209659157124964635e+00
1.226701822928171648e+00
1.213365518503145113e+00
1.185870305125962254e+00
1.146073987003031425e+00
1.104435258240664908e+00
1.070223903319551084e+00
1.040830232064922756e+00
1.005745011847917869e+00
9.874130803527645384e-01
9.684226268401641136e-01
9.540838602041026295e-01
9.387535125452380891e-01
9.346253331145051302e-01
9.288776468783583873e-01
9.252661451064615461e-01
9.254359647436359859e-01
9.323321205148865642e-01
9.414278166130789494e-01
9.505241444314449506e-01
9.626600322381448915e-01
9.778177763824348334e-01
9.856002647687577278e-01
9.949724396451243846e-01
1.002467117890188275e+00
1.008947525387100530e+00
1.021855461168828638e+00
1.023646715779050753e+00
1.026376763406376291e+00
1.027694931688280855e+00
1.031306272908852684e+00
1.029459750561494191e+00
1.027162732538645429e+00
1.025281760392462660e+00
1.023346719017438344e+00
1.017139625364381184e+00
1.014794448246127301e+00
1.009145023754348891e+00
1.006527845850853087e+00
9.991889207792954419e-01
9.980886195505963565e-01
9.962245416841627454e-01
9.928631808139032344e-01
9.920251936954648242e-01
9.897047771749513112e-01
9.880534344014009207e-01
9.865089605343821955e-01
9.860593682933093129e-01
9.831300713165868066e-01
9.829757070595981361e-01
9.850752785337373307e-01
9.878751192612235110e-01
9.893981507106631712e-01
9.948005649484887858e-01
9.986985525385596585e-01
1.003995062457437415e+00
1.006924033734084123e+00
1.011070857788348931e+00
1.010953562818230900e+00
1.010853877974610793e+00
1.009059197741580371e+00
1.004899832145225380e+00
1.005165237170106751e+00
1.000799664398216660e+00
1.000086839081490986e+00
9.964396454524501179e-01
9.950209349067484776e-01
9.974633463314368509e-01
9.958980318728343217e-01
9.960633312547338969e-01
9.978245443430604489e-01
9.978320603869661465e-01
9.985279153346697800e-01
9.989245458110782572e-01
9.976679605751785918e-01
9.961909677666352936e-01
9.961813838828036394e-01
9.940099403213584761e-01
9.931544916148005164e-01
9.951855509061392491e-01
9.953749817295377555e-01
9.984375964603453557e-01
1.001826414272102062e+00
1.003402197290520270e+00
1.006157349403866919e+00
1.005713618544654020e+00
1.005238728767001266e+00
1.002989713913204461e+00
1.001710420506003230e+00
9.998978363603890918e-01
1.000509747318286902e+00
9.974853169883651782e-01
9.982658712452464611e-01
9.988155800261288020e-01
9.965083199218002230e-01
9.983241383947146774e-01
9.963468352112779813e-01
9.972652047794070551e-01
9.962340957095183747e-01
9.959859664780585931e-01
9.962023686753441742e-01
9.952048382964063800e-01
9.968141194021087337e-01
9.956236088492227410e-01
1.000229581289310277e+00
1.000677692244917205e+00
1.001969743633738474e+00
1.004969346041931555e+00
1.006414713500285663e+00
1.008138440002492642e+00
1.007607909960174464e+00
1.006550626687347183e+00
1.007333449551750304e+00
1.005904199888280726e+00
1.005334727491354885e+00
1.004732298675274693e+00
1.001814458736670410e+00
1.001030588974051172e+00
1.000202509930953720e+00
9.993623808754078519e-01
9.972632669697055752e-01
9.962005025539857339e-01
9.967740444939701128e-01
9.953713447961921590e-01
9.951947660034473619e-01
9.949159456914049571e-01
9.956199680828281551e-01
9.964578551081677560e-01
9.972616339790603135e-01
9.985198982807462764e-01
9.985051411936366472e-01
9.990509802375944215e-01
1.000108823623405252e+00
1.001435545837723540e+00
1.001923448246044401e+00
1.003321716479410819e+00
1.002831261551708097e+00
1.002974288728374574e+00
1.003270901514957236e+00
1.004243187993285380e+00
1.003184742670914842e+00
1.002170720283399818e+00
1.002018481733213173e+00
1.000865233368179119e+00
1.000747312054922178e+00
1.000493504982652437e+00
1.000148235266322905e+00
1.000253553715960253e+00
9.990301387373853315e-01
9.993155029505043085e-01
9.989199826221155654e-01
9.989185270637350733e-01
9.987197108326679729e-01
9.996175782481929728e-01
9.986514381788522687e-01
9.979303635099602277e-01
1.000064664350253540e+00
9.995921910050992176e-01
9.987828335125130685e-01
9.991366989333319015e-01
9.997742221083492087e-01
9.995920312032630095e-01
9.995636596842035759e-01
1.000056559609454165e+00
1.000004993878544690e+00
1.000370958780827824e+00
1.000092517917317680e+00
1.000460822112412718e+00
1.000291103379622459e+00
1.000579013751474289e+00
1.001093066863082859e+00
1.000861475317303295e+00
1.000723060900014616e+00
1.000389642366949605e+00
1.000540482358743377e+00
1.000189747066674739e+00
1.001328768200600461e+00
1.000695284063278567e+00
1.000002854673354369e+00
9.997778584295125004e-01
1.000010763594410657e+00
9.995318169039246747e-01
9.992483675508871954e-01
1.000091345977393242e+00
9.988452069462701033e-01
9.981393111193500589e-01
9.992804630863026949e-01
1.000133266651033637e+00
1.000014631851296576e+00
9.994389519712606473e-01
9.994048406073066104e-01
1.000387762250355195e+00
1.000173565757111804e+00
9.998324053044165272e-01
1.000057017891451183e+00
1.000472387227177684e+00
1.000142165624358315e+00
1.000062207797271396e+00
9.999026354797965199e-01
1.000379476135318857e+00
1.000293770526837323e+00
1.000501761242531096e+00
1.000074656383421745e+00
9.997290246709441552e-01
1.000078753942454046e+00
9.995744921112146297e-01
9.998974731515051229e-01
9.995043234287973588e-01
9.998646024253164954e-01
9.990410496453997480e-01
9.993688628936143736e-01
9.995735845401280129e-01
9.999466450637749526e-01
9.994973639558738521e-01
9.993711947555183883e-01
9.997171337878039132e-01
1.000066235481451127e+00
9.995256843056525842e-01
9.999792102445506092e-01
9.998902919855854332e-01
1.000701417702416496e+00
1.000614139022295568e+00
9.996942861183687468e-01
9.999199582736627567e-01
1.000793205795892149e+00
1.000875144808419881e+00
1.000421497098088253e+00
1.000295806665071785e+00
9.999099840901402025e-01
1.000104560173559864e+00
9.998608869002924004e-01
9.993350180005624583e-01
9.988175090293450742e-01
9.996061967119063141e-01
