0.000000000000000000e+00
0.000000000000000000e+00
0.000000000000000000e+00
0.000000000000000000e+00
0.000000000000000000e+00
0.000000000000000000e+00
0.000000000000000000e+00
0.000000000000000000e+00
0.000000000000000000e+00
0.000000000000000000e+00
0.000000000000000000e+00
0.000000000000000000e+00
0.000000000000000000e+00
0.000000000000000000e+00
0.000000000000000000e+00
0.000000000000000000e+00
0.000000000000000000e+00
0.000000000000000000e+00
0.000000000000000000e+00
0.000000000000000000e+00
0.000000000000000000e+00
3.218235945037932477e-02
1.007544019817529612e+00
3.376513259501527475e+00
3.394874702321657445e+00
1.894882561586416214e+00
8.480703833968379346e-01
3.899157235548683098e-01
1.990549351629269104e-01
1.175280431831161321e-01
1.814323482917216679e-01
6.860461899772023475e-01
1.453836162132226884e+00
1.706614096589452290e+00
1.432615751773484547e+00
1.048604244350416437e+00
7.814422085918201200e-01
6.680394005520284839e-01
6.567191883343710401e-01
7.105237153213574963e-01
7.956200784258620207e-01
8.931371682677171631e-01
9.800805133273036152e-01
1.068499950325417558e+00
1.128681093567633242e+00
1.175869710050478911e+00
1.205213006943388843e+00
1.220494295521364903e+00
1.209628352613410618e+00
1.179968908349865009e+00
1.147664041221225784e+00
1.106547948689010408e+00
1.070679513542131644e+00
1.036305363095940901e+00
1.008170467005936599e+00
9.849387273995149350e-01
9.679943997777197273e-01
9.521759487784035025e-01
9.415749075537110935e-01
9.325369121098572300e-01
9.222092554515382012e-01
9.247117468406274021e-01
9.296507623492328287e-01
9.315166314419430771e-01
9.394803586967755971e-01
9.501018395164037011e-01
9.630023652383363775e-01
9.736694055126371428e-01
9.826629755805394995e-01
9.939290672175115082e-01
1.004750110053872270e+00
1.009790136823545126e+00
1.017154073868808295e+00
1.022891031494862712e+00
1.027993541049596393e+00
1.029196111933951219e+00
1.027276215760499989e+00
1.028664888492193397e+00
1.026362012513581279e+00
1.025974729513235539e+00
1.021117528733382462e+00
1.016814974209000244e+00
1.010776299676975354e+00
1.008085006761787250e+00
1.005127220591402137e+00
1.000148236738845009e+00
9.975489728801356648e-01
9.950194574408424142e-01
9.926228474331032503e-01
9.911908946549642385e-01
9.897283757721476727e-01
9.874498618172224962e-01
9.870263430424769391e-01
9.856184069791847913e-01
9.845069148577580975e-01
9.832744489529073872e-01
9.868421339939849046e-01
9.880222529607876059e-01
9.898745381258778897e-01
9.950238044794661452e-01
9.980957110213179995e-01
1.003068709160887417e+00
1.006634109630939244e+00
1.010690534283058994e+00
1.012006247524499525e+00
1.010712070722677769e+00
1.009403603587733844e+00
1.008282186546316073e+00
1.005489658807822373e+00
1.001219428757353258e+00
9.997499913975833596e-01
9.977475694680496554e-01
9.970754520866003112e-01
9.950970011130088055e-01
9.959954906362030735e-01
9.967656680439990202e-01
9.973834800370753317e-01
9.968389433431525948e-01
9.992517047925684182e-01
9.998482985801590006e-01
9.969380849097060349e-01
9.961410344960779373e-01
9.963426228675280605e-01
9.929393352791455740e-01
9.939657314815077971e-01
9.923828080759090620e-01
9.946498708098687747e-01
9.971856006829231678e-01
1.002111157562762145e+00
1.003427802580954653e+00
1.005182779587546982e+00
1.005899947509564463e+00
1.004674508546394174e+00
1.002005692998627628e+00
1.002187779573014081e+00
9.999136048631800389e-01
1.000103418463819782e+00
9.988566716470540507e-01
9.985091174820291959e-01
9.962022748166495800e-01
9.976473900744710077e-01
9.978800664200631054e-01
9.964605314028707195e-01
9.975497271558858570e-01
9.981422594735493981e-01
9.949756246373758772e-01
9.945866544469901260e-01
9.954446347704944964e-01
9.944858514357243218e-01
9.959732404145817952e-01
9.990432174197491078e-01
9.995502932464270796e-01
1.003843774128295507e+00
1.004997503801117409e+00
1.005864943090037045e+00
1.008037579803478412e+00
1.007549394777744967e+00
1.007622824599984090e+00
1.007390639358004991e+00
1.005136900703015312e+00
1.004799905571088559e+00
1.003652421709885667e+00
1.002231431066380907e+00
1.000853344419812441e+00
9.985831775019976542e-01
9.976820047748071740e-01
9.976045978440566397e-01
9.957495066153431162e-01
9.949223422303020703e-01
9.952900404176817650e-01
9.955480184520382192e-01
9.948417546104517672e-01
9.951787412685867418e-01
9.951427452274341778e-01
9.964491879897244830e-01
9.985037572909550851e-01
9.971930315926047506e-01
9.995895616355902069e-01
1.000292379247425645e+00
1.000761782746454776e+00
1.002919214148568772e+00
1.002377701743313754e+00
1.003003727144729407e+00
1.003522830126117649e+00
1.003820224033391773e+00
1.002705952038573933e+00
1.002123777471411126e+00
1.002124944717064592e+00
1.001861133538999526e+00
1.000608683498260376e+00
9.998755288052938450e-01
1.000018123016626070e+00
1.001737100755167864e+00
9.999629961009355306e-01
9.999116814749643423e-01
9.995305380507814030e-01
9.987020826995786082e-01
9.997821358782045253e-01
9.995087471234382903e-01
9.987457483907347111e-01
9.996570625726328707e-01
9.993090689895229861e-01
1.000915257162572347e+00
9.992596224306751207e-01
9.992868769813419982e-01
9.991913144129532798e-01
9.990980233752979611e-01
9.998424195796188352e-01
9.999807094184578471e-01
1.000326192240172052e+00
9.995864232205706745e-01
1.000132746841356779e+00
1.001303790069857369e+00
1.001411025335782856e+00
1.000317581268238332e+00
1.000810274101661568e+00
1.001536119625355825e+00
1.001161391651748556e+00
1.002172035308016795e+00
1.001099728232139663e+00
1.001152772000693636e+00
1.001519654372647228e+00
1.000828687498457548e+00
1.001651621023837535e+00
1.000492582622133808e+00
9.996365487057983223e-01
1.000927557271348967e+00
1.000462077344743683e+00
9.988098874825726003e-01
9.989798571333602384e-01
9.998441595925715575e-01
9.995993506223155300e-01
9.997809346160508870e-01
9.989008351923853724e-01
9.995758924544476676e-01
9.997802397691081255e-01
1.001035040307456381e+00
9.997376626831250279e-01
1.001369877419441057e+00
1.000276173809069746e+00
1.001286979149617506e+00
1.000190968300668892e+00
1.000764127126753111e+00
1.001057052042044759e+00
1.000239447963576778e+00
1.001309963041409734e+00
1.000818150484012570e+00
1.000640753163983598e+00
1.000297844181097018e+00
1.001318309097962711e+00
1.000023379834607207e+00
1.000735445939343382e+00
9.996155105905092375e-01
9.993129651583989581e-01
1.000429953972920449e+00
1.000752596750778878e+00
9.996868230153047596e-01
9.998229179249007448e-01
1.000616742101667400e+00
9.991497373914316471e-01
1.000370414260713936e+00
9.996240597963487184e-01
1.000122082764268061e+00
1.000092694975210028e+00
1.000279009559008614e+00
9.999309857606295537e-01
1.000435306402225111e+00
1.001116345854494938e+00
1.000366996390543939e+00
1.000455809391930462e+00
1.000477509906267715e+00
1.000995861592510083e+00
1.000896710616652863e+00
1.000519882358577695e+00
1.000544283364831921e+00
1.000445108729084209e+00
9.999163134454083224e-01
1.000171551956778426e+00
9.998171638335615619e-01
1.000225244088269738e+00
