0.000000000000000000e+00
0.000000000000000000e+00
0.000000000000000000e+00
0.000000000000000000e+00
0.000000000000000000e+00
0.000000000000000000e+00
0.000000000000000000e+00
0.000000000000000000e+00
0.000000000000000000e+00
0.000000000000000000e+00
0.000000000000000000e+00
0.000000000000000000e+00
0.000000000000000000e+00
0.000000000000000000e+00
0.000000000000000000e+00
0.000000000000000000e+00
0.000000000000000000e+00
0.000000000000000000e+00
0.000000000000000000e+00
0.000000000000000000e+00
2.788869433781047797e-05
3.258141454547430760e-02
1.006688266803819509e+00
3.390907912841183425e+00
3.397495079560156839e+00
1.881207561503657866e+00
8.663891988188819893e-01
3.923927862529681398e-01
1.972101013092631139e-01
1.210057869562812249e-01
1.796057295965385603e-01
6.883265888319940462e-01
1.451139710469260047e+00
1.709970527300844756e+00
1.437776567219018142e+00
1.046909403909167091e+00
7.784393535965908884e-01
6.686186757232953637e-01
6.556507740658268357e-01
7.082587612326178839e-01
7.984648744793514386e-01
8.908433061031507672e-01
9.820332457617867439e-01
1.063962148443455602e+00
1.131023618871912717e+00
1.181833263895766262e+00
1.208255494186331491e+00
1.224071945078444079e+00
1.215583528170401939e+00
1.184983581001959552e+00
1.147064560622584661e+00
1.103327912910144981e+00
1.068876912003296820e+00
1.038197000402310666e+00
1.008984991075621007e+00
9.858014522382185785e-01
9.674388503060835642e-01
9.542454136815262666e-01
9.408123910004463353e-01
9.356096445609537460e-01
9.258079927112508045e-01
9.240998010100568427e-01
9.265844326928522889e-01
9.325050854652435772e-01
9.401011884174760302e-01
9.511930890843569575e-01
9.624912472019532261e-01
9.723985943686239697e-01
9.833374784807785707e-01
9.970054858156178756e-01
1.000875711213523589e+00
1.010015548520304174e+00
1.016538701167960523e+00
1.022942927745783326e+00
1.025604310698373212e+00
1.029969198944742592e+00
1.030379707115532506e+00
1.026511097814494677e+00
1.025277484152204321e+00
1.024453988826353745e+00
1.019349732622270022e+00
1.015138994791225935e+00
1.012752008867691789e+00
1.010456500067123731e+00
1.002359107429997565e+00
9.976331339872585025e-01
9.973435298189949894e-01
9.958725196415927350e-01
9.920322737703348714e-01
9.916979871413559300e-01
9.898236779968958565e-01
9.880655881665888485e-01
9.873272430586694792e-01
9.844285225419222574e-01
9.843264731079149898e-01
9.834781068543159144e-01
9.838203988671990752e-01
9.866337336707796668e-01
9.907230347398483516e-01
9.945560210669414092e-01
9.995045638683390798e-01
1.003326373621708623e+00
1.008525540311337565e+00
1.011727702552908559e+00
1.010502160043530662e+00
1.012679842945433561e+00
1.009078931136608404e+00
1.007539953172091218e+00
1.003376674731432106e+00
1.001275244409804754e+00
9.986704482493724555e-01
9.959231122915672696e-01
9.946897848904805439e-01
9.959931277624270995e-01
9.944312660847427487e-01
9.960146951244012170e-01
9.972773976057109913e-01
9.978359300833608003e-01
1.000732208206347007e+00
9.979324732097161199e-01
9.989149521949358679e-01
9.971182740009816303e-01
9.957437168773921599e-01
9.932590090762746238e-01
9.944439446439290453e-01
9.941701035253703855e-01
9.945812795608621748e-01
9.987505489483017307e-01
1.002706282279160144e+00
1.004117273274077959e+00
1.005834116154602276e+00
1.005387049724866699e+00
1.003707075753572653e+00
1.003696268214914866e+00
1.002830262017983198e+00
1.000943116983407766e+00
9.984095076234357213e-01
9.972013224508213813e-01
9.962904748237983998e-01
9.961513188094518467e-01
9.967958316736298396e-01
9.970363889318821782e-01
9.968193202479288528e-01
9.972418157742160005e-01
9.957746821998534337e-01
9.975227259822222470e-01
9.950055723650204076e-01
9.965478577697698404e-01
9.954037331610194883e-01
9.972141434571319962e-01
9.978670713126787106e-01
1.000439452726306522e+00
1.003446500628855764e+00
1.004721372537884294e+00
1.007278884569992705e+00
1.006489028729825375e+00
1.007573066149108687e+00
1.007841085843355078e+00
1.006138410395313487e+00
1.005556103013982572e+00
1.004074198558205344e+00
1.003423249457319866e+00
1.001828362936511230e+00
1.000429717043477940e+00
9.994791501249725707e-01
9.987138279784202322e-01
9.985171739109909295e-01
9.969491510610059004e-01
9.959771285375094152e-01
9.935231623856656258e-01
9.942211521139432406e-01
9.951577856055328075e-01
9.947582949600440871e-01
9.960963318305832148e-01
9.960114478999637644e-01
9.979666166628557988e-01
9.989605900838596231e-01
9.997323275054253999e-01
1.001302689615991115e+00
1.000502559631660571e+00
1.002971724278332033e+00
1.001618272441433977e+00
1.002575072966785275e+00
1.003120852525662965e+00
1.002373060400106208e+00
1.002994780226551308e+00
1.002879601237597784e+00
1.002063272452105691e+00
1.000886437041686117e+00
1.001536660789924316e+00
9.999451436981208197e-01
1.000800229523485685e+00
9.999525550577229582e-01
9.996790982777050694e-01
9.984414754824131322e-01
9.993271405683490372e-01
9.990228375277684369e-01
1.000216660938654689e+00
9.992725545354343986e-01
9.971860864653621093e-01
9.985011419662813692e-01
9.991344447805714513e-01
9.987680523714490555e-01
9.991823403917025059e-01
9.983923607825136992e-01
9.999071185206995782e-01
9.995924417696262498e-01
9.994203291848863246e-01
9.995288398547770292e-01
1.000464185577719878e+00
9.992776484134622272e-01
1.000428878299719271e+00
1.000246867145052398e+00
9.998770024175501758e-01
1.000257047834097524e+00
1.000742738895445960e+00
1.001236069701743725e+00
1.000546828881157202e+00
1.001051011804060309e+00
1.000533218216508313e+00
1.001374063808889048e+00
1.001214475824756756e+00
1.001260004577645635e+00
1.000033530154698758e+00
1.000388872357546477e+00
1.000215862266692568e+00
1.000026094992646275e+00
9.997493651448471352e-01
9.985749975501736486e-01
9.993968549327278961e-01
1.000118130566158614e+00
9.994330764226383446e-01
9.988333775576118123e-01
9.998094821211018779e-01
9.987720769179416758e-01
9.997645685150868822e-01
9.985812955539723479e-01
9.999825375083375434e-01
9.995376434330772719e-01
9.997952957388274164e-01
1.000738252566366615e+00
1.000576109966045735e+00
1.000796434450410333e+00
1.001461803136340034e+00
1.001271390449445908e+00
1.001286380414208477e+00
1.000404061441732217e+00
1.000020551385403689e+00
1.000481939054067348e+00
1.000259596738622303e+00
1.000766808397479002e+00
9.999726156473476291e-01
9.994723398398900338e-01
1.000359999382044229e+00
9.996847591680816381e-01
9.989913966975213500e-01
9.997547946169429434e-01
1.000849612841185232e+00
9.995819425712818562e-01
9.995925835617722743e-01
1.000369265954471398e+00
1.000059667545824427e+00
1.000558834235351302e+00
9.999471706598722642e-01
9.998799752249095674e-01
1.000945362093287549e+00
1.001244848564134315e+00
1.000225717086255628e+00
1.001029281737052967e+00
1.000384698212812618e+00
1.000592843025884360e+00
1.000585830879266558e+00
1.001177436737777704e+00
1.000378706902597781e+00
1.000902956809669675e+00
1.000566650437709981e+00
9.996510435607478540e-01
9.994143498886105537e-01
1.000413640625293255e+00
1.000163305127764524e+00
