0.000000000000000000e+00
0.000000000000000000e+00
0.000000000000000000e+00
0.000000000000000000e+00
0.000000000000000000e+00
0.000000000000000000e+00
0.000000000000000000e+00
0.000000000000000000e+00
0.000000000000000000e+00
0.000000000000000000e+00
0.000000000000000000e+00
0.000000000000000000e+00
0.000000000000000000e+00
0.000000000000000000e+00
0.000000000000000000e+00
0.000000000000000000e+00
0.000000000000000000e+00
0.000000000000000000e+00
0.000000000000000000e+00
0.000000000000000000e+00
0.000000000000000000e+00
3.196872370374030659e-02
1.006163555895021267e+00
3.378030587843734889e+00
3.399512401625043090e+00
1.889397231567401914e+00
8.682789424633514663e-01
3.950381600008054384e-01
1.977326985556125127e-01
1.192527400016925032e-01
1.782594584286059103e-01
6.846697975514278722e-01
1.452570621827025343e+00
1.712661421716100918e+00
1.434044349513956096e+00
1.045154792789541709e+00
7.887100069055074103e-01
6.678564576693284405e-01
6.511215227587651144e-01
7.113139417656969554e-01
7.964172479489792789e-01
8.928028418307872860e-01
9.903537561627080432e-01
1.065049906522129941e+00
1.128200978593141057e+00
1.181747196930414967e+00
1.209377295243944550e+00
1.219559261503313063e+00
1.212096668711611258e+00
1.186173312906371402e+00
1.147627448397588124e+00
1.111244642011286032e+00
1.067466160962442734e+00
1.038610432599033295e+00
1.006627950726707299e+00
9.883441832656584269e-01
9.712230543649693626e-01
9.559928375053599048e-01
9.440050609872643328e-01
9.317300689248473322e-01
9.265135118530231084e-01
9.293590484475786617e-01
9.293441865398180957e-01
9.328312121495474507e-01
9.404886206317877306e-01
9.512057377096677646e-01
9.651567129549902813e-01
9.747002912045673595e-01
9.889770115832332564e-01
9.973171977970555213e-01
1.004490102995415413e+00
1.011546137777359355e+00
1.017967156323895672e+00
1.023417122789515021e+00
1.030821886754170968e+00
1.029051572430115913e+00
1.029426296066247914e+00
1.028916161808387519e+00
1.026195710408918549e+00
1.024544886629161100e+00
1.020021776125195512e+00
1.017957113503408006e+00
1.014576315610994817e+00
1.007433377856589818e+00
1.005291572259090049e+00
1.001556400906242761e+00
9.961875138975656574e-01
9.947782860735748800e-01
9.948421119672408164e-01
9.912556267540613142e-01
9.888231671029483749e-01
9.888720142875079278e-01
9.892657111116829327e-01
9.860029565400910689e-01
9.841653937459121648e-01
9.846865091509532375e-01
9.870704294049388317e-01
9.862733677424234680e-01
9.902520526792161215e-01
9.942961919066405363e-01
9.981628000950613089e-01
1.004433454254451297e+00
1.008529109348691222e+00
1.008958936263230521e+00
1.010529333595711510e+00
1.010499660074964723e+00
1.009093146251756501e+00
1.006289942628321610e+00
1.004577097639246297e+00
1.003252343260304880e+00
9.985143941040646176e-01
9.963165799655308019e-01
9.951741712494182046e-01
9.949371108913308559e-01
9.959350736302403639e-01
9.971509896332049205e-01
9.969324074565896199e-01
9.997671767913149932e-01
1.000894780221924574e+00
9.985214370292873065e-01
9.985466559888770410e-01
9.962499372879837223e-01
9.946782383856317411e-01
9.941908405781518798e-01
9.935105414148596159e-01
9.940532048200192428e-01
9.950881813742871174e-01
9.979823062719017646e-01
1.001798351697243739e+00
1.004167446085827642e+00
1.005038891318201122e+00
1.003059914498011684e+00
1.004293978536233256e+00
1.001184093446552126e+00
1.001622747071658104e+00
1.000909081317974403e+00
9.995620768541162438e-01
9.977849425778853032e-01
9.969164954571054782e-01
9.982000414769286456e-01
9.975803302170681564e-01
9.974953754353947932e-01
9.986478991351980250e-01
9.966001609339515399e-01
9.966480426105160939e-01
9.958109525513878513e-01
9.964634861028751622e-01
9.954148632123072105e-01
9.944172297152256146e-01
9.956787444792488673e-01
9.984744441974429119e-01
1.000253933938411555e+00
1.002736654612846445e+00
1.004490958440712234e+00
1.005977505128308858e+00
1.008467434436308041e+00
1.006636834111026557e+00
1.008638219390177726e+00
1.006423937220569664e+00
1.006768546317978519e+00
1.006089150828028744e+00
1.005222154977412741e+00
1.003119535893360892e+00
1.000832517264628407e+00
1.000682125758169283e+00
9.982058280321168819e-01
9.965208157212125384e-01
9.966375104260124518e-01
9.948565671471670813e-01
9.956819824090971105e-01
9.943464151617780189e-01
9.947192642898611270e-01
9.959439007823700507e-01
9.969769527225578187e-01
9.973624553507381973e-01
9.985002488078901228e-01
9.988906159091363035e-01
9.991883655518527529e-01
1.001563986133689799e+00
1.002535203553512444e+00
1.003665591909100208e+00
1.003016286986461836e+00
1.003073301308147647e+00
1.003892039019966154e+00
1.002977580830860083e+00
1.002886902466706642e+00
1.002712859536540657e+00
1.002568815906110133e+00
1.002719063404361899e+00
1.000816352021961952e+00
1.000392328143393073e+00
9.998285897181531379e-01
1.000206559698796127e+00
1.000489834748339968e+00
9.986921518181789414e-01
9.996639768986994579e-01
9.989497240736093797e-01
9.992990390347793461e-01
9.994439747315480016e-01
9.994294832404475581e-01
9.996717004802682105e-01
9.995039506496585791e-01
9.989537505194541200e-01
1.000240589403957436e+00
9.995246007854362569e-01
1.000782661687755315e+00
9.989982080128547715e-01
9.994485304181329743e-01
9.991651007486561653e-01
9.994343831082931340e-01
1.000612880321441356e+00
1.000064524088059015e+00
1.001530897280272558e+00
9.996433389617467302e-01
1.000875408038532255e+00
1.000466704380498895e+00
1.000809274991787845e+00
1.001282151452540514e+00
1.001379906833114175e+00
1.001146527829060773e+00
1.000778546713986028e+00
1.000956674165759619e+00
1.001487035574125661e+00
1.001169355960875862e+00
1.001018047992525251e+00
9.998932874471696541e-01
1.000272528469333899e+00
9.994490128789741412e-01
9.995599036575935070e-01
9.991546887711264535e-01
9.997065295356317716e-01
9.992234502567316490e-01
1.000078137525249877e+00
9.988910937170140114e-01
9.992464122110772395e-01
1.000547915233412466e+00
1.000655712241299122e+00
1.000506372753959816e+00
1.000270568344283184e+00
1.000560227312982109e+00
1.000411484542770513e+00
1.000174818385609399e+00
1.000730400222229699e+00
1.001669339287360128e+00
1.000389582176929304e+00
1.001800779595041879e+00
1.000492061571105484e+00
1.000289956541631442e+00
1.000481394799452195e+00
1.000584346765549304e+00
1.000819264711424461e+00
9.998108078525141940e-01
9.995062691151304080e-01
1.000194988352193448e+00
9.999736006830762802e-01
9.994144092905963284e-01
9.999763669171883862e-01
1.000294942940004761e+00
1.000279251904030664e+00
1.000150372465758108e+00
1.000480547511268803e+00
1.000181828794240113e+00
1.000284716876274294e+00
1.000562511348034533e+00
1.000048569421635225e+00
1.001061686671024464e+00
1.000137382304483458e+00
1.000628879113629521e+00
1.000666018723267658e+00
1.000871775261851448e+00
1.001208933161716219e+00
1.000606822958508335e+00
1.000455527222339658e+00
1.000372292521970241e+00
1.000215025432876770e+00
1.000959464079048900e+00
1.000199029628236147e+00
1.000121720321182295e+00
1.000286753037025189e+00
1.000112044497346808e+00
