0.000000000000000000e+00
0.000000000000000000e+00
0.000000000000000000e+00
0.000000000000000000e+00
0.000000000000000000e+00
0.000000000000000000e+00
0.000000000000000000e+00
0.000000000000000000e+00
0.000000000000000000e+00
0.000000000000000000e+00
0.000000000000000000e+00
0.000000000000000000e+00
0.000000000000000000e+00
0.000000000000000000e+00
0.000000000000000000e+00
0.000000000000000000e+00
0.000000000000000000e+00
0.000000000000000000e+00
0.000000000000000000e+00
0.000000000000000000e+00
0.000000000000000000e+00
3.233523125362401662e-02
1.001938943862610065e+00
3.382573775604774458e+00
3.395984330957098951e+00
1.900964031592848658e+00
8.622460641904425849e-01
3.949781623924600304e-01
1.996222280063346122e-01
1.200499046379487761e-01
1.808439759532936564e-01
6.896414300205063741e-01
1.447740897959133521e+00
1.716597252482390701e+00
1.433090446664908812e+00
1.045966513503527207e+00
7.814065485976477987e-01
6.680373809648628702e-01
6.553730795643915030e-01
7.075785656442671323e-01
7.920277564916573532e-01
8.904745070469449741e-01
9.820428744420170997e-01
1.061410187199282928e+00
1.131133395189097390e+00
1.172055690021822638e+00
1.206464928208456744e+00
1.217288796818188468e+00
1.209909098968735108e+00
1.185129263359444129e+00
1.141376817365971741e+00
1.105241587524575131e+00
1.064751768637697049e+00
1.033710507201401008e+00
1.010371572231175907e+00
9.842485234466730182e-01
9.699733075933270054e-01
9.535373353519117634e-01
9.379090914585501704e-01
9.301330611888699584e-01
9.245967403111323701e-01
9.225465354735143952e-01
9.242712923791245316e-01
9.301093369228720098e-01
9.416851796821995579e-01
9.466819122775733675e-01
9.571904883673792996e-01
9.684256109775720711e-01
9.818499325828500268e-01
9.950262162999086168e-01
1.001582728681142509e+00
1.008940753172539839e+00
1.016098967481506188e+00
1.015846651730096584e+00
1.023877655794540820e+00
1.025296113595174141e+00
1.027719489417736609e+00
1.023703634775859239e+00
1.023498096228970589e+00
1.021084777526782172e+00
1.021601315150850731e+00
1.015746371163018136e+00
1.012760620679553192e+00
1.007037574667174695e+00
1.001464373787929407e+00
9.990121445587066829e-01
9.962404280966130621e-01
9.940826041231296539e-01
9.918437135529452053e-01
9.893507341819118839e-01
9.878632492828545164e-01
9.875471497594270343e-01
9.874344364924609874e-01
9.836416408480622708e-01
9.841753250147443621e-01
9.833191608342684020e-01
9.836077335942949862e-01
9.857349818422467269e-01
9.878393955393668380e-01
9.923453703462589148e-01
9.979469584554274686e-01
1.000377452785778942e+00
1.006668469094641694e+00
1.007864678889419885e+00
1.008986641560373654e+00
1.011312586066640984e+00
1.006584982607696466e+00
1.006454664334805571e+00
1.001984888283926844e+00
9.985003693032298289e-01
9.981653915572569202e-01
9.956427154037724714e-01
9.944375422364024608e-01
9.937399112477671714e-01
9.926349108188190495e-01
9.949303556678890104e-01
9.933320437516219847e-01
9.960625037446667607e-01
9.973297674520817946e-01
9.971754659927889453e-01
9.962412774016308203e-01
9.966823375859874545e-01
9.939040047900964403e-01
9.921739189196194797e-01
9.915162162687406466e-01
9.926792780748806555e-01
9.940620686806909134e-01
9.980787719281724035e-01
1.002301432644328028e+00
1.003119110792049185e+00
1.003889126034209323e+00
1.003111460739298799e+00
1.002441176596792660e+00
1.000898727349188055e+00
1.000341801774172534e+00
9.978760011188778645e-01
9.965446743477468505e-01
9.968152648297406992e-01
9.979167153205491525e-01
9.953667447899998688e-01
9.938696326371708745e-01
9.966200638213055241e-01
9.959817710799967472e-01
9.943920964286617759e-01
9.951576514736241164e-01
9.946319102243250665e-01
9.952727939234762289e-01
9.949156824283834633e-01
9.932443496629467239e-01
9.949810177248291643e-01
9.968133039308171295e-01
1.000645518858145344e+00
1.002218662402089455e+00
1.002954405043213093e+00
1.005712631854295491e+00
1.006899795669889963e+00
1.006629835844893295e+00
1.007012023912917664e+00
1.005922953214532622e+00
1.004505868663635892e+00
1.004383624081507609e+00
1.003892919167450604e+00
1.001234811609807096e+00
9.996261235317598359e-01
9.987181752690221792e-01
9.970630577935316596e-01
9.970322353253471270e-01
9.943458361099026810e-01
9.947926081250548780e-01
9.946262451781869851e-01
9.936959422620810223e-01
9.934742847824417078e-01
9.932169701195298073e-01
9.950270787043451470e-01
9.962700462923339551e-01
9.966462212050463121e-01
9.971825388124817557e-01
9.984325053373551695e-01
9.991897268292548873e-01
1.001243352352944704e+00
1.000893102292066628e+00
1.001775743449877298e+00
1.001946722849622606e+00
1.002572279996889248e+00
1.002053857091609324e+00
1.001500578270078323e+00
1.002681080977636530e+00
1.000199192315991192e+00
1.001344902800176406e+00
1.000115722338127622e+00
1.000320395000494189e+00
1.000233497413486550e+00
1.000610169837046648e+00
1.000091405446794202e+00
9.981570281500835584e-01
9.989797079456792517e-01
9.980125045584580246e-01
9.972429752129681191e-01
9.992402391683105067e-01
9.998777153811879703e-01
9.983087284911279502e-01
9.990043792469769368e-01
9.991146538343199657e-01
9.993342067908064230e-01
9.984831057256897680e-01
9.986604348097055661e-01
9.990457003580195394e-01
9.993902399535981029e-01
9.988434038405615834e-01
1.000212158772931570e+00
9.994564623743807941e-01
9.998768407806819525e-01
1.000212341358715173e+00
9.990862695167658236e-01
1.000450380896257707e+00
1.000440129393512123e+00
1.000346603728578199e+00
1.001180132752469865e+00
1.000296317636260035e+00
1.000602357498325823e+00
1.001579158315128559e+00
9.997575936168426880e-01
9.998509298841780080e-01
1.000744071469694685e+00
9.994218130768957042e-01
9.996015245113666348e-01
1.000743133478230629e+00
9.993610339003431431e-01
9.984374577154954133e-01
1.000763327051409135e+00
9.995271173811194343e-01
9.991946480804243524e-01
9.991488917058456432e-01
1.000489843860203010e+00
9.997370557262015289e-01
9.992662323338202812e-01
9.990627693707183621e-01
9.992224569984268223e-01
1.000241633517947371e+00
9.997889238971313652e-01
1.000060411045985642e+00
1.000656207159006161e+00
1.000492783344707037e+00
9.998895304272020779e-01
1.000509113801369310e+00
1.000490916689586340e+00
9.997477111965507035e-01
1.000649306122147308e+00
9.999956719814084849e-01
9.999767671649635314e-01
1.000339241186860573e+00
9.998411053984032071e-01
1.000257757377319701e+00
1.000294985369614809e+00
9.995804341715062158e-01
1.000145006212669108e+00
1.000047363541810119e+00
9.996298215596219894e-01
9.987846924044742059e-01
9.996680692796030554e-01
1.000575857387494327e+00
1.000565902416337805e+00
1.000310441366253800e+00
1.000546442056478025e+00
9.999759807072893247e-01
1.000834014304961217e+00
1.001309128493501177e+00
1.000817142538587889e+00
1.001062929422450454e+00
1.001422001904322734e+00
1.000307644233894511e+00
1.001241946993476795e+00
1.000947090406623108e+00
1.000229743503795898e+00
1.000452326995067143e+00
1.000597129933146201e+00
1.000177807707187005e+00
9.999163747217825193e-01
9.997523251078319628e-01
1.000307073416643489e+00
