0.000000000000000000e+00
0.000000000000000000e+00
0.000000000000000000e+00
0.000000000000000000e+00
0.000000000000000000e+00
0.000000000000000000e+00
0.000000000000000000e+00
0.000000000000000000e+00
0.000000000000000000e+00
0.000000000000000000e+00
0.000000000000000000e+00
0.000000000000000000e+00
0.000000000000000000e+00
0.000000000000000000e+00
0.000000000000000000e+00
0.000000000000000000e+00
0.000000000000000000e+00
0.000000000000000000e+00
0.000000000000000000e+00
0.000000000000000000e+00
2.788544976094382843e-05
3.417481492159008677e-02
1.009835177996180722e+00
3.378162667123354446e+00
3.399755140767750650e+00
1.897407971521581471e+00
8.640020210168886106e-01
3.904564549945868102e-01
1.987022062526406785e-01
1.204799454312250606e-01
1.762587225217538967e-01
6.863448185071527874e-01
1.456308110361772101e+00
1.714680074104451668e+00
1.431720804184465790e+00
1.049949628911629684e+00
7.835744965641873172e-01
6.666406064474453830e-01
6.560647451686978382e-01
7.101069396715294912e-01
8.013731375549167923e-01
8.912364601072453318e-01
9.801929384298526671e-01
1.064829412887359217e+00
1.129169666427187080e+00
1.176957096934114100e+00
1.209123160514192996e+00
1.222921746483476735e+00
1.211406046655970847e+00
1.185630214723889297e+00
1.146287678999646564e+00
1.103539829681436490e+00
1.066477495088526073e+00
1.035635611107126319e+00
1.008686085686891776e+00
9.878100473008496474e-01
9.685746649400710506e-01
9.549674880758507456e-01
9.375109204518390360e-01
9.317099785418340163e-01
9.262958964898109215e-01
9.253248306861998618e-01
9.239411612115325800e-01
9.338732517044683323e-01
9.413723264561626447e-01
9.523719303420391524e-01
9.650058690975890086e-01
9.719947723906774417e-01
9.837576367128626487e-01
9.937810466439318535e-01
1.001803964544967451e+00
1.010186926674829344e+00
1.021393150464458444e+00
1.019751690916489428e+00
1.025774308022097125e+00
1.028280470264840041e+00
1.031209170310484202e+00
1.028516824975684640e+00
1.029061249013513590e+00
1.026133687942351047e+00
1.019790039331044174e+00
1.018022509304747025e+00
1.011599203203168651e+00
1.006586729900613708e+00
1.002337702405001529e+00
1.000500944489120858e+00
9.993610914719924798e-01
9.942961681347960434e-01
9.942618954660800146e-01
9.918738011131905674e-01
9.895511007179487173e-01
9.872534413117602936e-01
9.874863539869436213e-01
9.865852051555596969e-01
9.855008447142212802e-01
9.850652546374000229e-01
9.853321467107399867e-01
9.866582759987543305e-01
9.908711350001461193e-01
9.947777308643488414e-01
9.968630877456949868e-01
1.004760360538311526e+00
1.007705361123501175e+00
1.010708396441795776e+00
1.012729836588692089e+00
1.010077800675495796e+00
1.010028004997623352e+00
1.007019058294175151e+00
1.004721563394816108e+00
1.001358176599798755e+00
9.994748449069978946e-01
9.968641233895669806e-01
9.966781892612617266e-01
9.953795575538546547e-01
9.963200151113418279e-01
9.956914624587825946e-01
9.964601239339306860e-01
9.985000464743704063e-01
9.986867831319046207e-01
9.980453745066207860e-01
9.978502481881886821e-01
9.979026566968214329e-01
9.963394379720731386e-01
9.945236515356326024e-01
9.935758426008799438e-01
9.926263478312419286e-01
9.952031642101119013e-01
9.991390699224810268e-01
1.000613420954999055e+00
1.004136744177230200e+00
1.005728109244772073e+00
1.004067620381133841e+00
1.003722495545588567e+00
1.001870218001390311e+00
1.000665500755522963e+00
9.993800591501981190e-01
9.976894379180557548e-01
9.970096726204509263e-01
9.970666854136768231e-01
9.975887879005631564e-01
9.975307341916723747e-01
9.976779082144764388e-01
9.977002058034295517e-01
9.961564465321485207e-01
9.959322112114620262e-01
9.957467988383174040e-01
9.966942205506433838e-01
9.957897313924103377e-01
9.954612021237781994e-01
9.971668276657672525e-01
9.983295262973431727e-01
1.000851610059354080e+00
1.002732519846175396e+00
1.004101059278979857e+00
1.005918395319073122e+00
1.007344807523027352e+00
1.008230163742582119e+00
1.007516875006403190e+00
1.007265683037726456e+00
1.005941314634152484e+00
1.004344142011714291e+00
1.002468395458877115e+00
1.001595514030499956e+00
1.000696106496848037e+00
9.995495581602296120e-01
9.983160585209731597e-01
9.993168051843768218e-01
9.976474057356412573e-01
9.943325498374695481e-01
9.953580918931702604e-01
9.951195344242917962e-01
9.952500322814055167e-01
9.937397331009011348e-01
9.956257224746385415e-01
9.965041427792913353e-01
9.980815091656985993e-01
9.997861340697028476e-01
1.000487676004090387e+00
9.993240418877326059e-01
1.002665620267091162e+00
1.002716169978871363e+00
1.002274205642919025e+00
1.003243216048135045e+00
1.003352940805985138e+00
1.003608981114829879e+00
1.003849908335820329e+00
1.002403698170965418e+00
1.002779863233195901e+00
1.001554433470203564e+00
1.001847074860040543e+00
1.000887550239265789e+00
1.000752194725144095e+00
9.989236741613655157e-01
9.992356620030395931e-01
9.985502572263982302e-01
9.992854004196430884e-01
9.995465167879772350e-01
9.993842173975759913e-01
9.984640761003666931e-01
9.994779027155206164e-01
9.982044947105195298e-01
9.981495595448904856e-01
1.000044745920092737e+00
9.999519981943426616e-01
9.994362648420864748e-01
9.994968597676866517e-01
1.000212256217674067e+00
1.000089981625179369e+00
9.990555722832650254e-01
9.992360365430715818e-01
9.998544473243261566e-01
9.996356663819968569e-01
1.000597203255875201e+00
9.995901906081144928e-01
9.996036623423526501e-01
1.000341866105230348e+00
1.000624704760427752e+00
1.000393011472289206e+00
1.001299130531767334e+00
1.001061014396304572e+00
9.994842104020287277e-01
1.002734725107899516e+00
1.000264659805849554e+00
9.999528524341302349e-01
1.000318999222403527e+00
1.000118628729506520e+00
9.997747243533571249e-01
9.997795792630481682e-01
9.992310711742380391e-01
9.996540047100151982e-01
9.993875930581822553e-01
9.985018883619699581e-01
9.988735094828404826e-01
9.985241055348063055e-01
9.998736049321911290e-01
9.991040460280492530e-01
1.000827072006917895e+00
9.994163143153181883e-01
1.000079719289159730e+00
1.000464882608593342e+00
1.000220584916804212e+00
1.000389965269105286e+00
1.000135862350136851e+00
1.000490306745701607e+00
1.000727859883671078e+00
1.000151220840662658e+00
1.000889143080310406e+00
1.000678587996926661e+00
1.000429318780707399e+00
1.000598702498915582e+00
9.996471256571166641e-01
9.994552713931396104e-01
1.000273991334697854e+00
1.000469423362720711e+00
9.995603121827606463e-01
9.996389860470220601e-01
1.000444630921407896e+00
9.992035551032637519e-01
9.993958385303433056e-01
9.990230413753983241e-01
9.993210307638594747e-01
1.000371836911929435e+00
9.996487277220923451e-01
9.999935737547706038e-01
1.000633183778396829e+00
1.000911885972531001e+00
1.000019162026468234e+00
1.000667101817775295e+00
1.000210126279529099e+00
1.000854934583440548e+00
1.000755004917099900e+00
9.995388812218056751e-01
1.000923789968422017e+00
1.000494545255077528e+00
1.000432933124462132e+00
9.994660706705946751e-01
9.995660199159376313e-01
1.000218800023881638e+00
1.000033246446646151e+00
9.994946482324615911e-01
