0.000000000000000000e+00
0.000000000000000000e+00
0.000000000000000000e+00
0.000000000000000000e+00
0.000000000000000000e+00
0.000000000000000000e+00
0.000000000000000000e+00
0.000000000000000000e+00
0.000000000000000000e+00
0.000000000000000000e+00
0.000000000000000000e+00
0.000000000000000000e+00
0.000000000000000000e+00
0.000000000000000000e+00
0.000000000000000000e+00
0.000000000000000000e+00
0.000000000000000000e+00
0.000000000000000000e+00
0.000000000000000000e+00
0.000000000000000000e+00
0.000000000000000000e+00
3.283589513864397513e-02
1.008939380152042986e+00
3.372453799795710250e+00
3.386070079389095877e+00
1.890165592785911119e+00
8.598039366258809491e-01
3.911639153698443505e-01
1.977640618905235903e-01
1.202818612542663340e-01
1.785397476251913973e-01
6.877081317245888892e-01
1.449382926822804007e+00
1.707125601804447168e+00
1.428510495883559051e+00
1.048352830089618770e+00
7.827991595710760420e-01
6.669037460644974269e-01
6.543960671863015000e-01
7.111938618040221094e-01
8.016605690829283759e-01
8.958848158334755674e-01
9.773428824501334544e-01
1.060628393386936708e+00
1.135104649924413733e+00
1.178967586497110753e+00
1.205887988073160333e+00
1.215887216828478223e+00
1.208880203562869626e+00
1.185160623908010358e+00
1.141930419072911151e+00
1.105918205548622524e+00
1.070085245397277340e+00
1.036383360168176893e+00
1.010375125772798643e+00
9.885770636491650887e-01
9.660744511138666946e-01
9.563536615299761401e-01
9.443260644480322430e-01
9.336030091059875913e-01
9.238196927178222717e-01
9.204159838923317016e-01
9.274089050746794349e-01
9.331448845276161252e-01
9.410181955585668057e-01
9.512035989867702046e-01
9.604402157816833707e-01
9.709364033812246664e-01
9.817738717111674784e-01
9.893621610936589317e-01
1.003425332140040149e+00
1.010931530204178586e+00
1.015650825501385635e+00
1.022850343342963431e+00
1.025221459449381367e+00
1.028110441194110880e+00
1.027734696566571015e+00
1.028298661931157820e+00
1.025890503562061351e+00
1.024058218768895356e+00
1.018957069247224512e+00
1.018593327606075016e+00
1.012849548259143306e+00
1.008571712969920320e+00
1.001904774646972029e+00
9.992761809762288339e-01
9.948414525032569511e-01
9.932839780525862805e-01
9.903480753330652364e-01
9.899859717068604237e-01
9.893149348848021551e-01
9.896043432072740842e-01
9.884758965531857955e-01
9.830604560665263669e-01
9.836244514206234912e-01
9.854853732500321595e-01
9.869789989177975009e-01
9.862497631889061145e-01
9.904115378301530104e-01
9.957350867050382970e-01
9.983837982130657762e-01
1.002200936201234960e+00
1.008318634163308802e+00
1.009453838552172522e+00
1.010254854666241542e+00
1.009189621370160550e+00
1.007107551594122130e+00
1.006057992213394536e+00
1.002745835964083954e+00
1.001309431400691619e+00
9.986497313916954388e-01
9.969602219417176281e-01
9.963823836943245249e-01
9.944943249043174394e-01
9.947097612006530198e-01
9.958020883934169953e-01
9.973565656316987216e-01
9.977172603088653169e-01
9.985924752745930499e-01
9.997182694430044592e-01
9.970475665216881334e-01
9.972624169408164096e-01
9.951445812933570334e-01
9.932448303953725910e-01
9.925041834547112529e-01
9.936876376639289798e-01
9.955493023755803694e-01
9.974649051337503014e-01
1.001541932834038695e+00
1.002904905410948677e+00
1.004801814100259483e+00
1.004585708467668814e+00
1.002967576585742204e+00
1.003925275370240566e+00
1.002463335246829956e+00
1.000428712368950146e+00
9.998860935522068116e-01
9.979890897786090065e-01
9.967336112203852849e-01
9.971234534626733925e-01
9.982771869734590187e-01
9.969504192786577956e-01
9.952674404654057172e-01
9.974100663020746271e-01
9.955496417816783739e-01
9.955906978845766586e-01
9.949479613356366769e-01
9.953502155904384585e-01
9.945159521272933789e-01
9.978749034080417468e-01
9.982353318729998426e-01
9.999595547380765170e-01
1.002224782925219992e+00
1.004376646146442509e+00
1.005268300398948211e+00
1.008688963242485359e+00
1.008130456396717056e+00
1.007371024632421452e+00
1.007318049405309779e+00
1.005464737190207236e+00
1.002792893178527933e+00
1.003515453889923359e+00
1.001228521531105420e+00
1.001394271453285745e+00
9.993479978836888877e-01
9.989933084279499775e-01
9.969939151224233020e-01
9.963351392446305743e-01
9.945762910067604823e-01
9.951523793353973524e-01
9.943371839223620334e-01
9.949663212230885900e-01
9.946536660934192087e-01
9.973652436731770266e-01
9.975610750892489609e-01
9.968031575981650683e-01
9.995589524088076550e-01
1.000832567436701570e+00
1.000855654938907602e+00
1.001483014345876388e+00
1.002255276878161183e+00
1.002525934580960065e+00
1.002671713024810618e+00
1.003129033100942147e+00
1.002432062278743263e+00
1.002237203137095634e+00
1.002535206232621601e+00
1.002247003267903835e+00
1.001866240371387162e+00
1.001206548404665053e+00
1.000630147623046584e+00
1.000446216986822678e+00
9.991621171027217363e-01
9.999133882185130551e-01
9.993076327998952069e-01
9.990069741918853330e-01
9.993571280137253376e-01
9.988597728876759119e-01
9.996968143632556369e-01
9.988339794203743294e-01
9.986798558600838982e-01
9.992475899922951266e-01
1.000280018070502708e+00
9.992725958848736045e-01
9.983508015559846571e-01
9.993374635674516782e-01
9.989183154199275938e-01
1.000136619817116213e+00
9.988344144685215031e-01
9.998840415281402549e-01
9.996188908922170047e-01
1.000457961387853256e+00
1.000540736372977912e+00
1.000668080546146088e+00
1.000897340563920768e+00
1.000638014661196395e+00
9.995957067243322891e-01
1.000270573290710008e+00
1.001093567882994861e+00
1.001504110845457429e+00
1.001200818939129045e+00
1.000708528487078475e+00
1.000839834200828227e+00
1.000779001966507709e+00
1.000289008115519573e+00
1.000163004130790512e+00
1.000308250402115684e+00
9.997697152640933060e-01
9.998307102572627780e-01
9.989871032494888059e-01
9.993810052699496627e-01
9.992148232193108770e-01
9.994118136004865871e-01
9.993064703036151908e-01
9.994624662906117507e-01
9.998469583876055111e-01
9.999762790994828343e-01
9.991005301620892176e-01
1.000418921573528408e+00
1.000308755213956013e+00
1.000394646727365000e+00
1.000729634982749250e+00
1.000518743741092065e+00
1.000834512129762821e+00
1.001816040530598251e+00
1.000117523459809865e+00
1.000323352153381640e+00
1.000328051623868841e+00
1.000083293965640774e+00
1.000553229377648901e+00
1.000598582513188894e+00
1.000296694495985017e+00
1.000651636107725118e+00
9.994749061155711045e-01
9.984656416278500091e-01
9.999196953830131740e-01
9.993351278608980648e-01
9.991894931949676373e-01
9.993226799073131605e-01
9.997958112859290924e-01
1.000876769934327060e+00
1.000461160156028484e+00
9.996165559860880068e-01
1.000668199965703220e+00
1.000385648300191610e+00
9.994208858513999871e-01
1.000768252872239694e+00
1.000792180839522372e+00
1.001033204219942130e+00
1.000856856860160793e+00
1.000446351558511360e+00
1.000487062822805306e+00
1.000106345108455308e+00
1.000136663650470270e+00
1.000082587286311497e+00
1.000073679227617696e+00
1.000279168082020220e+00
1.000192820657397785e+00
1.000188926381940124e+00
1.000125267177912836e+00
