0.000000000000000000e+00
0.000000000000000000e+00
0.000000000000000000e+00
0.000000000000000000e+00
0.000000000000000000e+00
0.000000000000000000e+00
0.000000000000000000e+00
0.000000000000000000e+00
0.000000000000000000e+00
0.000000000000000000e+00
0.000000000000000000e+00
0.000000000000000000e+00
0.000000000000000000e+00
0.000000000000000000e+00
0.000000000000000000e+00
0.000000000000000000e+00
0.000000000000000000e+00
0.000000000000000000e+00
0.000000000000000000e+00
0.000000000000000000e+00
0.000000000000000000e+00
3.393302382742831996e-02
1.011735946513675044e+00
3.386081644111128774e+00
3.406048082838410096e+00
1.903653337476691965e+00
8.554526397369012214e-01
3.925448346880093253e-01
1.981069599858527874e-01
1.196324518585421826e-01
1.803401210682088196e-01
6.881064241337987442e-01
1.452627079276924471e+00
1.708733130159385105e+00
1.433939764430430364e+00
1.049475445913246707e+00
7.841447043694952379e-01
6.684719470195250590e-01
6.522496338283285677e-01
7.102548321899188055e-01
7.921433333616716421e-01
8.843897242930959246e-01
9.851536476807728482e-01
1.066505065303575917e+00
1.128820071143258108e+00
1.177103614528119513e+00
1.211938063211604799e+00
1.219733049714844197e+00
1.213898554582368394e+00
1.182819837845174415e+00
1.147396726202612349e+00
1.108837322470106024e+00
1.070347304517809794e+00
1.038508957573950564e+00
1.011829721152859518e+00
9.861608787298375978e-01
9.684799012852179922e-01
9.553686780410515222e-01
9.399696042692619047e-01
9.323931965880277728e-01
9.261421526868619525e-01
9.225200420097187104e-01
9.273793542558061986e-01
9.341293410479123427e-01
9.404296353572156875e-01
9.507253787425242741e-01
9.628287583102854708e-01
9.752748870487595312e-01
9.832207760501004978e-01
9.953724266957687528e-01
1.001225680959910047e+00
1.010075290215673993e+00
1.016531039371530332e+00
1.024670886618356702e+00
1.030102725969726851e+00
1.028376914410433995e+00
1.030934694391607787e+00
1.027744184965740271e+00
1.027413566016605273e+00
1.022965612685377446e+00
1.021085396564745507e+00
1.018732921599430075e+00
1.012894812299099279e+00
1.008260010144893304e+00
1.003410163025947099e+00
1.000378609176496791e+00
9.964785725025818719e-01
9.930519271900372091e-01
9.900218432574361405e-01
9.897679515606827572e-01
9.896399328247389438e-01
9.900008859108012649e-01
9.874099051721429987e-01
9.865025838718440854e-01
9.855501895569065418e-01
9.855010631404632626e-01
9.858718511390925920e-01
9.889667940816511127e-01
9.906325289784552179e-01
9.945343363251322177e-01
9.987785065210620372e-01
1.001830074321384378e+00
1.007656562173268711e+00
1.009707256972944833e+00
1.011777670525009443e+00
1.011088689879136915e+00
1.011013072759919584e+00
1.007757950803204849e+00
1.003803118965776786e+00
1.002185606617159053e+00
9.987949310938522007e-01
9.958837870085225363e-01
9.948967160122820230e-01
9.972064802763318525e-01
9.939842109462773134e-01
9.964489081473636434e-01
9.962380145220903760e-01
9.971799567767506423e-01
9.960028155527667071e-01
9.996352875943802507e-01
9.970341509298371596e-01
9.971079958661017706e-01
9.955354216701459702e-01
9.942064702363481166e-01
9.942560794281405379e-01
9.936411240242313259e-01
9.939998375788138274e-01
9.980550491146050751e-01
1.000884911674323696e+00
1.003721922470817152e+00
1.005138891468498663e+00
1.004724060422405696e+00
1.004605915467061461e+00
1.004496969519217853e+00
1.001390736269774262e+00
9.992173428882497044e-01
9.985309907327122314e-01
9.973408325914793204e-01
9.974885266939876871e-01
9.960695954996283685e-01
9.979327396879998924e-01
9.966895138257273468e-01
9.970197544829643155e-01
9.963865062383483462e-01
9.967090317225683060e-01
9.964866164502886869e-01
9.976032607459651702e-01
9.950945087476371631e-01
9.952822770901288418e-01
9.967268673179219274e-01
9.990578571371236949e-01
9.996677418368765666e-01
1.002813603170886081e+00
1.004161682802340305e+00
1.006225018860390508e+00
1.006841202229254550e+00
1.008300705364273631e+00
1.007602980141240723e+00
1.006808465285327747e+00
1.007044147912326215e+00
1.005057436143524718e+00
1.003676419387163232e+00
1.002034706347582738e+00
9.999816109670293107e-01
1.000319440901015433e+00
9.995782602347721424e-01
9.972016676851620520e-01
9.957268983792898487e-01
9.958319233678758486e-01
9.960937054104184174e-01
9.951115684632222402e-01
9.933629814120936707e-01
9.965292232018370111e-01
9.961098826940486539e-01
9.963943997189711466e-01
9.986349185933858230e-01
9.990490415298550753e-01
9.994995071836000333e-01
1.001245408536754145e+00
1.002439952818346969e+00
1.003287876687055213e+00
1.003280016605002878e+00
1.003936233233928332e+00
1.004265789008894627e+00
1.003242019648139749e+00
1.003647111185016261e+00
1.003040613353769706e+00
1.001710549081235246e+00
1.001330590069470006e+00
1.001924830364903540e+00
1.001299929725731008e+00
1.000676569253488468e+00
9.994732286036412949e-01
9.988778905012160036e-01
9.995725088166219630e-01
9.987778358186317762e-01
9.991303009382767053e-01
9.993180227514922853e-01
9.994637552672527292e-01
9.995545889826409347e-01
9.993036791144205289e-01
9.997428749489708499e-01
9.988556882957686511e-01
9.986437510269782214e-01
9.982690222154572135e-01
9.993691310854847520e-01
1.000341493561254014e+00
1.000180956238935659e+00
9.994652763595919254e-01
1.000865526124881777e+00
9.994841831969091261e-01
1.001273629805275567e+00
1.000466773952961574e+00
1.000880700243772292e+00
1.000384373823142381e+00
1.001253124195781607e+00
1.001379007899627860e+00
1.000104965456666495e+00
1.001240924251291853e+00
1.000193575580350380e+00
1.001176261482987329e+00
1.002052432796687986e+00
1.000307903737069459e+00
1.000683159450442616e+00
1.000666808673628561e+00
1.000383111843475170e+00
1.000276585277287689e+00
9.998586953061480154e-01
9.994448216191258449e-01
9.992626428038657860e-01
9.998042808579525875e-01
9.997444485225018829e-01
9.992317554495645515e-01
9.998724442622720643e-01
1.000186136328632180e+00
1.000280018752740085e+00
1.000127548871644567e+00
1.000142354272290257e+00
9.998319262843259336e-01
1.000051688912259484e+00
1.000322022101522323e+00
9.998093356163388901e-01
1.000355335763112308e+00
1.001095568507651468e+00
1.000755616465698772e+00
1.000472793118875270e+00
1.000005112143840691e+00
1.001014898625443683e+00
1.000619607570312875e+00
1.000750552279501271e+00
1.000547802105214323e+00
9.995645711709105763e-01
1.000078317891079926e+00
9.999538525514398701e-01
9.998978518589770603e-01
9.990084991047242235e-01
9.992023628839368232e-01
9.997448732858709164e-01
1.000328586337875025e+00
1.000546631273629528e+00
9.994611927536178886e-01
9.997028968939664084e-01
9.990978607920245613e-01
1.000188606048471707e+00
1.000487004343700415e+00
1.000008506503443639e+00
1.000828420626206583e+00
1.000189608972526178e+00
1.000398924818033164e+00
1.000859790003218563e+00
1.001244043261502625e+00
1.001075180091030692e+00
1.000587336273876859e+00
1.000215593526391000e+00
1.000740640872230358e+00
1.000664773787802497e+00
9.996492974963379075e-01
1.000223187125949043e+00
9.997540005368147353e-01
9.985357117234380242e-01
