0.000000000000000000e+00
0.000000000000000000e+00
0.000000000000000000e+00
0.000000000000000000e+00
0.000000000000000000e+00
0.000000000000000000e+00
0.000000000000000000e+00
0.000000000000000000e+00
0.000000000000000000e+00
0.000000000000000000e+00
0.000000000000000000e+00
0.000000000000000000e+00
0.000000000000000000e+00
0.000000000000000000e+00
0.000000000000000000e+00
0.000000000000000000e+00
0.000000000000000000e+00
0.000000000000000000e+00
0.000000000000000000e+00
0.000000000000000000e+00
0.000000000000000000e+00
0.000000000000000000e+00
0.000000000000000000e+00
0.000000000000000000e+00
0.000000000000000000e+00
2.509635361266740819e-02
6.238575473152359052e-01
2.161230214584700438e+00
2.702306771983292943e+00
1.772840045636155493e+00
9.311374547263661094e-01
4.358478758163659705e-01
2.543408253571675659e-01
2.119779266576163335e-01
2.104154338735897689e-01
2.311031417901028007e-01
2.501813428533400940e-01
2.731721641089594477e-01
2.837280150133233980e-01
2.679354231367158112e-01
2.996421768431996036e-01
3.761281017631151746e-01
4.632394580496875247e-01
6.551530273923823477e-01
8.130595654006412820e-01
1.027857041448082764e+00
1.177756897163915184e+00
1.320654647654455616e+00
1.484511235719696121e+00
1.567575896067430863e+00
1.607272543136596177e+00
1.686281428667011362e+00
1.659322191573332050e+00
1.557081813645089241e+00
1.444674998061489912e+00
1.239226179516237369e+00
1.121616981245065592e+00
1.004153770216391628e+00
9.563613386945826189e-01
8.618957886469666985e-01
8.696535326415226752e-01
8.910598914252112479e-01
8.862362476097385144e-01
9.248608975584656777e-01
9.222072005155433905e-01
9.507404312833405147e-01
9.540161192970662007e-01
9.845115483923566613e-01
1.006545062319096795e+00
1.043936198386155034e+00
1.039285429335161215e+00
1.073899405326119938e+00
1.079589926976395997e+00
1.080857024804375621e+00
1.068095791945223860e+00
1.092958205414813477e+00
1.059744525907580170e+00
1.078035576850739030e+00
1.049420758712840795e+00
1.020107727524884877e+00
1.007513890802481882e+00
9.795394513744887233e-01
9.824065176642423625e-01
9.776535535501117424e-01
9.768930907162745036e-01
9.678288444174524274e-01
9.674774997847216396e-01
9.775477999872722590e-01
9.816288352400943662e-01
9.866949988407165417e-01
9.906856358521589634e-01
9.917178596124024414e-01
1.006193270534911921e+00
9.893093431416424277e-01
9.973022569652810754e-01
1.011627958286261952e+00
1.003915057483169448e+00
1.027141481452685357e+00
9.975281079362413594e-01
1.034769523249006618e+00
1.031122226277028542e+00
1.032900857595392852e+00
1.041643619295824719e+00
1.034328588532198223e+00
1.014570210246756199e+00
1.013024182823929698e+00
9.926507627112424181e-01
1.003438272830255551e+00
9.747358345851980799e-01
9.810439101033350262e-01
9.745238487456466814e-01
9.927692975230519856e-01
1.015621106124809270e+00
1.037906812981896021e+00
1.077409196390266333e+00
1.100712670207167676e+00
1.118250620180793797e+00
1.137080635913038540e+00
1.132588282245158284e+00
1.134328412130362951e+00
1.108403243062223043e+00
1.079559973309062837e+00
1.059162031539945037e+00
1.035288346190066822e+00
1.000135563457496213e+00
9.927897160719441061e-01
9.841772699837043614e-01
9.837822511237022116e-01
1.018026773593441181e+00
1.026882448963108097e+00
1.047511827496480308e+00
1.048774857679769967e+00
1.055887448435663289e+00
1.039670348602113048e+00
1.044949177660992712e+00
1.032488664346906448e+00
1.039112718352639408e+00
1.018043793230394289e+00
1.007911904562341254e+00
1.000287364768784659e+00
1.004224784262329306e+00
1.009362193624960602e+00
1.008228950342328067e+00
1.015198785315639451e+00
1.010575999604477193e+00
1.003671144593997866e+00
1.005371173390614548e+00
1.022398078783288033e+00
1.010126562331083777e+00
1.014914283628807645e+00
1.011088654680011523e+00
1.005689001762179124e+00
1.012031017341507688e+00
1.011835602682885193e+00
1.008641412057360354e+00
9.989034166330011955e-01
1.005170296066472790e+00
1.001708515704095026e+00
1.004875343772468677e+00
1.005367441175484267e+00
1.005062620315652522e+00
1.008779670062482481e+00
1.005554370454389890e+00
1.000829410447947598e+00
1.005006097987374947e+00
9.955103856830341824e-01
1.001046385621991330e+00
1.005663646563379254e+00
1.009703144397995578e+00
1.007590948584971446e+00
1.002392415382340918e+00
9.998073533570931426e-01
1.002741760084072009e+00
1.008857944726380573e+00
1.002749984660092020e+00
1.001912394704823406e+00
1.006691605803843537e+00
1.020026509139021487e+00
1.001261383839659125e+00
1.003598735859523972e+00
1.008693777327693386e+00
1.002220758466750405e+00
1.008079323768841906e+00
9.979609529197904783e-01
9.999517579583476756e-01
1.009047535286228259e+00
1.003742095237901255e+00
1.008687568920207500e+00
1.004126322103292335e+00
9.984861705086305328e-01
1.004636475551550001e+00
1.010826720574377724e+00
1.004095644447319247e+00
1.006016408074442481e+00
9.998798970371147732e-01
9.997943112486027406e-01
9.989758677742822668e-01
9.992009290537314792e-01
9.999124244632754399e-01
1.010685099064971171e+00
9.969278452506471488e-01
9.955606043659469551e-01
1.002208453033412994e+00
9.953236224811859989e-01
9.874594772346035887e-01
9.926478288753883827e-01
9.986023012517633024e-01
9.929368375451217421e-01
1.000589571804831435e+00
9.982828567228351213e-01
9.960313744431713578e-01
9.943530936386542063e-01
1.002017772597538769e+00
9.930250156396616124e-01
9.977856174692524283e-01
9.941429357795044108e-01
9.963638888346606493e-01
9.932606149245546412e-01
9.990736822514281190e-01
9.909293286674529799e-01
9.970157731901775344e-01
9.988067231459696327e-01
9.933611812541375263e-01
1.000715414346390331e+00
9.943734774214677552e-01
9.915485901371386968e-01
9.988048666486331051e-01
9.951496070979087838e-01
9.961246099185263603e-01
9.919081649522200061e-01
9.931502820172865009e-01
9.939942876690741613e-01
9.871111791972460026e-01
9.915577372247338372e-01
9.872855798835772356e-01
9.944138989770572312e-01
9.895014116637655954e-01
9.916028097630370519e-01
9.949916256644365520e-01
9.854196715978071897e-01
9.927506384867342826e-01
9.880441504088940396e-01
9.867865499830131837e-01
9.866490517448240904e-01
9.868273050848240802e-01
9.851889114786588353e-01
9.879042156076117687e-01
9.836264265789524952e-01
9.850169335543645932e-01
9.829855437634918980e-01
9.878176161521687870e-01
9.940106937527046771e-01
9.834453543384646945e-01
9.871208154731665463e-01
9.899426160990397738e-01
9.883148393227321193e-01
9.858617707583416934e-01
9.843636363678036627e-01
9.915955742346516111e-01
9.900737081114171501e-01
9.920240655877857749e-01
9.861771868382169792e-01
9.837884370989199434e-01
9.904031662264944913e-01
9.921164692524668816e-01
9.912468309579227643e-01
9.925630681683011991e-01
9.884631620817727615e-01
9.857376113425211361e-01
9.870009151720257057e-01
9.918304011206149351e-01
9.948418637153395583e-01
9.923722085328642306e-01
9.938226133387930705e-01
9.888358369412266757e-01
9.900318252933782981e-01
9.929910389229442691e-01
9.859695245443700351e-01
9.857890203707762034e-01
9.923597212568164849e-01
