0.000000000000000000e+00
0.000000000000000000e+00
0.000000000000000000e+00
0.000000000000000000e+00
0.000000000000000000e+00
0.000000000000000000e+00
0.000000000000000000e+00
0.000000000000000000e+00
0.000000000000000000e+00
0.000000000000000000e+00
0.000000000000000000e+00
0.000000000000000000e+00
0.000000000000000000e+00
0.000000000000000000e+00
0.000000000000000000e+00
0.000000000000000000e+00
0.000000000000000000e+00
0.000000000000000000e+00
0.000000000000000000e+00
0.000000000000000000e+00
0.000000000000000000e+00
0.000000000000000000e+00
0.000000000000000000e+00
0.000000000000000000e+00
0.000000000000000000e+00
1.930065006160690960e-02
5.674249134213071866e-01
2.017203315664261698e+00
2.473802412826535679e+00
1.636164006225060197e+00
8.742675829124477715e-01
4.060274576665302004e-01
2.412142744982521958e-01
1.901231543193693529e-01
1.676627094640441296e-01
1.996810747996336788e-01
2.242187953041390180e-01
2.418738800953509904e-01
2.396340413866700769e-01
2.678766125608832427e-01
2.762377595110841466e-01
3.618345199564922399e-01
4.885009133409693449e-01
6.281455549035541708e-01
7.761192281914458535e-01
9.921645061048842695e-01
1.132221148620556450e+00
1.257503502360414416e+00
1.382802964038692517e+00
1.522409861230032968e+00
1.573452512871696296e+00
1.690880299477281357e+00
1.614558196903819409e+00
1.516615615028177988e+00
1.393437732813017416e+00
1.233045661569207141e+00
1.083624790149918748e+00
9.709054930035787567e-01
9.027873896667482079e-01
8.829789358527541099e-01
8.569462262746327941e-01
8.737737838673107493e-01
8.450733386006729075e-01
8.764094607318685393e-01
9.296982102764730360e-01
9.032830940426325173e-01
9.171928006718569337e-01
9.553698936355021765e-01
9.810456534129431416e-01
9.909565219680442905e-01
1.006101428398222586e+00
1.032170626640801947e+00
1.009266657961696456e+00
1.054829887990902382e+00
1.050674254899562676e+00
1.039210890890506445e+00
1.025731931720728296e+00
1.037257412226612940e+00
9.871678023557112214e-01
1.003599041471601616e+00
9.657459153088500114e-01
9.759230307192371390e-01
9.612598540985910489e-01
9.434144739683508751e-01
9.409936835365025898e-01
9.355084753096428729e-01
9.429409241625463789e-01
9.494632924238531890e-01
9.653876803832590614e-01
9.528671742792904631e-01
9.657946002961602661e-01
9.677377600195485874e-01
9.848480952976522707e-01
9.852156536015512778e-01
9.901259776767882270e-01
9.956478515066340407e-01
9.729631655453430117e-01
1.006912457058481536e+00
1.012833490182280860e+00
1.018441062302540612e+00
1.019276495667268190e+00
1.037364791265978914e+00
1.024928202639694641e+00
1.029649021919714746e+00
1.004807477848799646e+00
1.015508347378357934e+00
9.816984927407663708e-01
9.655287840373213415e-01
9.572491772512142783e-01
9.635035177194795075e-01
9.700438698962561279e-01
9.817485209517547995e-01
1.005927016683577646e+00
1.032222657009465916e+00
1.059173557176701586e+00
1.088568744164391866e+00
1.113288628426965632e+00
1.118421016586444106e+00
1.119691589566308654e+00
1.122169510762078382e+00
1.100380056232516779e+00
1.055175564461629190e+00
1.026099388601744433e+00
9.901282200381407161e-01
9.906035712120075942e-01
9.636832221695474932e-01
9.636851121036845713e-01
9.782386807177435584e-01
9.769832472549473401e-01
9.981408806251602650e-01
1.010061919631420224e+00
1.018929466994741739e+00
1.024734208009841607e+00
1.017503923136971800e+00
1.028934881728471806e+00
1.013837943114675122e+00
1.000856535753771759e+00
9.976710664510219928e-01
9.845268740218526826e-01
9.758481700277813475e-01
9.680471439685153223e-01
9.735017891152604186e-01
9.937907694874510423e-01
9.817560100747783070e-01
9.854973359645869957e-01
9.782526628050066675e-01
9.771078119407345941e-01
9.847598320856186804e-01
9.903818007185857253e-01
9.983209935051253758e-01
9.797507719048296204e-01
9.854256102426434127e-01
9.824212493202237884e-01
9.825542588589336601e-01
9.767910463296718415e-01
9.805677956245270055e-01
9.731758423273541014e-01
9.769732355459291862e-01
9.809473637439088956e-01
9.817356919332052012e-01
9.751438099809955906e-01
9.827156719893751502e-01
9.800458306654735718e-01
9.714748775020715099e-01
9.779983360551368632e-01
9.826897640117149280e-01
9.768298214981258054e-01
9.825370271121477428e-01
9.704011074760919842e-01
9.840401198708450536e-01
9.759204479103390506e-01
9.778447403686802986e-01
9.797011290139000517e-01
9.808244152011065253e-01
9.762104361844883282e-01
9.816830814176609188e-01
9.827185872754859997e-01
9.809594446799205780e-01
9.804779297152179662e-01
9.866272331085914615e-01
9.857035859844653913e-01
9.847022358169199574e-01
9.841911880225802101e-01
9.804083481734804373e-01
9.845403987410435986e-01
9.802463272902062208e-01
9.886539872870271362e-01
9.905432744107743881e-01
9.892989645026991630e-01
9.934434483811375172e-01
9.864651400595544350e-01
9.943983429415498287e-01
9.865834083439044555e-01
9.792117203988305318e-01
9.856255659342311182e-01
9.849442929815349634e-01
9.849247090605824928e-01
9.860778217962172798e-01
9.844500359860035577e-01
9.882138606431816186e-01
9.938520956081804414e-01
9.886182612630782796e-01
9.957135142094175606e-01
9.894675933616249308e-01
9.869576037278516845e-01
9.895914609340709100e-01
9.864029863144835319e-01
9.882294581450015158e-01
9.920111541005012246e-01
9.893555789105989984e-01
9.973565800612270715e-01
9.844962559102736765e-01
9.876633412637468856e-01
9.854547607519417163e-01
9.876228603007717322e-01
9.871677460688496053e-01
9.946991355216128206e-01
9.940243250660041330e-01
9.951079468444546938e-01
9.918320527730508651e-01
9.866899440473410055e-01
9.967838538344542254e-01
9.931811741691182194e-01
9.936610364952621621e-01
9.876053831144562256e-01
9.931328760761890528e-01
9.942183735812415435e-01
9.941551179566334717e-01
9.893550593894039347e-01
9.990065562971423008e-01
9.952475060089140957e-01
9.913051959050009909e-01
9.960083451003857169e-01
9.928710243245921774e-01
9.917252912350694727e-01
9.924755876985679182e-01
1.003085524964855590e+00
9.920304819609313540e-01
9.944312011816520691e-01
1.003967592143574228e+00
9.916321482072236737e-01
9.924436466372560384e-01
9.956626672205936002e-01
9.982556202124031053e-01
9.976234341315547427e-01
1.002185296413592219e+00
9.941221234750498015e-01
1.002620563449123203e+00
9.963154764008733677e-01
9.919945917146184566e-01
1.005193302823323087e+00
9.970866335915183898e-01
1.002119390015869138e+00
9.967483826172591765e-01
9.961785420945568070e-01
9.987788531488840382e-01
9.986756472334569201e-01
9.989698424838904245e-01
1.002845509033083005e+00
9.984957685914148673e-01
1.004994398491420693e+00
1.000865316611450062e+00
1.001451330932597417e+00
9.967299501967336051e-01
1.001003959624281681e+00
9.994784377082368554e-01
1.000139047331900288e+00
1.002419507312496405e+00
9.969253242754231303e-01
9.968682251812205353e-01
9.996494869857905918e-01
9.946575568913157417e-01
1.002347146627315944e+00
9.999137662536049520e-01
9.933996371584902230e-01
1.004507897579774989e+00
1.000317100132392500e+00
9.960545641869927858e-01
9.973780898136037631e-01
9.939494781754418806e-01
