0.000000000000000000e+00
0.000000000000000000e+00
0.000000000000000000e+00
0.000000000000000000e+00
0.000000000000000000e+00
0.000000000000000000e+00
0.000000000000000000e+00
0.000000000000000000e+00
0.000000000000000000e+00
0.000000000000000000e+00
0.000000000000000000e+00
0.000000000000000000e+00
0.000000000000000000e+00
0.000000000000000000e+00
0.000000000000000000e+00
0.000000000000000000e+00
0.000000000000000000e+00
0.000000000000000000e+00
0.000000000000000000e+00
0.000000000000000000e+00
0.000000000000000000e+00
0.000000000000000000e+00
0.000000000000000000e+00
0.000000000000000000e+00
0.000000000000000000e+00
2.315936414830206680e-02
6.692524060779478923e-01
2.340675715768042675e+00
2.910132413156933495e+00
1.954768377984129835e+00
9.592071757829586653e-01
4.692429212066991928e-01
2.631807657229996988e-01
2.001762593344071084e-01
1.977033720129922900e-01
2.484657476771514606e-01
2.689519015079605002e-01
2.855900731821903737e-01
2.794148380856257829e-01
3.020466024839447150e-01
3.255733544570051929e-01
3.800305463343581214e-01
4.995884555414518702e-01
6.742037185766753815e-01
9.028291149256427728e-01
1.072430010102424225e+00
1.270587324435478616e+00
1.404001239723051464e+00
1.486495673291268416e+00
1.638590649018569323e+00
1.687285625471254269e+00
1.701897347345398437e+00
1.699155434354501226e+00
1.623076334930011022e+00
1.462016620923079824e+00
1.263325959177149738e+00
1.124447544782159136e+00
1.018297072399592551e+00
9.333550453617033282e-01
8.877109367538906781e-01
8.647804151209411705e-01
8.664200059682728439e-01
8.710470577551927551e-01
8.895844823622794939e-01
9.100318686469605067e-01
9.308732272843295297e-01
9.452340628334701123e-01
9.637131599940310656e-01
9.788458314951540284e-01
1.009214588116547295e+00
1.011847882153694034e+00
1.033948820813119562e+00
1.054931385127173549e+00
1.058482636254934661e+00
1.057733185409210686e+00
1.063477432896804631e+00
1.045614281553162384e+00
1.035940214449192043e+00
1.025398218963896380e+00
9.916227246727469247e-01
1.001614455073191801e+00
9.696278193523040212e-01
9.594492585162245346e-01
9.660384047518685291e-01
9.466489201249091989e-01
9.600887540584187585e-01
9.513542981972460399e-01
9.635852618265083880e-01
9.571560585563508861e-01
9.729431007361953876e-01
9.666550130630011672e-01
9.824448784271181401e-01
9.861080762952063594e-01
9.992249697996596902e-01
9.944925971775776530e-01
9.904263620532672840e-01
1.000937758230449282e+00
1.009755531339120882e+00
1.020209860081606745e+00
1.038599317984430170e+00
1.032696837884774288e+00
1.034560250638314693e+00
1.037229873657168788e+00
1.034038338818775715e+00
1.023710027601099526e+00
9.999974986078992156e-01
9.839069460020689606e-01
9.774166236895326376e-01
9.585766528984054347e-01
9.689401425681223312e-01
9.811887543834310055e-01
9.861810091515950116e-01
1.004427577284815465e+00
1.033523554137458556e+00
1.061310694404960397e+00
1.101391671623449087e+00
1.113729183421067193e+00
1.130761611257988797e+00
1.126684186446230029e+00
1.126099935412117503e+00
1.095126503665464046e+00
1.062975502527737426e+00
1.027709430616117414e+00
1.007513090578009196e+00
9.897332807863292725e-01
9.691227635954100528e-01
9.798225845029814307e-01
9.773681989921825242e-01
9.870329014361538533e-01
1.012037710122632994e+00
1.026176975834409033e+00
1.018359102444320152e+00
1.035359372500830322e+00
1.042688498553802745e+00
1.034457075063509590e+00
1.023585595054779862e+00
1.012213186255628283e+00
1.008331353656827245e+00
9.927763536261486887e-01
9.879459615660121097e-01
9.933249658334890597e-01
9.982657106431178651e-01
1.004052074010485240e+00
9.921794422157519389e-01
9.829425387801083991e-01
9.930144107368257256e-01
9.966972256342512271e-01
9.993815704365680563e-01
9.956997229776772818e-01
9.902015526995564532e-01
9.921586606672543329e-01
9.865683987798160581e-01
9.887294695648827236e-01
9.920024568160842326e-01
9.841188602872755764e-01
9.947560969698596711e-01
9.831091166312254659e-01
9.824791024972366893e-01
9.886061960613122812e-01
9.892979922935655201e-01
9.898714858478870893e-01
9.890316311641889069e-01
9.931043615988895956e-01
9.923086666233197350e-01
9.909254702052783248e-01
9.911527767051738769e-01
9.905334865991199944e-01
9.925424056671640072e-01
9.832057015796463739e-01
9.931539882858788637e-01
9.878849963611369134e-01
1.000764304297577345e+00
9.900595852315879908e-01
9.888740792286319081e-01
9.922876933655523368e-01
9.894470372312780260e-01
9.910588494110570412e-01
9.901017556375321105e-01
9.933384393753050823e-01
9.845413112349465923e-01
9.815598330547984363e-01
9.927573750391130991e-01
9.960956232131930044e-01
9.860327249034516184e-01
9.884254305720153733e-01
9.883020358450964604e-01
9.938619075005646897e-01
9.943205528438319174e-01
9.941130591034392783e-01
9.903769122705047279e-01
9.973856377081384839e-01
9.949364874430584038e-01
9.981575396392345922e-01
9.924932616189093837e-01
9.934117450073550737e-01
9.988077187920507694e-01
9.929095795684478309e-01
9.937882967127235068e-01
9.977524660390155731e-01
1.000672895043664523e+00
1.000613202875584529e+00
9.967186525225010252e-01
9.971371142877593075e-01
9.973628504192650901e-01
1.002053290576223166e+00
9.938850236921735748e-01
9.970122906049599942e-01
9.943052000309530181e-01
1.003932155567142548e+00
9.903245681714881732e-01
9.982728340856029670e-01
1.000723855738643753e+00
9.954132848243182341e-01
9.972207914870617751e-01
9.962235164781249042e-01
9.964719976434791571e-01
1.002604535802700036e+00
9.977310314348558640e-01
9.972948399057129931e-01
9.871865766137295495e-01
9.926185836857068789e-01
9.944717065303595449e-01
9.927781977801131141e-01
9.993290472794228441e-01
9.929613628672460113e-01
9.894808703346552603e-01
9.976683123289880051e-01
9.957312388573653639e-01
9.877921660572864804e-01
9.949540374484220351e-01
9.909226730227193025e-01
9.826144849199635045e-01
9.858706102627423640e-01
9.905773770568010450e-01
9.931139974570540874e-01
9.907968145334058452e-01
9.802029523774323794e-01
9.899894773233707257e-01
9.849486505856003271e-01
9.880752178696209365e-01
9.862659865729911379e-01
9.826773591580985068e-01
9.850369681317961978e-01
9.932412456499929432e-01
9.864769013010273868e-01
9.823197816750809386e-01
9.907253985658016626e-01
9.837499490997775320e-01
9.879721777077308253e-01
9.831028662876658553e-01
9.857502724104598713e-01
9.868760406080967496e-01
9.938982677975118918e-01
9.825372232823991192e-01
9.942186131992655218e-01
9.895179382531459344e-01
9.968690640221345989e-01
9.846647404400249437e-01
9.911107055834202928e-01
9.895349409454285983e-01
9.915144938273059427e-01
9.899934548860357397e-01
9.900696653613221265e-01
9.911465774136709594e-01
9.896224387808038037e-01
9.864817088524742150e-01
9.930090918203104966e-01
9.862125160065408069e-01
9.823968825907616331e-01
9.845897699512174972e-01
9.876754430542863394e-01
9.871729237932390655e-01
9.897527526380556218e-01
9.834092100514914003e-01
9.828116957033765644e-01
9.839911137378841710e-01
9.883865410139303087e-01
9.930761901012601367e-01
9.861111233713762969e-01
9.889161771056576011e-01
