0.000000000000000000e+00
0.000000000000000000e+00
0.000000000000000000e+00
0.000000000000000000e+00
0.000000000000000000e+00
0.000000000000000000e+00
0.000000000000000000e+00
0.000000000000000000e+00
0.000000000000000000e+00
0.000000000000000000e+00
0.000000000000000000e+00
0.000000000000000000e+00
0.000000000000000000e+00
0.000000000000000000e+00
0.000000000000000000e+00
0.000000000000000000e+00
0.000000000000000000e+00
0.000000000000000000e+00
0.000000000000000000e+00
0.000000000000000000e+00
0.000000000000000000e+00
0.000000000000000000e+00
0.000000000000000000e+00
0.000000000000000000e+00
0.000000000000000000e+00
2.316382589783328935e-02
5.362200323525481149e-01
1.923690744623684168e+00
2.406131721947403435e+00
1.551999992834797171e+00
8.123121893185535347e-01
3.883701620280066158e-01
2.454054097890484287e-01
1.812000084378028453e-01
2.088149821870904088e-01
2.231144284839711722e-01
2.506304326347876810e-01
2.610974681115541540e-01
2.409358672689154990e-01
2.683141104633150476e-01
2.988505012457789989e-01
3.622465371646420573e-01
4.764031490424763260e-01
6.444811598462009128e-01
8.323222204584133088e-01
1.038377732509891072e+00
1.206100367898137238e+00
1.392866191483550065e+00
1.515066133666617798e+00
1.623792939774511002e+00
1.708284349820475168e+00
1.745768870480213897e+00
1.730452857350679885e+00
1.618564691564629454e+00
1.525904033698532780e+00
1.314511504578175671e+00
1.165561053428858074e+00
1.023049419029312679e+00
9.766351926054831489e-01
9.151850374034344870e-01
8.994145743913666280e-01
8.969556361654563714e-01
8.848727926408191946e-01
9.320955418289521566e-01
9.506407268460259630e-01
9.698220374663757415e-01
9.759317758040040314e-01
1.014043052614915341e+00
1.046987611603047208e+00
1.043194592317443270e+00
1.084782607264556775e+00
1.088415310077897269e+00
1.087973239267751691e+00
1.113758707131395020e+00
1.118212793381127668e+00
1.110369821721360006e+00
1.118747186192411647e+00
1.096542092281705516e+00
1.069190461669198511e+00
1.044746250893491935e+00
1.041035111069133823e+00
1.010920474412323022e+00
1.000763911049045607e+00
1.008265590306810733e+00
9.976407370559434717e-01
9.870624710444679817e-01
9.881125947488876848e-01
1.005909233619723731e+00
1.001497046095294330e+00
1.016227554846896863e+00
1.012669640790386127e+00
1.021993495144730479e+00
1.017035048218003057e+00
1.036967427253935092e+00
1.047187659168960172e+00
1.048427261114576625e+00
1.046829545670544759e+00
1.065016641521489893e+00
1.063103943438879373e+00
1.061749996631412118e+00
1.058064120251706930e+00
1.078199481116909553e+00
1.075784429299788236e+00
1.068456276510040270e+00
1.063509365704681242e+00
1.030698884453145503e+00
1.015584488841089428e+00
9.895540956469875971e-01
9.993895177713677525e-01
9.864541491894132097e-01
1.002916587741472743e+00
1.013482698266198856e+00
1.021185405100779375e+00
1.059887310116908621e+00
1.094214729884512627e+00
1.122917939103214913e+00
1.144235322562376478e+00
1.153938199316342006e+00
1.155150883513150539e+00
1.157216425535354976e+00
1.142930782118966482e+00
1.109398124667459573e+00
1.079020459653312614e+00
1.029929672894892345e+00
1.012236323138065552e+00
1.006690231526032209e+00
1.000721617373854455e+00
9.913020540396181302e-01
1.021738422186647455e+00
1.025145246821083544e+00
1.041780613038282066e+00
1.054671701360750724e+00
1.058368662418821993e+00
1.041621511933899846e+00
1.041595712786077987e+00
1.042175124361259808e+00
1.031879525250539942e+00
1.019282157123643895e+00
1.014891042768000240e+00
1.001392724423909808e+00
9.937707068339024508e-01
1.006953544928347322e+00
1.001772682991030505e+00
1.014774139973604994e+00
1.001017963526417143e+00
1.002634042957848415e+00
9.930288457634850463e-01
1.006036558253414981e+00
1.009041450013399954e+00
1.003057972709683110e+00
1.009142989973239812e+00
1.007131911487270548e+00
9.919967482733846875e-01
9.988533026776045265e-01
1.010445889947684472e+00
9.936238782070291320e-01
1.005568745622204885e+00
1.002202318589590524e+00
9.959173103422220841e-01
1.004686813593484551e+00
1.004779230642612431e+00
1.020940043726268120e+00
1.015163975678991859e+00
1.002878001588196177e+00
1.009069618138904501e+00
1.007293223330632870e+00
1.005418653557643704e+00
1.001011250615152726e+00
9.975437361281205284e-01
1.009796212773160562e+00
1.001678031709974048e+00
9.940641084809170858e-01
1.009066029787799579e+00
1.013794332463535008e+00
9.993842455793524593e-01
1.013236365372207848e+00
1.005635868531582267e+00
1.010692831309385253e+00
1.007398331196270869e+00
1.006471472395599864e+00
1.002459311775546924e+00
1.005676546130323645e+00
9.999058660534231313e-01
1.002850178744945531e+00
9.989049092289358223e-01
1.002209590780378079e+00
9.957496852335087079e-01
9.967081344837699364e-01
9.966540117259636844e-01
1.000548199656135839e+00
1.000414322026024205e+00
9.979693845100351401e-01
9.993153282392522874e-01
9.984512127154863137e-01
9.927569454707656504e-01
9.915771506950117331e-01
9.986115925149979811e-01
1.003715188123365243e+00
9.954755523495892877e-01
1.003325893300351046e+00
1.001961387927680081e+00
1.002537785256282454e+00
9.951250391963782915e-01
1.003738940294774062e+00
9.933761068131592431e-01
9.960384342703845206e-01
9.868859748809062360e-01
9.909251465074147003e-01
9.892394725884762208e-01
9.919025546860598119e-01
9.900083883013537367e-01
9.842468661650674022e-01
9.900589350441652003e-01
9.923592670911624003e-01
9.994985467992865136e-01
9.932850379074971148e-01
9.854025632577056992e-01
9.862869361803848767e-01
9.903217794221196302e-01
9.904773371490078748e-01
9.893758278851190191e-01
9.913625917692620027e-01
9.866301168686210099e-01
9.927864718325992710e-01
9.860789064340677035e-01
9.924981786447233389e-01
9.845123175897304568e-01
9.962626409145274309e-01
9.904949810037528835e-01
9.903788969576960977e-01
9.985445084633124413e-01
9.971158977641160215e-01
9.887195768550328667e-01
9.914359271259721718e-01
9.888994110555480166e-01
9.912819521471478712e-01
9.843419535743621607e-01
9.928953729575570319e-01
9.922116010940968955e-01
9.874011036210338377e-01
9.942910395348304453e-01
9.934566593498670439e-01
9.885569031829969378e-01
9.896851137950155586e-01
9.859529709109668971e-01
9.876328817097701496e-01
9.910402260931562290e-01
9.901079867509159360e-01
9.903478604543468622e-01
9.956843754094996113e-01
9.869004445178705121e-01
9.923751612071985972e-01
9.886848911372627668e-01
9.904818217114670365e-01
9.885278474736480803e-01
9.827568734392683192e-01
9.890091436847100459e-01
9.871168848694458209e-01
9.883052174279238766e-01
9.859785603765048867e-01
9.877837178892052705e-01
9.881831787614184792e-01
9.883474934710919646e-01
9.844489686853161725e-01
9.898310374816764456e-01
9.861642069477717376e-01
9.867135143766347927e-01
9.875603869977399585e-01
9.952628789374177165e-01
9.916412470356491538e-01
9.856782624469989651e-01
9.949842117712482947e-01
9.901716588055471391e-01
9.958664850980765149e-01
9.911062197179927313e-01
9.884230557830863129e-01
9.972631611303156562e-01
9.936424544703537087e-01
9.866976357149215282e-01
9.960165588614429133e-01
