0.000000000000000000e+00
0.000000000000000000e+00
0.000000000000000000e+00
0.000000000000000000e+00
0.000000000000000000e+00
0.000000000000000000e+00
0.000000000000000000e+00
0.000000000000000000e+00
0.000000000000000000e+00
0.000000000000000000e+00
0.000000000000000000e+00
0.000000000000000000e+00
0.000000000000000000e+00
0.000000000000000000e+00
0.000000000000000000e+00
0.000000000000000000e+00
0.000000000000000000e+00
0.000000000000000000e+00
0.000000000000000000e+00
0.000000000000000000e+00
0.000000000000000000e+00
0.000000000000000000e+00
0.000000000000000000e+00
0.000000000000000000e+00
0.000000000000000000e+00
2.991351158367322807e-02
5.968633344248917005e-01
2.007078442973124321e+00
2.526127096988259879e+00
1.672800258847948696e+00
8.512605206583379047e-01
4.021992486421564483e-01
2.322830351489826028e-01
1.733331187993658318e-01
1.855734266818795108e-01
2.116144045131631013e-01
2.298521908905574174e-01
2.802290098604680035e-01
2.599346737216416958e-01
2.497560015639234687e-01
2.769798495992587539e-01
3.468657832707499611e-01
4.630991377171243539e-01
6.058744340731807565e-01
8.169328022063523376e-01
9.808666253877349472e-01
1.157665557054001759e+00
1.294667199230463472e+00
1.383754685690185671e+00
1.476952412716451279e+00
1.616382105498475275e+00
1.631352776345245559e+00
1.597348073745398001e+00
1.473737108654476158e+00
1.330785740231544612e+00
1.204421304850059382e+00
1.060338251159641976e+00
9.497567410318239478e-01
8.665889145536790350e-01
8.322104438963285888e-01
8.361300615534258407e-01
8.212721920068266623e-01
8.366491906098970643e-01
8.477009474764966024e-01
8.730560238538935813e-01
8.963331119953235060e-01
9.212314499949025848e-01
9.389004007584206279e-01
9.471282396322598940e-01
9.765830174608828296e-01
1.012835374928168441e+00
1.003851939908602997e+00
1.047744610007335986e+00
1.030115747342449151e+00
1.035323012451791147e+00
1.046830371733568743e+00
1.046770483706941368e+00
1.016065952238648817e+00
9.960469079695404293e-01
9.916998999036499285e-01
9.611139683425720115e-01
9.353114430372304611e-01
9.480873251963164439e-01
9.434257655025940492e-01
9.343236690425954505e-01
9.195494798208511122e-01
9.208045411831988769e-01
9.340568866209727483e-01
9.346204947625984527e-01
9.364143276295930907e-01
9.515393856615018686e-01
9.575382186197798351e-01
9.471413690193956070e-01
9.480222614030507922e-01
9.541350588514373454e-01
9.791887755358211765e-01
9.927614765959151821e-01
9.780468306401793877e-01
9.872006491791996963e-01
9.839376061535516360e-01
1.001235690744168627e+00
1.001461714739360520e+00
1.010388094393977143e+00
9.989837716288980651e-01
9.851854341896029155e-01
9.820460079888112537e-01
9.736494575307256261e-01
9.633847224029284950e-01
9.494931918090105949e-01
9.523799801381952479e-01
9.541335184255166357e-01
9.716217899640949840e-01
9.854644275656607721e-01
1.004954535959285966e+00
1.064206858113778909e+00
1.079116794028467385e+00
1.100665585888641385e+00
1.111918817281998262e+00
1.112179764406239002e+00
1.098697471758562028e+00
1.098429871134472213e+00
1.067075225691248574e+00
1.030321069437748038e+00
9.983566770219876041e-01
9.762295010639270298e-01
9.663918278393472949e-01
9.561145363027809818e-01
9.728298720794409382e-01
9.762176554046537724e-01
1.009208665237814717e+00
1.012262246599291426e+00
1.023453295876067592e+00
1.020967038082663425e+00
1.029461157393611437e+00
1.023715021754397769e+00
1.016897835644783754e+00
1.006464981641761458e+00
9.977205950769609810e-01
9.946843694874890618e-01
9.972433582897148874e-01
9.930802856522722433e-01
9.814127819721598645e-01
9.824589137781772896e-01
9.734459913879615067e-01
9.919669143100792175e-01
9.904726579682873178e-01
9.926107563358971264e-01
9.901003482411523393e-01
9.914659009951730662e-01
9.929872158235014679e-01
9.946854474372676114e-01
9.852066871024680594e-01
9.850106619980254496e-01
9.750682495904577918e-01
9.826509881957742332e-01
9.855467231936383410e-01
9.949245165435822713e-01
9.838991551118944079e-01
9.939297378628969559e-01
9.948260383045862687e-01
9.854157587229182003e-01
9.833554795289529693e-01
9.933198623526696691e-01
9.920987377443870603e-01
9.929905094708798563e-01
9.853570965417532967e-01
9.922770547978114752e-01
9.843338914057468969e-01
9.920247598037410519e-01
9.959931992328208139e-01
9.971021893869165265e-01
9.934237513797287145e-01
9.891728446072258762e-01
9.870800398111150287e-01
9.926159117806427901e-01
9.902195761422735165e-01
9.902712665173994955e-01
9.919718774926887805e-01
9.904801539372001251e-01
9.920372976643632157e-01
9.908219029924900667e-01
9.878966207066158800e-01
9.901195035048335757e-01
9.911730955310070756e-01
9.914451963986923300e-01
9.907419878264959179e-01
9.876152776236684083e-01
9.937271788726200761e-01
9.958746617551377245e-01
9.934654126633158944e-01
9.978475774557937772e-01
9.928779603649444674e-01
9.952224997482456148e-01
9.846608819842791460e-01
9.832209710260333413e-01
9.856173901007728722e-01
9.874591582383140942e-01
9.928169326035640729e-01
9.889228724423453354e-01
9.927354370140208939e-01
9.923330242673621404e-01
9.952744938696562738e-01
9.953243678504224423e-01
9.964010935272301639e-01
9.920972171045732146e-01
9.979047644477869738e-01
9.895435722560824710e-01
9.928401142176196403e-01
9.913509707261991544e-01
9.870711534643709095e-01
9.903054682989435031e-01
9.856626776350044805e-01
9.930007914252795276e-01
9.941973062847514475e-01
9.923550682269406398e-01
9.938553117701912631e-01
9.882165406730700763e-01
9.942066989240345709e-01
9.895700287845540233e-01
9.900169984566530301e-01
9.887114541935728695e-01
9.921983699974955551e-01
9.886743980700360979e-01
9.909776348226438936e-01
9.882575991556802331e-01
9.854850244942148230e-01
9.869918167205810056e-01
9.864334837066133232e-01
9.947171240876704346e-01
9.962543582362662908e-01
9.863768314317750141e-01
9.991029936024184988e-01
9.931390820731003100e-01
9.841788644797662133e-01
9.916653713029284223e-01
9.984576869340122673e-01
9.957876073463549638e-01
9.894445081887900395e-01
9.909944261105041452e-01
9.918604146779745889e-01
1.000391779476554666e+00
9.927051587908108932e-01
9.972763329411753475e-01
9.891231504005945085e-01
9.951152898688467863e-01
9.906483754957168264e-01
9.967760434813816017e-01
9.974863728394347540e-01
9.962323498274123779e-01
9.968413940500500114e-01
9.977990032466889092e-01
9.950787256065319886e-01
1.000273919109984977e+00
9.993995016512933205e-01
9.975196661033621792e-01
9.952348377505090271e-01
1.000557192966995634e+00
1.003523982316225416e+00
9.912200795909553719e-01
9.977694533335321747e-01
9.942851362774937085e-01
9.956610789521945781e-01
9.932988393044184239e-01
9.980748181038248124e-01
9.914033287141690298e-01
9.958963633456549003e-01
9.937379915639649175e-01
9.939430964911983857e-01
9.928031769101748338e-01
9.990833450886036360e-01
9.987942032965015926e-01
9.938679588505759943e-01
9.994155290408807124e-01
9.950903756934058597e-01
9.946992522397514191e-01
9.963959044357322270e-01
9.916395940376633300e-01
9.978131798454290546e-01
1.000547371597247048e+00
9.984935555634556481e-01
