0.000000000000000000e+00
0.000000000000000000e+00
0.000000000000000000e+00
0.000000000000000000e+00
0.000000000000000000e+00
0.000000000000000000e+00
0.000000000000000000e+00
0.000000000000000000e+00
0.000000000000000000e+00
0.000000000000000000e+00
0.000000000000000000e+00
0.000000000000000000e+00
0.000000000000000000e+00
0.000000000000000000e+00
0.000000000000000000e+00
0.000000000000000000e+00
0.000000000000000000e+00
0.000000000000000000e+00
0.000000000000000000e+00
0.000000000000000000e+00
0.000000000000000000e+00
0.000000000000000000e+00
0.000000000000000000e+00
0.000000000000000000e+00
0.000000000000000000e+00
1.930596489445141409e-02
5.818824233129482604e-01
2.077519647095943167e+00
2.585765837204856421e+00
1.702973543832351000e+00
8.758578804510743776e-01
4.523202102618134046e-01
2.418749852665419142e-01
1.868194702707299537e-01
2.072628597180951049e-01
2.455607933347515870e-01
2.544359051150907325e-01
2.633669486887184052e-01
2.956018032531388950e-01
2.836411658181758888e-01
3.057821994487984751e-01
3.535509907470742452e-01
4.583998115378253857e-01
6.452373476761523730e-01
7.699929490787940090e-01
9.718187869633282405e-01
1.148500453105437691e+00
1.280385909416182022e+00
1.411205027263617628e+00
1.502589603392212148e+00
1.601700793174412940e+00
1.616553683467266023e+00
1.632084340246883869e+00
1.530850377392228179e+00
1.374377688371182682e+00
1.257840960426410915e+00
1.077237160252225934e+00
9.789574241193229609e-01
9.369709204069019970e-01
8.559150755875337691e-01
8.216806602585227104e-01
8.373343382977090910e-01
8.538233893067390667e-01
8.852133614805263173e-01
8.979648830883119048e-01
9.131890140398377653e-01
9.224137406119210514e-01
9.652774825831365035e-01
9.760981745620803673e-01
1.012673331967120172e+00
1.008399319537442107e+00
1.043383552893679012e+00
1.071767782378201472e+00
1.063835558387050906e+00
1.064309867156304934e+00
1.068680947278114024e+00
1.046502495695544210e+00
1.046636045884550503e+00
1.010564450938553405e+00
1.010629487249707692e+00
9.900362155823907440e-01
9.804447124984713158e-01
9.689031625761022060e-01
9.779782311602400746e-01
9.788818174362485802e-01
9.480460309611610237e-01
9.600644249038675637e-01
9.697310351339339940e-01
9.811225710698853186e-01
9.729570433505938531e-01
9.864486910215125581e-01
9.860746589597542133e-01
9.921626727477046437e-01
9.866358740509528769e-01
9.838611126441859644e-01
1.002805167153461463e+00
9.970276260142701963e-01
1.004019975959839384e+00
1.016024009181637489e+00
1.017136297739248407e+00
1.028631506840012033e+00
1.014921951582405946e+00
1.027182226146938104e+00
1.019208365992199328e+00
1.009395617841095216e+00
1.012291106005921204e+00
9.818581294427737305e-01
9.693256063225481611e-01
9.697243163384817732e-01
9.506798438878198976e-01
9.618279038516186485e-01
9.886841521136828792e-01
9.939525952018039012e-01
1.029534325761669145e+00
1.060901720590704089e+00
1.077527594366470831e+00
1.114797782061198950e+00
1.114636751367072964e+00
1.120894024218470841e+00
1.119665073593211657e+00
1.094846538738555974e+00
1.062652824095410953e+00
1.023746443415090024e+00
9.971920514564567295e-01
9.924963598604148451e-01
9.666588880738888889e-01
9.590075492603562513e-01
9.658417878564938830e-01
9.864146139354968978e-01
1.018741914600657550e+00
1.022688702757598600e+00
1.039176765423271087e+00
1.034098722932308423e+00
1.025110609653247185e+00
1.024880505604295333e+00
1.015518972020324595e+00
1.003322139902615762e+00
9.986762834856373061e-01
9.900669083201885101e-01
9.813428041345356734e-01
9.872990120960069005e-01
9.882237204692539967e-01
9.830587721819664671e-01
9.835811125441373814e-01
9.867909204218063834e-01
9.955429138197897654e-01
9.871755097545034108e-01
9.982751689174513832e-01
9.867545323072819397e-01
9.886529167215386549e-01
9.917442288466864486e-01
9.804729568709814602e-01
9.861469241489971838e-01
9.850628174367432877e-01
9.911036858631943058e-01
9.812532044588533342e-01
9.765451903968228597e-01
9.816709320969869701e-01
9.826918004444020749e-01
9.862503048719862830e-01
9.792139730267710451e-01
9.856097620334484111e-01
9.806009861108520020e-01
9.919850694279920278e-01
9.855520523262866206e-01
9.965743965447617647e-01
9.862020058783880216e-01
9.981122149513494968e-01
9.829617055313766283e-01
9.823664213609899498e-01
9.772257341953196619e-01
9.857763692068628458e-01
9.821860817711002278e-01
9.845980420210741491e-01
9.825197588463594478e-01
9.862947273306787999e-01
9.834325317086197726e-01
9.826442514917838045e-01
9.738914763898659510e-01
9.787353249143182499e-01
9.810616190810652615e-01
9.824388792247255031e-01
9.818234523890425614e-01
9.770801542874486545e-01
9.797031287551430934e-01
9.821764187482709962e-01
9.830605020960212492e-01
9.796557896445303726e-01
9.860732338592896884e-01
9.757810193359056639e-01
9.807342299955899012e-01
9.770575071150414681e-01
9.831280984195811534e-01
9.884177508401686962e-01
9.809187063451859645e-01
9.890589472374893276e-01
9.908862856278988218e-01
9.905981591113588447e-01
9.857567172677900169e-01
9.837225779373605095e-01
9.954999752348477893e-01
9.851488585490739691e-01
9.869553992767305939e-01
9.917561980705263958e-01
9.908920704089758669e-01
9.905180376041401447e-01
9.924307789986854811e-01
9.939108044716846724e-01
9.899593917959903511e-01
9.974660897265926751e-01
9.897682731112491528e-01
9.901142436642395017e-01
9.910771781817107051e-01
9.901332063143576390e-01
9.926156514560988686e-01
9.885074799298235737e-01
9.895488429059231539e-01
9.902506319809576407e-01
9.953951194169083916e-01
9.904243688001092005e-01
9.924619852368381512e-01
9.945888524522684682e-01
9.899421654665314652e-01
9.885684273469993455e-01
9.895713001967687550e-01
9.896657119307282757e-01
9.906988092191305606e-01
9.853925861487788929e-01
9.918157431070424579e-01
9.917370715504040257e-01
9.895901475608984699e-01
9.996957807318693767e-01
9.921483265028157028e-01
9.974045811994993738e-01
9.890530741497461920e-01
9.867610389080319067e-01
9.936869483262088520e-01
9.909124897493922779e-01
9.935462358529343341e-01
9.982794410452972000e-01
9.940650458607505069e-01
9.911023775799561175e-01
9.929798307492556653e-01
9.917014854998269513e-01
9.936661641394328726e-01
9.938057130244973836e-01
1.000357147041091244e+00
9.951695317746175329e-01
9.971591206614394132e-01
9.908861767183980707e-01
9.950257397278077232e-01
9.966466176903493457e-01
9.967927849602241652e-01
9.962022790178902687e-01
9.985172944396754069e-01
9.975825693748824330e-01
9.957637512089025922e-01
9.973324627469719594e-01
9.972594652488655509e-01
9.971672924091178336e-01
1.002560646019532875e+00
9.998097920456419097e-01
9.963246222964506904e-01
9.953769680579753754e-01
1.000507914547271504e+00
1.000394875011053841e+00
9.995924303068630667e-01
9.958438103615350201e-01
9.978093942698403884e-01
9.970995169567049565e-01
1.000250782519565007e+00
9.993429650233361938e-01
9.994951707565814525e-01
9.999037740619901582e-01
1.001962825762544806e+00
9.986226737932724085e-01
9.989338951212790585e-01
9.990353554901243438e-01
9.992310083922713027e-01
1.001584048795173265e+00
