0.000000000000000000e+00
0.000000000000000000e+00
0.000000000000000000e+00
0.000000000000000000e+00
0.000000000000000000e+00
0.000000000000000000e+00
0.000000000000000000e+00
0.000000000000000000e+00
0.000000000000000000e+00
0.000000000000000000e+00
0.000000000000000000e+00
0.000000000000000000e+00
0.000000000000000000e+00
0.000000000000000000e+00
0.000000000000000000e+00
0.000000000000000000e+00
0.000000000000000000e+00
0.000000000000000000e+00
0.000000000000000000e+00
0.000000000000000000e+00
0.000000000000000000e+00
0.000000000000000000e+00
0.000000000000000000e+00
0.000000000000000000e+00
0.000000000000000000e+00
2.702405393257978350e-02
6.809891190507313397e-01
2.451465197430524157e+00
3.029640167672185580e+00
2.066176850992462732e+00
1.047758894437289534e+00
4.560433918301726730e-01
2.935313194326379937e-01
2.147523104652918902e-01
1.898289246718279089e-01
2.066765276317897027e-01
2.256581909428488353e-01
2.427946491807463913e-01
2.375447676909141215e-01
2.606670288411822578e-01
2.934889374519502048e-01
3.779114338500828008e-01
4.816081373891724082e-01
6.746550746023436407e-01
8.687588068312889211e-01
1.061099847497650295e+00
1.294034643318178635e+00
1.389785104338198130e+00
1.528117687893714605e+00
1.645541526542079414e+00
1.716872352147722935e+00
1.751185282708074276e+00
1.755931008389397086e+00
1.608233779124359941e+00
1.518907623206727786e+00
1.348927958680671502e+00
1.156105788526393452e+00
1.045434729264570928e+00
9.384725884294462528e-01
9.446013117452090047e-01
9.076318751040669541e-01
8.821727824428560183e-01
9.161917899701470525e-01
9.124684783183512060e-01
9.310133323560995100e-01
9.620535605151044889e-01
9.840070456754583805e-01
1.000389761016920787e+00
1.018747513568937224e+00
1.037201423183113480e+00
1.039809616145718429e+00
1.079559025449933207e+00
1.081269713428256729e+00
1.078886563036678181e+00
1.090715910135506173e+00
1.083706281603168176e+00
1.082694052638276894e+00
1.071445312324917243e+00
1.051858868162910854e+00
1.039764966734703533e+00
1.025134779388465756e+00
9.868089829129580437e-01
9.884837604604622685e-01
9.748520163880047829e-01
9.607937244518433006e-01
9.612894851623876580e-01
9.535364310085016060e-01
9.667075707495281778e-01
9.726322645642195841e-01
9.818134212913429693e-01
9.929591082045842176e-01
9.883918729900584843e-01
9.940589328061049113e-01
1.007012717638677834e+00
1.002611285184302536e+00
1.006774972452218808e+00
1.017898408047745562e+00
1.009274496318962377e+00
1.025760398518978711e+00
1.037896084909293304e+00
1.051336630315864662e+00
1.042907779132471902e+00
1.046554450285218651e+00
1.028948520703410363e+00
1.015844977998462406e+00
1.016134031688998629e+00
1.006050902082359144e+00
9.999673039672827279e-01
9.756482924470338824e-01
9.741898462154383598e-01
9.749373497401117028e-01
9.924144384706883315e-01
1.014375682715089377e+00
1.043695211857497585e+00
1.082564359972629564e+00
1.086154684951639249e+00
1.120493792634050134e+00
1.128961979475797683e+00
1.131085789037935108e+00
1.121640776215742319e+00
1.098735790022336678e+00
1.084210615798906430e+00
1.051398464192150772e+00
1.012712476651188132e+00
9.956995515082195380e-01
9.769860114962826136e-01
9.742698817410258005e-01
9.805146877586546905e-01
1.001272511779726537e+00
1.014013844192126479e+00
1.036899862671353700e+00
1.041225697099164682e+00
1.048628203649245583e+00
1.037062609923528278e+00
1.039810418921444990e+00
1.032997487670866965e+00
1.008384105296479705e+00
1.016378420147510120e+00
1.000020309422186671e+00
9.802191839565495002e-01
1.003167292833345492e+00
9.958096409490212464e-01
9.972755699216221403e-01
9.965618653315433395e-01
1.004489767597343430e+00
9.957997213052416363e-01
9.981024233116241318e-01
9.871823914077845208e-01
9.955349031276763405e-01
9.969206613879284529e-01
9.916142742021177847e-01
9.835986621722999645e-01
9.713081171883690690e-01
9.787527144270540269e-01
9.801915456053997833e-01
9.876385468002759627e-01
9.833092397552550823e-01
9.786809716391782210e-01
9.792126518123643875e-01
9.759286174390087165e-01
9.892674832111866268e-01
9.847792574620199968e-01
9.924486986462041083e-01
9.812380433432483784e-01
9.965753857971288987e-01
9.830103390038588129e-01
9.797056960200846154e-01
9.853359392048672838e-01
9.811916339797408515e-01
9.821447060784730398e-01
9.826409278496671673e-01
9.935368758531042399e-01
9.766299943349598944e-01
9.801670432483268192e-01
9.854760883830858686e-01
9.827143332148735588e-01
9.881117736835498544e-01
9.779657625642608210e-01
9.842363784308411079e-01
9.820277627236237983e-01
9.803276963806168975e-01
9.819968907414439174e-01
9.863409831872765876e-01
9.798513628922463914e-01
9.718952396060986931e-01
9.773506752777748607e-01
9.781762866181461513e-01
9.723764739172692240e-01
9.799458218524397246e-01
9.847672497512961476e-01
9.759603692722714774e-01
9.787506517131216999e-01
9.826499775476886800e-01
9.810522943492149262e-01
9.891581120922167125e-01
9.871609444647041487e-01
9.748795670176824135e-01
9.791445251435479946e-01
9.806458787381635567e-01
9.786616036233253269e-01
9.817736258726886822e-01
9.837246147217326708e-01
9.875025965173597209e-01
9.844598212594614095e-01
9.920102735078850653e-01
9.846829335372040415e-01
9.795407989089031098e-01
9.819593689621031185e-01
9.809369044170981322e-01
9.851232531999479791e-01
9.764797582823767641e-01
9.873329294508831344e-01
9.847202896804587713e-01
9.842199633276723647e-01
9.786795839725411783e-01
9.821196683710493591e-01
9.862178672198874674e-01
9.860596970190568245e-01
9.838121781645887687e-01
9.896546237604251228e-01
9.813569209318913078e-01
9.807291827485645763e-01
9.839399997806299591e-01
9.861620786021980667e-01
9.752542314394185841e-01
9.848549161549192688e-01
9.827600755938119548e-01
9.797786343635793704e-01
9.815240180334549036e-01
9.775055765400801899e-01
9.827108289053434476e-01
9.778699126519637685e-01
9.815520125150734021e-01
9.784007297769656830e-01
9.829719120999672599e-01
9.793610403650011564e-01
9.777622350546698593e-01
9.773684809534025630e-01
9.803786554424632760e-01
9.795403601890402268e-01
9.780092737178730511e-01
9.845629389944409171e-01
9.829276904143346982e-01
9.797193176042656715e-01
9.772549095039745337e-01
9.756936811136437404e-01
9.794454422120419945e-01
9.848979807847398904e-01
9.829129509661312936e-01
9.835697662726151647e-01
9.792435075187988502e-01
9.870512053064267599e-01
9.823495692928762013e-01
9.840399629113197877e-01
9.808766417842001983e-01
9.884820907145942526e-01
9.845580038665775469e-01
9.786675815987886384e-01
9.822880756234936284e-01
9.791687520247452925e-01
9.880277284283557337e-01
9.848271277938787094e-01
9.800069129828511416e-01
9.842351679889700389e-01
9.829885413399731542e-01
9.833176977145251518e-01
9.841798471844371843e-01
9.855718011561032110e-01
9.818486197602733778e-01
9.795361648023216405e-01
9.870615601823490293e-01
9.722168582798210723e-01
9.833691398910713310e-01
9.828537430531805175e-01
9.802705696153927173e-01
9.857369914489091389e-01
9.816164004904397444e-01
9.790537028207361159e-01
9.860433801475241289e-01
9.795465961678814226e-01
