0.000000000000000000e+00
0.000000000000000000e+00
0.000000000000000000e+00
0.000000000000000000e+00
0.000000000000000000e+00
0.000000000000000000e+00
0.000000000000000000e+00
0.000000000000000000e+00
0.000000000000000000e+00
0.000000000000000000e+00
0.000000000000000000e+00
0.000000000000000000e+00
0.000000000000000000e+00
0.000000000000000000e+00
0.000000000000000000e+00
0.000000000000000000e+00
0.000000000000000000e+00
0.000000000000000000e+00
0.000000000000000000e+00
0.000000000000000000e+00
0.000000000000000000e+00
0.000000000000000000e+00
0.000000000000000000e+00
0.000000000000000000e+00
0.000000000000000000e+00
3.185406011556634470e-02
6.095761461318045527e-01
2.293266431103721192e+00
2.780441452918045009e+00
1.877480440050581345e+00
9.487102855213267460e-01
4.434527047883709550e-01
2.543487775532016770e-01
2.108659023375019093e-01
2.056756515137365959e-01
2.555164191727875567e-01
3.048444251499160540e-01
2.977312586452944276e-01
3.095696472915249187e-01
3.198428247781069933e-01
3.436616702342594754e-01
3.943636922596127081e-01
5.070423862476056698e-01
6.548417779211049838e-01
8.561959252959862043e-01
1.033650209121486974e+00
1.210889230823862350e+00
1.399709557551587213e+00
1.463742353394233309e+00
1.590681982708939346e+00
1.644490597221293759e+00
1.733906525747687999e+00
1.700824261333458098e+00
1.577746027743383905e+00
1.444720167132456323e+00
1.296734536762863543e+00
1.142889500764620703e+00
1.018614750529439394e+00
9.527226892182670825e-01
9.087335990676957964e-01
9.056958980348052135e-01
8.763165070657619182e-01
9.211359925950680649e-01
9.216205520777290827e-01
9.469818963311767979e-01
9.804725796162236939e-01
9.661116974422931936e-01
9.966665568829498056e-01
1.026376283906315523e+00
1.044488678074631638e+00
1.068871987710797278e+00
1.079458591662003863e+00
1.096224089706750782e+00
1.101806788179491292e+00
1.125697776099136682e+00
1.117109791417135511e+00
1.084126802367087583e+00
1.075456414739804689e+00
1.061372232942248806e+00
1.051426155166958587e+00
1.009967142889695024e+00
1.008867397778240971e+00
9.778257181272793641e-01
9.722820536171081773e-01
9.776269629129521466e-01
9.821137944930852237e-01
9.903279108009140907e-01
9.779883187657216759e-01
9.903155709152603459e-01
9.956597496943914161e-01
9.919429346699080163e-01
1.003445609834998420e+00
1.002629760207432108e+00
1.010451179190925863e+00
1.012798152116945127e+00
1.013724480091009905e+00
1.029360251614968469e+00
1.027239630907170298e+00
1.024992500715137922e+00
1.038542887939405857e+00
1.038674788933628301e+00
1.053345646628957244e+00
1.049563147000867280e+00
1.037290962672216210e+00
1.036503537140250897e+00
1.016947452315050571e+00
9.824428306829217084e-01
9.773956230563671799e-01
9.728466395118440246e-01
9.702895166675589156e-01
9.820089697364847714e-01
9.853273208785635617e-01
1.013817671892621952e+00
1.048513574889941680e+00
1.069590219123035979e+00
1.100229462808997472e+00
1.134011329775254984e+00
1.129159238955155242e+00
1.140625731894945316e+00
1.137792685626006328e+00
1.102904139137258710e+00
1.091415337569390021e+00
1.051121503304670135e+00
1.010049917592815705e+00
9.894750598694186383e-01
9.819798394078589343e-01
9.842472698441311341e-01
9.858596437739862717e-01
9.966550035265242524e-01
1.022759582869041894e+00
1.015881227155321254e+00
1.032362739613216451e+00
1.036755063741245042e+00
1.040618644328292985e+00
1.035647316254539207e+00
1.026264072198172839e+00
1.008620758892088354e+00
1.008679125952281597e+00
9.998275098002521455e-01
9.918025441771824990e-01
9.917586306556809284e-01
9.909584819778831655e-01
9.942255124723463622e-01
9.980981492855126591e-01
1.002580458644254824e+00
9.988098868961294841e-01
9.989385944238897697e-01
1.000270421037689150e+00
9.903455407597905324e-01
9.911845500074929483e-01
9.835162932057002205e-01
9.920180104464496607e-01
9.951382638383821089e-01
9.898075737203330116e-01
9.943929478610575856e-01
9.881347934345036110e-01
9.859532345143084964e-01
9.803815321154077944e-01
9.880900162643831974e-01
9.869416811707728554e-01
9.915693216395924381e-01
9.886181386456441844e-01
9.890875463772884624e-01
1.002034842617587351e+00
9.893555574403687380e-01
9.947393575051218795e-01
9.908198591177436176e-01
9.864081542622309406e-01
9.969773305585014622e-01
9.859475131466531872e-01
9.932030382266584523e-01
9.961249147648307822e-01
9.878790840502535975e-01
9.930196907691324348e-01
9.871753690327044195e-01
9.927313818828148451e-01
9.868945112679812226e-01
9.850310031656499543e-01
9.814725237953841885e-01
9.816922052361605200e-01
9.955076280777849229e-01
9.889128701975582469e-01
9.891122869494544112e-01
9.830591857038548653e-01
9.876273077402041300e-01
9.845421511961381933e-01
9.915008642811655726e-01
9.839885965999531914e-01
9.886990801517052674e-01
9.899341951389225569e-01
9.925592858604906921e-01
9.876294501281103200e-01
9.975033303382536687e-01
9.964913630477622020e-01
9.888928544023662948e-01
9.915804671230838974e-01
9.959994152603014461e-01
9.903163455588454012e-01
9.982389847018993123e-01
9.898023821230047536e-01
9.916341134015226322e-01
9.938755671960710636e-01
9.920595582755518116e-01
9.974011441088390661e-01
9.903273631233494578e-01
9.851572191210989926e-01
9.827050861607228294e-01
9.891625700515488395e-01
9.863683554213793503e-01
9.923641462662289303e-01
9.915573691956676150e-01
9.864833348828517812e-01
9.790973796835757970e-01
9.931386941911379829e-01
9.876659170228639928e-01
9.884426623841272574e-01
9.899263348402437268e-01
9.813885716688399707e-01
9.909658661575371230e-01
9.932795049339423477e-01
9.908624478165959371e-01
9.942317689118556068e-01
9.910464025638442420e-01
9.889714378376601722e-01
9.888993340755281025e-01
9.960114669218148586e-01
9.953976977695743189e-01
9.967817433522346837e-01
9.906371859519275125e-01
9.976719658305339689e-01
9.876754093310028404e-01
9.931468583119884563e-01
9.919381654026202533e-01
9.847266130462509759e-01
9.909580395448184253e-01
9.880950848183721602e-01
9.909128259045377751e-01
9.912220374121226696e-01
9.909394358946620462e-01
9.909662464502052570e-01
9.906761652877493773e-01
9.930047080711329466e-01
9.858673389467267345e-01
9.877492251758613895e-01
9.888113355959693429e-01
9.904379176913975513e-01
9.899703574977680720e-01
9.939153519255149449e-01
9.965653685565233344e-01
9.894601369639610677e-01
9.882386546033079533e-01
9.904689385499597654e-01
9.931548032420028926e-01
9.865167225453174149e-01
9.929005335731198034e-01
9.924807155870167819e-01
9.845663416121540612e-01
9.929245630020085978e-01
9.895222502488885130e-01
9.909902587794439111e-01
9.917683128711698437e-01
9.883469619061679978e-01
9.908704879811623956e-01
9.918535973184307020e-01
9.896171182145117040e-01
9.899776231871114662e-01
9.894916925601059399e-01
9.887221603726479291e-01
9.914196548379716756e-01
9.891925461410975284e-01
9.857357916469070558e-01
9.926161708817504703e-01
9.876521850274178060e-01
9.936354909620682685e-01
9.906912619359077299e-01
9.933876079683832128e-01
9.915933714449820524e-01
9.838726981246219694e-01
9.887577799767922615e-01
9.844675650897205532e-01
