0.000000000000000000e+00
0.000000000000000000e+00
0.000000000000000000e+00
0.000000000000000000e+00
0.000000000000000000e+00
0.000000000000000000e+00
0.000000000000000000e+00
0.000000000000000000e+00
0.000000000000000000e+00
0.000000000000000000e+00
0.000000000000000000e+00
0.000000000000000000e+00
0.000000000000000000e+00
0.000000000000000000e+00
0.000000000000000000e+00
0.000000000000000000e+00
0.000000000000000000e+00
0.000000000000000000e+00
0.000000000000000000e+00
0.000000000000000000e+00
0.000000000000000000e+00
0.000000000000000000e+00
0.000000000000000000e+00
0.000000000000000000e+00
0.000000000000000000e+00
1.930713232195967882e-02
5.202397062933893368e-01
1.972227395780090209e+00
2.398894949878653371e+00
1.638877534351697474e+00
8.354218983922868658e-01
3.751637821626630509e-01
2.300031440040310460e-01
1.610995836964847217e-01
1.761577130143918424e-01
2.087143897394885816e-01
2.313621921895219757e-01
2.415087035036445062e-01
2.473379542784318319e-01
2.546889574489499264e-01
2.927878947115393204e-01
3.561239230836096836e-01
4.504337225276409673e-01
5.968391674572651739e-01
7.662352806098826630e-01
9.454958530778223569e-01
1.124472000271582228e+00
1.278793890353225438e+00
1.378997220720281414e+00
1.476034468355227780e+00
1.533363692540402612e+00
1.586590713952753529e+00
1.543125878038283494e+00
1.478083742658703681e+00
1.366851910226945854e+00
1.202073006246756615e+00
1.033053848993594315e+00
9.640161728402548702e-01
8.737396942035763336e-01
8.460364114915925882e-01
8.514025136825030815e-01
8.418665166662870902e-01
8.640000200568738187e-01
8.802847338821613299e-01
8.960574538135243072e-01
9.078300320625011244e-01
9.228954049750939248e-01
9.412231244382893713e-01
9.700026991228180018e-01
9.996074901547963298e-01
1.009849708957646808e+00
1.037674962845440696e+00
1.027760135243306561e+00
1.075869488346414160e+00
1.055664681069057087e+00
1.055969963614565854e+00
1.036374741305875924e+00
1.039487207302362881e+00
1.022748991163191956e+00
9.928110609293594457e-01
9.841865074119073853e-01
9.787082049061170963e-01
9.642576063571606237e-01
9.541762108620839289e-01
9.661920927940220727e-01
9.576359200464136245e-01
9.609615276632111902e-01
9.715116313670124626e-01
9.706815457065457453e-01
9.633758494205022505e-01
9.808361100264423316e-01
9.861342866804283513e-01
9.796758907986932163e-01
9.856183571757494155e-01
9.879277138693821625e-01
9.890298516518896133e-01
9.896047004612921194e-01
9.909386171989759129e-01
1.003467689393446882e+00
1.005593340307656014e+00
1.006503759097387318e+00
1.021259937665969231e+00
1.029694285414501254e+00
1.016515530311922433e+00
9.936470663714738194e-01
9.817245438326138718e-01
9.661979660790871449e-01
9.616156747378010738e-01
9.439185212992846630e-01
9.577010974037118984e-01
9.621945599450268949e-01
9.739986245661077513e-01
9.954512126125972804e-01
1.019996045361610371e+00
1.061253190077924735e+00
1.086063653414214958e+00
1.093263581931362749e+00
1.112566962412450344e+00
1.112601422455108402e+00
1.113446097617881048e+00
1.086957288774362596e+00
1.054169076015122331e+00
1.028368463150542755e+00
9.918190795930824644e-01
9.688623630091685035e-01
9.618145984362831413e-01
9.676965808528897872e-01
9.731219479641689540e-01
9.827862947640619851e-01
9.972407462096396502e-01
1.003655072273065052e+00
1.023047434313545834e+00
1.025757800479130344e+00
1.035528944080213787e+00
1.023450215849891043e+00
1.013050063133901668e+00
1.009279314549016870e+00
1.002754598464364211e+00
9.808319635552993354e-01
9.834345685598174791e-01
9.765138603639079706e-01
9.869979163359247076e-01
9.823762181860766773e-01
9.830003572595776840e-01
9.997792903250933838e-01
9.897907586088331433e-01
9.940800347914202639e-01
9.939494026192694509e-01
9.876113276905941207e-01
9.970832899879233935e-01
9.903906227297941678e-01
9.933058610893579221e-01
1.000432895580353421e+00
9.905578359589817250e-01
9.962396294222004567e-01
9.973319563740449256e-01
9.948803265039699584e-01
9.905881626890759017e-01
9.912227860516394928e-01
9.936638354046272159e-01
9.919460756512932242e-01
9.858859922708383960e-01
9.961376355387241421e-01
9.947223221087015954e-01
9.928732930078949526e-01
9.970013891980872289e-01
9.918778817314339857e-01
9.740954165734164727e-01
9.936126632988879770e-01
9.919968231167051176e-01
1.002055465153853131e+00
9.864976710769512991e-01
9.913809733277957337e-01
9.873062474011893297e-01
9.918981901426853209e-01
9.909813122454601553e-01
9.810535231234275289e-01
9.790372387897264828e-01
9.859104700263067178e-01
9.847763122711349348e-01
9.840691623849560088e-01
9.910932889813793834e-01
9.875376357124638904e-01
9.925955228801679464e-01
9.847050772271948027e-01
9.853191521629651728e-01
9.799432362571472988e-01
9.862687250731164701e-01
9.826875009507018977e-01
9.882176579360902879e-01
9.821255940845882160e-01
9.968893467398313168e-01
9.867114569447883454e-01
9.904057497660124776e-01
9.914662160557266013e-01
9.917633262134193384e-01
9.945394756924167412e-01
9.910121484782342671e-01
9.894331525331594435e-01
9.890505217591610831e-01
9.931239403814847710e-01
9.910840867600939630e-01
9.906282208183366800e-01
9.907398220179589599e-01
9.950202203253206701e-01
9.987840634039421017e-01
9.899437911340377427e-01
9.936355434752434101e-01
9.895571279830802647e-01
9.958242404303035977e-01
9.864985657804995478e-01
9.922372123098628371e-01
9.875223567107633826e-01
9.989664540283618166e-01
9.897829688626753608e-01
9.970568719490687792e-01
9.914972213334197759e-01
9.967867729755364170e-01
9.936143344884821316e-01
9.871875968574820304e-01
9.920055045191119580e-01
9.985389912226416698e-01
9.908136288597252372e-01
9.955657712671228676e-01
9.947756069418431935e-01
9.892564047881435840e-01
9.964735497005919873e-01
9.986981170678101982e-01
9.904809284577976713e-01
9.846215078439887192e-01
9.875230551219039699e-01
9.928681478424125073e-01
9.907798146722711641e-01
9.964516080653639252e-01
9.948440238147403525e-01
9.876470584103335115e-01
9.949143678313296935e-01
1.000889257325206616e+00
9.937939423677942807e-01
9.963040538504406296e-01
9.942554057143986324e-01
9.956833476835634800e-01
9.989862865140262116e-01
9.961449997094473652e-01
9.913843402603437216e-01
9.995323631089859662e-01
9.993947587581957226e-01
9.965005600063048252e-01
9.965382647963278995e-01
9.997100856701215399e-01
9.983574733733935336e-01
9.962503171119634349e-01
9.984778027904415154e-01
9.981187026307645205e-01
9.982287350426978234e-01
1.001297368229504547e+00
1.002369913848263128e+00
1.001435705251358277e+00
9.989639146462508945e-01
9.952791159957096179e-01
1.000188150513430685e+00
9.988420022661902431e-01
9.963575369179986652e-01
9.965583599079907984e-01
9.995543860670981218e-01
9.926445991823102943e-01
9.929083189978641366e-01
9.964392158119890208e-01
9.936374848464669673e-01
9.904176311238840347e-01
9.901267729784476446e-01
9.925983593029888974e-01
1.000012155496724509e+00
9.921756878320505679e-01
9.913920428775817584e-01
9.938939077216811802e-01
9.944942891212429359e-01
9.877962317922578395e-01
9.918771616279352665e-01
9.870184283549291449e-01
