0.000000000000000000e+00
0.000000000000000000e+00
0.000000000000000000e+00
0.000000000000000000e+00
0.000000000000000000e+00
0.000000000000000000e+00
0.000000000000000000e+00
0.000000000000000000e+00
0.000000000000000000e+00
0.000000000000000000e+00
0.000000000000000000e+00
0.000000000000000000e+00
0.000000000000000000e+00
0.000000000000000000e+00
0.000000000000000000e+00
0.000000000000000000e+00
0.000000000000000000e+00
0.000000000000000000e+00
0.000000000000000000e+00
0.000000000000000000e+00
5.357408778918583875e-05
3.156228349459386240e-02
9.855572425279356397e-01
3.327066422364322484e+00
3.333508486636217683e+00
1.866091239152548820e+00
8.501527567526601104e-01
3.930002766003530823e-01
1.977086528419491340e-01
2.203815036961601637e-01
8.124984921094622337e-01
1.711502606999372622e+00
1.901027132171994705e+00
1.465315114185127054e+00
9.867548685354586846e-01
6.835202735999104107e-01
5.589376335847345834e-01
5.476450300399804405e-01
5.989961238012012634e-01
6.865809824516128090e-01
7.930147846820684299e-01
9.067297712589578174e-01
1.004359162805446459e+00
1.090323782276958475e+00
1.159190860821156965e+00
1.209917220195166232e+00
1.239248313836688320e+00
1.243420679253721239e+00
1.227641525484347573e+00
1.193021654225451922e+00
1.150352885722146778e+00
1.105799965118285266e+00
1.063639621111938993e+00
1.022464260517901069e+00
9.973838714431041419e-01
9.692382702602686528e-01
9.484528069715979504e-01
9.353729239272124962e-01
9.245928755222344586e-01
9.155232255478306103e-01
9.133227424753633805e-01
9.167010886857113183e-01
9.232337746310095294e-01
9.382996182769504090e-01
9.489309462631490000e-01
9.630706494426529707e-01
9.768613175153311179e-01
9.887879407473796345e-01
9.964754373309434587e-01
1.009288613590879180e+00
1.017472255922724722e+00
1.020809050493219683e+00
1.028626902212530725e+00
1.032124082905731211e+00
1.031877150799560328e+00
1.031605024975108975e+00
1.029722678283373494e+00
1.023367997058862278e+00
1.023845347290162300e+00
1.016476788337488557e+00
1.013928978347800269e+00
1.007985456307229910e+00
1.004266986077059221e+00
1.000848233373843321e+00
9.961689733426750681e-01
9.930353499298526510e-01
9.919961070830377592e-01
9.888299627364327549e-01
9.895291075182507390e-01
9.887653539535493641e-01
9.889496841478309097e-01
9.912419352704163744e-01
9.911226444247208667e-01
9.921958051988760685e-01
9.918116060506921849e-01
9.943603526321135311e-01
9.933941448463765589e-01
9.951055178748129393e-01
9.969537870492442000e-01
9.987340889249886056e-01
1.002240788747091438e+00
1.003678368956941958e+00
1.007744667450324982e+00
1.009058118731440468e+00
1.008036708957874783e+00
1.006850269728186920e+00
1.006297788292122908e+00
1.002852723478306229e+00
1.001673869902964364e+00
9.990146216902907605e-01
9.964319038210672774e-01
9.949399579785600523e-01
9.950390030241680339e-01
9.969335540217311165e-01
9.947259473066211166e-01
9.968845385353494182e-01
9.988609133579622323e-01
9.995077918295147690e-01
1.001354566307509408e+00
1.002291761179594065e+00
1.001549514976544097e+00
9.995547886155023987e-01
9.962496739097952414e-01
9.943795536451971451e-01
9.930334751472020827e-01
9.923744937019601808e-01
9.937764768928399883e-01
9.965217806381280186e-01
9.986122314027466862e-01
1.001677671714148454e+00
1.004377530602897250e+00
1.003717206060789513e+00
1.003663301770459260e+00
1.001936021203496008e+00
1.000053106948902260e+00
1.000977857956293571e+00
9.999620157967257228e-01
9.993628372629229650e-01
9.995212946594111969e-01
1.000810692352750220e+00
1.001091845513912837e+00
1.002427479610956906e+00
1.000870827099198612e+00
1.000746751274000257e+00
1.000647784927512607e+00
9.990018400724705039e-01
9.979128423376284474e-01
9.955644013379463253e-01
9.944649515264722961e-01
9.939460278145816341e-01
9.947717642919848835e-01
9.963000566112280021e-01
9.971170276384944131e-01
9.985779734883269976e-01
1.000636063185668556e+00
1.002136446482085219e+00
1.005759382488026654e+00
1.004498365883502276e+00
1.005882155513204257e+00
1.005666627013939607e+00
1.006771788720034033e+00
1.005889083755009406e+00
1.004521130311000432e+00
1.003589760725062341e+00
1.002078710423672581e+00
1.002870630132828733e+00
1.001082387113863437e+00
9.982282275283433925e-01
9.976711971330952666e-01
9.960212017572764864e-01
9.952056595049137977e-01
9.943352299614347523e-01
9.940310265617501306e-01
9.942901557523335931e-01
9.954446407975489075e-01
9.967210823752673532e-01
9.969209487689081328e-01
9.994031322174079524e-01
9.995409824160803591e-01
1.001234496091897519e+00
1.001384307672134932e+00
1.003325638517099883e+00
1.003343959802602159e+00
1.003891473830797132e+00
1.004556076331309278e+00
1.003984143711789789e+00
1.003244966373245672e+00
1.002581298879730909e+00
1.002264653293905683e+00
1.001944926871207286e+00
1.001458140494121629e+00
9.993953892626017410e-01
9.993893268989374468e-01
9.995669701130418527e-01
9.993241310966763935e-01
9.997471549179691719e-01
9.979341746609828867e-01
9.989082730662375287e-01
9.989522957900904832e-01
9.985621964050236388e-01
9.979598700868244077e-01
9.992270762670316664e-01
9.996682925281920040e-01
9.999903379051682251e-01
9.995660891863932251e-01
1.000079884798545704e+00
1.000612387493297284e+00
1.001254251626014780e+00
1.000002756971551721e+00
1.000540368413420422e+00
1.000943879301661399e+00
1.000279903804579762e+00
1.000922297276302997e+00
1.000671663141932344e+00
1.000706187985128448e+00
1.001228430296554839e+00
1.000951515118923663e+00
1.000832045376593094e+00
9.999322929500233936e-01
1.000889297529468980e+00
1.000965508712169161e+00
1.001324279335389145e+00
1.000480805486681390e+00
9.993979425713256370e-01
1.000544501055504965e+00
1.000459904451382442e+00
1.000139608415110404e+00
9.998323913642203076e-01
9.994663522772222475e-01
9.997237133945983123e-01
1.000307739190071876e+00
9.995193172856996489e-01
9.991919071873172076e-01
9.994025748490336092e-01
9.993032456137703745e-01
9.996178250452251168e-01
1.000337052993698794e+00
1.000369586022154200e+00
1.000385207046665226e+00
9.998959560689855142e-01
1.000747755624535218e+00
9.998561539702659484e-01
1.000496269694300722e+00
9.997326866470787055e-01
1.000588417767539484e+00
1.000274479864186494e+00
9.999560397221755048e-01
1.000864759730827336e+00
1.001175303267398453e+00
9.996276792355088814e-01
9.999446548047046246e-01
1.000424361558311492e+00
1.000440035666565253e+00
1.000273470366361606e+00
1.001110175320575779e+00
1.000328083004738744e+00
9.996752507399201404e-01
9.993637228958427432e-01
9.994862452876310810e-01
1.000063928885215780e+00
9.991579599031150671e-01
1.000219183112149191e+00
1.000291451111196439e+00
9.995442319063572167e-01
1.000080098914894577e+00
1.000126391370945056e+00
1.000013829639257112e+00
9.994694998923503437e-01
1.000207294297356109e+00
1.000162673374597411e+00
9.992759591446435108e-01
1.000663022833883531e+00
1.000286397565327778e+00
9.999512837693481648e-01
9.998616722117208422e-01
1.000321404823144134e+00
1.000618004224780089e+00
9.996963582376383606e-01
1.001100473356896225e+00
1.000604847071813408e+00
