0.000000000000000000e+00
0.000000000000000000e+00
0.000000000000000000e+00
0.000000000000000000e+00
0.000000000000000000e+00
0.000000000000000000e+00
0.000000000000000000e+00
0.000000000000000000e+00
0.000000000000000000e+00
0.000000000000000000e+00
0.000000000000000000e+00
0.000000000000000000e+00
0.000000000000000000e+00
0.000000000000000000e+00
0.000000000000000000e+00
0.000000000000000000e+00
0.000000000000000000e+00
0.000000000000000000e+00
0.000000000000000000e+00
0.000000000000000000e+00
5.358373877888703642e-05
3.168975921947706637e-02
9.934525176122696033e-01
3.325055979629263803e+00
3.334840586492598291e+00
1.868643917836910973e+00
8.415511060739568894e-01
3.882468359849264306e-01
1.955122981424480821e-01
2.196060271072754200e-01
8.136011385456201062e-01
1.712310256911821593e+00
1.903235254717875025e+00
1.470907145178058650e+00
9.860149269567307639e-01
6.794795331626329871e-01
5.625883622082984425e-01
5.456536709114255812e-01
5.982759388086226204e-01
6.851168419158648604e-01
7.956154475741968879e-01
9.028719206372550765e-01
1.007351833115637696e+00
1.092454312563763574e+00
1.156533595640921508e+00
1.210407151643459800e+00
1.240315257854970321e+00
1.246958742555690502e+00
1.229902100627624284e+00
1.193893783945829901e+00
1.148634866871705240e+00
1.104946186355115767e+00
1.061146931723401243e+00
1.028294289844920772e+00
9.925741519145276914e-01
9.642945547471658552e-01
9.498442396664134035e-01
9.387941964042947340e-01
9.254208440925658641e-01
9.191203627969012357e-01
9.162408608733306759e-01
9.184442473563765308e-01
9.269027957485296287e-01
9.345726849890291232e-01
9.475156587551398779e-01
9.621443242478908697e-01
9.751808863702524643e-01
9.870777476406269457e-01
1.000766114521304928e+00
1.006197121859545796e+00
1.016300629833996050e+00
1.022735367266655482e+00
1.030703999541400684e+00
1.033008342019249071e+00
1.032478977022800226e+00
1.030251877438176145e+00
1.030852995932274974e+00
1.024634189992667865e+00
1.024704124338871258e+00
1.019325459358002339e+00
1.014287148102676728e+00
1.006303775916269849e+00
1.002871097885232876e+00
1.001828039054369901e+00
9.992220288576650900e-01
9.926196079479452372e-01
9.917142533990470632e-01
9.901274299181871408e-01
9.889194366506467437e-01
9.910719655338703360e-01
9.923026570900138621e-01
9.900619626789967098e-01
9.920737748473378304e-01
9.943080689226355684e-01
9.943988619937149664e-01
9.953433149523863710e-01
9.976508975316907835e-01
9.976007364653634024e-01
9.995209447645353462e-01
1.001374391470490899e+00
1.004120541574528236e+00
1.004968674422514363e+00
1.008051615279989210e+00
1.007787043230660817e+00
1.009303167066901707e+00
1.006877855144664879e+00
1.008422121440627484e+00
1.004051720889869603e+00
1.000301738483440506e+00
9.983229943781696258e-01
9.979026153586374459e-01
9.949452709535490103e-01
9.955723897829761304e-01
9.958892884013892388e-01
9.979716991359346423e-01
9.970641201728855929e-01
1.000255591238190300e+00
9.997041595778648482e-01
1.000867714995725466e+00
1.001046522405023786e+00
1.001407300405132483e+00
1.000454223287217115e+00
9.976193562461471709e-01
9.956676813404411464e-01
9.942476736795304859e-01
9.945667077919028154e-01
9.942749975515331462e-01
9.972582650019987671e-01
1.001133451984066447e+00
1.002203946576415428e+00
1.003719981573943487e+00
1.003832894227282724e+00
1.002014688219746708e+00
1.001662193539028856e+00
1.000081988076427786e+00
1.000596338132837548e+00
9.999608296703451638e-01
9.989394741316824922e-01
9.983446152512005511e-01
1.000655919288609086e+00
9.998796371547217232e-01
1.001492725937627615e+00
9.988949141639285045e-01
1.000127491485105713e+00
9.998437562601155681e-01
9.978359747715397354e-01
9.977515472672179309e-01
9.961112554439885969e-01
9.964467705089490313e-01
9.975266621621331486e-01
9.952219337949822497e-01
9.954619290678379251e-01
9.965126757229385568e-01
9.992788209929849286e-01
1.002121260626512411e+00
1.002191692741874141e+00
1.004182756690279454e+00
1.005091530615587425e+00
1.005213891833276252e+00
1.005950488694058009e+00
1.006748558261601367e+00
1.006826313189132627e+00
1.005373778281053010e+00
1.003705253493433869e+00
1.001784801670255742e+00
1.001384490950155248e+00
9.998226559439630234e-01
9.978232268160126539e-01
9.971294335597573610e-01
9.959819069209442377e-01
9.953330286318082809e-01
9.939867380230615890e-01
9.926440358780009854e-01
9.928056129290605547e-01
9.957160512819291931e-01
9.963818060631179918e-01
9.968113383196931521e-01
9.986781381626302911e-01
9.997871364169296227e-01
1.000459984161931049e+00
1.002858482055055456e+00
1.002923516952282323e+00
1.004200605638794652e+00
1.003560952573040232e+00
1.004222932299690729e+00
1.002887336996294287e+00
1.003289386145916229e+00
1.002309605305987006e+00
1.002665475426430808e+00
1.001807115105734391e+00
1.000658253899418870e+00
1.000416221365974412e+00
9.991758058990044544e-01
9.979655766074413403e-01
9.985021451232767298e-01
9.982842992196183651e-01
9.986508839395665804e-01
9.982593330560466383e-01
9.980779029264416069e-01
9.988575239780321802e-01
9.986705010452804343e-01
9.978499735840531404e-01
9.991120961106905174e-01
9.996695724072620637e-01
9.988645204872393935e-01
9.995693696511351867e-01
9.999383017914278415e-01
1.000445426760548040e+00
1.001020927665573268e+00
1.000440933093793561e+00
1.000737374370242794e+00
1.000018773431335717e+00
1.000698844673329813e+00
1.001035738736962388e+00
1.001654761518938841e+00
1.000655849677552611e+00
1.000670531464745716e+00
1.000700485896972580e+00
1.000713448750352397e+00
1.001246305598215258e+00
9.995478686044034777e-01
1.000934496170657217e+00
1.000096211401753088e+00
9.998180761610501177e-01
1.000240768163423111e+00
9.995797607647061156e-01
1.000443581615714228e+00
1.000262076557348667e+00
9.996740069319320909e-01
9.988170033304222262e-01
9.997284841172719982e-01
9.996176318374465630e-01
9.993271136905708119e-01
9.996053304472158896e-01
9.996946070962130504e-01
9.995698679397696518e-01
9.997507484060703664e-01
1.000096390665734081e+00
1.000382684553049017e+00
1.000410625368882922e+00
1.000368465250626615e+00
1.000208314975111312e+00
9.994732964618077142e-01
1.000169189656356261e+00
1.000443708345808203e+00
1.000536325654350245e+00
1.000998733617727732e+00
9.995520736589144084e-01
1.000191799103320234e+00
9.998710724505533998e-01
1.000433647711209906e+00
9.990568694826229557e-01
1.000109609833265578e+00
9.996559569486831442e-01
9.996307702026854258e-01
1.000234166449259110e+00
1.000074258464198618e+00
9.995665097979875569e-01
9.986212459060829216e-01
9.996868634158198041e-01
1.000505253067767608e+00
1.000468697669816942e+00
9.999875602123647900e-01
9.996616857407932821e-01
9.999429843141965923e-01
9.998405379080812505e-01
9.998606755250857292e-01
1.001024101674337974e+00
9.999035371126843152e-01
1.000432465897755696e+00
1.000087764823009095e+00
1.000278011914071730e+00
1.000668751217780539e+00
1.000931743399125606e+00
1.000044928722483295e+00
1.000131416411844887e+00
1.000054829571817461e+00
1.000587033478791632e+00
1.000692492016143742e+00
9.997959003370175957e-01
