0.000000000000000000e+00
0.000000000000000000e+00
0.000000000000000000e+00
0.000000000000000000e+00
0.000000000000000000e+00
0.000000000000000000e+00
0.000000000000000000e+00
0.000000000000000000e+00
0.000000000000000000e+00
0.000000000000000000e+00
0.000000000000000000e+00
0.000000000000000000e+00
0.000000000000000000e+00
0.000000000000000000e+00
0.000000000000000000e+00
0.000000000000000000e+00
0.000000000000000000e+00
0.000000000000000000e+00
0.000000000000000000e+00
0.000000000000000000e+00
2.679870694515614529e-05
3.174657520084198103e-02
9.883000394964865931e-01
3.332226765773228738e+00
3.341714773883279310e+00
1.870714341853042306e+00
8.484379042808876115e-01
3.848012865942077032e-01
1.986683376374648868e-01
2.192996795456419179e-01
8.188698830538507778e-01
1.717639716665542382e+00
1.904414118115024479e+00
1.463644697121035065e+00
9.865315381715332732e-01
6.841485698200016063e-01
5.553933187027985108e-01
5.455125857065109551e-01
5.966808333325249736e-01
6.866850001410909066e-01
7.945206082306123241e-01
9.026837704162578024e-01
1.001478879697748070e+00
1.083250553390722848e+00
1.155378282014183799e+00
1.209682296742931706e+00
1.238839776286319028e+00
1.246033885627613413e+00
1.232236774419448455e+00
1.190530004127951180e+00
1.154736142080530437e+00
1.105304625309732725e+00
1.060203988362567351e+00
1.025010937113015386e+00
9.942950862768037412e-01
9.711522800291731983e-01
9.471297030766963054e-01
9.403284130840989796e-01
9.279741915132035945e-01
9.201121836771911644e-01
9.152560357396151147e-01
9.182736139907564654e-01
9.245066035669251558e-01
9.361269436644598096e-01
9.463441232726532704e-01
9.617991294237694389e-01
9.749992923722919924e-01
9.862047866286990372e-01
9.959634674297266344e-01
1.007869444124988911e+00
1.017629705338287449e+00
1.021392322327585811e+00
1.027788957573780859e+00
1.032381639701637432e+00
1.032748564581254636e+00
1.029953597661734221e+00
1.027919038709432797e+00
1.025825894661057447e+00
1.021276851604076219e+00
1.016824902208872006e+00
1.013628212469996015e+00
1.008531170552277700e+00
1.004429515100061288e+00
9.990254152749905581e-01
9.956687816452196582e-01
9.958838256176130166e-01
9.889639465214777880e-01
9.917778091069888724e-01
9.882873315326586861e-01
9.904136585521339242e-01
9.907212160052381034e-01
9.909321889390184657e-01
9.915897236025853489e-01
9.946816557512060397e-01
9.938983477034479819e-01
9.959616867906461168e-01
9.944592991562476447e-01
9.950328183965174711e-01
9.983886399689549940e-01
1.001332992052424542e+00
1.005320304199586179e+00
1.008473591654128976e+00
1.008098738377553483e+00
1.009117857555194675e+00
1.007678252903318583e+00
1.007636794491118870e+00
1.005341577448329415e+00
1.004057457530751485e+00
1.000516837775333512e+00
9.982123281322011765e-01
9.959256918977870132e-01
9.949581801497466849e-01
9.957187774936120395e-01
9.948353380019693271e-01
9.968439398478938784e-01
9.969588726006221036e-01
1.000184695299483728e+00
1.001005259634691003e+00
1.001208979127910403e+00
1.003492509418856704e+00
1.000148573234276528e+00
9.987607211045086419e-01
9.989563851003990802e-01
9.965783438615460899e-01
9.943538917321506077e-01
9.926399345836357524e-01
9.967214626966537372e-01
9.985937355106401236e-01
1.001607249075630923e+00
1.002530917811146560e+00
1.004052867044554098e+00
1.003072232328162006e+00
1.001581960633803003e+00
1.001986719978529505e+00
1.002658549752952988e+00
1.001649886977980630e+00
1.001068461371668716e+00
1.000195357258325979e+00
1.001610704478632874e+00
9.999429000060372497e-01
1.001448402531653903e+00
1.002685031452751119e+00
1.002111508247783389e+00
1.000661166602939911e+00
1.001258255379529283e+00
9.991042520882849054e-01
9.972714010968076748e-01
9.967263463941506973e-01
9.951727523277754672e-01
9.944261661138239505e-01
9.950129226057020659e-01
9.969272092378693717e-01
9.980800902129209895e-01
1.000412535421797422e+00
1.001429438618252510e+00
1.004803261774225076e+00
1.003892655334573503e+00
1.004820383710192999e+00
1.007185940239970989e+00
1.007094984938905036e+00
1.006623310954386508e+00
1.005212801175341175e+00
1.007001811621035525e+00
1.005093227774632503e+00
1.003862894882382673e+00
1.003083556655156361e+00
1.001307372540361840e+00
9.985191209516623978e-01
9.981404952845190914e-01
9.958808733687689596e-01
9.949294814443288004e-01
9.939187087259849784e-01
9.943199759606855537e-01
9.940670904034241140e-01
9.959916238224127971e-01
9.970841034207890141e-01
9.969709979146600398e-01
9.986022977034344494e-01
9.991418433606349403e-01
1.001155813963479968e+00
1.001955148722476707e+00
1.002659378345390095e+00
1.004080464898927438e+00
1.004225532021080003e+00
1.004588421436055645e+00
1.003459836124332316e+00
1.004019233799414490e+00
1.003202377041575222e+00
1.002749225001703381e+00
1.002629294315109609e+00
1.001285797310768055e+00
1.000462359579128657e+00
9.989578125424075639e-01
9.992293062065087383e-01
9.990678352187669642e-01
9.988582558574857773e-01
9.994679141327605931e-01
9.980061285490116063e-01
9.994386971944074771e-01
9.981193165577484372e-01
9.997584254088427436e-01
9.989943596602413045e-01
9.986858266311275933e-01
9.994878570611530622e-01
9.996708043175357439e-01
9.993374082022113969e-01
1.000413277092455866e+00
1.000372940915631004e+00
1.000480652185536501e+00
1.000899778015605923e+00
1.000433497749279033e+00
9.996943041577416311e-01
1.001197699406590536e+00
1.000340535473619674e+00
1.000268610605712372e+00
1.000813477018490882e+00
1.000431573106814298e+00
1.001061836342295175e+00
1.001106630670527631e+00
1.001502301362586778e+00
1.000268641398899039e+00
1.000275933285903918e+00
1.000854979504580244e+00
9.998878765523623313e-01
9.996192558029034503e-01
1.000727369597084859e+00
1.000013411248901418e+00
9.988617452763042248e-01
1.000148543384745015e+00
1.000264214078949054e+00
9.985836945784672958e-01
9.992104464083595428e-01
9.996025735425619896e-01
9.998844055864658520e-01
9.996648025199224019e-01
9.991372474833311035e-01
9.995773302341843802e-01
1.000197256649936417e+00
9.994333778242594502e-01
1.000338379369717146e+00
1.000680246812723384e+00
9.998482334165242902e-01
1.000148059559701874e+00
1.000198176107541137e+00
1.000638545755149877e+00
1.000773543549857703e+00
9.997110587084816480e-01
1.000386421026343564e+00
1.000577483002647261e+00
1.001315473319110749e+00
1.000338024020236860e+00
9.998566056442060868e-01
9.999581334064935323e-01
1.000198726189537313e+00
9.998227557280129352e-01
1.000160720733077158e+00
9.995532155591038137e-01
9.997643583368238662e-01
9.997253710362785650e-01
1.000063602910850946e+00
9.991097844747039991e-01
9.998331858917004489e-01
9.994649581315576681e-01
9.995731946969165227e-01
1.000172579100980563e+00
9.992970244635867028e-01
1.000455261534935136e+00
9.999542551188909112e-01
1.000609346105398201e+00
9.996979886837112916e-01
1.000383639462958163e+00
1.000833117051316279e+00
1.000074634310291755e+00
1.001109035730319174e+00
1.000252162856693605e+00
1.000648901019401071e+00
1.000483029337484897e+00
9.999907585423327694e-01
9.992363414528496746e-01
1.000093018456075455e+00
