0.000000000000000000e+00
0.000000000000000000e+00
0.000000000000000000e+00
0.000000000000000000e+00
0.000000000000000000e+00
0.000000000000000000e+00
0.000000000000000000e+00
0.000000000000000000e+00
0.000000000000000000e+00
0.000000000000000000e+00
0.000000000000000000e+00
0.000000000000000000e+00
0.000000000000000000e+00
0.000000000000000000e+00
0.000000000000000000e+00
0.000000000000000000e+00
0.000000000000000000e+00
0.000000000000000000e+00
0.000000000000000000e+00
0.000000000000000000e+00
2.679925169972302354e-05
3.125992628166462256e-02
9.906116152907983308e-01
3.315305798183646679e+00
3.347880983652418596e+00
1.870804332967824557e+00
8.511657166296743293e-01
3.877133845886744368e-01
1.963843226272606046e-01
2.210125973852374304e-01
8.116337448079822270e-01
1.712713962014089653e+00
1.904015611019240106e+00
1.464728312034456525e+00
9.830974454121625961e-01
6.856372154580068212e-01
5.533162716553511329e-01
5.501373891462678634e-01
5.959786331245597868e-01
6.869588560370158969e-01
7.918241856490358943e-01
9.050631769740018484e-01
1.002709056215251415e+00
1.091576682828586442e+00
1.158177631104815752e+00
1.210669938187804773e+00
1.243589951695926565e+00
1.247382212336278107e+00
1.228306356631829743e+00
1.199854296143615384e+00
1.150439867197081467e+00
1.103475375389815660e+00
1.064108012126625535e+00
1.026653185634814669e+00
9.956615911883544001e-01
9.680233890456725332e-01
9.531794144419162285e-01
9.375640232916484518e-01
9.217786982804161422e-01
9.170254543948398451e-01
9.163425278312437028e-01
9.142002067696924916e-01
9.269275027922350141e-01
9.341457744257988249e-01
9.508823848418928026e-01
9.628977944315291193e-01
9.738066390854828169e-01
9.856932895418059060e-01
9.962213767115847274e-01
1.007078375457936215e+00
1.016669052755477809e+00
1.024070409649812108e+00
1.028609210139241892e+00
1.032692459982722744e+00
1.035468844996160653e+00
1.032830046880151009e+00
1.030688559895530876e+00
1.026476900775018297e+00
1.021272020043524797e+00
1.016822402192139707e+00
1.013855672187182311e+00
1.009021431147935299e+00
1.006215839282847080e+00
9.995934171994574902e-01
9.971199081204455972e-01
9.932352008977044511e-01
9.905000837476025666e-01
9.891408358828517322e-01
9.892983546963119990e-01
9.871797035375887708e-01
9.906368280262669579e-01
9.899943665051326169e-01
9.918363224255124511e-01
9.929327455784182632e-01
9.928173592492807176e-01
9.938797743982051847e-01
9.936545361822323175e-01
9.950210511660333434e-01
9.980478571326315551e-01
9.998241409413219927e-01
1.002219093708766273e+00
1.006241678041928544e+00
1.007349409624429981e+00
1.008753501033562650e+00
1.010144487169891914e+00
1.007857666207167435e+00
1.005449410722033754e+00
1.003971619121280856e+00
9.994721771379947439e-01
1.000401867286759172e+00
9.953508932497621142e-01
9.962967435375066350e-01
9.955254089675896756e-01
9.958812597714483683e-01
9.959044581584607370e-01
9.983420050258919876e-01
9.989260441423707393e-01
9.994182802281209588e-01
1.000679831225563809e+00
1.001088074030004327e+00
1.000248809483604839e+00
9.997447745585891221e-01
9.970032125885908147e-01
9.937271175080788499e-01
9.933639443838656602e-01
9.941498716221499610e-01
9.958026730480542543e-01
9.965691767648576782e-01
1.000644567481598468e+00
1.003038278792805382e+00
1.003743877756919423e+00
1.004094510564939702e+00
1.002709127138778689e+00
1.002716880977634339e+00
1.001759845148870509e+00
1.000091634981238542e+00
1.001800998559283062e+00
1.000996798302694168e+00
9.996802561176101332e-01
9.998312486322493697e-01
1.000091235271322265e+00
1.001442933217566500e+00
9.994591691481431450e-01
1.001609270129647733e+00
1.000897192970753302e+00
9.995007523640440095e-01
9.972255415102765363e-01
9.967745666802605431e-01
9.953891340412892585e-01
9.948662143478727016e-01
9.955056093759209190e-01
9.967609768162860595e-01
9.975365747209550271e-01
9.998663497454717275e-01
1.001034043723907585e+00
1.002790213805162312e+00
1.005195790926447064e+00
1.005457934683118282e+00
1.005598036777480608e+00
1.007080033941532005e+00
1.006412886520007710e+00
1.006246873401184239e+00
1.005960931228296218e+00
1.004600832745817796e+00
1.002061252670921165e+00
1.001635328353540855e+00
1.000100181697967106e+00
9.989236540254958774e-01
9.978810773585116145e-01
9.969930629597750782e-01
9.954019130821010197e-01
9.950093687802504805e-01
9.954096259579430228e-01
9.942590602107969078e-01
9.947703709096773483e-01
9.977297708067152104e-01
9.990071723650815194e-01
9.984935267782794055e-01
9.991699314465898318e-01
1.001155887599654903e+00
1.001744901503665686e+00
1.003675517379678306e+00
1.003405510555838820e+00
1.003630398713695415e+00
1.003718668208170017e+00
1.003460592407560137e+00
1.003900059331968464e+00
1.002930230828568359e+00
1.002518842182599457e+00
1.002138992332526346e+00
1.000571738215681794e+00
1.001158469311796528e+00
9.997359569232500132e-01
9.997255668054002564e-01
9.985858112553613886e-01
9.998461537245215691e-01
9.984861168111376362e-01
9.981956462984687972e-01
9.988114791473583498e-01
9.988531201965060724e-01
9.977133049409879773e-01
9.992818393862838988e-01
9.996175966469802443e-01
9.989870008205310459e-01
9.996415634966879793e-01
9.994476145524856525e-01
1.000120313257640836e+00
9.992570382015629749e-01
1.000916879702384854e+00
1.000624715479269788e+00
1.000733223122364901e+00
1.000960140865083225e+00
9.997335254948714889e-01
1.001072101135733527e+00
1.000586654581659962e+00
1.000312557373089328e+00
1.001072910717565101e+00
1.000805489278187688e+00
1.000368414000774475e+00
9.999751295325300937e-01
1.000340872021183047e+00
1.000345630131434849e+00
9.999983894386343941e-01
1.000230902948517242e+00
1.000478158449086052e+00
9.991440927357083668e-01
9.994494548125922861e-01
1.000270420995383880e+00
9.992014675471870833e-01
9.999427823903213053e-01
1.000503680072335255e+00
1.000142776157215474e+00
9.994928598312043944e-01
9.998557653558033387e-01
9.997541568745728080e-01
1.000121726793133714e+00
1.000076571975362816e+00
1.000914757963261126e+00
1.000225233235710220e+00
9.999963864702354766e-01
1.000156835960040125e+00
9.998567761806751442e-01
1.000328338235094705e+00
9.999838770368629781e-01
1.000570887923900587e+00
1.000074689748464252e+00
1.000912674004508895e+00
9.997936568335459295e-01
1.000194500424467225e+00
1.000653258794349298e+00
1.000569647553438468e+00
1.000728557566112009e+00
1.000621053905944580e+00
1.000195042984303839e+00
9.998156009883112372e-01
1.000554293770792302e+00
9.999640749964981978e-01
1.000530657308535964e+00
9.989282697327365179e-01
9.996362934350799812e-01
9.997560691009534928e-01
9.994586524386652737e-01
1.000284678716701237e+00
1.000492803361555216e+00
1.000131563778937860e+00
9.999271488837468969e-01
9.992651120039234280e-01
1.000557362096143432e+00
9.998998299641410625e-01
9.999095426160837796e-01
1.000337776134945234e+00
1.000678637102043522e+00
1.001123483356532340e+00
1.000553673427013290e+00
9.998089066632850352e-01
1.000477640285885261e+00
9.999686636741316192e-01
1.000209151445436095e+00
1.000277787561342890e+00
1.000130507282973591e+00
