0.000000000000000000e+00
0.000000000000000000e+00
0.000000000000000000e+00
0.000000000000000000e+00
0.000000000000000000e+00
0.000000000000000000e+00
0.000000000000000000e+00
0.000000000000000000e+00
0.000000000000000000e+00
0.000000000000000000e+00
0.000000000000000000e+00
0.000000000000000000e+00
0.000000000000000000e+00
0.000000000000000000e+00
0.000000000000000000e+00
0.000000000000000000e+00
0.000000000000000000e+00
0.000000000000000000e+00
0.000000000000000000e+00
0.000000000000000000e+00
2.678963865066615873e-05
3.356253058286884361e-02
9.925691805537477652e-01
3.324412158380924964e+00
3.339571096664861738e+00
1.864869478074853593e+00
8.459061716652717111e-01
3.902542179288217561e-01
1.996130383562812471e-01
2.187338187386098365e-01
8.160630930023885510e-01
1.711293923542035023e+00
1.907404772857685726e+00
1.471316433640585952e+00
9.822907215825917859e-01
6.834792682956393195e-01
5.589241615057986001e-01
5.447274635652533670e-01
5.980134226657531915e-01
6.836886101882448941e-01
7.937849468185191881e-01
9.048104432565622357e-01
1.003876694494257205e+00
1.088025342596120160e+00
1.157580227474624746e+00
1.211160296650288792e+00
1.235051250334403994e+00
1.240506807147455426e+00
1.234060111065750531e+00
1.194033345735020291e+00
1.155065095824331145e+00
1.107834553226078933e+00
1.062369975126167265e+00
1.025049625686298649e+00
9.929805493525573068e-01
9.684145918850088908e-01
9.534724320872773884e-01
9.373264806100024549e-01
9.266961141808993663e-01
9.166551634638725465e-01
9.133773722882835289e-01
9.210591207107309275e-01
9.258426377137541907e-01
9.376393060229835097e-01
9.477805118264592821e-01
9.617125127112458038e-01
9.756496914203004467e-01
9.902108691539555085e-01
9.991373292007195150e-01
1.006586582109233019e+00
1.016095936262482624e+00
1.022125986588480639e+00
1.029924080083588045e+00
1.033095336405447595e+00
1.032409241472866279e+00
1.033291218387047961e+00
1.030451609973605853e+00
1.028632156850893153e+00
1.022886502724048796e+00
1.018274937957779569e+00
1.013512848049966664e+00
1.009054488182796749e+00
1.001697329999203134e+00
9.989845263920199558e-01
9.962496979496526794e-01
9.919315974136884151e-01
9.933021820209589903e-01
9.896170009113879340e-01
9.875302243870222041e-01
9.899266952058961566e-01
9.912548830750133044e-01
9.917387555135972477e-01
9.945903753750300336e-01
9.915345408687046280e-01
9.950385828572811953e-01
9.941640562562463757e-01
9.964360096223812135e-01
9.994460963274856002e-01
9.988075142690631125e-01
1.001708438792626277e+00
1.003113822751610318e+00
1.006426146428427648e+00
1.006675104927941877e+00
1.009203165288772075e+00
1.007727046514169889e+00
1.010662768330518713e+00
1.006764583053745499e+00
1.001913096293425287e+00
9.985808739477566309e-01
9.986690583100907848e-01
9.960101382723107744e-01
9.963913349781438056e-01
9.966754918553824005e-01
9.972984748832622870e-01
9.973320334583315461e-01
9.960086994007414374e-01
9.982192614719661572e-01
1.001316574802746162e+00
1.000328098609993832e+00
1.003455740474042734e+00
1.001407675892599380e+00
1.000752319291431158e+00
9.981388545478322438e-01
9.964397150037511697e-01
9.954936104895809601e-01
9.928831427889592831e-01
9.968598766360988739e-01
9.974550777297321869e-01
1.001430623672293851e+00
1.001222090196417724e+00
1.003390441001445810e+00
1.003876946365863887e+00
1.001973590888299848e+00
1.001300790795882856e+00
1.001964460233067733e+00
1.000701926213905191e+00
1.000413635668072621e+00
9.996085411786984620e-01
1.001085098823629727e+00
1.000383386759850390e+00
1.000776963252748786e+00
1.002287247660360814e+00
1.000978313708102085e+00
1.000064451928576403e+00
9.996127417238857005e-01
9.982741587725992849e-01
9.977901954405680174e-01
9.966411286346200660e-01
9.943840929195161271e-01
9.956298489718679035e-01
9.949526391748827470e-01
9.952833767460728120e-01
9.964205046153270517e-01
9.991502181975686625e-01
1.001018393255898697e+00
1.002431438446283130e+00
1.003887197606036841e+00
1.005443173022322778e+00
1.006092097056147772e+00
1.007269859015617275e+00
1.006447481675251110e+00
1.005301793329755000e+00
1.005439321231076377e+00
1.002675590766919367e+00
1.003149934873550420e+00
1.001680161964605409e+00
1.001009569969114610e+00
9.982779633351389625e-01
9.973494179955733063e-01
9.953577100114091580e-01
9.945246369934960251e-01
9.951696864681915944e-01
9.943377194596417779e-01
9.948267568900167612e-01
9.958369068010395342e-01
9.970614855300411472e-01
9.970854726215120367e-01
9.989252303346832784e-01
1.000162623056135125e+00
9.996410145683853887e-01
1.002149400998689766e+00
1.003144237760138058e+00
1.003148700918363057e+00
1.003658647950688820e+00
1.002910723798212222e+00
1.004969536177229283e+00
1.003192576972647743e+00
1.003292750653161036e+00
1.002395331285721225e+00
1.001969545558740737e+00
9.996086899100311562e-01
9.998253560364172010e-01
9.989731889667198272e-01
9.993801921309060088e-01
9.978126745769130279e-01
9.981446127303732485e-01
9.984102534019279052e-01
9.978266175908750979e-01
9.985849462784733843e-01
9.985282110670308242e-01
9.989711027983797509e-01
9.985492618845867030e-01
1.000159460450897653e+00
9.997853789188816398e-01
1.000306177388740281e+00
1.000093031564734058e+00
1.000352553784634946e+00
1.000340943857986220e+00
1.000544116419882501e+00
1.001241489622809233e+00
1.000928765555289646e+00
1.000579693325999830e+00
1.001255903638479383e+00
1.000988705335047912e+00
1.000451675550846131e+00
1.001302865283411281e+00
1.000672498816857603e+00
1.000318193431892988e+00
1.000891226240672838e+00
9.999557901182081210e-01
1.000545995326959092e+00
9.997584321070460689e-01
9.999931528222264498e-01
1.000251281566842732e+00
1.000112131528729575e+00
1.000134518493766222e+00
1.000796857387918903e+00
1.000365684799257915e+00
9.998450459627101772e-01
9.996696144629499958e-01
9.997984794032911404e-01
1.000094569725890059e+00
9.995551259301338476e-01
9.994593159570667185e-01
9.989845582187105721e-01
1.000447216707776255e+00
1.000340738243651106e+00
1.000260666054831882e+00
1.000460532515125012e+00
9.999812296097820852e-01
1.000145973845448344e+00
9.998178536983158837e-01
1.000083640122387818e+00
1.000651674322234008e+00
1.000555745090184967e+00
1.000903290383115207e+00
1.000836256319499462e+00
9.997543327601723373e-01
1.000111438962597576e+00
1.001070163745784614e+00
9.999410232538906707e-01
9.996731515134510415e-01
1.000452697126088308e+00
1.000090873835500993e+00
9.993493456639989114e-01
9.995904465756484392e-01
9.996177050480619108e-01
9.998142761225276010e-01
9.991391926002084478e-01
9.999343867391280449e-01
9.997500680387421124e-01
9.997626116448923295e-01
9.999879698015408103e-01
1.000609758621268996e+00
9.996133027093814238e-01
9.998048938355627024e-01
1.000157627810470018e+00
1.000397682428413759e+00
1.000100031492254349e+00
1.000726689543843140e+00
1.000954953757823951e+00
1.000077098838182854e+00
1.000358724954019563e+00
1.000498253134223692e+00
9.998311994813454673e-01
1.000923913130678189e+00
1.000642169469626364e+00
1.000432216718127210e+00
1.000027867800963088e+00
1.000477771954460415e+00
