0.000000000000000000e+00
0.000000000000000000e+00
0.000000000000000000e+00
0.000000000000000000e+00
0.000000000000000000e+00
0.000000000000000000e+00
0.000000000000000000e+00
0.000000000000000000e+00
0.000000000000000000e+00
0.000000000000000000e+00
0.000000000000000000e+00
0.000000000000000000e+00
0.000000000000000000e+00
0.000000000000000000e+00
0.000000000000000000e+00
0.000000000000000000e+00
0.000000000000000000e+00
0.000000000000000000e+00
0.000000000000000000e+00
0.000000000000000000e+00
2.679023609236378775e-05
3.188267946331941466e-02
9.870090880049017246e-01
3.310418755182260142e+00
3.334581013670917748e+00
1.860547567762669274e+00
8.524987525733569438e-01
3.813892486745908417e-01
1.981896704247825824e-01
2.176130451306178548e-01
8.151129657947676632e-01
1.708835565051328276e+00
1.908150890054085780e+00
1.461476371454167866e+00
9.775730517412907217e-01
6.836910763708710093e-01
5.615736379984204163e-01
5.497681497630997338e-01
5.991282793837243714e-01
6.895567941600992956e-01
7.906447657656899830e-01
9.025815069128855228e-01
1.005283048267606283e+00
1.086877306366778040e+00
1.155883084878764455e+00
1.202044115596249352e+00
1.233037366759577314e+00
1.241437800415714721e+00
1.224412925062980939e+00
1.188540620616242105e+00
1.148401472246901367e+00
1.100989827957902900e+00
1.062079088541281635e+00
1.021063593619064402e+00
9.900759652130376454e-01
9.688310062313110205e-01
9.451829991183571256e-01
9.358964979821883245e-01
9.250452598661157433e-01
9.159726656140149137e-01
9.162496100484452954e-01
9.191534016906099946e-01
9.249523485279224078e-01
9.369201686426998910e-01
9.514719516185282666e-01
9.646473748349916333e-01
9.757911282719197166e-01
9.885152822331266798e-01
9.966541826722105091e-01
1.007438963670885368e+00
1.014548529783070530e+00
1.023670832431756494e+00
1.028241749631591651e+00
1.030840084890042307e+00
1.033580598176747189e+00
1.031081982580552614e+00
1.031328917612316376e+00
1.026410930015333456e+00
1.020701858014612107e+00
1.018181837351456176e+00
1.015120226552545413e+00
1.007608850901133835e+00
1.004499167549238958e+00
9.982444903821825477e-01
9.993929436478378170e-01
9.930212151210427995e-01
9.886332832125817038e-01
9.893655043514870684e-01
9.895751423651180101e-01
9.873143253593303914e-01
9.878191342142677023e-01
9.900917214373733399e-01
9.923225747098596283e-01
9.918413190955153169e-01
9.927632969454883716e-01
9.939936149227103224e-01
9.945935860527670425e-01
9.953437447046344921e-01
9.987404203077118181e-01
9.999404802919784618e-01
1.002983452555780364e+00
1.004837454750572290e+00
1.007725424099473965e+00
1.009506342762405140e+00
1.008904441650310124e+00
1.008553604144224680e+00
1.005094286977581408e+00
1.004227297779512806e+00
1.001951069648259862e+00
9.979456376200981360e-01
9.968559087463290114e-01
9.955295246213078375e-01
9.947660962762693293e-01
9.957245551589071209e-01
9.965657794988120877e-01
9.976516201507751314e-01
9.980432270721235621e-01
1.000095888624469520e+00
1.000928591535972023e+00
1.001750394607729078e+00
9.996339009454181523e-01
9.984167970786343993e-01
9.976170705589112453e-01
9.952525980408252204e-01
9.947798773622671398e-01
9.950322858037961016e-01
9.942157915441980354e-01
9.967098060215944244e-01
1.000416370382974707e+00
1.002539018985475261e+00
1.004917758862579280e+00
1.003914311731368914e+00
1.002336525483987328e+00
1.002505921951701184e+00
1.001907750596667368e+00
1.000876347390498911e+00
9.999246488256121612e-01
1.000471837085589177e+00
9.996568442474896843e-01
9.997674394977759116e-01
1.000794147772700926e+00
9.998271069958341029e-01
9.992909663726906588e-01
9.993014841424310291e-01
9.993799439271500162e-01
9.995629124021048195e-01
9.969173455129539674e-01
9.968046566272202869e-01
9.948061009347064498e-01
9.944534346938446179e-01
9.954724845320059856e-01
9.968451322525400116e-01
9.975835126217286186e-01
9.996594974413688384e-01
1.001950722898597990e+00
1.003467161412952002e+00
1.003583608902347102e+00
1.004136884666346319e+00
1.005761769430975727e+00
1.006649613645857588e+00
1.006503586336517042e+00
1.005483525452238514e+00
1.005239139854365416e+00
1.003780969426173009e+00
1.002990870236154519e+00
1.001109659541720376e+00
9.993944989709409032e-01
9.986598491626736962e-01
9.971499522442365260e-01
9.957640178555946520e-01
9.947153198774105753e-01
9.952408861503837523e-01
9.946032279221079797e-01
9.948579207813750269e-01
9.946246903370156156e-01
9.960830538154969993e-01
9.971709671938400188e-01
9.991712492417924585e-01
9.995565447242096280e-01
1.001644592096856190e+00
1.001293151780720425e+00
1.003378888387889578e+00
1.003943289876484846e+00
1.004423451573316362e+00
1.003910298036771342e+00
1.003726794372720166e+00
1.004052494274857432e+00
1.002722236547020307e+00
1.001910617432441031e+00
1.002046140367062410e+00
1.000501989772636824e+00
1.000780520081947067e+00
1.000134120884884403e+00
9.997853358956586556e-01
9.989151593543805774e-01
9.986211909232562967e-01
9.984613913476142466e-01
9.979683889689278109e-01
9.985634899324270508e-01
9.979201046575870704e-01
9.984967322025684044e-01
9.980637131819807273e-01
9.977945635317759798e-01
9.987545303589293599e-01
9.995998493554502096e-01
1.000601975902757568e+00
1.000284812854395744e+00
9.996937176676706782e-01
9.998750669968509142e-01
1.001475230079778900e+00
1.000717536955299858e+00
1.001110014810592919e+00
1.000388964098041900e+00
1.001326009351332758e+00
1.000165362573616656e+00
1.001210260274202346e+00
1.000622981874499606e+00
1.000380016494742508e+00
1.000533094263060363e+00
9.999911788164626003e-01
1.000545379592920447e+00
1.000672875548854979e+00
1.000414422936239500e+00
9.999050078972910871e-01
1.000561852392159334e+00
1.000047869094625064e+00
9.989964537115615384e-01
1.000021599666310212e+00
1.000325219081123373e+00
9.998020144569178536e-01
1.000082531013384957e+00
9.997214269311454071e-01
9.998207309700335443e-01
9.985284410924758491e-01
9.991854035092726516e-01
9.998029379257737936e-01
1.000088836273236748e+00
1.000293553887475539e+00
1.000243105878559247e+00
1.000752088509472948e+00
1.000734431551499215e+00
1.000068756627171318e+00
1.000747434964863958e+00
1.000989258098120782e+00
1.000412669731424176e+00
1.000709439403020262e+00
1.000133025607252257e+00
1.000222603152749468e+00
1.001046975090697178e+00
1.000710798513787081e+00
1.000137214564801758e+00
1.000612835367731934e+00
1.000276131045829242e+00
1.000438057560241178e+00
9.998373974878180803e-01
1.001290641953593630e+00
9.999504768420260925e-01
1.000426054423604549e+00
1.000656237684159011e+00
1.000320897438216727e+00
9.998699371487095311e-01
9.990931098339703720e-01
9.998948946351083888e-01
1.000095243654442356e+00
1.000101414126733035e+00
9.992383522862483547e-01
1.000412054660339889e+00
1.000725290565571912e+00
1.000717301103516643e+00
1.001052116157834737e+00
1.000055114443024973e+00
1.000770966538708340e+00
1.000316887045381797e+00
1.000848293550813839e+00
1.000549169510386971e+00
1.000830956619281453e+00
1.000226880009093655e+00
1.000551772197456613e+00
1.000277528181543474e+00
1.000367468385396919e+00
