0.000000000000000000e+00
0.000000000000000000e+00
0.000000000000000000e+00
0.000000000000000000e+00
0.000000000000000000e+00
0.000000000000000000e+00
0.000000000000000000e+00
0.000000000000000000e+00
0.000000000000000000e+00
0.000000000000000000e+00
0.000000000000000000e+00
0.000000000000000000e+00
0.000000000000000000e+00
0.000000000000000000e+00
0.000000000000000000e+00
0.000000000000000000e+00
0.000000000000000000e+00
0.000000000000000000e+00
0.000000000000000000e+00
0.000000000000000000e+00
0.000000000000000000e+00
3.255322441751053175e-02
9.892253465284182035e-01
3.332720359410894950e+00
3.339582850357982746e+00
1.880427428857166072e+00
8.467901962258435056e-01
3.866197327975536280e-01
1.997938161127256473e-01
2.203787788993322727e-01
8.159814785367101031e-01
1.717471986613705148e+00
1.907575390061502896e+00
1.463150676714574105e+00
9.833840288049954248e-01
6.841680947064475715e-01
5.610525238675577731e-01
5.423765314918039815e-01
5.971774270929876005e-01
6.846900591893332333e-01
7.961987114542232735e-01
9.034892666842978537e-01
1.000318723093354789e+00
1.093732237682243147e+00
1.154424934878077513e+00
1.207886465853434288e+00
1.235214873888151210e+00
1.248481154265438375e+00
1.232345915473918474e+00
1.199067126779082004e+00
1.157581350885958038e+00
1.104540221757969620e+00
1.063984353743003819e+00
1.024314487004500895e+00
9.935069175220294646e-01
9.712563480120111059e-01
9.504845415687512844e-01
9.338966608661630753e-01
9.271735779660901233e-01
9.205938220334631827e-01
9.146467443433236033e-01
9.185205564395189093e-01
9.248927588269921785e-01
9.327830409591968408e-01
9.478340518529021486e-01
9.616930396987614094e-01
9.738680723272935547e-01
9.876517347252301571e-01
1.000050855967825836e+00
1.008750822977661166e+00
1.014831196858383411e+00
1.021117873788791375e+00
1.026714681104725635e+00
1.028678212384950719e+00
1.032519441348274780e+00
1.032268005990001791e+00
1.029422687486271526e+00
1.026178862127115732e+00
1.020639101939537108e+00
1.020263300973210718e+00
1.015184260876613065e+00
1.011629816437911611e+00
1.004123373521928375e+00
9.999511538619053619e-01
9.959606420707370900e-01
9.928360405044793779e-01
9.912916941060162523e-01
9.887327533217599163e-01
9.869346300351119483e-01
9.906455680088710469e-01
9.909525631852285077e-01
9.907027809869830559e-01
9.909588767314957414e-01
9.922157670872016055e-01
9.947140872551063495e-01
9.951565314296753062e-01
9.939468881683427570e-01
9.967698890886518281e-01
9.989232953347748634e-01
9.987307991239204874e-01
1.003844518892422100e+00
1.006309086082260329e+00
1.007620482661568673e+00
1.010419271687210907e+00
1.008356962206733876e+00
1.006507707471073765e+00
1.008110429441961386e+00
1.003804222096278176e+00
1.000062754272165622e+00
9.963002353090827379e-01
9.960412202996263842e-01
9.958259976879161313e-01
9.939478390504413730e-01
9.952488949717879230e-01
9.968626161471558778e-01
9.988119348174746559e-01
1.000272979053165034e+00
1.000031930028973948e+00
1.001685379031995726e+00
1.002813910247970730e+00
1.001022281433790351e+00
1.000095211114301996e+00
9.984838312974004815e-01
9.949268603424064050e-01
9.941173590184985143e-01
9.942543326533896941e-01
9.958509213836950202e-01
9.969468235349500107e-01
1.000142914190527366e+00
1.001285906642847223e+00
1.002861297165294596e+00
1.004131123844046458e+00
1.003850967739274402e+00
1.001745945883131483e+00
1.000667134941954917e+00
1.001295799733971981e+00
1.000582826540935555e+00
9.999967190101289871e-01
1.000295681202280518e+00
1.000595053792169065e+00
1.000296661831430844e+00
1.001716166934863983e+00
1.001145630663108577e+00
9.998568710356872113e-01
9.997858855452776972e-01
9.989939448777351849e-01
9.967263139699437113e-01
9.953109735305805117e-01
9.956771613857060554e-01
9.939712316313014107e-01
9.945616437677037291e-01
9.957718928788780177e-01
9.963113056898795783e-01
9.986579173312856161e-01
1.000994525333919416e+00
1.003842259584778018e+00
1.004687154207309252e+00
1.004297578956847126e+00
1.006752984361086734e+00
1.006508152657461075e+00
1.007109595571858751e+00
1.006255459453047285e+00
1.005397625823887919e+00
1.003819601514030380e+00
1.002797090684477865e+00
9.999960460516821303e-01
1.001400467687171725e+00
9.994927900266790122e-01
9.968633878517498825e-01
9.956472633057135146e-01
9.948788890631918846e-01
9.944142018904260638e-01
9.934546104732578931e-01
9.940822930684718450e-01
9.952186088687983156e-01
9.970564037261313572e-01
9.975303364217490421e-01
9.996462411246513913e-01
9.991518603435320944e-01
1.000982172999218989e+00
1.002070336576074583e+00
1.002806734115823106e+00
1.003418495420901779e+00
1.003986166911007061e+00
1.004348910196498856e+00
1.003446628513425143e+00
1.003689029682672818e+00
1.002702807240898109e+00
1.001353139515961610e+00
1.001654369805768052e+00
1.001298096704342777e+00
1.000902605528700695e+00
1.000525110035868304e+00
9.994099316543250122e-01
1.000025534927051041e+00
9.983951554287150421e-01
9.980155028987718335e-01
9.978909549940990775e-01
9.988401416738038607e-01
9.987439764529483233e-01
9.990041220697636337e-01
9.995650617032811880e-01
9.991972815959675458e-01
9.988461088822637723e-01
9.989092446623630828e-01
1.000359010517088976e+00
9.990466607086841977e-01
9.994147934913359954e-01
1.000440213454703686e+00
1.000170857814770775e+00
9.988811167487546827e-01
1.001140291742803612e+00
1.000254506895429829e+00
1.000377617545551878e+00
1.000502947415964572e+00
1.001604845854661585e+00
1.000321816956218690e+00
1.000438793340874932e+00
1.000818712638935626e+00
1.000612654016834524e+00
1.001388169977811327e+00
1.000710356700744708e+00
1.000605213164231788e+00
9.999909927274958088e-01
1.000388007107341215e+00
1.000325716453395852e+00
9.996614059912647399e-01
1.000126741752515258e+00
9.985554928769970751e-01
9.997189979272764759e-01
9.995695409264129250e-01
1.000091005865755056e+00
1.000749093912265852e+00
9.997412209011123929e-01
9.991400089924052930e-01
9.993784440370454547e-01
9.996679638015749658e-01
1.000932144203699581e+00
9.998826936947000643e-01
1.000083762191075643e+00
9.997535786321202211e-01
1.000682713943186641e+00
9.997798392388769217e-01
1.000046055807995771e+00
1.000568451626040911e+00
1.000653473389894854e+00
1.000634288878821110e+00
1.000085833492551979e+00
1.001268729442655436e+00
9.998974227619561450e-01
1.000494430324211592e+00
9.996809273617843772e-01
9.991953961358543967e-01
1.000680105417916854e+00
9.998012710758213961e-01
9.994991446147116765e-01
9.998182163412688839e-01
1.000199714655784611e+00
9.998607693184776712e-01
9.997593073271980879e-01
9.999101521614106591e-01
9.996548351787224451e-01
1.000090125762151505e+00
9.993974438061813403e-01
1.000663681117220261e+00
9.998361111565368109e-01
1.000261690770654521e+00
1.000683672411658565e+00
1.000100617062759767e+00
9.999327818213136210e-01
1.000355003600706061e+00
1.000574857946241680e+00
1.000519538847836731e+00
1.000608453855718505e+00
1.000342101731232614e+00
1.000744297488400436e+00
1.000299814681224753e+00
1.000474586956549006e+00
1.000180541448452143e+00
1.000531451672195704e+00
