0.000000000000000000e+00
0.000000000000000000e+00
0.000000000000000000e+00
0.000000000000000000e+00
0.000000000000000000e+00
0.000000000000000000e+00
0.000000000000000000e+00
0.000000000000000000e+00
0.000000000000000000e+00
0.000000000000000000e+00
0.000000000000000000e+00
0.000000000000000000e+00
0.000000000000000000e+00
0.000000000000000000e+00
0.000000000000000000e+00
0.000000000000000000e+00
0.000000000000000000e+00
0.000000000000000000e+00
0.000000000000000000e+00
0.000000000000000000e+00
0.000000000000000000e+00
3.225808762033953447e-02
9.957040829820488215e-01
3.300601844289361875e+00
3.335771410721247943e+00
1.874395792909180569e+00
8.494447462064274035e-01
3.869145192348751872e-01
1.981128331515203678e-01
2.227932454753013825e-01
8.125461260707537159e-01
1.712967054583178106e+00
1.903638299617008922e+00
1.465675937275959573e+00
9.805844955641087601e-01
6.806332096231627604e-01
5.610471005164204827e-01
5.493709705030319634e-01
5.992847931821272400e-01
6.916055893634887042e-01
7.942357036519331892e-01
9.054529901602678121e-01
1.006993536316673987e+00
1.087424721190769050e+00
1.160714535588317720e+00
1.206113444325798367e+00
1.231400811209304891e+00
1.242563955395643127e+00
1.224900253969211095e+00
1.191255912914654269e+00
1.147297774350249489e+00
1.097494055755773523e+00
1.060861561255131758e+00
1.024003091600769189e+00
9.923682028037372760e-01
9.692173601719950016e-01
9.509859512688125793e-01
9.356808417197534089e-01
9.269565171383958857e-01
9.182692673728991561e-01
9.122947830051916229e-01
9.199375004136829403e-01
9.237587303103788061e-01
9.362682550185235097e-01
9.490503944510247925e-01
9.635882981625925048e-01
9.734083035440559417e-01
9.855973982122518962e-01
9.977885093248685111e-01
1.005987929621670274e+00
1.015284306803119874e+00
1.018708718321866602e+00
1.027236010853544990e+00
1.029716709839138877e+00
1.028348332011626676e+00
1.029601459845393530e+00
1.028929049397279805e+00
1.023829878949469752e+00
1.022970692576954166e+00
1.015421553401797850e+00
1.014046325593591646e+00
1.007785831492481243e+00
1.004211783580770900e+00
9.973830037115593017e-01
9.974803571480016506e-01
9.905219847363793129e-01
9.902559723963869631e-01
9.913042961810103471e-01
9.877582230690080678e-01
9.878909270459420577e-01
9.880214043793958956e-01
9.924604452333848359e-01
9.922714308352500456e-01
9.923813821665051771e-01
9.939698344344162217e-01
9.913778063272702390e-01
9.925003635064235663e-01
9.963450764419278238e-01
1.000060900372954587e+00
9.992910126500534895e-01
1.002203413580960545e+00
1.005507375037653306e+00
1.008463302577376153e+00
1.007294451318162309e+00
1.006677569399400118e+00
1.007302616761655001e+00
1.006040466156794766e+00
1.003261736545802085e+00
9.994859164330425205e-01
9.970826517497274333e-01
9.960866206680402124e-01
9.946404869200785592e-01
9.943715405810414909e-01
9.956417102923706963e-01
9.953670712386092356e-01
9.975322225102770668e-01
9.970283283669517660e-01
1.000224315025326716e+00
9.997672644406295772e-01
1.001231514338054129e+00
9.992506727735573913e-01
1.000198663176773861e+00
9.963932399533946827e-01
9.964921607401076020e-01
9.950422555682743031e-01
9.927909395002435522e-01
9.946153547167139175e-01
9.972695079357014603e-01
1.001047729340515113e+00
1.001431172227438271e+00
1.005200837352083543e+00
1.000952229842471786e+00
1.002740974821497932e+00
1.001514153032916798e+00
1.000674221415354559e+00
1.001029690358419710e+00
1.000737774609079977e+00
9.989626019428742287e-01
9.992845902678070269e-01
1.000516358148177520e+00
9.999000627049829948e-01
1.000311737839839843e+00
1.000983969568201903e+00
9.992877615118778145e-01
9.987077246799491714e-01
9.993346833346625768e-01
9.973789835749187205e-01
9.956100126753929525e-01
9.959378177455557868e-01
9.952102093762804635e-01
9.953245179809040444e-01
9.958850208265642712e-01
9.974370124163431939e-01
9.999192520508893844e-01
1.001624824613470688e+00
1.002429721818979713e+00
1.003549922477935175e+00
1.006293756268612949e+00
1.006098852662701937e+00
1.007274928906793710e+00
1.006137623079133014e+00
1.005782090468553047e+00
1.004168927551927437e+00
1.005738746369217784e+00
1.002209405549638666e+00
1.001967707744179092e+00
9.991483926116114800e-01
9.980443602459616592e-01
9.980247990431913019e-01
9.947522094851790619e-01
9.948946709971195901e-01
9.949918373213109124e-01
9.946629123526292693e-01
9.962953819166526781e-01
9.951066286354589563e-01
9.957636637959454973e-01
9.980663825001274692e-01
9.984761666730660457e-01
9.995922681775916141e-01
1.001110685005880629e+00
1.002906892617668078e+00
1.003202936520095623e+00
1.003764064721670790e+00
1.004314292537510589e+00
1.003032206047294705e+00
1.003891963241216878e+00
1.004584328896700685e+00
1.003551231792478404e+00
1.002616284160895876e+00
1.001407671869423810e+00
1.000829325731449782e+00
1.000424963679912072e+00
9.996673388577292929e-01
9.990367599640794793e-01
9.993083770202216831e-01
9.987950959708727927e-01
9.984843612340146279e-01
9.977313273954417916e-01
9.982858129280164361e-01
1.000140121465691978e+00
9.980186149782925842e-01
9.990325903672292451e-01
9.995911355394991871e-01
9.992456347921053750e-01
1.000374439270918625e+00
9.991027307900771648e-01
1.000821934890991693e+00
1.000462639991166025e+00
9.998159450496483247e-01
1.000397401044609946e+00
1.000557399709606887e+00
1.000064536205404586e+00
1.000157249852652086e+00
1.001875134736745387e+00
1.001275259084031477e+00
1.000567668183760528e+00
1.000701074888983300e+00
1.000158489576080445e+00
1.000413459745680189e+00
1.001011312447561918e+00
1.000467139500803793e+00
1.001136586488135194e+00
9.998821459235807119e-01
1.001156614355405816e+00
1.000939035402138799e+00
9.994908328783943530e-01
9.998695455825296063e-01
9.992394909975426120e-01
9.998114338907240217e-01
9.989928422103683259e-01
1.000003786068310419e+00
9.999795024769487783e-01
9.996677458080138745e-01
9.995395013545927965e-01
9.999631354356516288e-01
1.000189183341007704e+00
9.997118708588721425e-01
1.000140913662446174e+00
9.997226384846361613e-01
1.000118337387525091e+00
1.000144943178488344e+00
1.000107455774531751e+00
1.000411242010250001e+00
9.997615609084459232e-01
1.000006665937458239e+00
9.996249497122440264e-01
1.000577957166491894e+00
9.999603584468546025e-01
1.000388841965560216e+00
1.001517351993938432e+00
9.997381863639285271e-01
1.001285976459515448e+00
1.001040129539545243e+00
9.999666319733704345e-01
9.998543618945143763e-01
1.000112498475925982e+00
1.000237777063860189e+00
9.995448966557131110e-01
1.000361217789061952e+00
9.997291816771078921e-01
9.996201461552101097e-01
9.997138227161916912e-01
9.998161307694115596e-01
1.000088776403228907e+00
9.997098002452348142e-01
1.001015448977687461e+00
9.999393864529505516e-01
9.995747474216915007e-01
1.000027158668462812e+00
1.000873394910552161e+00
1.000761667404123312e+00
1.000555507226389418e+00
1.000516549624594020e+00
1.000766288503545987e+00
1.000309681906991432e+00
1.001070613523866948e+00
1.001086134520721815e+00
1.001611395559828033e+00
9.999884796729452408e-01
1.000161037886320603e+00
