0.000000000000000000e+00
0.000000000000000000e+00
0.000000000000000000e+00
0.000000000000000000e+00
0.000000000000000000e+00
0.000000000000000000e+00
0.000000000000000000e+00
0.000000000000000000e+00
0.000000000000000000e+00
0.000000000000000000e+00
0.000000000000000000e+00
0.000000000000000000e+00
0.000000000000000000e+00
0.000000000000000000e+00
0.000000000000000000e+00
0.000000000000000000e+00
0.000000000000000000e+00
0.000000000000000000e+00
0.000000000000000000e+00
0.000000000000000000e+00
2.679539734474364223e-05
3.110926312764851834e-02
9.961636670074055511e-01
3.309160096121543049e+00
3.350851549038165178e+00
1.884476908961496999e+00
8.539619500475690295e-01
3.847835473690762731e-01
1.960926430691430078e-01
2.216278615020238485e-01
8.162627265464987847e-01
1.715123537577342150e+00
1.917027060941383310e+00
1.464025918324179276e+00
9.864664753212641912e-01
6.831257435032306313e-01
5.626624438845484466e-01
5.430185587330832453e-01
5.932107687758182424e-01
6.852503681226299603e-01
7.942714278144702433e-01
9.008328142258437143e-01
1.007341069779642329e+00
1.094288509615867655e+00
1.159484101510245502e+00
1.206306872405210395e+00
1.236316811755261424e+00
1.243653692320006110e+00
1.225745267993323617e+00
1.191187365909896601e+00
1.150852940544539793e+00
1.100598942526237911e+00
1.059795191435774830e+00
1.020752703595795730e+00
9.922422509054469320e-01
9.687105161743123638e-01
9.486780160124649308e-01
9.359677946538089710e-01
9.215572673029239770e-01
9.146920785988992275e-01
9.141398873535792058e-01
9.154414852567572813e-01
9.244789263622993358e-01
9.324081421011439774e-01
9.484959138448056937e-01
9.655814012723035189e-01
9.740893593808618300e-01
9.845602745939301403e-01
9.947483317984501250e-01
1.007390551873416751e+00
1.016196521656124396e+00
1.024363745203928699e+00
1.025727125560975006e+00
1.028937162238187764e+00
1.033246029825682477e+00
1.030701701092366251e+00
1.025904127032130075e+00
1.024810368012788464e+00
1.023270876643316951e+00
1.017178690856315404e+00
1.010723924640605675e+00
1.005783465099770568e+00
1.002404124897542825e+00
9.976598064993779102e-01
9.943675172976488286e-01
9.928997636467067345e-01
9.912818680853840991e-01
9.873289105340973260e-01
9.870493812788666554e-01
9.870067908717431449e-01
9.911255487498936700e-01
9.919936426146209740e-01
9.901074899771479254e-01
9.907801460557502660e-01
9.925055673138805101e-01
9.938072225663953096e-01
9.931935346584341850e-01
9.961444834101634838e-01
9.977731380902006286e-01
9.991786444987954541e-01
1.002157469577189097e+00
1.005403838288081442e+00
1.006768217267222765e+00
1.008128978256610520e+00
1.009303024334744059e+00
1.006833355022782595e+00
1.005849963724413820e+00
1.002950069397478217e+00
9.998699416062949430e-01
9.959680208695750325e-01
9.949042640234329049e-01
9.950155871660112394e-01
9.948313749431255681e-01
9.946110587469979558e-01
9.950833993981569314e-01
9.973296544312819645e-01
9.988637006553421349e-01
9.986447546948755694e-01
1.000327370826451290e+00
1.001251690033377661e+00
9.998846599582196237e-01
9.991027783020387520e-01
9.973671919486067905e-01
9.940575392622131856e-01
9.924493950955600718e-01
9.916520789986308371e-01
9.958079626273105278e-01
9.969905095950944984e-01
9.996405283249346629e-01
1.003402421719038262e+00
1.005082261154091716e+00
1.003851096435318668e+00
1.005450537774190689e+00
1.002550548401669239e+00
1.000058029537152393e+00
9.999459582447184358e-01
9.996566696356014026e-01
9.995047032495276706e-01
1.000404293635744457e+00
1.000098953006051117e+00
1.000707381740802537e+00
1.000509121872861673e+00
1.000455793304363628e+00
1.001122824079990092e+00
9.981387348056297570e-01
9.969272746686315134e-01
9.973733700914074740e-01
9.954374181778363750e-01
9.942239841307674020e-01
9.942479236862988845e-01
9.950601013094810821e-01
9.958732084493039372e-01
9.971296476059938740e-01
9.986465483091928608e-01
1.001132126135767741e+00
1.003108986230652144e+00
1.004809335041522367e+00
1.004276759495208449e+00
1.006013367764823085e+00
1.006045763667884785e+00
1.005095510081682741e+00
1.006088333330255935e+00
1.005088596612875085e+00
1.004702401571538672e+00
1.003100024630272147e+00
1.001869988271781864e+00
9.993505822401349548e-01
9.990529663543746830e-01
9.970207372487095432e-01
9.957371062573675546e-01
9.941223907787254399e-01
9.932935511130746020e-01
9.940249579602542518e-01
9.936199304800406029e-01
9.950826232885591205e-01
9.961886534669716076e-01
9.957635972984159034e-01
9.984453683442437999e-01
1.000774586417719769e+00
1.001220236975427280e+00
1.000834411949287350e+00
1.003155758826254962e+00
1.002875352553491917e+00
1.004144995130863416e+00
1.003653388592569806e+00
1.003805933851687371e+00
1.003011551124870726e+00
1.002773171402633112e+00
1.002823498755711862e+00
1.001229574310504855e+00
1.000682636750186205e+00
1.000443226544142972e+00
9.999860812903814677e-01
9.986585995805328242e-01
9.982427163278706495e-01
9.979115455536575752e-01
9.977617479011513524e-01
9.992515415483373964e-01
9.977208191128612569e-01
9.987870005008036012e-01
9.973263413182884563e-01
9.988246599083724364e-01
9.996729604354102072e-01
9.985243000250061396e-01
9.995925920065351633e-01
1.000795812924710981e+00
1.000527441992060673e+00
9.998358265059488215e-01
1.000178067068942411e+00
1.000978639070491782e+00
1.001194507664324274e+00
1.000578996638251450e+00
1.000469453209814175e+00
1.000789505483540509e+00
1.000223902205509496e+00
1.000613482283434497e+00
1.000667736886667214e+00
1.001127961625382312e+00
1.000345796651434860e+00
1.001134330225165181e+00
1.000489112968248717e+00
1.000597756960648788e+00
9.998739044674045395e-01
1.000127631994637945e+00
1.000734949444966215e+00
9.997151508828830968e-01
1.000285964210022138e+00
9.997522596020637087e-01
9.992956931293551781e-01
9.996847770855912252e-01
1.000186378130079712e+00
9.995607474719717667e-01
9.991705478550285680e-01
9.994983634145120366e-01
9.988193626863379748e-01
1.000421620353388441e+00
9.998386987366267853e-01
1.000588698532385079e+00
9.996699227721838055e-01
9.999900123858248557e-01
1.000092827703903176e+00
1.000358561652204825e+00
1.000527875633444364e+00
1.000560373383001966e+00
1.001071520953732641e+00
1.000284983275551376e+00
1.000472326433123893e+00
1.000644398155143833e+00
9.994482155517556698e-01
1.001261108821056567e+00
1.000075738715914264e+00
1.000474941784360805e+00
1.000696549270682079e+00
1.000833228354995219e+00
9.995366907230172071e-01
1.000151936684893439e+00
9.993193545854063276e-01
9.996380012543836235e-01
9.994827405924605612e-01
9.995833419074037218e-01
9.998033161397029689e-01
1.000285521082528106e+00
1.000145881608153431e+00
1.000324901363781382e+00
9.997156464814386245e-01
9.999525439495997592e-01
1.000183430852001676e+00
1.000581877178866375e+00
1.000600757758045578e+00
9.998107035445737978e-01
1.000444345971377436e+00
1.001464178378475900e+00
1.000206247767204015e+00
1.000824741902802018e+00
1.001023690108326480e+00
1.001301263891147597e+00
1.000605496467000144e+00
1.000038824950074012e+00
9.999043438563158803e-01
1.000514489939016816e+00
