0.000000000000000000e+00
0.000000000000000000e+00
0.000000000000000000e+00
0.000000000000000000e+00
0.000000000000000000e+00
0.000000000000000000e+00
0.000000000000000000e+00
0.000000000000000000e+00
0.000000000000000000e+00
0.000000000000000000e+00
0.000000000000000000e+00
0.000000000000000000e+00
0.000000000000000000e+00
0.000000000000000000e+00
0.000000000000000000e+00
0.000000000000000000e+00
0.000000000000000000e+00
0.000000000000000000e+00
0.000000000000000000e+00
0.000000000000000000e+00
0.000000000000000000e+00
0.000000000000000000e+00
0.000000000000000000e+00
0.000000000000000000e+00
0.000000000000000000e+00
2.616908789748260272e-02
6.006332732685039089e-01
2.260442663269392138e+00
2.767668864228977288e+00
1.799814062037358164e+00
9.099817190583506799e-01
4.511939664262734628e-01
2.519492658847454769e-01
2.080964136566589850e-01
2.188713645150220100e-01
2.555567005749128096e-01
2.712341634258280121e-01
2.899191231635764310e-01
3.088870504239606962e-01
3.020323965606412919e-01
3.169925622311314806e-01
3.646563998674757223e-01
4.761939584292334549e-01
6.104073947383191756e-01
7.924600034199487109e-01
9.743604035002577657e-01
1.129834441788515553e+00
1.252634045708995059e+00
1.365450560854628570e+00
1.448049247581888244e+00
1.527785019329972238e+00
1.578521076764654696e+00
1.574662174114226820e+00
1.471818503186416160e+00
1.371858027746194253e+00
1.219834308237474740e+00
1.077845190632058525e+00
9.698793550345705672e-01
9.156327674144019158e-01
8.895636455261880515e-01
8.543163922486398665e-01
8.600278491434527606e-01
8.645221755473003755e-01
8.850565317752679961e-01
9.046515396716285906e-01
9.147130050051816008e-01
9.357191118849239597e-01
9.525450559645477489e-01
9.788003593452494489e-01
9.971639847935336309e-01
1.013989974211637168e+00
1.025949724860215184e+00
1.042241639114212193e+00
1.052279685709977874e+00
1.048783084377915342e+00
1.052025239679677204e+00
1.037725627123988081e+00
1.023899411198342602e+00
1.021013217015393826e+00
9.973798373429342279e-01
9.809682907554785336e-01
9.692272592101510709e-01
9.618335989504835926e-01
9.528780709507654878e-01
9.485371817798419203e-01
9.477285923374066945e-01
9.462438962242422091e-01
9.576322560065104739e-01
9.623495769020454782e-01
9.646517778132993604e-01
9.792619861581737251e-01
9.845080454310685125e-01
9.911193112552275641e-01
9.909076354111600038e-01
9.938483086580226500e-01
1.001411953633766228e+00
9.967851317893703378e-01
9.932601321478375933e-01
1.008649688181770143e+00
1.008044664793648293e+00
1.019166127329395932e+00
1.025244797904094174e+00
1.025327338537220134e+00
1.016156349147439464e+00
1.004179278737295178e+00
9.917721168792320574e-01
9.746714683668191714e-01
9.657718524465266352e-01
9.513583011939192868e-01
9.503840277967632311e-01
9.660589864775427360e-01
9.884628284981853419e-01
1.005472109839810280e+00
1.037527907917567660e+00
1.062805309180644864e+00
1.084789098115909178e+00
1.114802229601333128e+00
1.124088629442437259e+00
1.113242128612843107e+00
1.110371488643693283e+00
1.084574865719526882e+00
1.071934080920357912e+00
1.033535925175221859e+00
1.003488565189555093e+00
9.795021384651587670e-01
9.726909747273371210e-01
9.702146346802620336e-01
9.722956533214496266e-01
9.877028790727656604e-01
1.002682028601870501e+00
1.012038096143229371e+00
1.022952557632932358e+00
1.029865676461433344e+00
1.024155625786188351e+00
1.022424062585229221e+00
1.017358049004092990e+00
1.011105863904337987e+00
1.003308913746776998e+00
9.845597467702679184e-01
9.848129385791072332e-01
9.814098107014570527e-01
9.816934576812991198e-01
9.873557892412998527e-01
9.802016213488472518e-01
9.842315201046112350e-01
9.919239270714985679e-01
9.927186055657705177e-01
9.920525094909353747e-01
9.886049679230394238e-01
9.934474154552574987e-01
9.912240997869399273e-01
9.918045370172364761e-01
9.905329438240735307e-01
9.890488322709014568e-01
9.914109768388036370e-01
9.914219479409709379e-01
9.929409796203512162e-01
9.974799813910042445e-01
9.974296571484737584e-01
9.989959300194547476e-01
1.000762120436095470e+00
9.957373634229542692e-01
9.982883118293539582e-01
9.999507795960783652e-01
1.001111109705427715e+00
1.002243175186019686e+00
9.939890914527619303e-01
9.980434670890454552e-01
9.980038198922007719e-01
1.003056701709817311e+00
9.995585594767760762e-01
9.969907397337695043e-01
9.996233492629292838e-01
1.001936736910080450e+00
1.000391731747570345e+00
9.987756327226854358e-01
1.001705668782838954e+00
1.001047103518202475e+00
9.990675569554228197e-01
1.002166385454226871e+00
1.003234905150870437e+00
9.985637698989073829e-01
9.997508844801961114e-01
1.000261434314301479e+00
9.979577730727785534e-01
9.967135954833996614e-01
1.000191002345888647e+00
9.977441582425685684e-01
1.003154908116218103e+00
9.986858587408706800e-01
9.979668662664598067e-01
9.983636322116529183e-01
1.000911573308100655e+00
1.000215466964079480e+00
9.969346662555607086e-01
9.959327608598724790e-01
9.993774571108108296e-01
9.988536665281103621e-01
9.979588456524571827e-01
1.001257691409816353e+00
9.939206537474872816e-01
9.960971701614068641e-01
9.955111555739140083e-01
9.980056669919834533e-01
9.941395208691310437e-01
1.000444660094018001e+00
9.950668246799846406e-01
9.983997014973878814e-01
9.955342199497464462e-01
9.961387295884452930e-01
9.975285479305862069e-01
9.961803748599786790e-01
9.969302951109326738e-01
9.998308752106730424e-01
9.972393132140326966e-01
9.961614170116852573e-01
9.996959630920319029e-01
9.985500751710848499e-01
9.965565345933327102e-01
9.943248094337984178e-01
9.940139312802473981e-01
9.960077008666580189e-01
9.959799775800538546e-01
9.980259198004435284e-01
9.908465741876834043e-01
9.973737024903132076e-01
9.978254176449086188e-01
9.969258725160750068e-01
9.977618695832141116e-01
9.977411196287053752e-01
9.944902076017068104e-01
9.995956760309429034e-01
9.980054350930597229e-01
9.964322753622079087e-01
9.940363764858496376e-01
9.946843853641645916e-01
9.953538888090115444e-01
9.966990615014750254e-01
9.950425662778993319e-01
9.939628515914327167e-01
9.991457434587008857e-01
9.945918021208870474e-01
9.967566228596795863e-01
9.937286298672800555e-01
9.991815946262723180e-01
9.968227980306193503e-01
9.955270807369567265e-01
1.002238260539179748e+00
9.993218860733850128e-01
9.991916842292309919e-01
1.000739763800408300e+00
9.992777490636952642e-01
9.984833065080522818e-01
9.993156051718041777e-01
9.961124001153714991e-01
9.991493917722750195e-01
9.992854581644898815e-01
1.001827611629891646e+00
9.991445837519888906e-01
9.975888357607548551e-01
9.975642335170287200e-01
9.988160982573476288e-01
9.987955685419811491e-01
9.984519242211978840e-01
1.000621040500666581e+00
9.985144216023114083e-01
9.966763002634200230e-01
9.984862014159754384e-01
9.973484616624107568e-01
9.982964848923187029e-01
9.978918469584350248e-01
9.984952041576575787e-01
9.982289913237906154e-01
9.948152713687058446e-01
9.781374108561076142e-01
9.700404844696606244e-01
9.569244625492322465e-01
9.473881077791663774e-01
9.332649702040427542e-01
9.239382511620589655e-01
