0.000000000000000000e+00
0.000000000000000000e+00
0.000000000000000000e+00
0.000000000000000000e+00
0.000000000000000000e+00
0.000000000000000000e+00
0.000000000000000000e+00
0.000000000000000000e+00
0.000000000000000000e+00
0.000000000000000000e+00
0.000000000000000000e+00
0.000000000000000000e+00
0.000000000000000000e+00
0.000000000000000000e+00
0.000000000000000000e+00
0.000000000000000000e+00
0.000000000000000000e+00
0.000000000000000000e+00
0.000000000000000000e+00
0.000000000000000000e+00
0.000000000000000000e+00
0.000000000000000000e+00
0.000000000000000000e+00
0.000000000000000000e+00
0.000000000000000000e+00
2.310961539653560645e-02
5.772466919271798114e-01
2.102714364940679204e+00
2.527722650810998228e+00
1.666262101700753728e+00
8.645509901224813776e-01
4.277112440071643151e-01
2.488950571435888937e-01
1.994101449338556709e-01
2.140307345705458608e-01
2.446695174177989096e-01
2.716755410462767251e-01
2.988391619703337221e-01
3.088032304612679524e-01
2.923219460102398082e-01
3.159280298249466101e-01
3.761610027189652983e-01
4.765537827014253436e-01
6.192863522038503099e-01
8.067307694167922261e-01
9.787668714775996648e-01
1.152416719160242131e+00
1.300538506166167396e+00
1.393946950385328565e+00
1.510376137914490879e+00
1.585626001026350984e+00
1.623228257952712861e+00
1.597258894453981171e+00
1.522356261712358938e+00
1.394461582251676601e+00
1.237267939856970145e+00
1.100610554690127030e+00
1.008225768419850343e+00
9.332592282045134580e-01
8.928962008335329381e-01
8.757928679027179308e-01
8.810072169491329763e-01
8.727413039234299674e-01
8.954496017175803679e-01
9.304425959794986323e-01
9.385454970163586985e-01
9.488966392067125222e-01
9.797664026779937529e-01
1.000608760620336657e+00
1.016368302870560569e+00
1.038378524046045248e+00
1.050232536330347521e+00
1.060042958160446691e+00
1.076676813136717259e+00
1.073283051310386815e+00
1.081697351084688785e+00
1.066102713000652402e+00
1.047993183646229065e+00
1.043882855827936051e+00
1.023602923711511403e+00
1.014843640025115734e+00
9.913465701731901669e-01
9.798304599075751131e-01
9.704741562241102626e-01
9.713512028217455851e-01
9.796499676520431521e-01
9.770952002976592832e-01
9.804313793182218850e-01
9.929160577894761142e-01
9.884612888465308389e-01
9.942842921341004114e-01
9.954439193671131836e-01
1.002458331240307920e+00
1.004348462169419198e+00
1.002244267400540734e+00
1.017220597801655524e+00
1.007214308477031750e+00
1.011249936134351657e+00
1.015138843007677094e+00
1.020862647702027282e+00
1.028345894422234119e+00
1.029344162139214758e+00
1.024799670588015355e+00
1.028537208416699267e+00
1.012047297239661026e+00
1.001151865884780001e+00
9.902138814662001520e-01
9.819677036612566301e-01
9.642273180453257986e-01
9.665548399636395560e-01
9.838703309052170276e-01
9.904206349962748623e-01
1.024167126223054725e+00
1.045373310013825385e+00
1.076720956359208170e+00
1.104414913561156286e+00
1.125827027734482177e+00
1.140792527248829957e+00
1.135946014362891221e+00
1.132914487949221005e+00
1.106756808455183538e+00
1.076470528789735370e+00
1.058581208442374244e+00
1.015852862441448012e+00
9.955810284953500178e-01
9.796980148531810872e-01
9.804622621120244741e-01
9.815833299336242934e-01
1.001543728997018823e+00
1.018138408818821450e+00
1.028218474117421843e+00
1.037320358383004848e+00
1.052714686757378226e+00
1.046705450656616243e+00
1.040087254829892505e+00
1.024614613636253502e+00
1.014739593733817058e+00
1.011717794497605460e+00
1.005533797548948005e+00
9.963054456913260637e-01
9.998861338119059416e-01
9.975147815584664013e-01
9.897521580503959582e-01
9.993077024402342579e-01
1.004758595725438131e+00
1.000523136170316185e+00
1.007732616158406147e+00
1.001122541100595287e+00
1.007095663528141394e+00
9.996630481654900091e-01
1.001307908653941592e+00
1.000952675291449712e+00
9.991113686195998156e-01
1.001751585377835152e+00
1.000113369427042986e+00
1.001115144726679285e+00
1.003118679391518775e+00
1.004472519385655183e+00
1.003442048298529121e+00
1.006365527605321830e+00
1.004815577918878766e+00
1.006461847663437048e+00
1.011619037596922066e+00
1.004267677209849996e+00
1.005758740337559409e+00
1.007861120635194396e+00
1.007854973420592826e+00
1.007105925303609428e+00
1.006947737207270377e+00
1.012445795703413420e+00
1.006210331680690517e+00
1.006939953503560137e+00
1.005856893303326505e+00
9.990173842752403388e-01
1.006509914315090182e+00
1.004308159269645007e+00
1.002603038854979811e+00
1.004527672024014828e+00
1.004493725237832313e+00
1.009574012000864496e+00
1.001475347305824881e+00
1.004558090583068219e+00
1.001891916679725325e+00
1.003241000664619742e+00
1.002587092195146523e+00
1.004246370944750666e+00
9.995394549762700587e-01
1.001442407225750397e+00
1.003941876891095486e+00
9.989812359217226101e-01
1.001054496147945283e+00
9.982307772592764472e-01
9.976641778701402785e-01
9.999768935704422823e-01
9.986714092209791893e-01
1.001987802057600518e+00
1.002380821016481516e+00
9.975153604022557463e-01
1.001612004330495909e+00
9.995393999533973561e-01
1.004926230745961213e+00
9.952664242667614847e-01
9.954227459054787452e-01
9.959826669573711433e-01
9.963065381974017809e-01
9.950719629324266124e-01
9.995257759127311736e-01
9.961391076512899900e-01
9.960451320446490620e-01
9.970090758603287195e-01
9.981386292078608946e-01
9.950451070047332536e-01
9.955102093181210643e-01
9.936070438085627954e-01
9.934040011288260974e-01
9.933412826353638092e-01
9.901661814081250679e-01
9.938014075785129853e-01
9.881390772750435758e-01
9.892656370531527354e-01
9.896980460147490888e-01
9.897427975159206470e-01
9.903941493843975152e-01
9.907586246915057737e-01
9.916341831119874772e-01
9.945526332826695182e-01
9.931985381763726028e-01
9.942892421493780830e-01
9.938801672026056355e-01
9.921890807394785350e-01
9.885063691846047718e-01
9.924386562182512250e-01
9.925051663870898544e-01
9.926570138621778616e-01
9.953089218464405974e-01
9.894142333148001622e-01
9.915764240767976911e-01
9.975578729471973327e-01
9.929377643543345622e-01
9.932686074846268642e-01
9.963113741585474248e-01
9.969723287001002188e-01
9.959627438248682685e-01
9.977792435178222119e-01
9.959192264467036093e-01
9.954293202114606887e-01
9.943126069203260808e-01
9.926345506097605798e-01
9.939274558495641010e-01
9.996327406085405709e-01
9.971588592995903610e-01
9.983139388836915762e-01
9.970593873964005427e-01
9.989718837579508737e-01
9.986402318315250604e-01
9.995479891402684336e-01
1.000270899958096704e+00
9.993357985733299920e-01
9.960087510769217722e-01
1.000388097583481795e+00
9.988834306941942742e-01
9.978861757208212779e-01
9.954955031200090065e-01
9.979916663384539310e-01
9.976652539978473344e-01
9.995862053956970916e-01
9.975724885829782007e-01
9.952977189544027770e-01
9.973215338291611110e-01
9.950422792512736425e-01
9.972262697421477862e-01
9.938781421174845976e-01
9.955583877765631362e-01
9.918596374291129836e-01
9.782780232743419901e-01
9.658237535519046402e-01
9.565340062219437334e-01
9.454975947796019353e-01
9.358437203243554769e-01
9.246277413106859244e-01
