0.000000000000000000e+00
0.000000000000000000e+00
0.000000000000000000e+00
0.000000000000000000e+00
0.000000000000000000e+00
0.000000000000000000e+00
0.000000000000000000e+00
0.000000000000000000e+00
0.000000000000000000e+00
0.000000000000000000e+00
0.000000000000000000e+00
0.000000000000000000e+00
0.000000000000000000e+00
0.000000000000000000e+00
0.000000000000000000e+00
0.000000000000000000e+00
0.000000000000000000e+00
0.000000000000000000e+00
0.000000000000000000e+00
0.000000000000000000e+00
0.000000000000000000e+00
0.000000000000000000e+00
0.000000000000000000e+00
0.000000000000000000e+00
0.000000000000000000e+00
2.729111421731800213e-02
6.722471292273241028e-01
2.479283131013938490e+00
2.990355739990325112e+00
1.959766253551166848e+00
9.998103754484291006e-01
4.929447098722991583e-01
3.005468203063867416e-01
2.423702311288348510e-01
2.464776956593064949e-01
2.715861305825493233e-01
2.997277173767119440e-01
3.191128093767569562e-01
3.172906547575146674e-01
3.233664297543100696e-01
3.381785771013768316e-01
3.885334745645729337e-01
5.025096104710802258e-01
6.216024562551514254e-01
8.099898057309352639e-01
1.001692324856155336e+00
1.152044241688269466e+00
1.293315116514807572e+00
1.413222008846472644e+00
1.506739098111336883e+00
1.569303273489235595e+00
1.630767250685003056e+00
1.603994334893479978e+00
1.514476622737819245e+00
1.382343102809011404e+00
1.233205519879007728e+00
1.121748608985095874e+00
1.003976024354909402e+00
9.461857719533489641e-01
8.935222512178679910e-01
8.807052221147986248e-01
8.761909497532682778e-01
8.941833665748287752e-01
9.026222037273803345e-01
9.233454671243599421e-01
9.398171454011873260e-01
9.581641259019155754e-01
9.824920504966364598e-01
9.996751165729212962e-01
1.011007852792045636e+00
1.035036757401321283e+00
1.050356532619078687e+00
1.058310162439366930e+00
1.072552029692743103e+00
1.083695248423663271e+00
1.069729740369064430e+00
1.063205920879128685e+00
1.058107751909637129e+00
1.043018517485630792e+00
1.032417802321780931e+00
1.011901866687096696e+00
9.970380857617664461e-01
9.777771434141060425e-01
9.836416310045494882e-01
9.821588078732516047e-01
9.791628245604316882e-01
9.846104083566880050e-01
9.836173739383564651e-01
9.931002706718589090e-01
9.980273943351564148e-01
1.001168719592516965e+00
1.013734085826677900e+00
1.011639962217828703e+00
1.009444464808992192e+00
1.007784076500308323e+00
1.017369605208771732e+00
1.006195404328027232e+00
1.015438264046158112e+00
1.028300160937119623e+00
1.035759497368222481e+00
1.035278596610506696e+00
1.042051422994533016e+00
1.043261790718618132e+00
1.037265683116820103e+00
1.026232149567666729e+00
1.003957290754648124e+00
9.990198817059916525e-01
9.819461555552517762e-01
9.781748688625385713e-01
9.790894609279937599e-01
9.833705873241582740e-01
9.952513482167487657e-01
1.016372457306621069e+00
1.051724845364794048e+00
1.082639687257802574e+00
1.104443327476472447e+00
1.128584548370783036e+00
1.136294973445050926e+00
1.140051686136317910e+00
1.124970052350358740e+00
1.101736151064945046e+00
1.082767473427485472e+00
1.049858914270295873e+00
1.018273631792768086e+00
9.942351366658546130e-01
9.727966950751069097e-01
9.822512398197790207e-01
9.847399806851587778e-01
9.985817604885341980e-01
1.013521680072970943e+00
1.030876389325861897e+00
1.035638114393695908e+00
1.043780627062678379e+00
1.049094571519765040e+00
1.039479326017675787e+00
1.020129197505541763e+00
1.017950759437040498e+00
1.007709857653506180e+00
1.001670052551770107e+00
9.930376192304094518e-01
9.909981780201071455e-01
9.907893411686040652e-01
9.859758981091273355e-01
9.896517272291083245e-01
1.003297043013059442e+00
9.898015498756116415e-01
1.002215296191703242e+00
1.003056370566555167e+00
9.982158804951144493e-01
1.003357122805208501e+00
9.904516137683595511e-01
9.925771898512765201e-01
9.977003231648814419e-01
9.926063642741145276e-01
9.964826334229865967e-01
9.972264397429948524e-01
9.968495021108597642e-01
9.975114230686702443e-01
1.007059668066635716e+00
9.977676038248327606e-01
1.001732864801030409e+00
1.002336597356528136e+00
9.975206635153327506e-01
1.004765635389678557e+00
1.001989980188413787e+00
1.001125325597727267e+00
1.000411611244730326e+00
1.001741419065013350e+00
9.981661436086869399e-01
9.987152223705819676e-01
9.957127295889546259e-01
1.001468060797967130e+00
9.991842716707903804e-01
1.003534480693630604e+00
9.948669435911626779e-01
9.974385106629679587e-01
9.962081222639609379e-01
9.953386931955321426e-01
9.983538005013942174e-01
1.000363271904183726e+00
9.925281526170235402e-01
1.000395824621886254e+00
9.932635035801109513e-01
9.969837332686186659e-01
9.957822045137656453e-01
9.950485633837783395e-01
9.998342398807160691e-01
9.943183256750290910e-01
9.950709155855769206e-01
9.938408864563550438e-01
9.966040851168177506e-01
9.968850496110939208e-01
9.970282057052651803e-01
9.972457577242298532e-01
9.986221119643337030e-01
9.957767841124385289e-01
9.943492984150588132e-01
9.959918128304676710e-01
1.002170131616839877e+00
9.991059944815871008e-01
9.987334925986366407e-01
9.964635989422117035e-01
9.972857017049459039e-01
9.982141165842781660e-01
9.965606690110200283e-01
9.971606754152064767e-01
9.954938665438880507e-01
9.964753431767614522e-01
9.973297468956124900e-01
9.967937956014351064e-01
9.979396139543117439e-01
9.957115035892948329e-01
9.981534193233554397e-01
9.980426523710469455e-01
9.966034244998971392e-01
9.985757403203278093e-01
9.978997492155537996e-01
9.921252054054555680e-01
9.986593933221397101e-01
9.942492949861765350e-01
9.951449292806524571e-01
9.959506741042519762e-01
1.000948962999094194e+00
9.962103799921173675e-01
9.960654810188978026e-01
9.976006251556165383e-01
9.968458880197875738e-01
9.989596732359513620e-01
9.980153296885139191e-01
9.986689958619980878e-01
1.000926993702883294e+00
9.955188525773243091e-01
9.988907215420479435e-01
9.942429243553262408e-01
9.950555560942668798e-01
9.976635637292917691e-01
9.962093125710549391e-01
9.953830629048109335e-01
9.941535515243528076e-01
9.974816348044176495e-01
9.968375095995909430e-01
9.949711994152649064e-01
9.932218157640682055e-01
9.950320890554779085e-01
9.967674599267206670e-01
9.979668230098934778e-01
9.928965222552266212e-01
9.946842727535368800e-01
9.967601466388875675e-01
9.933100802665041362e-01
9.944317589966000792e-01
9.947655148893690402e-01
9.955201335501531190e-01
9.927119536493586027e-01
9.964180514414818779e-01
9.954998952647216015e-01
9.924324116606578761e-01
9.937553380629254862e-01
9.933559045736297666e-01
9.936538618697365877e-01
9.944250473637155086e-01
9.933253373398213126e-01
9.932227502980317535e-01
9.930200704361454855e-01
9.902887968587119616e-01
9.934333849579052300e-01
9.925581621794341558e-01
9.900155272137578510e-01
9.922788213483592079e-01
9.929278595100591298e-01
9.918694897154994861e-01
9.923132063254784807e-01
9.940260906086052506e-01
9.854654751307629912e-01
9.789498365509176070e-01
9.632971096415818835e-01
9.566688296614020981e-01
9.448780938419389930e-01
9.335726365792480497e-01
9.215861396782852877e-01
