0.000000000000000000e+00
0.000000000000000000e+00
0.000000000000000000e+00
0.000000000000000000e+00
0.000000000000000000e+00
0.000000000000000000e+00
0.000000000000000000e+00
0.000000000000000000e+00
0.000000000000000000e+00
0.000000000000000000e+00
0.000000000000000000e+00
0.000000000000000000e+00
0.000000000000000000e+00
0.000000000000000000e+00
0.000000000000000000e+00
0.000000000000000000e+00
0.000000000000000000e+00
0.000000000000000000e+00
0.000000000000000000e+00
0.000000000000000000e+00
0.000000000000000000e+00
0.000000000000000000e+00
0.000000000000000000e+00
0.000000000000000000e+00
0.000000000000000000e+00
2.366552153158867425e-02
6.109958125255697814e-01
2.206049571267015619e+00
2.688773517804288637e+00
1.780409216232555769e+00
9.192053269369852009e-01
4.510493436349105045e-01
2.553985649104859590e-01
2.060165946745449173e-01
2.316671609859857484e-01
2.604627071494909907e-01
2.901470467699496791e-01
2.959946553718879603e-01
3.095236973388543755e-01
3.070475399085426105e-01
3.199994808349992392e-01
3.859227193782813203e-01
4.794415329209497645e-01
6.106499544433837690e-01
7.882291942386084882e-01
9.670083045117082721e-01
1.137465408990707028e+00
1.272319418832214444e+00
1.379497059091426392e+00
1.489994582720114424e+00
1.552264910173589918e+00
1.599133292185106026e+00
1.574728546854490707e+00
1.485858621011862279e+00
1.347224289691085763e+00
1.223051994877879523e+00
1.090980847857147218e+00
9.957540279740341171e-01
9.395175845849491614e-01
8.956220208381453496e-01
8.845627003973398628e-01
8.780995095844149612e-01
8.925446403041211729e-01
8.907885553503998022e-01
9.233546634107174800e-01
9.326415398018830238e-01
9.549999452441654268e-01
9.778989909843679440e-01
9.962853180844777334e-01
1.024199239625102287e+00
1.038045319341161621e+00
1.052669489781821177e+00
1.068095338045662368e+00
1.071639620508880730e+00
1.086027802342298898e+00
1.085687842904174527e+00
1.064760393720807885e+00
1.075172489062164560e+00
1.047836874945454522e+00
1.028431893086637183e+00
1.014160180423776092e+00
1.001092728967233114e+00
9.831163361519857924e-01
9.786153467269094186e-01
9.693849201969337859e-01
9.852081908637870811e-01
9.830088293445414793e-01
9.752364613021869966e-01
9.920901171796000506e-01
9.928518807751163244e-01
1.006403193386794070e+00
1.002302734272674911e+00
1.008089273086222315e+00
1.010728538766394680e+00
1.009442200862991745e+00
1.007114290931460765e+00
1.011470805322647326e+00
1.019665997414610281e+00
1.022096236012658199e+00
1.033660262548884434e+00
1.028806469847254990e+00
1.041394415442420618e+00
1.043974173204575306e+00
1.031166415483509624e+00
1.021142432224172891e+00
1.008057880419086949e+00
9.936541108249746790e-01
9.799383666331672460e-01
9.761084206059502666e-01
9.820245483489659089e-01
9.866185633498796292e-01
9.937596386902901591e-01
1.026915640736648649e+00
1.051965335128657975e+00
1.087836783249207517e+00
1.104316193750933595e+00
1.130837863064595883e+00
1.147841629613439940e+00
1.140606694389549869e+00
1.134086124000825757e+00
1.109904532706286417e+00
1.084767627702192705e+00
1.042032515491391198e+00
1.018518643859052331e+00
9.995593537616840329e-01
9.831878479404146942e-01
9.847677325194061915e-01
9.891511551291531923e-01
1.007687927431446973e+00
1.015722174209901851e+00
1.038606983583884036e+00
1.046943170370261189e+00
1.046504960062987211e+00
1.048796819928345281e+00
1.038684202474868368e+00
1.037650033801641003e+00
1.021802450802848039e+00
1.015076901173618484e+00
1.010118517636218183e+00
1.001131505605116656e+00
9.995799129027200802e-01
9.944452065040139122e-01
9.972825765499093720e-01
1.006671046428038174e+00
1.009704305639715249e+00
1.005109921101746240e+00
1.009033461291473088e+00
1.001797991972335433e+00
1.009083185153429207e+00
1.008947310319530333e+00
1.005072722688085340e+00
1.009440110534316482e+00
1.002263270653499738e+00
1.003202076844782464e+00
1.004851896504466824e+00
1.004152475126065314e+00
1.001082296755264833e+00
1.005979524700034711e+00
1.006407129526598609e+00
1.007171992149322737e+00
1.005864620937704457e+00
1.007566794777320140e+00
1.007923637085353041e+00
1.001931149509781349e+00
1.011459277077847441e+00
1.005262303290237247e+00
1.005058196473032517e+00
1.004090299867259839e+00
1.003189304070455146e+00
1.004218502624532272e+00
1.007253611547543448e+00
1.005834445343489758e+00
1.002268929948551213e+00
1.004559081562005352e+00
1.002973045386824857e+00
1.003762193363786803e+00
9.990114347560590247e-01
1.006458455616919156e+00
1.000339032968555308e+00
1.002087467149553879e+00
1.000151282329653446e+00
9.997413018118627148e-01
1.001884230067912052e+00
1.004276091088725398e+00
1.001121236828058869e+00
1.000780461297669177e+00
9.996345917218006916e-01
1.000207259143484073e+00
9.914576302438886657e-01
9.967426812539676995e-01
9.961546179883307151e-01
9.990595949313405555e-01
9.992755769554405587e-01
9.978862776536373547e-01
9.965970890366291357e-01
9.983470808216970971e-01
9.975386634217630055e-01
1.000678159505262954e+00
9.972521552288633462e-01
9.958733821447564027e-01
9.985035606208545467e-01
1.000042601899453931e+00
9.973167009477678091e-01
9.977701941545726871e-01
9.984875323360546950e-01
9.973557818762680549e-01
9.940845025194453566e-01
9.948794998534100653e-01
9.993704230065465488e-01
9.989037723513408684e-01
9.919608825877989089e-01
9.922080958608341383e-01
9.967252050782552386e-01
9.956644206690914434e-01
9.929075432126981404e-01
9.933520071862004253e-01
9.936338869611069935e-01
9.964177053527304428e-01
9.983884717100905970e-01
9.972643243813571479e-01
9.967301985333858472e-01
9.955081349204217833e-01
9.927937927899793680e-01
9.967829653399263856e-01
9.979027644657211260e-01
9.994228741978227193e-01
9.990808505903728820e-01
9.954177095083516225e-01
9.978698243696514369e-01
9.977766700348303930e-01
9.979542793325697492e-01
1.000078178717160204e+00
9.980790867172374403e-01
9.972198792631068454e-01
9.978437417357773898e-01
9.974808191269730617e-01
9.990856969856549696e-01
9.951648112223956399e-01
9.965966288330355694e-01
9.991031087330527471e-01
9.995300595327399895e-01
9.955134438698927113e-01
9.961566813800193376e-01
9.945601421853579316e-01
9.973239137915048680e-01
9.951068802833922256e-01
9.984682777545438315e-01
9.976993687535027355e-01
9.992942766965500212e-01
9.939235677232901578e-01
9.939245256027010589e-01
9.972461143702615605e-01
9.966188450110287089e-01
9.956914764441603394e-01
9.957682325508242505e-01
9.941019455602118082e-01
9.961135789516657457e-01
9.973322046374483163e-01
9.978058187714903271e-01
9.949030408773988921e-01
9.969301529742489176e-01
9.976289105966867909e-01
9.946172228900940215e-01
9.986712666471332378e-01
9.989579916530128001e-01
9.975450212861386445e-01
9.966681106160520942e-01
9.952045416976841308e-01
9.932980740461435643e-01
9.954385179905487213e-01
9.927888581972066362e-01
9.969528314713500539e-01
9.937944100985721674e-01
9.874142951559761183e-01
9.767416195188322048e-01
9.676623318971735443e-01
9.564552646425947824e-01
9.463554013850624669e-01
9.368098809591365317e-01
9.245441896365965695e-01
