0.000000000000000000e+00
0.000000000000000000e+00
0.000000000000000000e+00
0.000000000000000000e+00
0.000000000000000000e+00
0.000000000000000000e+00
0.000000000000000000e+00
0.000000000000000000e+00
0.000000000000000000e+00
0.000000000000000000e+00
0.000000000000000000e+00
0.000000000000000000e+00
0.000000000000000000e+00
0.000000000000000000e+00
0.000000000000000000e+00
0.000000000000000000e+00
0.000000000000000000e+00
0.000000000000000000e+00
0.000000000000000000e+00
0.000000000000000000e+00
0.000000000000000000e+00
0.000000000000000000e+00
0.000000000000000000e+00
0.000000000000000000e+00
0.000000000000000000e+00
2.896040012623686544e-02
6.657638199988863414e-01
2.407075290356366359e+00
2.989521882463968883e+00
1.968189187657393591e+00
1.002869690384189605e+00
4.825153170098496758e-01
2.674427610269242139e-01
2.273507361341412514e-01
2.129936585981176411e-01
2.507363167756118671e-01
2.798663516644870897e-01
2.934697133227215926e-01
2.946718583808597414e-01
3.026895543471956329e-01
3.149755874819460955e-01
3.848319415473485106e-01
4.784204905178481293e-01
6.289370054731739934e-01
8.015319823856292825e-01
1.019481235575358191e+00
1.186401883642013821e+00
1.314673386289027190e+00
1.408832819877525067e+00
1.541613658190046143e+00
1.580293976256421873e+00
1.626170905362291697e+00
1.610804458990770849e+00
1.504333347532038401e+00
1.395435891586284116e+00
1.237840715402509284e+00
1.110170866547115054e+00
9.923088897849628998e-01
9.320579561699892102e-01
9.065167046901997372e-01
8.835261644776398748e-01
8.763341030914749696e-01
8.860674717688092894e-01
9.063448884201574796e-01
9.232074425181113764e-01
9.334759674347374858e-01
9.505354551501686844e-01
9.881214751848450550e-01
1.003710887500621540e+00
1.015563473499901948e+00
1.044634966228948914e+00
1.055151536901071774e+00
1.089844950087096587e+00
1.088851410165081468e+00
1.084483754499223407e+00
1.095594402895854858e+00
1.078464575275934312e+00
1.065888536100557671e+00
1.033703895478102375e+00
1.026974086609079295e+00
1.014864112180942080e+00
1.000745457536667438e+00
9.873016506881819865e-01
9.751979225149774999e-01
9.731263384858802601e-01
9.792821846352081083e-01
9.790377636907977577e-01
9.871583379407840031e-01
9.861090027955832227e-01
9.939933479333381561e-01
1.008675371898321016e+00
1.004009426491237811e+00
1.001678873186931051e+00
1.007275840467694916e+00
1.001158158633652207e+00
1.022714339939131634e+00
1.020822218035082107e+00
1.025859695271731153e+00
1.027926093932060470e+00
1.040348453450687272e+00
1.043307718476810475e+00
1.044613039299960855e+00
1.039394877421872199e+00
1.034621915936062564e+00
1.022610091312065261e+00
1.002941919206263632e+00
9.919714900082835518e-01
9.780526437264882578e-01
9.725829494351484472e-01
9.764074182892034104e-01
9.784961295757470534e-01
9.960412684389245985e-01
1.024844324431096521e+00
1.045523599908005918e+00
1.079706787760171816e+00
1.111156300903736627e+00
1.136821584412799124e+00
1.151369074033719020e+00
1.143741605670708816e+00
1.131743257770088995e+00
1.117626825423224668e+00
1.091748774722280491e+00
1.057584776871585364e+00
1.028642170952231316e+00
1.008305388593089491e+00
9.881731436910112798e-01
9.782587728967158114e-01
9.921048558741454304e-01
1.001827791273440349e+00
1.025128172580673569e+00
1.033850089620390822e+00
1.044346497990277456e+00
1.050293731085734761e+00
1.047685231583687315e+00
1.036839211070839539e+00
1.031682111236844612e+00
1.025524309274161272e+00
1.013909029753100377e+00
1.010007575965079285e+00
1.003963731882082877e+00
9.973193193682626800e-01
1.004808152588387626e+00
1.000600781528344418e+00
1.004230829332218411e+00
1.005002284211421237e+00
1.005332672452720733e+00
1.008302709778684969e+00
1.008028578142705411e+00
1.015874218009530150e+00
1.008203799607419349e+00
1.006819208859373704e+00
1.004034001691083811e+00
1.006864971582920765e+00
1.005924862357299832e+00
1.005478476270093235e+00
1.006345866295475178e+00
1.004173649992566197e+00
1.006764329928020896e+00
1.003969285745309525e+00
1.012148712632999326e+00
1.004152133925157564e+00
1.009592479111376395e+00
1.009316271753977867e+00
1.007216699944909255e+00
1.006445269267077558e+00
9.988221044944238791e-01
1.005412522957798371e+00
1.010186970228700298e+00
1.008176032507666076e+00
1.005366785054120804e+00
1.006353919352162229e+00
1.003044419400796139e+00
1.001295714419255578e+00
1.008057255966396726e+00
1.006117725132804841e+00
1.005573813280004059e+00
1.004733444498722372e+00
1.004739051927676652e+00
1.004385915505906057e+00
1.006440051475256725e+00
1.011744425065829622e+00
1.010433727795342129e+00
1.008095906196044833e+00
1.006980490137208140e+00
1.014826118669492017e+00
1.009840048670816781e+00
1.004808561018588176e+00
1.006662244338012879e+00
1.008175500746835151e+00
1.005990055835606745e+00
1.006195094265968093e+00
1.009570580304379073e+00
1.006884063975016286e+00
1.009495140237185229e+00
1.010027164339840411e+00
1.011433668120612639e+00
1.009058816303127770e+00
1.007237206812250596e+00
1.009937301124247178e+00
1.008078235874023232e+00
1.011508096228364462e+00
1.010235277201114723e+00
1.008386169297899260e+00
1.008435521459776441e+00
1.005075359572756177e+00
1.005965212566645839e+00
1.007406523005621279e+00
1.006598881670225376e+00
1.006997581272495390e+00
1.002907274584568187e+00
1.007321360389944687e+00
1.003044911155688057e+00
1.006933252503281251e+00
1.000657370267143742e+00
1.000712671278252364e+00
1.003890269609772234e+00
1.005417297356213657e+00
1.003815179532890456e+00
1.003360918905387145e+00
1.004057238291045984e+00
1.001712485732759061e+00
1.004134296286094186e+00
1.003340930554812660e+00
1.004954146599980058e+00
1.000972623267057271e+00
1.005259422210082354e+00
9.988064731403870633e-01
1.003754144634584566e+00
1.005230090885596672e+00
1.004734009003872997e+00
1.003073642929189990e+00
1.002262706601982245e+00
1.002071803145891060e+00
1.004707199665186179e+00
1.004824309695368179e+00
9.996231928647445475e-01
9.983559991217223484e-01
9.989720937021339120e-01
1.002697804577665996e+00
9.996018542433313669e-01
1.001807664869853287e+00
9.988410963593953307e-01
1.000274526074932391e+00
1.003312292713401499e+00
1.003973783400047060e+00
1.003794974338267254e+00
9.985014732833398243e-01
9.991555443814781334e-01
1.000942744854616206e+00
9.992800937034344022e-01
1.002852950541080812e+00
1.001132453169317982e+00
1.002358903744325458e+00
1.000666094131514194e+00
1.002091975463894169e+00
9.990734918247593521e-01
9.993965813118392827e-01
9.996763330239820666e-01
9.982957911645418125e-01
9.955056962234172246e-01
9.986640115649958460e-01
9.957519431190223758e-01
1.000158772614335501e+00
9.968619499519242311e-01
9.973966333625239322e-01
1.001219382641759026e+00
9.996556660561012331e-01
9.984416174108986519e-01
9.988104913604264334e-01
9.987175446689580127e-01
9.975096764407084260e-01
9.998130454725587812e-01
9.978562091300650083e-01
9.886164637900815011e-01
9.778671550734594486e-01
9.704543155011027267e-01
9.592026824545003549e-01
9.474457257467748805e-01
9.316999335157253315e-01
9.238580651835682778e-01
