0.000000000000000000e+00
0.000000000000000000e+00
0.000000000000000000e+00
0.000000000000000000e+00
0.000000000000000000e+00
0.000000000000000000e+00
0.000000000000000000e+00
0.000000000000000000e+00
0.000000000000000000e+00
0.000000000000000000e+00
0.000000000000000000e+00
0.000000000000000000e+00
0.000000000000000000e+00
0.000000000000000000e+00
0.000000000000000000e+00
0.000000000000000000e+00
0.000000000000000000e+00
0.000000000000000000e+00
0.000000000000000000e+00
0.000000000000000000e+00
0.000000000000000000e+00
0.000000000000000000e+00
0.000000000000000000e+00
0.000000000000000000e+00
0.000000000000000000e+00
3.090864184373720222e-02
6.680624934234967727e-01
2.390236026694622762e+00
2.913629134548497035e+00
1.953143527715214711e+00
9.711087789356651623e-01
4.675354042479734629e-01
2.703483148802337532e-01
2.160487079350419948e-01
2.263743903790829681e-01
2.468486150224617481e-01
2.907306699556737040e-01
2.907559594529302016e-01
3.088333219469102664e-01
3.138211856656537568e-01
3.373760099384207622e-01
3.969106088973714530e-01
5.022648518775737481e-01
6.353279873018751189e-01
8.111072442127670312e-01
1.005977545632128933e+00
1.175140761977768067e+00
1.307246414486815889e+00
1.413405484495912745e+00
1.511927492773834647e+00
1.589046796387398652e+00
1.628029167874620819e+00
1.619752326758506333e+00
1.536359938182791263e+00
1.422763762627553996e+00
1.254966383442026601e+00
1.128173350374976236e+00
1.009200342712360143e+00
9.558915371155679574e-01
9.024971789052503857e-01
8.975475872920831710e-01
8.842051167704298997e-01
8.962834408623351345e-01
9.031714445834202465e-01
9.272686926157397425e-01
9.528190754920100591e-01
9.707738817791955466e-01
9.947660788139409682e-01
1.007923082706089435e+00
1.028126744554769711e+00
1.053636273902403220e+00
1.059898832544414082e+00
1.072790011091458773e+00
1.100614865907661111e+00
1.076585059980500025e+00
1.074051315084133984e+00
1.078521956061371023e+00
1.069350870422848487e+00
1.065407331471393215e+00
1.032670704574102150e+00
1.023884756923813200e+00
1.014098654928584198e+00
9.943730031967832339e-01
9.833731983589770742e-01
9.826049046874576476e-01
9.915367584129141099e-01
9.821276746878792041e-01
9.913123356073132442e-01
9.982612217693003220e-01
1.003297354777063610e+00
1.000373027064794362e+00
1.003435687799477893e+00
1.010937105221676457e+00
1.018304049247569232e+00
1.014164010214414047e+00
1.026473136775208461e+00
1.020321955700852046e+00
1.024835410184085527e+00
1.037877823422602930e+00
1.043990796953331524e+00
1.041731527326879014e+00
1.045492733983505840e+00
1.044652229629567719e+00
1.034740051282361462e+00
1.021067446664945200e+00
1.013077638303427230e+00
1.006675313343272649e+00
9.951322893960665716e-01
9.769196462157879735e-01
9.780366485004133859e-01
9.865912614394941604e-01
1.010283209331662713e+00
1.033166628157954792e+00
1.057184813802946044e+00
1.092517128468202925e+00
1.115273598100315233e+00
1.140186564848523432e+00
1.148301341113225460e+00
1.151699506767606351e+00
1.145667874700235789e+00
1.111915587453504717e+00
1.089750171419917812e+00
1.050406037186874864e+00
1.022125758743631874e+00
1.000911997784361906e+00
9.885775677771075909e-01
9.851409600520374399e-01
9.878169112353069048e-01
1.010338089193493216e+00
1.018615558736209792e+00
1.039079612162124189e+00
1.048312564487303922e+00
1.051538238790706403e+00
1.053025864052433036e+00
1.051229949647481510e+00
1.039982499961744633e+00
1.022477682201979876e+00
1.019450237940638493e+00
1.010200947765053980e+00
1.003949343278474515e+00
1.002001754068132522e+00
1.003653623350997171e+00
1.002396056990496831e+00
1.004760638036433340e+00
1.001170597188840494e+00
1.011911809067649548e+00
1.011256457810032483e+00
1.002901447905607757e+00
1.007645449518007164e+00
1.008583878411004164e+00
1.001581371561579337e+00
1.002115336924135125e+00
9.998083010417860850e-01
1.001526408678851787e+00
9.970169608655468085e-01
1.004343150226072678e+00
1.006647113269028226e+00
9.990442049917390710e-01
1.003619120536060949e+00
1.012599481437884474e+00
1.008927494707630546e+00
1.006254431298780228e+00
1.005854195759610548e+00
1.001242646214407950e+00
1.002504025020207079e+00
1.004561055297721772e+00
1.005719152902649016e+00
1.002053378884586676e+00
1.001005791401440526e+00
1.004671916607309701e+00
1.000496395940390304e+00
1.000407072917996576e+00
1.004603874789667728e+00
1.004210109681328067e+00
1.003812885073801064e+00
1.002436405022180343e+00
9.993931253683694393e-01
1.003728915457150261e+00
1.005574853038969652e+00
1.001292456943293274e+00
1.002879123392558025e+00
1.000588079761403737e+00
1.001277288386422493e+00
1.004333689577364908e+00
1.005073401164979341e+00
1.009022721677543810e+00
1.003062640878997769e+00
9.998092659127708615e-01
1.005222086892686217e+00
1.003375065333501848e+00
1.003826693366835832e+00
1.003236459981743822e+00
1.004143643972725597e+00
1.003962872618762603e+00
1.004541705854418376e+00
1.001175738074051802e+00
1.004438891743903772e+00
1.006721272904929965e+00
1.000827193206642152e+00
1.003035610282861256e+00
1.002433969112281442e+00
1.006714294252731623e+00
1.004824534945517822e+00
1.003557271705515230e+00
1.003349224801733053e+00
1.002990486443853912e+00
9.998694840386413984e-01
1.003503921466267990e+00
1.002590577224221180e+00
1.003604602927540723e+00
1.003757218051510636e+00
1.006760656351958438e+00
1.002188080598768849e+00
1.004148350405776435e+00
1.001439395778513930e+00
1.002827831067160336e+00
1.002115762955637868e+00
1.004482711493633218e+00
9.981845543091434347e-01
1.002024673876820371e+00
9.975043277465894809e-01
9.988600623312130500e-01
9.973638587604733985e-01
9.991606024455595980e-01
9.993013050542903786e-01
1.000568300374892194e+00
9.997584701445169086e-01
9.998094002695498972e-01
1.001066273792032613e+00
9.976389901790416737e-01
9.989335517716736446e-01
1.000161804782228270e+00
1.001187962531405518e+00
9.990211872802757798e-01
9.983532461713765516e-01
9.968834806749382604e-01
9.969180432176888429e-01
9.978637593293639974e-01
9.948459778056989444e-01
9.941641303822255082e-01
9.947710260094028145e-01
9.996372932545298795e-01
9.992993452366567553e-01
9.975802173013909036e-01
9.953377230620339411e-01
9.971968883132508177e-01
9.952678217103911873e-01
9.929677788183712828e-01
9.923879687121176518e-01
9.942902256837568009e-01
9.942114339913346033e-01
9.934239308264100066e-01
9.940776227825935951e-01
9.936587254007750447e-01
9.949100001053802211e-01
9.948296807113370388e-01
9.926890676448718587e-01
9.976661562548639894e-01
9.950299326184822712e-01
9.931387779610898470e-01
9.962908589264166670e-01
9.940323166591510384e-01
9.903653158972056669e-01
9.937411437743935982e-01
9.930877172129960462e-01
9.951185050429781631e-01
9.911117341728443719e-01
9.942457572901702845e-01
9.952810838952050876e-01
9.931745195094285883e-01
9.921954489812542244e-01
9.913143808461138962e-01
9.986062347952908702e-01
9.872282615109999604e-01
9.802311020844374223e-01
9.663186971978152684e-01
9.542538216398358530e-01
9.442892852991856545e-01
9.351761173501674795e-01
9.245068966258456200e-01
