0.000000000000000000e+00
0.000000000000000000e+00
0.000000000000000000e+00
0.000000000000000000e+00
0.000000000000000000e+00
0.000000000000000000e+00
0.000000000000000000e+00
0.000000000000000000e+00
0.000000000000000000e+00
0.000000000000000000e+00
0.000000000000000000e+00
0.000000000000000000e+00
0.000000000000000000e+00
0.000000000000000000e+00
0.000000000000000000e+00
0.000000000000000000e+00
0.000000000000000000e+00
0.000000000000000000e+00
0.000000000000000000e+00
0.000000000000000000e+00
0.000000000000000000e+00
0.000000000000000000e+00
0.000000000000000000e+00
0.000000000000000000e+00
0.000000000000000000e+00
3.035259998906339463e-02
6.433283412380897959e-01
2.406825776059116961e+00
2.917279610832932413e+00
1.907423062901137056e+00
9.701633564374837482e-01
4.746660686890052383e-01
2.621270959865653061e-01
2.160549050902290658e-01
2.136013177005448016e-01
2.462809443155621059e-01
2.691272736794618758e-01
2.961726700116424915e-01
3.007790539930386142e-01
3.148747404712620712e-01
3.138702581356782595e-01
3.829377223336711267e-01
4.885442771455227318e-01
6.406096606483399070e-01
8.320717599873538317e-01
9.854506665020404954e-01
1.159345794279352138e+00
1.298776292851415937e+00
1.380342443296488142e+00
1.474352659404438715e+00
1.564736566118248628e+00
1.583285857212576531e+00
1.593978193874254323e+00
1.488320205324733525e+00
1.371530688623783689e+00
1.229546062481970736e+00
1.098593714737412741e+00
9.895113625005957925e-01
9.305724195792166586e-01
8.972032748257476875e-01
8.726874663117278885e-01
8.715425284777190695e-01
8.885671602574546357e-01
8.914307704343058525e-01
9.276870501852457762e-01
9.276048827416516485e-01
9.500810258657584884e-01
9.827516718537534501e-01
9.966440362223887295e-01
1.012597424233012688e+00
1.032206225841234781e+00
1.057591311835412329e+00
1.066791570923159238e+00
1.068633359741592015e+00
1.080661774578866696e+00
1.075257580621882481e+00
1.073942237428010094e+00
1.061512236689497346e+00
1.045513277408960606e+00
1.023588769705533030e+00
1.012288900214899146e+00
1.007175500623585851e+00
9.908628250770084023e-01
9.837130852014491778e-01
9.888214666722485724e-01
9.879236556510498923e-01
9.874562928810745044e-01
9.911042413732443768e-01
9.952147088671357000e-01
1.002738335328337005e+00
1.009489247692765490e+00
1.019838470330002300e+00
1.015241427564712362e+00
1.022186187274158886e+00
1.019323583724045301e+00
1.024794952638810042e+00
1.018289867794446302e+00
1.028103287217133843e+00
1.036414389749366061e+00
1.042923236991383007e+00
1.048843585870874229e+00
1.052483616697214686e+00
1.047870984859477383e+00
1.047127462170968970e+00
1.034197498674923166e+00
1.019793816711427104e+00
9.962462931193104554e-01
9.902089273163192651e-01
9.833008739328166214e-01
9.908270589350876012e-01
9.885624552619116656e-01
1.014390785410214102e+00
1.026070574743589203e+00
1.054965923708508502e+00
1.099966109974663375e+00
1.119988951770524155e+00
1.140686272251060895e+00
1.151403604355130339e+00
1.153873332969068688e+00
1.142492343880667782e+00
1.117734392796500442e+00
1.084212057454964517e+00
1.061659291446014119e+00
1.024458485392369056e+00
1.000099512638693122e+00
9.879275525699122706e-01
9.943357934329545289e-01
9.932592562764471777e-01
1.008195558173514694e+00
1.028957351102392836e+00
1.040013277241692569e+00
1.048688228005009160e+00
1.058551694208558436e+00
1.058502420315585502e+00
1.048697397044991764e+00
1.034291582495726836e+00
1.027376416002193205e+00
1.021079091631350577e+00
1.014818102358577834e+00
1.006239457450547103e+00
1.005745898800783689e+00
1.006314399077701482e+00
1.005385629663080094e+00
1.008606172366965481e+00
1.010063093101760012e+00
1.012462638992101427e+00
1.009749787799566034e+00
1.009347836541427235e+00
1.010860623016236914e+00
1.010371060795166809e+00
1.007406640812557486e+00
1.010349711320087884e+00
1.003878376745306999e+00
1.009863448841574529e+00
1.005663931900977692e+00
1.008341305274301769e+00
1.005884837637694762e+00
1.009870058358080191e+00
1.006192512068469380e+00
1.005524359954575120e+00
1.009968751613602889e+00
1.008067694285780469e+00
1.009730384269413195e+00
1.007293775782011735e+00
1.004560533206273254e+00
1.003108866586244652e+00
1.006838919010081934e+00
1.003437603981364390e+00
1.002597185614169550e+00
1.003112314884789358e+00
1.006879216628285167e+00
1.003532788025228051e+00
1.004091044330733595e+00
9.995765421310681687e-01
1.006880703448136849e+00
1.001777242260987189e+00
1.001822641243766077e+00
1.000504407458577605e+00
1.001301168888379944e+00
1.002675719934778664e+00
1.001912936224645501e+00
1.001183004706789781e+00
1.007210852922907574e+00
1.000452589270606873e+00
1.001420790936143002e+00
1.002778411724606134e+00
1.000279897421930464e+00
1.001357525516805902e+00
1.001183823294251152e+00
1.001265628927242357e+00
1.004918391245723130e+00
9.971172034116715377e-01
1.000644027761075083e+00
1.000620542004042823e+00
1.003723217643795795e+00
9.990959687275519086e-01
9.981032775025120429e-01
9.999253860132936156e-01
1.000575542768908477e+00
9.981639489479937621e-01
1.003021318510714410e+00
1.001551497040896743e+00
9.974163782347967855e-01
9.997422241148293809e-01
1.004954233918781581e+00
1.002912049838363684e+00
1.000649852539358786e+00
1.002056403083138036e+00
9.970913947530238852e-01
9.991772353580081756e-01
9.974471347698825596e-01
9.983850472989381775e-01
9.954111934613604218e-01
9.944474938347719339e-01
9.915022851114992930e-01
9.956191048776158459e-01
9.974657238305408846e-01
9.969394925912893335e-01
9.963279831215584581e-01
9.956862082594436503e-01
1.000788299423840844e+00
9.976263534140862310e-01
9.987093500980820382e-01
9.970321806982478385e-01
9.978963132577745032e-01
9.962236936144603927e-01
1.000136612124830293e+00
1.000124995527244653e+00
9.948310128153681209e-01
9.965398555955864435e-01
9.994768882444187152e-01
9.971087421909323734e-01
9.953539913576751053e-01
9.963727344581126966e-01
9.960338262309423873e-01
9.948516717506140639e-01
9.985525597955199339e-01
9.980914353510552672e-01
9.976220210345252415e-01
9.944925752873232661e-01
9.952566772030533304e-01
9.965826385878610028e-01
9.944408302641591924e-01
9.982227394459252112e-01
9.935426146466121988e-01
9.962970381668727615e-01
9.950489988778126182e-01
9.955919279196671079e-01
9.955132544194947863e-01
9.946242050447254845e-01
9.951201679331742600e-01
9.938217596549373534e-01
9.950235916172124329e-01
9.933096086720657469e-01
9.943038576903269199e-01
9.989888603063840078e-01
9.972949789993232894e-01
9.967197419381562673e-01
9.980206029353263508e-01
9.983709516999531575e-01
9.944994264848446841e-01
9.950115568102546604e-01
9.935264504542270503e-01
9.933392925707803522e-01
9.948298112170629315e-01
9.973153437335012805e-01
9.960919246221379142e-01
9.952207944342044144e-01
9.933226557096359599e-01
9.964967544770039209e-01
9.932881473646975046e-01
9.928217938872717641e-01
9.943401943246092944e-01
9.849421273157195067e-01
9.765892764744504850e-01
9.667806584397590219e-01
9.535729446997600611e-01
9.471807225053903156e-01
9.328330934560408183e-01
9.235829741944832083e-01
