0.000000000000000000e+00
0.000000000000000000e+00
0.000000000000000000e+00
0.000000000000000000e+00
0.000000000000000000e+00
0.000000000000000000e+00
0.000000000000000000e+00
0.000000000000000000e+00
0.000000000000000000e+00
0.000000000000000000e+00
0.000000000000000000e+00
0.000000000000000000e+00
0.000000000000000000e+00
0.000000000000000000e+00
0.000000000000000000e+00
0.000000000000000000e+00
0.000000000000000000e+00
0.000000000000000000e+00
0.000000000000000000e+00
0.000000000000000000e+00
3.100319267072320837e-05
3.134366897264122959e-02
9.643654214121829549e-01
3.267560853919815322e+00
3.327017099366110564e+00
1.884676820301001587e+00
8.634026081540023823e-01
3.972478497001490361e-01
2.077314284478127826e-01
2.245455981523841738e-01
8.169403641693919749e-01
1.707127579561935615e+00
1.907699095616143481e+00
1.481732834132597043e+00
1.007307265009673936e+00
7.187136099707667203e-01
5.976394116986258886e-01
5.867172815965608912e-01
6.386194908084528166e-01
7.236296376970914324e-01
8.237562688525640331e-01
9.195237874246743326e-01
1.015529191069979298e+00
1.089592215437774181e+00
1.155603166709324281e+00
1.197437024328545263e+00
1.218243677687363968e+00
1.215555553727084792e+00
1.203181693728332391e+00
1.169409820796481370e+00
1.128543763953695045e+00
1.089683566921545887e+00
1.053048092766928567e+00
1.016869046251029030e+00
9.881178968468692370e-01
9.656547562472154178e-01
9.478370034573883052e-01
9.371041066798480035e-01
9.266534035690074944e-01
9.203122236634516673e-01
9.178003263997361882e-01
9.206866554135372249e-01
9.300939864392409051e-01
9.436647937105506756e-01
9.543684407352783783e-01
9.678623538392870929e-01
9.762588165907339910e-01
9.876735230363604678e-01
9.954540087848616770e-01
1.005065373526543349e+00
1.012025257659268762e+00
1.017606283826116842e+00
1.023566239890037810e+00
1.028801999187893168e+00
1.030293986735035583e+00
1.028730020946335477e+00
1.028021933497532681e+00
1.026344777967640232e+00
1.020277190114313726e+00
1.017300575643214522e+00
1.014767393847538335e+00
1.009508829184898593e+00
1.003981480802583537e+00
9.966811192853306522e-01
9.941572540835117433e-01
9.906464948130736525e-01
9.892955650872409246e-01
9.870808968008418782e-01
9.877346578228307639e-01
9.867797019406320258e-01
9.887536364348433748e-01
9.881327347587074428e-01
9.894457755842818170e-01
9.905253332960380908e-01
9.924629347262411416e-01
9.935817738819946454e-01
9.948919334387100744e-01
9.954947451820378435e-01
1.000091649443082042e+00
1.001220837414234843e+00
1.004353552157776885e+00
1.005890845183788462e+00
1.008338229783763307e+00
1.009245813864790398e+00
1.010068403473997511e+00
1.007325358866384857e+00
1.005152454056818856e+00
1.001774377755169088e+00
9.988935769135216525e-01
9.949005369392103226e-01
9.940217989230798468e-01
9.939719313798472955e-01
9.925167471222450244e-01
9.915136695615692775e-01
9.942612291092461918e-01
9.951027781031548392e-01
9.964598824572501456e-01
9.973988830437595654e-01
9.987369922041232639e-01
9.983285058690751779e-01
9.974935089998585580e-01
9.968724029198349212e-01
9.954933220727206766e-01
9.942296490329077807e-01
9.922612854275334460e-01
9.917151527619081364e-01
9.938395841995788516e-01
9.954862279278787751e-01
9.994127204228190342e-01
1.002055690524565890e+00
1.003783978950652855e+00
1.002798305481597874e+00
1.002817960545841824e+00
1.002717549736527713e+00
1.001092284709652835e+00
9.996824058262520074e-01
1.000947927597332976e+00
9.996916375975365421e-01
9.993192582716931005e-01
9.995455240215663784e-01
9.988953743151528508e-01
9.999594097149602234e-01
1.001092639157921349e+00
9.995174941006833569e-01
9.990080094547951761e-01
9.982758617635055787e-01
9.966942519759866004e-01
9.958767385011686457e-01
9.947035794529889285e-01
9.955809485372832945e-01
9.956942326148812139e-01
9.962375781215810910e-01
9.980701973995886878e-01
1.000362718934365791e+00
1.000256101464456648e+00
1.001687634111303682e+00
1.003758685944281970e+00
1.005352187998665103e+00
1.006006360830562718e+00
1.005393127649932383e+00
1.006044457785701285e+00
1.005327290952327646e+00
1.005312018116310213e+00
1.003720442301035742e+00
1.002398228134905311e+00
1.000929675335598512e+00
1.000312898624097446e+00
9.984784815116405365e-01
9.974390618632780203e-01
9.953374254689598688e-01
9.943204429922152254e-01
9.945343586725138296e-01
9.943659936279785061e-01
9.943603201318794715e-01
9.952583782760094921e-01
9.964973099994728356e-01
9.974533837944655756e-01
9.974672801075847861e-01
1.000337693441409881e+00
1.000205112121907325e+00
1.002075780828380669e+00
1.002228624404670088e+00
1.002425552360135086e+00
1.004008233151145513e+00
1.003431470584681406e+00
1.003760843372494937e+00
1.003010883940116171e+00
1.002693689913637165e+00
1.001889580246716260e+00
1.001861435152435975e+00
1.001256540194471967e+00
1.000902242912419693e+00
9.998332478268847634e-01
9.997952421374829424e-01
9.987318377989827800e-01
9.987200308396129156e-01
9.989346639021522423e-01
9.980978268177425061e-01
9.983180308565545724e-01
9.981361125994009376e-01
9.984214679903393730e-01
9.984541352978734130e-01
9.992522935636043435e-01
9.988932224530011617e-01
9.984474070631734754e-01
1.000052991988509277e+00
9.996946862334986639e-01
1.000332993713089591e+00
1.000043461617470930e+00
1.000599111592443968e+00
1.001014388996890547e+00
1.001076882797256484e+00
1.000995458251686010e+00
1.001079761939515755e+00
1.001118135729775593e+00
1.001386562867171426e+00
1.001273139352470531e+00
1.000633248730673497e+00
1.001103657710255668e+00
1.001025893336924044e+00
1.000846709256079548e+00
1.000584792912170062e+00
1.000544846116312447e+00
1.000133448008978077e+00
1.000163606185175524e+00
9.997155356399758386e-01
1.000186901980886667e+00
9.998344722148316821e-01
9.992029168159722863e-01
9.994292755352914837e-01
9.992353929133074297e-01
9.989470080024824838e-01
9.995545045864936418e-01
9.998163233906590674e-01
9.998239303326311722e-01
9.997632793572429621e-01
9.989393410394044048e-01
9.996410238973932882e-01
1.000467664282713276e+00
1.000165158543754096e+00
1.000579963225892044e+00
1.000239715732409218e+00
9.999689879641355805e-01
1.000265680375901578e+00
1.000739123858446877e+00
1.000476636015766863e+00
1.000507163957462753e+00
1.000357530895098046e+00
1.000521984236039330e+00
1.000495391913894805e+00
1.000464228306094050e+00
1.000652246857533179e+00
1.000185662677993470e+00
9.997018741456688007e-01
1.000190922699156326e+00
1.000495675261004580e+00
9.996666690420421553e-01
9.999225194063048328e-01
9.999177878274440046e-01
9.993262884911789934e-01
9.996068749799787989e-01
9.998816781604664694e-01
9.991477046255221595e-01
9.995771762133729421e-01
9.998620738404433439e-01
1.000290324585340951e+00
9.995312462301045864e-01
1.000080445543861662e+00
1.000642013068195668e+00
1.000622001986195775e+00
1.000698715108844228e+00
1.000748918634091877e+00
1.000179749910049321e+00
9.931541984259658618e-01
9.827940174355044300e-01
9.720155160712491416e-01
9.613483706918103389e-01
9.502404324483010312e-01
9.398023394990936419e-01
9.288939199489825160e-01
