0.000000000000000000e+00
0.000000000000000000e+00
0.000000000000000000e+00
0.000000000000000000e+00
0.000000000000000000e+00
0.000000000000000000e+00
0.000000000000000000e+00
0.000000000000000000e+00
0.000000000000000000e+00
0.000000000000000000e+00
0.000000000000000000e+00
0.000000000000000000e+00
0.000000000000000000e+00
0.000000000000000000e+00
0.000000000000000000e+00
0.000000000000000000e+00
0.000000000000000000e+00
0.000000000000000000e+00
0.000000000000000000e+00
0.000000000000000000e+00
0.000000000000000000e+00
3.220779867438271216e-02
9.539701717182409446e-01
3.261415338484807247e+00
3.308033509293536678e+00
1.877180351957923987e+00
8.634472515108436719e-01
3.987069865489051290e-01
2.070059380521065695e-01
2.239924782822292904e-01
8.090114089527047359e-01
1.701570449473859714e+00
1.903704996731428345e+00
1.475538167505901832e+00
1.005639294960229968e+00
7.198932267041906474e-01
6.014194563604489119e-01
5.913577669048064589e-01
6.434773665569342160e-01
7.287995397249410479e-01
8.241080519319542441e-01
9.197336277185410580e-01
1.010387314820188953e+00
1.089769780067803895e+00
1.145893381815942913e+00
1.189603646867853692e+00
1.212838978907922360e+00
1.216164804997815985e+00
1.197773447442931571e+00
1.166374069693427717e+00
1.127324417813587276e+00
1.087831153902600878e+00
1.047256377101596581e+00
1.017186632584345940e+00
9.889187044747116406e-01
9.630734000536046446e-01
9.460812749968496860e-01
9.332872139748269458e-01
9.269199898607655141e-01
9.220311479007997635e-01
9.199847923936627092e-01
9.225242949279260918e-01
9.327527743602608279e-01
9.401002666274649311e-01
9.554381097271481549e-01
9.660209940245593208e-01
9.758023152963083424e-01
9.845041779605648857e-01
9.943716918992776543e-01
1.003598288954252959e+00
1.009771787355351780e+00
1.017282393520312800e+00
1.022860389388632107e+00
1.026300681430769357e+00
1.028288379133451391e+00
1.029074005976160056e+00
1.028967438043371985e+00
1.024941077126958255e+00
1.020606955885549061e+00
1.017339591837316704e+00
1.012055176157751424e+00
1.006616246122182146e+00
1.003206299705223126e+00
9.978044042242567579e-01
9.946272520692239771e-01
9.905341744016226135e-01
9.885521118351915382e-01
9.868261170211471978e-01
9.883948274744360774e-01
9.870798966248951478e-01
9.879707783096919327e-01
9.892658665456544043e-01
9.901814025199895397e-01
9.906617083909782240e-01
9.918413868151761958e-01
9.933005708280009394e-01
9.967161181763942723e-01
9.956263203428771247e-01
9.964082294483788127e-01
1.000950580060039341e+00
1.003956960341236826e+00
1.006716916992298261e+00
1.010997823560130238e+00
1.009008812619380135e+00
1.008244153965213163e+00
1.007048346791838522e+00
1.004689863971044428e+00
1.001738617258280284e+00
9.982433831977620686e-01
9.971631391887789686e-01
9.951070519317114504e-01
9.928811600553905103e-01
9.915386398230535692e-01
9.936043411851652740e-01
9.930585187408813574e-01
9.935085442207808315e-01
9.961327710711342931e-01
9.984377446043133375e-01
9.982493851187197453e-01
9.989031322041966865e-01
9.985553727693320392e-01
9.952231303987199018e-01
9.942481136667348229e-01
9.926087803419241240e-01
9.920384357601047531e-01
9.925037651068444600e-01
9.931138886208200622e-01
9.961660688819597986e-01
9.982270287620573779e-01
1.001687324156836700e+00
1.002506740262050666e+00
1.004214668844940039e+00
1.003286015963303912e+00
1.003828232237663265e+00
1.001809729529020254e+00
9.998825103173150097e-01
1.000129160239087156e+00
9.993160383265921043e-01
9.992954743251758476e-01
9.990736726618481001e-01
9.988506739900634424e-01
1.000376014301252559e+00
9.999827271662193873e-01
9.996908676785578596e-01
9.993490411014279706e-01
9.985173484289926460e-01
9.971351122984101201e-01
9.963598107229393319e-01
9.955893578618894013e-01
9.948532166883498062e-01
9.938515846175375312e-01
9.952256963442263071e-01
9.975171656070673798e-01
9.997672500896781500e-01
1.001963871513009252e+00
1.002487182225609619e+00
1.002816628917240438e+00
1.004588477283780090e+00
1.004774197433079053e+00
1.005673973362500639e+00
1.005544459232838639e+00
1.005230592823486813e+00
1.005299642294870566e+00
1.004029034391905828e+00
1.003238716862179469e+00
1.002871399713047840e+00
9.990580567867686224e-01
9.978032276116611810e-01
9.975488459030718014e-01
9.963459216514338745e-01
9.938740468429393404e-01
9.949777097058770670e-01
9.951029665049687667e-01
9.953657651945166940e-01
9.945718870887285679e-01
9.958743003466495880e-01
9.973549564009365209e-01
9.984249339720758787e-01
9.993386536683166455e-01
1.000444958875717605e+00
1.001791302875324918e+00
1.001448912223090293e+00
1.002558478698313271e+00
1.003658565846128781e+00
1.003537460407692761e+00
1.003204383605566186e+00
1.002864756549603165e+00
1.003238800697594746e+00
1.002416884429274457e+00
1.001998463634871550e+00
1.000880457139664115e+00
9.997328732350538871e-01
9.995323090545327194e-01
9.993594078552501259e-01
9.988455705844389021e-01
9.982953811913056752e-01
9.987528775182978880e-01
9.980922337411138878e-01
9.980062807890225374e-01
9.984195877722409351e-01
9.984041185278884623e-01
9.981752611770914330e-01
9.983452876979677093e-01
9.985967447624636284e-01
9.987944601059913774e-01
9.986618893222528603e-01
9.993238812147045014e-01
9.995554833829531916e-01
9.997413249068307639e-01
9.999582567000532274e-01
9.995211984080080159e-01
9.999544081058140410e-01
1.001353788138513501e+00
1.000890054510240379e+00
1.001191099797966055e+00
1.000500622919754834e+00
1.000773951481960911e+00
1.000647999304873359e+00
1.000896695184111174e+00
9.999975269640474229e-01
1.000859318463596770e+00
1.000088045010779414e+00
1.000022191083635992e+00
9.996437682959689042e-01
9.999233660170669946e-01
1.000053226308808219e+00
9.997338089366769598e-01
9.998685035500590734e-01
9.994251092898085442e-01
9.990873112265519218e-01
9.990741780792971038e-01
9.992682775685186591e-01
9.999964023960927761e-01
9.998215449229165275e-01
9.992618023213628575e-01
1.000542490661774808e+00
1.000435859431696439e+00
9.994351774926235610e-01
1.000293561813470511e+00
1.000550190851257737e+00
1.000547031139612519e+00
1.000225913573684622e+00
1.000896122755637885e+00
1.000949532133907693e+00
1.001175487267463415e+00
1.000285032200757485e+00
1.000862844493964676e+00
1.000552281865390913e+00
1.000286264363923205e+00
1.000871509571075624e+00
1.000015105289868256e+00
9.997848791626520182e-01
1.000144085962662022e+00
9.999028928578277409e-01
1.000088566033011439e+00
9.994208254442207284e-01
1.000016368896836205e+00
1.000401227663590298e+00
1.000218612559753195e+00
9.999230637943771205e-01
9.999331064328560448e-01
1.000117213006858297e+00
9.998694492943245304e-01
1.000478045526003390e+00
9.997235476428263379e-01
1.000231775678150248e+00
1.000722772214042600e+00
1.000607830661326858e+00
1.000917361121401283e+00
1.000825804564133836e+00
1.000662284568556881e+00
1.000899608825863929e+00
1.000276558067476396e+00
9.941879168536821298e-01
9.833224925872769973e-01
9.724615264516871527e-01
9.609215596468796416e-01
9.508615839383773860e-01
9.400532230158556990e-01
9.295319179912669982e-01
