0.000000000000000000e+00
0.000000000000000000e+00
0.000000000000000000e+00
0.000000000000000000e+00
0.000000000000000000e+00
0.000000000000000000e+00
0.000000000000000000e+00
0.000000000000000000e+00
0.000000000000000000e+00
0.000000000000000000e+00
0.000000000000000000e+00
0.000000000000000000e+00
0.000000000000000000e+00
0.000000000000000000e+00
0.000000000000000000e+00
0.000000000000000000e+00
0.000000000000000000e+00
0.000000000000000000e+00
0.000000000000000000e+00
0.000000000000000000e+00
0.000000000000000000e+00
3.014717609923357050e-02
9.648363053471001871e-01
3.270312833602466718e+00
3.318558228029970802e+00
1.883514641297100889e+00
8.639542512527411677e-01
3.996275121424194832e-01
2.064579361727908735e-01
2.257767291716783475e-01
8.153965721521219123e-01
1.712048863872136062e+00
1.901942603458658620e+00
1.484724181076862104e+00
1.007360993749443212e+00
7.183602760863116998e-01
5.965382710156418300e-01
5.893632770259473741e-01
6.410634180781863423e-01
7.202440549673295722e-01
8.199265596162077507e-01
9.219210659685611597e-01
1.012071455839102407e+00
1.091100989910052332e+00
1.149673231634359194e+00
1.196373915491218298e+00
1.215695376183034027e+00
1.218010772448005818e+00
1.201189472847266071e+00
1.168114920835494841e+00
1.130023526771268827e+00
1.092423464456164783e+00
1.052564259895771848e+00
1.019563071291684775e+00
9.891546104797885874e-01
9.647088908948650010e-01
9.457759039383842881e-01
9.349692839643581888e-01
9.270824040072080940e-01
9.211035728001751854e-01
9.214314095652903491e-01
9.219418787669438897e-01
9.331761499409962912e-01
9.424042916811737891e-01
9.548448798280924077e-01
9.679937714583513042e-01
9.795928823535009489e-01
9.876607715420182565e-01
9.963460129625560935e-01
1.005516873512065201e+00
1.012050140034231882e+00
1.015432139638096309e+00
1.024061556611439494e+00
1.029011704437084784e+00
1.029893696384404977e+00
1.031522783291480394e+00
1.027869649933602192e+00
1.026583798434252071e+00
1.021653123015115350e+00
1.017762732659906133e+00
1.012781824722674529e+00
1.010328257627679305e+00
1.002776384352006556e+00
9.971335345806976447e-01
9.957799976353605143e-01
9.922199621189958796e-01
9.887498933680242130e-01
9.897426991911698613e-01
9.881996161934633038e-01
9.874574107919706911e-01
9.885686897810452844e-01
9.889723756025420309e-01
9.894474809362472367e-01
9.902984929095416389e-01
9.917078468644220379e-01
9.935357761032347357e-01
9.952005937293451066e-01
9.968317719277538513e-01
9.996774930516193480e-01
1.002969524017583769e+00
1.004664883136989761e+00
1.007553153013047043e+00
1.010596967827810166e+00
1.008917024656030392e+00
1.009333324737283766e+00
1.007002444865791935e+00
1.004954720129991763e+00
1.002171960190637146e+00
9.985229718906264429e-01
9.956291402974564164e-01
9.951506093977744438e-01
9.942375848512573500e-01
9.932727306844730819e-01
9.931352812554967713e-01
9.938481174514682825e-01
9.952798884917035682e-01
9.971442370256242693e-01
9.971870804147436873e-01
9.987602422527462886e-01
9.994171559459266163e-01
9.975641801717454182e-01
9.979318550338158733e-01
9.963625674640167462e-01
9.945049870093849442e-01
9.929999365874836448e-01
9.920994243903213938e-01
9.948017647073927883e-01
9.961211432627867790e-01
1.000000835914872876e+00
1.002192671919967859e+00
1.003277647995366451e+00
1.004254531739141143e+00
1.002850411426004396e+00
1.003227358780787615e+00
1.001504044156305895e+00
1.001827775805170129e+00
1.000923834598863138e+00
9.996681838440539813e-01
1.000353605478709218e+00
1.000434531480980604e+00
9.996978189200524945e-01
1.000989827906319407e+00
9.999667712505829753e-01
9.999770583228826393e-01
9.989419604278435560e-01
9.982630477692808757e-01
9.970847722348961106e-01
9.953017727168934625e-01
9.950310551828198680e-01
9.945834489791196553e-01
9.951271490414143051e-01
9.959585343355686904e-01
9.978666806190024108e-01
1.000569933246949095e+00
1.000282179711440955e+00
1.003469732156929028e+00
1.004136936720492201e+00
1.005067269486181747e+00
1.006147669290655466e+00
1.006609008147609119e+00
1.006208504215061028e+00
1.006328552137143673e+00
1.005351293524439971e+00
1.003042865257337768e+00
1.002123333620172474e+00
1.001442718087969252e+00
9.993280059471789656e-01
9.983377241693360826e-01
9.966815146412771886e-01
9.953619725859876866e-01
9.944781336165392505e-01
9.939116067154952772e-01
9.945115138815472378e-01
9.942754768722377179e-01
9.954102700544706916e-01
9.959585995364473865e-01
9.976113991312055562e-01
9.981706836452354237e-01
9.988957623913916617e-01
1.000355965145751425e+00
1.002452388926168947e+00
1.002944028836914914e+00
1.003647626452625952e+00
1.003418692987006366e+00
1.004462886488100226e+00
1.004399371425075183e+00
1.003115322219032546e+00
1.002523569033841211e+00
1.002893385604520793e+00
1.002126631766961262e+00
1.000997104855135600e+00
1.000352988909577467e+00
1.000528251805969715e+00
1.000180062004706771e+00
9.993019334867729864e-01
9.992039850785051636e-01
9.980340959698360548e-01
9.988198686351030808e-01
9.986059788409038518e-01
9.988722108003971201e-01
9.984675138267279371e-01
9.988733328067038730e-01
9.990989872960243101e-01
9.992408219305295436e-01
9.997514012123804861e-01
1.000042419209425493e+00
1.000323557450797596e+00
1.000827367426723624e+00
1.000447661166061764e+00
1.000936550240921985e+00
1.001359985658394569e+00
1.000504868206410380e+00
1.001275880947843477e+00
1.001526701087111171e+00
1.001193143870600544e+00
1.001319197048809118e+00
1.001204189741200734e+00
1.001080227056561744e+00
1.001488598447609402e+00
1.000735463926225810e+00
1.000427590804492617e+00
1.000937267196428726e+00
1.000860233703352531e+00
9.998868087388301795e-01
9.998579162702273537e-01
1.000454889877862685e+00
1.000278889497026702e+00
9.995450812318518174e-01
1.000079461533147862e+00
9.999388598408867068e-01
9.991207566237496618e-01
9.995227943001346871e-01
9.995657424304241756e-01
9.995424889673211188e-01
9.996579405836587551e-01
9.999868231399403617e-01
1.000086960259019220e+00
1.000129741587461929e+00
1.000832335440643428e+00
1.000165586005896223e+00
1.001024900654078786e+00
1.000734984562327234e+00
1.000410477192665626e+00
1.000472071481459224e+00
1.000906420444168665e+00
1.000733117876982714e+00
1.000978476055450095e+00
1.000473638940623688e+00
1.000064258485683588e+00
1.000626223935153547e+00
1.000229184272073635e+00
1.000359603967944100e+00
1.000403643429357947e+00
9.996614456190803244e-01
9.994969829640510950e-01
9.999531802303753825e-01
1.000014058044319087e+00
9.997863540551810146e-01
9.997857740098705648e-01
9.995918806789002575e-01
9.996045406079823170e-01
1.000064983991661549e+00
1.000316640189518047e+00
1.000193127963622475e+00
1.000034687008412027e+00
1.000463222288090925e+00
9.995859175855621448e-01
1.000705876776189385e+00
1.000537105278743066e+00
1.000042906620689509e+00
1.000379214047446119e+00
1.000569318091819815e+00
1.000655366762651433e+00
9.936311479489765563e-01
9.829111448779587201e-01
9.720396727407549786e-01
9.614291128076681847e-01
9.503297855207342160e-01
9.398319020609021690e-01
9.289758699698007494e-01
