0.000000000000000000e+00
0.000000000000000000e+00
0.000000000000000000e+00
0.000000000000000000e+00
0.000000000000000000e+00
0.000000000000000000e+00
0.000000000000000000e+00
0.000000000000000000e+00
0.000000000000000000e+00
0.000000000000000000e+00
0.000000000000000000e+00
0.000000000000000000e+00
0.000000000000000000e+00
0.000000000000000000e+00
0.000000000000000000e+00
0.000000000000000000e+00
0.000000000000000000e+00
0.000000000000000000e+00
0.000000000000000000e+00
0.000000000000000000e+00
0.000000000000000000e+00
3.066001392017428731e-02
9.528828772462424324e-01
3.246221514895144988e+00
3.306696435437158854e+00
1.880692858490567110e+00
8.635789750101873219e-01
3.984663585553047116e-01
2.050344784074820403e-01
2.257345127674705576e-01
8.094749605498317013e-01
1.697917636406875097e+00
1.898190325490491270e+00
1.480400768879897244e+00
1.005924971760513431e+00
7.197187593413900686e-01
6.037030177355060534e-01
5.960348370950282471e-01
6.443210408777224618e-01
7.277485031762646051e-01
8.260321267569492587e-01
9.208173913790234089e-01
1.012208158147915649e+00
1.086418255810528866e+00
1.150723494162086080e+00
1.191471271685378142e+00
1.212578087317370823e+00
1.214241335168377400e+00
1.198305607095655034e+00
1.168809408971251518e+00
1.127730361521573688e+00
1.090303073187836924e+00
1.051235825448691985e+00
1.013976959870274364e+00
9.892361856202243064e-01
9.642139952665212954e-01
9.448049268488468710e-01
9.348260979384599434e-01
9.283898951839757441e-01
9.206102005649524633e-01
9.203435799028989450e-01
9.240925729543546518e-01
9.331886245858631579e-01
9.453664176178503409e-01
9.551494227041276153e-01
9.655151569425100000e-01
9.783641172891822668e-01
9.875431999248097670e-01
9.953273486669589332e-01
1.003152377449031851e+00
1.010749742972736565e+00
1.017748060822369238e+00
1.024146975848261754e+00
1.026889309011538298e+00
1.029101088529774444e+00
1.029283545020753587e+00
1.027082490394701342e+00
1.026017677967839603e+00
1.021049026014920980e+00
1.015592686569905867e+00
1.013015252163894653e+00
1.005779651416693676e+00
1.003523506242887775e+00
9.982035518486482850e-01
9.959762665253254488e-01
9.907007590636144334e-01
9.892776388842920987e-01
9.887729696758162934e-01
9.882488895705752174e-01
9.886297073580802008e-01
9.883681273244492305e-01
9.899165804168221783e-01
9.909967903977143777e-01
9.896523454609827963e-01
9.918499235105896483e-01
9.938446775412200784e-01
9.934627810918031932e-01
9.957146937771490514e-01
9.990875047405266551e-01
1.000315274103960261e+00
1.003837609217335336e+00
1.007429330271867762e+00
1.007522495569171062e+00
1.009062392320780877e+00
1.009153559885916263e+00
1.005756326006191026e+00
1.004955901592143208e+00
1.002190033627825327e+00
9.982488133144380438e-01
9.972775961988353810e-01
9.946582717439413912e-01
9.931798678020286042e-01
9.932006678192987215e-01
9.949571333183421240e-01
9.940427711378209130e-01
9.947377674400540437e-01
9.956082603487145244e-01
9.967347143892271166e-01
9.982658297277082760e-01
9.986602306143125274e-01
9.992227712426243746e-01
9.974347540381609534e-01
9.948737826429693287e-01
9.926402262512282748e-01
9.917789260709916066e-01
9.923433185688502745e-01
9.929802062887614911e-01
9.961912624897757418e-01
1.000332223554228239e+00
1.002110148764315145e+00
1.002663917988127373e+00
1.003498452808242236e+00
1.003522867497754989e+00
1.002189891474954742e+00
1.001195085528913120e+00
1.000547749042943080e+00
9.998695584939832903e-01
9.992647860335212018e-01
9.989696627923693173e-01
9.995625420889444612e-01
9.995606520214540547e-01
1.000257101234807378e+00
9.996201855278302739e-01
1.000203329282917775e+00
9.991514609376367373e-01
9.987863073091560739e-01
9.989188888609831229e-01
9.963873517934925816e-01
9.962010318391965047e-01
9.956301737283588249e-01
9.953763558126507149e-01
9.956830514590048198e-01
9.972594865250523632e-01
9.996127256697489027e-01
1.001084773496739633e+00
1.002997287721228314e+00
1.003980775644274903e+00
1.004922342056329132e+00
1.006361117675581118e+00
1.006059715136425670e+00
1.005848068777026372e+00
1.005520525367001206e+00
1.004842735228558270e+00
1.003044260328693538e+00
1.003401495847431324e+00
1.001917540026086906e+00
9.991980023001987288e-01
9.980992423279121395e-01
9.979256998206195162e-01
9.960226312462071574e-01
9.949928592277641481e-01
9.947234360003921472e-01
9.936480322849033930e-01
9.950708655927246182e-01
9.949700407474830754e-01
9.961729738918962962e-01
9.971517885640873713e-01
9.986975917025729954e-01
1.000779739416705283e+00
1.001430961693198674e+00
1.001870732025657462e+00
1.002372393052368915e+00
1.002735810474430611e+00
1.003157405243212841e+00
1.003648437119345704e+00
1.004276291815842104e+00
1.003571978600637848e+00
1.003268949444074298e+00
1.002323402022840426e+00
1.001790523649706888e+00
1.001315212603608451e+00
1.000540500189085691e+00
9.995521011526630195e-01
9.988573523917211316e-01
9.989278568207013986e-01
9.993463977525526287e-01
9.984192076595199694e-01
9.985746225614542393e-01
9.982690104247667895e-01
9.984739528714484669e-01
9.981566231776084486e-01
9.989968904276982364e-01
9.991094800375679430e-01
9.993806110502619910e-01
9.993543125369902524e-01
9.997270473033056382e-01
9.995152122621325796e-01
1.000672964372521845e+00
1.000538040121198735e+00
1.000700427858767894e+00
1.000366413972848312e+00
1.000550080978273471e+00
1.001552246778436794e+00
1.000717555554466953e+00
1.000708574731085987e+00
1.001609833910134695e+00
1.000885313027886969e+00
1.000709815710875361e+00
1.000972561315743192e+00
1.000374669803201888e+00
1.001362470281807582e+00
1.000694457036730656e+00
1.000256261468294827e+00
9.999910549786145131e-01
9.999000957091555009e-01
9.999212421965689712e-01
9.994853368090844681e-01
1.000068132739513782e+00
9.999661149859094822e-01
9.993057234972995140e-01
1.000272423526117116e+00
9.993358558779283918e-01
9.997590698630253181e-01
9.998610711951002594e-01
9.995787858927699387e-01
1.000302515279515525e+00
9.994057158770541793e-01
1.000610105760703528e+00
1.000395753488768857e+00
1.000025897973859879e+00
1.000847211583454577e+00
1.001023148960467957e+00
1.000754531104265377e+00
1.001133427608114523e+00
1.000227419732673928e+00
1.000876929492680478e+00
1.000506833921801730e+00
1.000176738347593908e+00
1.000949130607327930e+00
1.000418594794787674e+00
1.000620926476331052e+00
1.000471885340997735e+00
1.000483944840901529e+00
1.000136389694638472e+00
1.000299908622788392e+00
1.000276084960893819e+00
1.000485621611432174e+00
9.999228856475316229e-01
9.996793797360551403e-01
9.997443998476506222e-01
1.000185113941195469e+00
9.994932584876817794e-01
1.000669903563211616e+00
1.000303336967636625e+00
1.000479626632231778e+00
1.000432019218464363e+00
9.997288253030214289e-01
1.001284876729702233e+00
1.000390960523908968e+00
1.000378605661156772e+00
1.001277534413317793e+00
1.000259041026982931e+00
1.000485511630629931e+00
9.939145105451294704e-01
9.828105622816546427e-01
9.725518967829085426e-01
9.615877439012719963e-01
9.509467679977885446e-01
9.403376805172688480e-01
9.293892839085839963e-01
