0.000000000000000000e+00
0.000000000000000000e+00
0.000000000000000000e+00
0.000000000000000000e+00
0.000000000000000000e+00
0.000000000000000000e+00
0.000000000000000000e+00
0.000000000000000000e+00
0.000000000000000000e+00
0.000000000000000000e+00
0.000000000000000000e+00
0.000000000000000000e+00
0.000000000000000000e+00
0.000000000000000000e+00
0.000000000000000000e+00
0.000000000000000000e+00
0.000000000000000000e+00
0.000000000000000000e+00
0.000000000000000000e+00
0.000000000000000000e+00
0.000000000000000000e+00
3.122202205374961098e-02
9.548083966840027470e-01
3.263113538529122337e+00
3.308378073763798444e+00
1.871311848507519748e+00
8.688259776032718484e-01
3.962196474734873686e-01
2.073648646061082845e-01
2.265597465170845204e-01
8.145755158550109787e-01
1.700575061380504405e+00
1.899367004207253684e+00
1.472984949325662152e+00
1.004080428135477820e+00
7.200948538929381471e-01
6.012948580815455912e-01
5.913098537180593306e-01
6.425989596847465624e-01
7.278681749655947497e-01
8.269604134638582904e-01
9.245427009262975337e-01
1.013490157663027080e+00
1.090279734945332812e+00
1.150882226486019233e+00
1.190408971828528006e+00
1.216086519030406210e+00
1.216791786879454884e+00
1.201514609561169733e+00
1.169178835685776852e+00
1.130093503422654466e+00
1.087614195041122889e+00
1.049586923914919145e+00
1.017152059611893034e+00
9.855704993203369124e-01
9.644402343365823249e-01
9.464207510829646397e-01
9.336056986538018299e-01
9.269656200287421655e-01
9.216931240324572894e-01
9.229791373432090218e-01
9.242513475891802610e-01
9.332466524824940546e-01
9.448270444423974013e-01
9.555219074950797031e-01
9.678183127323574109e-01
9.776738273265211943e-01
9.855894089370300648e-01
9.957571156691699121e-01
1.004549905802569976e+00
1.012489948892892677e+00
1.020035703517059744e+00
1.023147612315957744e+00
1.026455576780769929e+00
1.029612961637067725e+00
1.029256719868588466e+00
1.027704110372613000e+00
1.025264513860184357e+00
1.021664161134865800e+00
1.017702851004329778e+00
1.014468592822347581e+00
1.007192584558727733e+00
1.002285256506358690e+00
9.979134080517134686e-01
9.955374420303787497e-01
9.903976655341060198e-01
9.897893801620589738e-01
9.880665042467552395e-01
9.867832008751129536e-01
9.859806098907136773e-01
9.879450107784140123e-01
9.889494169400023793e-01
9.895380306372654200e-01
9.912581530767586857e-01
9.922930925681265890e-01
9.916534461900280428e-01
9.950245598380135226e-01
9.955767279934252256e-01
9.985270973882404144e-01
1.000566566914707245e+00
1.004192227820395189e+00
1.006245432799300232e+00
1.009647929381773057e+00
1.007902561155767485e+00
1.007394033056786764e+00
1.006448395271475338e+00
1.003780415909575563e+00
1.000328210970349296e+00
9.977859741283325867e-01
9.959112213934673274e-01
9.952850377648201352e-01
9.927319390530406906e-01
9.916541016273329179e-01
9.924389637331737513e-01
9.933529430136549543e-01
9.940626817035453922e-01
9.966933639464276018e-01
9.964159112873615110e-01
9.973623672623412872e-01
9.985174131843973511e-01
9.980773049504683136e-01
9.973079798260940931e-01
9.942883582525388064e-01
9.941771469974353126e-01
9.914299286144619971e-01
9.926460192626921364e-01
9.924838548007338668e-01
9.953503789705242522e-01
9.996914712299274086e-01
1.001124998728411208e+00
1.003658236921900038e+00
1.003028452377633162e+00
1.002979600131683080e+00
1.001177466639834091e+00
1.000831945677037149e+00
1.000458872253958909e+00
9.990816238097519619e-01
9.994343235156593064e-01
9.999856034109150249e-01
9.992754643183784369e-01
9.996264144869632107e-01
9.994695975599692250e-01
9.989680656844646123e-01
9.977336735286492786e-01
9.975949448849311674e-01
9.975359907507116430e-01
9.973070344394107112e-01
9.948113051100876403e-01
9.954004121531908611e-01
9.940204242840411375e-01
9.953566640601085869e-01
9.961574338955677677e-01
9.966235699120669089e-01
9.998305002518625972e-01
1.000387565928978040e+00
1.002406515229100403e+00
1.004041955833991695e+00
1.004269987688137578e+00
1.005935591586422095e+00
1.006293024221997623e+00
1.005585951476324125e+00
1.006533710943796622e+00
1.004927931894181503e+00
1.003149006362747286e+00
1.001919812950371469e+00
1.000695051313932771e+00
9.997336495818408553e-01
9.976527608783875012e-01
9.969703500688789077e-01
9.955123174036664135e-01
9.946674496461832549e-01
9.936369406003198179e-01
9.946326063091645020e-01
9.943443289489338754e-01
9.952542406685868093e-01
9.962900685897650987e-01
9.972542819006255943e-01
9.980742194674383505e-01
9.995176510501903033e-01
1.000247527737912145e+00
1.001127947520207284e+00
1.002416332539208588e+00
1.003036681274685593e+00
1.003212796354573610e+00
1.002975057425110839e+00
1.003578983000627201e+00
1.003781623320741057e+00
1.002481239068912844e+00
1.002435366960562346e+00
1.001218359289363979e+00
1.001056240304760481e+00
1.000092261925538573e+00
1.000534921512283404e+00
9.997010194584227127e-01
9.991138450669962978e-01
9.985572730619058923e-01
9.985038856050661993e-01
9.985560893542406724e-01
9.978764599183190809e-01
9.974738075062848930e-01
9.988411147668456724e-01
9.979039070228669095e-01
9.990998926028281657e-01
9.986522982798439196e-01
9.997422032719163187e-01
9.992906796503346900e-01
9.998833158329972770e-01
1.000640028297119066e+00
1.000225277117770206e+00
1.000396749712249012e+00
1.000564241808984844e+00
1.001389699331002081e+00
1.000681697454062213e+00
1.001447611392421999e+00
1.000234142535448623e+00
1.000762407675887866e+00
1.001257999245904307e+00
1.000817492703158562e+00
1.000770748258603460e+00
1.000589978945998437e+00
1.000649307351258122e+00
1.000753383050746903e+00
1.000255968008744611e+00
1.000548369437202600e+00
1.000230437558294216e+00
9.993742185743280659e-01
9.999132696588255431e-01
9.994668048561494711e-01
9.997810437681367013e-01
9.993182683244052900e-01
9.996931940912373582e-01
9.994776408498127207e-01
9.994084323535383785e-01
9.991244525008700084e-01
9.998648847050216615e-01
9.996958881265319841e-01
9.998727794135715552e-01
9.994765542373711398e-01
1.000033541764223211e+00
1.000867355969958794e+00
1.000305996791296392e+00
1.000991751106793837e+00
1.000490639510347002e+00
1.000539256069864491e+00
1.001138142278086729e+00
1.001101978901978162e+00
1.000847472466930066e+00
9.999309527984302504e-01
1.000377432297829605e+00
1.000803590738878368e+00
9.997663936869483070e-01
1.000434109963769025e+00
9.998822760962792211e-01
9.994572738570912662e-01
9.997608713228910426e-01
1.000175854416546661e+00
9.995737597137109853e-01
9.997461541029756260e-01
9.991613497518365694e-01
1.000066037996055757e+00
9.999175167527099006e-01
1.000349082694014680e+00
1.000471925402946383e+00
9.999936104567798134e-01
9.995498983570432205e-01
1.000622875416799396e+00
1.000636962070817093e+00
1.000773871757236311e+00
9.998697159030121018e-01
1.001266181041114534e+00
1.000270155121667948e+00
1.001260829434632793e+00
1.000940124012677179e+00
9.942978931845277701e-01
9.834120184731134362e-01
9.722588822894256966e-01
9.614730178552775008e-01
9.506320113630812862e-01
9.401747120135695024e-01
9.294479637293683316e-01
