0.000000000000000000e+00
0.000000000000000000e+00
0.000000000000000000e+00
0.000000000000000000e+00
0.000000000000000000e+00
0.000000000000000000e+00
0.000000000000000000e+00
0.000000000000000000e+00
0.000000000000000000e+00
0.000000000000000000e+00
0.000000000000000000e+00
0.000000000000000000e+00
0.000000000000000000e+00
0.000000000000000000e+00
0.000000000000000000e+00
0.000000000000000000e+00
0.000000000000000000e+00
0.000000000000000000e+00
0.000000000000000000e+00
0.000000000000000000e+00
0.000000000000000000e+00
3.152137084330670913e-02
9.588829836143459850e-01
3.267885977860470081e+00
3.317417570860456966e+00
1.883245389341469123e+00
8.775549270942357705e-01
4.012353683908532753e-01
2.065723466294371036e-01
2.265123976335572664e-01
8.158731983297249357e-01
1.706126654626528572e+00
1.907581416521269446e+00
1.484898489730481774e+00
1.005346952702341312e+00
7.193839835730804211e-01
5.993392190697598432e-01
5.875504473136969885e-01
6.394878988322089119e-01
7.211065586101540470e-01
8.225955250358872872e-01
9.206906738462482531e-01
1.014843111629125438e+00
1.090713377069420620e+00
1.151604814721473247e+00
1.195251547996280195e+00
1.219211706647320925e+00
1.220727835275076556e+00
1.205178596171068817e+00
1.174964108068102142e+00
1.132650702223113592e+00
1.089109882038044042e+00
1.057583967766983823e+00
1.019046931383415622e+00
9.914411871373188800e-01
9.663192089932383100e-01
9.494997841403685079e-01
9.381224892328710041e-01
9.262781901673923235e-01
9.220742635115379837e-01
9.187896195863163307e-01
9.227303611499142466e-01
9.305551028753548115e-01
9.441250505314132679e-01
9.528455069858692283e-01
9.672041929990314868e-01
9.760026898994103028e-01
9.854519224486868456e-01
9.943691967513702545e-01
1.005438575561833359e+00
1.012338527621075679e+00
1.019920920744355808e+00
1.024254863921874925e+00
1.030807227047756625e+00
1.029968309778415136e+00
1.032752468530478529e+00
1.030157612361621178e+00
1.026978814990637368e+00
1.022868622167678598e+00
1.019482107416819439e+00
1.015375118007153299e+00
1.009388235819787427e+00
1.003976322222464468e+00
9.998303972950211005e-01
9.955052901008486499e-01
9.916122008237009400e-01
9.875936914991907400e-01
9.880714867194555495e-01
9.884020541487573697e-01
9.882012198636067613e-01
9.888034827615023170e-01
9.917860008450751774e-01
9.932609410451926912e-01
9.903521541978892451e-01
9.918130518825482023e-01
9.927580429831700526e-01
9.947459740015986984e-01
9.971764919969862140e-01
1.000177994538178794e+00
1.002251954039965254e+00
1.005168027880794845e+00
1.008704106344869178e+00
1.010330953319215519e+00
1.011430805651865938e+00
1.009242743854508184e+00
1.008436339819305028e+00
1.006562553786569447e+00
1.003774681577720429e+00
9.994222941850896547e-01
9.986537765028343783e-01
9.958877310654957737e-01
9.930912567889895737e-01
9.934308617074797398e-01
9.947027698668473583e-01
9.947000908914509498e-01
9.964827156855359247e-01
9.990101367801512700e-01
9.985244848878033208e-01
1.000044642583580723e+00
1.000078217168165917e+00
9.998495562327552877e-01
9.985586579920711081e-01
9.967367086189605763e-01
9.936137448201941558e-01
9.925724019063928427e-01
9.924112009647255706e-01
9.944572460996713437e-01
9.954688740863105734e-01
1.000592427193194744e+00
1.003322480006668460e+00
1.003811225315950795e+00
1.005068771004119954e+00
1.004183331417788150e+00
1.004302293229720755e+00
1.001727529079780687e+00
1.001252653270085391e+00
1.000370485093945438e+00
1.000851060266662040e+00
1.000228268172850044e+00
1.000521365769689419e+00
1.000361919696740376e+00
1.000724905103331785e+00
1.001455950180635934e+00
1.000061841041177013e+00
1.000258258819813006e+00
9.990983654175942252e-01
9.969431305070740601e-01
9.969967998922196761e-01
9.960874190652878601e-01
9.958499367221040899e-01
9.957746938836227191e-01
9.971192702356195259e-01
9.964830248940905744e-01
9.991565202977232829e-01
1.000777713679102510e+00
1.002525258363757832e+00
1.004609645871606949e+00
1.005489987767798077e+00
1.006361560417841083e+00
1.006980955280505130e+00
1.006422914547258740e+00
1.006504801498769419e+00
1.005702452530597313e+00
1.004495634134496163e+00
1.003345095755165728e+00
1.001742929932802673e+00
1.000280887217192660e+00
9.984392848911012308e-01
9.968477583846405699e-01
9.958862946289327445e-01
9.945983885229735533e-01
9.941668916172483605e-01
9.946291370119039188e-01
9.946504715656465656e-01
9.946607604498995947e-01
9.963201255926258382e-01
9.971662756266800320e-01
9.990087000401228767e-01
9.994181410954583455e-01
1.000554524897799169e+00
1.001290910343139107e+00
1.002707195984512412e+00
1.002896357462755850e+00
1.004086533770985890e+00
1.004180983017064488e+00
1.003763504024498321e+00
1.003898069510295699e+00
1.003150834571588268e+00
1.001950380114531303e+00
1.001457690311007509e+00
1.001561151870700161e+00
1.000951438989579056e+00
9.996953604792565562e-01
1.000310323997644080e+00
9.987423478644684716e-01
9.985186581913775283e-01
9.983518792710852630e-01
9.984811586473094636e-01
9.984328306162255640e-01
9.978136320599126918e-01
9.979005950540116299e-01
9.985423892443680005e-01
9.984314621820810087e-01
9.994919310656492639e-01
9.996737567320959084e-01
1.000389846955878292e+00
9.991900619716741483e-01
9.996081011509304615e-01
9.997509794927904592e-01
1.000695355191993041e+00
1.001141364076515883e+00
1.000046822034209137e+00
1.001240995281648116e+00
1.000784397592904496e+00
1.000404913164503418e+00
1.001089580611829399e+00
1.000601893492905958e+00
1.000595189159922294e+00
1.000621604528866726e+00
1.000273375572914070e+00
1.000574313986803521e+00
1.000478504449194617e+00
9.998840730341785887e-01
9.998199544159794838e-01
1.000140750599100015e+00
1.000349668871087117e+00
9.995867562535116768e-01
9.993443549646690016e-01
9.992271090037637693e-01
9.994139737943286139e-01
9.999208514038957496e-01
9.998501098411495258e-01
9.992735715319222001e-01
1.000301445424199853e+00
9.993675225922770133e-01
9.996185564098462040e-01
9.995201453962405669e-01
9.998773008480582591e-01
9.994966531797628839e-01
9.998558212897846742e-01
1.000573862263146596e+00
1.000184694040493261e+00
1.000328903743821884e+00
1.000052122595296522e+00
1.000072889422518152e+00
1.000354573719461238e+00
1.000563075874175700e+00
1.000523276399204908e+00
1.000327856876366273e+00
1.000638615514048979e+00
1.000048865933878650e+00
9.999895110682931465e-01
1.000062702658389924e+00
1.000118623267507445e+00
1.000034460129640479e+00
9.998952240032923378e-01
9.995064475224519907e-01
9.999718090771072543e-01
9.998992476021008047e-01
9.995385422326229508e-01
9.996447515798639882e-01
9.996830460560898191e-01
9.997298448503010304e-01
1.000219468941290879e+00
9.997341016516494427e-01
9.999610048292031372e-01
9.996653389459135841e-01
1.000799455387753278e+00
9.999644493165729120e-01
1.000362114891941046e+00
1.000175631675959798e+00
1.000361840009774461e+00
1.000139815558352963e+00
9.931916711587422952e-01
9.824143431214621414e-01
9.719690857952959506e-01
9.604773744210044484e-01
9.499742999584138703e-01
9.390090884814735750e-01
9.288094887851334747e-01
