0.000000000000000000e+00
0.000000000000000000e+00
0.000000000000000000e+00
0.000000000000000000e+00
0.000000000000000000e+00
0.000000000000000000e+00
0.000000000000000000e+00
0.000000000000000000e+00
0.000000000000000000e+00
0.000000000000000000e+00
0.000000000000000000e+00
0.000000000000000000e+00
0.000000000000000000e+00
0.000000000000000000e+00
0.000000000000000000e+00
0.000000000000000000e+00
0.000000000000000000e+00
0.000000000000000000e+00
0.000000000000000000e+00
0.000000000000000000e+00
1.085164734577040750e-04
3.054183794998106480e-02
9.662656951870430833e-01
3.261432353518584293e+00
3.324422598905821147e+00
1.885490277533152792e+00
8.682785413113406348e-01
3.983269501527805789e-01
2.059126642056591239e-01
2.256646346994683472e-01
8.116431283210562286e-01
1.707749399537155544e+00
1.908748399040018029e+00
1.479418968926779820e+00
1.005062755093216520e+00
7.164634865843555467e-01
5.972920067937332878e-01
5.858980149210802901e-01
6.389188261289875381e-01
7.222617960315831365e-01
8.215123331838505294e-01
9.273850524550354413e-01
1.014063678688487347e+00
1.091346489809560616e+00
1.154011092873254984e+00
1.198833143486684794e+00
1.219116810796209815e+00
1.220261610880418290e+00
1.203800007272709083e+00
1.170894969255891649e+00
1.132840211318186352e+00
1.091328764067964086e+00
1.053830014661583103e+00
1.019422875503410930e+00
9.890941056977738954e-01
9.670663506242646035e-01
9.485528007988720534e-01
9.320297046592677104e-01
9.289701399763893308e-01
9.228050965808809458e-01
9.191055343907856834e-01
9.247181466951870377e-01
9.321327871708049440e-01
9.414986054814206140e-01
9.546264918735944960e-01
9.680113786651527441e-01
9.789587298997169951e-01
9.878576182654607019e-01
9.998894659105819205e-01
1.005558279053234250e+00
1.016979167378889715e+00
1.020794031861126605e+00
1.025184416918062169e+00
1.027685869830792242e+00
1.030876128094637023e+00
1.029371250871082388e+00
1.029015210739352204e+00
1.027177098276921940e+00
1.024060754371239224e+00
1.019461708273764478e+00
1.013128668388604048e+00
1.009669962702282486e+00
1.004844271499764519e+00
9.997746313824620312e-01
9.957352946813258221e-01
9.927253961537511051e-01
9.896443279333376752e-01
9.896185110039087407e-01
9.866697365617814741e-01
9.884955019683354660e-01
9.897176472109607825e-01
9.893803444820800097e-01
9.922593169552201831e-01
9.913622925831244714e-01
9.942202778796203066e-01
9.963102520870237289e-01
9.959152480865246515e-01
9.970458754133725288e-01
9.999228879171560003e-01
1.003129735411434131e+00
1.004349697760138493e+00
1.007461113721995538e+00
1.009371748397649204e+00
1.010670433343537455e+00
1.010198284270009239e+00
1.007736939405144527e+00
1.005889215325819874e+00
1.002707995678958852e+00
9.995213336252426473e-01
9.973473708433094886e-01
9.959525574251278934e-01
9.949853945806553801e-01
9.940464495187414373e-01
9.932990794449537697e-01
9.947978615370112188e-01
9.963324584398901562e-01
9.975959838935927193e-01
9.996611234636301191e-01
1.000158385324398713e+00
9.990589752973274562e-01
9.989526763683457267e-01
9.976546986520049565e-01
9.963556781783069471e-01
9.924928347564445641e-01
9.924467887297723223e-01
9.922716254122107005e-01
9.945433034288497787e-01
9.978083952324109385e-01
1.000805614303728275e+00
1.002970709253486525e+00
1.004915049409588201e+00
1.004211377543398509e+00
1.003410306691017606e+00
1.003589887614024789e+00
1.002995847610745894e+00
1.001244890599513271e+00
1.001991770572903340e+00
9.992169268081241285e-01
1.000702384373587162e+00
1.000426421309597469e+00
1.000729960939393148e+00
1.000536438657187999e+00
9.998627694636239571e-01
1.000026403196212055e+00
9.999752219784171503e-01
9.988743369246708692e-01
9.974873743099326173e-01
9.965052157649034736e-01
9.941077005245195775e-01
9.955794214749753568e-01
9.953855525595555198e-01
9.969888803323633253e-01
9.977269542202231722e-01
9.999538816147840459e-01
1.001411888047829546e+00
1.003675471614750458e+00
1.003961214351006603e+00
1.006735441564421629e+00
1.006860595103117983e+00
1.006608663805656390e+00
1.006766189920971000e+00
1.005385379693602310e+00
1.005348527213506538e+00
1.004676717013666343e+00
1.003258197781448535e+00
1.002303419628621795e+00
1.000453418401224592e+00
9.981321802623787098e-01
9.979235997119564328e-01
9.965130217764729403e-01
9.950443684907561703e-01
9.948042499261958715e-01
9.946863121224336357e-01
9.946721030478806735e-01
9.961541794010466688e-01
9.971269207312298821e-01
9.969036567093051415e-01
9.985029385817907333e-01
9.997916259449358689e-01
1.001452617796896316e+00
1.002023715511658253e+00
1.002552318978882528e+00
1.003181364195936620e+00
1.004147248812126136e+00
1.004208651884511694e+00
1.004585884629089376e+00
1.003745533599780693e+00
1.004327381503225425e+00
1.002594848068177225e+00
1.001967882394618981e+00
1.002081119216443605e+00
1.000423927659735757e+00
1.000213365592725445e+00
9.997135430000128054e-01
9.989022168424137593e-01
9.984005462543490417e-01
9.982621731414980104e-01
9.987481293229319990e-01
9.987600448609940118e-01
9.979977230121497289e-01
9.982090952494783176e-01
9.982125731092780230e-01
9.989802603611708243e-01
9.986746685179216376e-01
9.993246242011391001e-01
9.998529427828255489e-01
1.000191085197432272e+00
1.000312984860771026e+00
9.996881895495559611e-01
1.000593637542974479e+00
1.000898127935827553e+00
1.001066919430482205e+00
1.000228890126537706e+00
1.001204986554742327e+00
1.001020019578693354e+00
1.000632457258191277e+00
1.001087788812812462e+00
1.000821235625997563e+00
1.000302648534846517e+00
1.000882594789828772e+00
1.000218108088674507e+00
1.000360325326512090e+00
1.000514470570993630e+00
1.000017794952888783e+00
9.994306446269144439e-01
9.998707158128042893e-01
9.995823816474900259e-01
9.987489339965344159e-01
9.995131708597019271e-01
9.989441246855835788e-01
9.998662622003452460e-01
9.988290948634908073e-01
1.000052825358392017e+00
9.997481453825237674e-01
9.997338786635753261e-01
9.996590101729597722e-01
9.999222265324260173e-01
9.998948920907803073e-01
1.000124629151758704e+00
9.999833925265610990e-01
1.000339296090912544e+00
1.000036060024261264e+00
1.000115220535395810e+00
1.000457396476666982e+00
1.000238081249811284e+00
1.000308722455688804e+00
1.000320524263496713e+00
1.001108246744009111e+00
1.000402538740334801e+00
1.000092885121415254e+00
1.000073727760070863e+00
9.999340382010101225e-01
9.995179538042134881e-01
1.000237816537730806e+00
9.992827206837517906e-01
1.000045244255095778e+00
9.996372448609618377e-01
9.996242482943777929e-01
9.990363288313111045e-01
9.993400615256375907e-01
9.997329890289073928e-01
9.996661724834096097e-01
9.989715265824441470e-01
9.993369353047184545e-01
1.000221898666513454e+00
1.000456572789399035e+00
1.000065129622450089e+00
1.000055978211430441e+00
1.000301404753453971e+00
1.000424415205359852e+00
1.000741439157595059e+00
1.000021639619117497e+00
1.000257551606364981e+00
9.936543727958785377e-01
9.827915086547912571e-01
9.720086401670497978e-01
9.606500526032718534e-01
9.500746141010724122e-01
9.395920823003719446e-01
9.286305752124907054e-01
