0.000000000000000000e+00
0.000000000000000000e+00
0.000000000000000000e+00
0.000000000000000000e+00
0.000000000000000000e+00
0.000000000000000000e+00
0.000000000000000000e+00
0.000000000000000000e+00
0.000000000000000000e+00
0.000000000000000000e+00
0.000000000000000000e+00
0.000000000000000000e+00
0.000000000000000000e+00
0.000000000000000000e+00
0.000000000000000000e+00
0.000000000000000000e+00
0.000000000000000000e+00
0.000000000000000000e+00
0.000000000000000000e+00
0.000000000000000000e+00
1.550750542453258166e-05
3.138381443517437169e-02
9.458989860898565638e-01
3.235361179181047486e+00
3.300956157074647290e+00
1.869087747422566226e+00
8.633326496756955626e-01
3.999502997540544391e-01
2.078186382644039432e-01
2.242117837826979043e-01
8.083045561043165073e-01
1.692926534948486106e+00
1.891561758889907408e+00
1.475659309342675529e+00
1.003808725360560317e+00
7.252559242119178684e-01
6.042469303932499480e-01
5.975086793092366788e-01
6.460657681157582211e-01
7.273268674373229992e-01
8.235695823001184523e-01
9.201203010093702561e-01
1.013830536344882738e+00
1.087496450035523754e+00
1.148120967264224523e+00
1.186247396458097736e+00
1.210475504201440566e+00
1.212976902407802982e+00
1.194817465502608256e+00
1.163997880099927107e+00
1.124271154633131653e+00
1.084918367193144606e+00
1.050391752463194273e+00
1.016949236715684490e+00
9.883343631258271200e-01
9.621038223226848762e-01
9.447843092888471572e-01
9.354188854963357835e-01
9.263723907660474932e-01
9.227122510944243405e-01
9.194056487881917539e-01
9.246359894672216972e-01
9.327179014874371621e-01
9.438192142442439758e-01
9.576777825003384148e-01
9.676721915715800204e-01
9.765852663222296393e-01
9.853948103593112018e-01
9.970420224954196220e-01
1.004362184770562827e+00
1.008773083987434260e+00
1.016725543735431447e+00
1.022481949571088400e+00
1.027630449123774881e+00
1.028827648823786634e+00
1.030217636276250293e+00
1.027946012075988902e+00
1.021546388438456576e+00
1.021111432418519538e+00
1.016974685488091446e+00
1.012427323315928662e+00
1.007982996528278941e+00
1.000585166899707223e+00
9.986344558812261241e-01
9.939099783108933384e-01
9.915296920450100693e-01
9.882640086393629231e-01
9.882148778030566127e-01
9.873047414888356244e-01
9.880623601241681486e-01
9.875714608755024049e-01
9.878032540218124602e-01
9.889933309139925521e-01
9.899030585417755157e-01
9.918536884764781458e-01
9.925761416236732471e-01
9.939111436582408476e-01
9.960483833367475004e-01
9.975517585655435671e-01
1.001794087783341780e+00
1.003561854145879284e+00
1.007542220665994526e+00
1.007559316244330372e+00
1.009488752999750494e+00
1.007835440622249834e+00
1.006699707452189507e+00
1.005180452236500432e+00
1.002097585490279608e+00
9.969023037575864832e-01
9.958522292060861814e-01
9.932657760090237709e-01
9.942433435178665846e-01
9.938602427330954781e-01
9.932714594676077535e-01
9.941912716216320112e-01
9.946416813755771802e-01
9.970837000912121662e-01
9.973225385008831489e-01
9.983671065895765029e-01
9.993636166651664876e-01
9.979567941777394147e-01
9.964651177646824953e-01
9.940653772256834442e-01
9.930055936348736179e-01
9.900364605596857492e-01
9.921002224422349469e-01
9.922774736471698942e-01
9.965814332012615795e-01
9.984463910131198272e-01
1.001145299830297875e+00
1.002674663018309875e+00
1.002415358745616603e+00
1.003752692180474249e+00
1.002365374138353804e+00
1.001390298980013194e+00
1.000105724675182994e+00
9.989579209912512470e-01
9.977820657780034352e-01
9.990297487509506302e-01
9.992770667797289397e-01
9.987649909708568030e-01
9.996321842187685380e-01
1.000222029183676975e+00
9.988820887519256342e-01
9.986090100609233966e-01
9.970386962385027196e-01
9.972445653613659644e-01
9.950342674018014533e-01
9.947703202927900001e-01
9.948659196161629970e-01
9.940555798121669673e-01
9.948415226891128560e-01
9.972319898402146610e-01
9.981505345588960187e-01
1.000969993175990558e+00
1.001750297425580527e+00
1.003549155717841534e+00
1.005115286999998192e+00
1.004593838315710475e+00
1.005575243092776461e+00
1.005194398058727456e+00
1.005754248799103578e+00
1.004119858420167821e+00
1.003655368795919101e+00
1.001149088166056966e+00
1.000889285428435693e+00
1.000362678465324118e+00
9.987306154588224683e-01
9.959897522507594747e-01
9.956338025633209021e-01
9.942891369055781858e-01
9.938711950274002893e-01
9.935963054363894376e-01
9.943413644188098255e-01
9.947962773561697114e-01
9.957286428273144363e-01
9.966809009078256842e-01
9.977980604258923636e-01
9.990848481574080564e-01
9.997292180458405841e-01
1.001945787300548396e+00
1.002406067970819992e+00
1.003665849575056335e+00
1.002907929889993000e+00
1.003325676078741679e+00
1.003163362667305325e+00
1.003215565709059121e+00
1.002250650930713416e+00
1.002624996375474753e+00
1.001584431776498363e+00
1.000677266330461057e+00
1.000905182432941576e+00
1.000268202891176239e+00
9.990221422293507070e-01
9.988094637783033747e-01
9.986293463365778500e-01
9.987013029820391852e-01
9.976507687217880394e-01
9.987774920341542240e-01
9.984027703938967990e-01
9.983856677538556212e-01
9.981770036407718871e-01
9.983031917673916844e-01
9.988304382853783192e-01
9.998203992503248427e-01
9.997576812263785362e-01
9.999250418585505784e-01
1.000617574394916831e+00
1.000134233150299368e+00
1.000320536815034078e+00
1.000550401966684655e+00
1.000348548986392583e+00
1.000692088766329979e+00
1.000837595264797208e+00
1.000739548658958311e+00
1.000760224959296840e+00
1.001191450933043070e+00
1.001245066656790472e+00
1.001633270614416649e+00
1.000846022842756700e+00
1.000706976680332927e+00
1.000303246918382571e+00
1.000494380265791738e+00
1.000113301385315845e+00
1.000055731314179353e+00
9.998099947023886269e-01
9.995433236267148303e-01
9.990588196551750677e-01
1.000083050678982843e+00
9.996685485368220769e-01
9.994196288970452757e-01
1.000088946132267065e+00
9.997346343533969337e-01
9.999161369082040229e-01
9.997245115095445556e-01
9.998239912763566828e-01
9.997829070448771560e-01
1.000771371039037128e+00
9.995706345171427865e-01
1.000754826145767051e+00
1.000798419507024972e+00
1.000820609430532082e+00
1.000528072851310180e+00
1.000110159800108089e+00
1.000995422409007629e+00
1.000527066696090817e+00
1.000388323026345727e+00
1.000547001223109467e+00
1.000156778824259352e+00
9.998735328393881794e-01
1.000139441171635779e+00
1.000471329402867093e+00
1.000020974711274047e+00
1.000001299235671270e+00
1.000174367922088692e+00
9.996647627502592837e-01
9.997804321430362462e-01
1.000193382653110197e+00
1.000763272744322085e+00
9.996806048881359263e-01
1.000181276054226354e+00
9.996152096103699813e-01
9.997212658025261822e-01
1.000210651198804035e+00
1.000235387144005283e+00
1.000066034062938813e+00
1.000558747423584860e+00
1.000426324206820983e+00
1.001188911913277302e+00
1.000249201428756507e+00
1.000314584041094079e+00
1.000943191835407697e+00
1.000644403015826578e+00
9.942709493226519202e-01
9.840590661550745466e-01
9.723729871404551695e-01
9.617091168729077211e-01
9.510634726739602973e-01
9.403470691873637710e-01
9.293644052599971950e-01
