0.000000000000000000e+00
0.000000000000000000e+00
0.000000000000000000e+00
0.000000000000000000e+00
0.000000000000000000e+00
0.000000000000000000e+00
0.000000000000000000e+00
0.000000000000000000e+00
0.000000000000000000e+00
0.000000000000000000e+00
0.000000000000000000e+00
0.000000000000000000e+00
0.000000000000000000e+00
0.000000000000000000e+00
0.000000000000000000e+00
0.000000000000000000e+00
0.000000000000000000e+00
0.000000000000000000e+00
0.000000000000000000e+00
0.000000000000000000e+00
0.000000000000000000e+00
0.000000000000000000e+00
0.000000000000000000e+00
0.000000000000000000e+00
0.000000000000000000e+00
0.000000000000000000e+00
2.192204498718336447e-02
4.295558252371711183e-01
1.497328746102442265e+00
1.902730393086679683e+00
1.389532374453025465e+00
8.235017695499424750e-01
4.743493899921956691e-01
3.084028295762660243e-01
2.495247480686715313e-01
2.588613938148589533e-01
2.545268536564193051e-01
2.725921490364167088e-01
2.646641721491510002e-01
2.485609752544235274e-01
2.366761401940196130e-01
2.688601791806264907e-01
3.122467197985018261e-01
4.202036087321505686e-01
5.363588597891377763e-01
6.977380230188212629e-01
8.846366234985534316e-01
1.032281730684627474e+00
1.179965672361636297e+00
1.292882508965220723e+00
1.394261305524674421e+00
1.474376211108009427e+00
1.522191182115242958e+00
1.535679624873699467e+00
1.473872183327300966e+00
1.391502570539905781e+00
1.269056148573335152e+00
1.164880871193852085e+00
1.045556782943007468e+00
9.849450221197959543e-01
9.362553071393847626e-01
9.018824727400017727e-01
8.853773996698679483e-01
8.953627966109523051e-01
8.806510832825666935e-01
8.897625901329195841e-01
9.060408239845079148e-01
9.281998615545112852e-01
9.275471974065857550e-01
9.541857661868730078e-01
9.736961175578587868e-01
1.007875039064971556e+00
1.012410257472171615e+00
1.025274014709089077e+00
1.032943503675574748e+00
1.037319586927536896e+00
1.037585357052272172e+00
1.041905016984554733e+00
1.033271606289602351e+00
1.027453707187104825e+00
1.030987478636286259e+00
1.016640234168162626e+00
1.000705684667517081e+00
9.947700343474478180e-01
9.850940213687970903e-01
9.777286801417677253e-01
9.743978149430582159e-01
9.821632278376369873e-01
9.733558247619045201e-01
9.830153036933703126e-01
9.803765013017859964e-01
9.935399384150201962e-01
9.919681276963614458e-01
9.873155137365633438e-01
9.999647007217796757e-01
1.011079691598375963e+00
1.008252898864423708e+00
1.009019022228028861e+00
1.003640695610387601e+00
1.014396120594926565e+00
1.008935906208004774e+00
9.991418813348015293e-01
9.899256843958635921e-01
9.995438037281288990e-01
9.906603079197022765e-01
9.952401111692283919e-01
9.858652219630620328e-01
9.816740988102010679e-01
9.908955610923100288e-01
9.917509225256780914e-01
9.875768662289042821e-01
9.950555307560269291e-01
9.918577511046016149e-01
9.955617786642135814e-01
9.905271170586628093e-01
9.958894350656195549e-01
9.987541662072644266e-01
9.942629418021199372e-01
9.921676172103531810e-01
9.903713733054332335e-01
9.983094085010733032e-01
9.861159062223101568e-01
9.968359290420003571e-01
9.905717422340782896e-01
9.926778944490440848e-01
9.928219304995745675e-01
9.972705430237105428e-01
9.952358213356229388e-01
9.973334297970918305e-01
9.912523377052634421e-01
9.959627353969888741e-01
9.955130772313258714e-01
9.924768516445108268e-01
9.871887313045779599e-01
9.909971808177259200e-01
9.943207112170379114e-01
9.868762728032466347e-01
9.940153771901057977e-01
9.874755239586980871e-01
9.956821881972862665e-01
9.936831413963934656e-01
9.914852068239488059e-01
9.921109878452564201e-01
1.002068530722969752e+00
9.903285602677995847e-01
9.972551185605847968e-01
9.953105549464789092e-01
9.912127809799196054e-01
9.968916429783711841e-01
9.975082490305278160e-01
9.951121959029789465e-01
9.937876440865582861e-01
9.942557937494158615e-01
9.922535384830765137e-01
9.953062398573874203e-01
9.970782569781250215e-01
1.000665440142996410e+00
1.003641451120239392e+00
9.989456457513080645e-01
9.989614239599603485e-01
1.000374553432486602e+00
1.000069659044279469e+00
9.981096590503624189e-01
9.979306991503043012e-01
9.994180343556254842e-01
1.005414564393664278e+00
9.994549362848740293e-01
1.000046620266391795e+00
9.957488878607848592e-01
9.963735958994794917e-01
9.980817164168594990e-01
9.961770756476224786e-01
9.976552046835889254e-01
1.003629966321614830e+00
9.944193663697251662e-01
9.989953200888910256e-01
9.938258660979983894e-01
9.971404765284600513e-01
9.959941039726242229e-01
9.961964798141724753e-01
9.988097638152666491e-01
9.957202389106206697e-01
9.990281521482620164e-01
9.968743201893491834e-01
1.000198988847507797e+00
9.996107970881188409e-01
1.000215989044663800e+00
9.981902843027825600e-01
9.968971069633602022e-01
9.970734747416623023e-01
9.974006543342722741e-01
9.978579606949792291e-01
9.981309918875397313e-01
9.951491223728070601e-01
9.975386502871705918e-01
9.969105910664631809e-01
9.971975810291597853e-01
9.996360917982893834e-01
9.967220630894697564e-01
9.967590463739538498e-01
9.960281936853044860e-01
9.969763344248294690e-01
9.986889473308347975e-01
9.953312915624106250e-01
1.000761991166914555e+00
9.966670154756918087e-01
1.000172850336017660e+00
9.992150265314246882e-01
9.999600199345922702e-01
9.964401711271314577e-01
1.000647867116013057e+00
9.998519152184742742e-01
9.980123380546200851e-01
9.951456737956557719e-01
9.996551255794299262e-01
9.988217865950621555e-01
9.987470093263930426e-01
1.002685276596165354e+00
9.999619347159331983e-01
9.986339491413932512e-01
1.001638062659148787e+00
1.001063576216714823e+00
9.976047944270384216e-01
1.000059094234187373e+00
9.974534644401593653e-01
1.000224213931725004e+00
1.000593712438505811e+00
9.981767232077717322e-01
1.003012545177116799e+00
9.991121792389167089e-01
9.998598769524761343e-01
1.000397387716561504e+00
9.990607515475585787e-01
9.960087754686750561e-01
9.981574889499658099e-01
9.953668299707026934e-01
9.987271808626871916e-01
9.996013302558093283e-01
9.994184147084390624e-01
9.998186788251642865e-01
9.987760265067016086e-01
9.982910877063591037e-01
9.976674817200221757e-01
9.990222036257915272e-01
9.970906113492544742e-01
9.957975391862077252e-01
9.996758619894349218e-01
9.988394286416080181e-01
9.973433767988266752e-01
9.970413984886341563e-01
9.984517238512937709e-01
1.001114568626366719e+00
9.991645723550723890e-01
9.975052741923580157e-01
9.971139554415296979e-01
1.001221200095780084e+00
1.000293172215048543e+00
9.984704851102413903e-01
1.000137168707154744e+00
1.002263716522725501e+00
1.001562481573169849e+00
1.001994061399209990e+00
1.002554053220704011e+00
1.001131477885174093e+00
9.996571423070871321e-01
9.968964581967243443e-01
1.001379725148965782e+00
1.000211995872265058e+00
1.000636958352495887e+00
1.000188190366848806e+00
1.001854869164255701e+00
1.001402313217728102e+00
9.929926025119897304e-01
9.846111445296578113e-01
9.705754573166675003e-01
9.567942727709668471e-01
9.488026245083552856e-01
9.398280224568971164e-01
9.244220032179873980e-01
9.157857671105507080e-01
