0.000000000000000000e+00
0.000000000000000000e+00
0.000000000000000000e+00
0.000000000000000000e+00
0.000000000000000000e+00
0.000000000000000000e+00
0.000000000000000000e+00
0.000000000000000000e+00
0.000000000000000000e+00
0.000000000000000000e+00
0.000000000000000000e+00
0.000000000000000000e+00
0.000000000000000000e+00
0.000000000000000000e+00
0.000000000000000000e+00
0.000000000000000000e+00
0.000000000000000000e+00
0.000000000000000000e+00
0.000000000000000000e+00
0.000000000000000000e+00
1.669377085908970969e-05
3.423987486681469988e-02
1.047262218455390581e+00
3.447777784051489824e+00
3.434022834052147477e+00
1.918065388309648123e+00
8.727658379103596653e-01
3.958096970072504939e-01
2.059994061679887578e-01
1.241927296825809240e-01
1.859051339570173544e-01
7.054472643260395470e-01
1.485788439229840829e+00
1.752490665822269644e+00
1.468247809180446950e+00
1.078615013148194191e+00
8.106445010272186336e-01
6.928367486164497269e-01
6.818826463322458231e-01
7.312886386454346965e-01
8.089282362175104213e-01
9.026318801899596567e-01
9.878164397336429703e-01
1.066792454804035062e+00
1.132132234417409178e+00
1.175190285179563920e+00
1.202244362115177045e+00
1.211040903719989403e+00
1.204116092780940672e+00
1.177813537777441910e+00
1.137571048316829758e+00
1.093696826707243552e+00
1.059858751478424788e+00
1.030307343543261034e+00
1.005297740240373994e+00
9.799725339270076718e-01
9.627382090717722107e-01
9.510317203795991547e-01
9.386601949275944490e-01
9.324170651134773280e-01
9.271036773793416286e-01
9.264227013820693912e-01
9.324326226212528157e-01
9.388012148566748927e-01
9.520746869825166270e-01
9.634780915108226429e-01
9.755361765272622110e-01
9.836977193114299078e-01
9.922803393347494616e-01
1.001021358961873942e+00
1.007917736450059110e+00
1.012474686075244712e+00
1.018191289071729067e+00
1.019847005446377297e+00
1.020660671345895665e+00
1.021564852761116304e+00
1.020325119523125323e+00
1.018889406081124882e+00
1.014380408065790995e+00
1.011626275470580705e+00
1.009123869611869617e+00
1.005999464922398001e+00
1.001348667631449141e+00
1.001608406122224126e+00
1.002439256344325624e+00
9.958697802002490773e-01
9.966942585187313908e-01
9.965035082368172148e-01
9.948645319126420139e-01
9.936005873059770011e-01
9.949379358348047209e-01
9.948835379987400751e-01
9.949630371901992953e-01
9.960708946980173506e-01
9.956340184141270200e-01
9.967010796832916908e-01
9.972586359611790296e-01
9.998416956940656686e-01
9.981703651090667595e-01
1.000880115135521997e+00
1.001352177522591980e+00
1.000179748480350739e+00
1.001345400658669726e+00
9.992702585264242598e-01
1.000369107311408712e+00
1.000307585632806306e+00
1.000597821653280040e+00
9.999664480137169242e-01
9.990606963824104625e-01
1.000111480376355555e+00
1.000289539463197874e+00
9.994842120703331112e-01
9.995112436794699740e-01
1.000353347521792280e+00
9.999057736346104175e-01
9.997686504307004007e-01
1.000746740697110226e+00
9.989243236815776861e-01
9.992342993271895457e-01
9.995679860903031733e-01
9.981742325851860054e-01
9.991453465587573080e-01
9.995880544436891446e-01
1.000616037434658656e+00
1.000433251302261128e+00
9.999215999432903290e-01
1.000430591286515902e+00
1.001070866777390211e+00
1.000664967759004709e+00
9.993550924064833474e-01
1.000241258993778137e+00
1.000394167782294508e+00
9.993973521539342153e-01
9.993365734995875993e-01
1.000137591426955908e+00
9.992086806891561368e-01
9.999281327538293018e-01
9.992413303883859177e-01
9.995769554831407389e-01
9.993535413757340669e-01
9.987604200823937406e-01
9.993083253385734999e-01
9.997228388574460611e-01
9.988375011459853514e-01
9.988197675214843807e-01
9.999815961491146377e-01
1.000375638506505238e+00
1.000948024422821270e+00
1.001798378789340749e+00
1.001422584105092772e+00
1.001915018330534757e+00
1.001884730186636707e+00
1.001770881443271088e+00
1.002457340702851862e+00
1.002005056147252438e+00
9.997246287383342311e-01
1.001001388504901168e+00
9.996406154468748806e-01
9.991027634903622001e-01
1.000596828735945687e+00
9.999101007518577111e-01
1.000148793193843977e+00
9.987072654543812655e-01
9.996708938470272310e-01
9.989195287491038355e-01
9.980243785481529573e-01
9.986998066366102877e-01
9.987205272723129745e-01
9.991587608303509338e-01
9.987199768451243687e-01
9.994771590626155833e-01
1.000155023807845378e+00
1.000105323707906724e+00
1.001081937787914766e+00
1.000554032522935177e+00
1.000955482495459181e+00
1.000472962536509414e+00
1.001161344536134923e+00
1.001125838356158981e+00
1.000941864450689778e+00
1.000669701942311862e+00
1.001805470857154434e+00
1.000092426495483133e+00
1.000593550854970371e+00
1.000006149208601203e+00
9.998540660517015732e-01
1.000655622525998600e+00
1.000241174747691808e+00
1.000171766139493768e+00
1.000394558661483524e+00
9.999852315289760041e-01
1.000197847464528111e+00
1.000093421483243761e+00
9.997559379449060257e-01
9.999727330343168852e-01
9.998094828225648767e-01
9.994449184142267795e-01
9.998725954467773125e-01
1.000206219293616305e+00
1.000157998459480835e+00
9.999263984754830359e-01
9.999881570349283821e-01
9.999147122356778494e-01
1.000419142371512082e+00
1.000088045523522595e+00
1.000073074125671591e+00
1.000613423123350332e+00
1.000982520825500321e+00
1.000120697982418649e+00
1.000542088174845246e+00
1.000430995083166685e+00
1.000474599922488439e+00
1.000454273759697976e+00
1.000620262600022459e+00
1.000751723195104859e+00
1.000201089201945281e+00
1.000388726784487092e+00
1.000115014705242888e+00
1.000536919445424555e+00
1.000909200837960089e+00
1.000079738443048649e+00
1.000518903560285278e+00
1.000195285974925241e+00
1.000478225589845449e+00
1.000052623974184263e+00
9.998900944516222467e-01
1.000320613663566949e+00
9.995743682166753352e-01
1.000677616135757120e+00
1.000102119806064449e+00
1.000230986572889336e+00
1.000253140844063582e+00
1.000453389198375564e+00
1.000251751238984799e+00
9.999728805284315847e-01
1.000308939536057151e+00
1.000550879391810533e+00
9.995401362064544326e-01
1.000013148766097704e+00
1.000261397997622037e+00
1.000268472402545017e+00
1.000304894743515582e+00
1.000052659794486765e+00
1.000419467045920996e+00
1.000074481856866537e+00
1.000165045397107155e+00
1.000766299212414667e+00
9.996701736226304424e-01
1.000506189064421569e+00
1.000756887521974781e+00
1.000302999093166445e+00
1.000162027660550512e+00
1.000166789579361559e+00
1.000173871053370522e+00
9.997167229446763947e-01
1.000546586916621017e+00
1.000545299159299129e+00
1.000880751339848995e+00
1.000292594987741923e+00
1.000394622182747328e+00
9.998599746395203658e-01
1.000347501878357193e+00
9.999182459431394943e-01
1.000391191082594444e+00
9.999229132013849330e-01
1.000123935316275414e+00
9.999672566002120178e-01
1.000794411851571919e+00
1.000287778640645220e+00
1.000540943066076993e+00
9.998554430192221343e-01
9.986209343411693862e-01
9.910571046240258530e-01
9.801929239607550803e-01
9.692500007729851763e-01
9.585942322318425912e-01
9.481010323890312064e-01
9.370009336904945307e-01
9.270629788605825317e-01
9.167735941891467233e-01
