0.000000000000000000e+00
0.000000000000000000e+00
0.000000000000000000e+00
0.000000000000000000e+00
0.000000000000000000e+00
0.000000000000000000e+00
0.000000000000000000e+00
0.000000000000000000e+00
0.000000000000000000e+00
0.000000000000000000e+00
0.000000000000000000e+00
0.000000000000000000e+00
0.000000000000000000e+00
0.000000000000000000e+00
0.000000000000000000e+00
0.000000000000000000e+00
0.000000000000000000e+00
0.000000000000000000e+00
0.000000000000000000e+00
0.000000000000000000e+00
0.000000000000000000e+00
3.416070633823285740e-02
1.044348627183653955e+00
3.446430303570716891e+00
3.421023882356049928e+00
1.912281757900464507e+00
8.741804799031327455e-01
3.987958726775057694e-01
2.027665816786393682e-01
1.249144030312317605e-01
1.867243994830534992e-01
7.004301521202002112e-01
1.483845683395048853e+00
1.745626932986127144e+00
1.467782557537423926e+00
1.080153650629449347e+00
8.090868292984919607e-01
6.950052814084584085e-01
6.836678409512803034e-01
7.310789844294138806e-01
8.129182756227614215e-01
9.036898709690429632e-01
9.915164611718390031e-01
1.066812318790911096e+00
1.131052690086950863e+00
1.176693912911686235e+00
1.200986698317358048e+00
1.211851211987642341e+00
1.196922491775143982e+00
1.172563448087794447e+00
1.136564891712641856e+00
1.093729307270852047e+00
1.061722060055981354e+00
1.031051585043057717e+00
1.002621725448017642e+00
9.837300836850377816e-01
9.645820217382873318e-01
9.516024368416104995e-01
9.409953334910032829e-01
9.308351795534913764e-01
9.304515010872420611e-01
9.265284722482763913e-01
9.348181040317378176e-01
9.418621665713031721e-01
9.498397146724852913e-01
9.631107841951128679e-01
9.732894977062069852e-01
9.850383932409760845e-01
9.948047081442606965e-01
1.001337709184412672e+00
1.006358452251452373e+00
1.012837174357208880e+00
1.016842737987265544e+00
1.020538663665807144e+00
1.019570279755043440e+00
1.022324611402261052e+00
1.023161962801034663e+00
1.015368849247532568e+00
1.014547101415673502e+00
1.012973339145789575e+00
1.007185241506609152e+00
1.005590150436386887e+00
1.004753213144347512e+00
1.000688015819686916e+00
1.000044586462235818e+00
9.965505605814155565e-01
9.982019894437234031e-01
9.964737507628054214e-01
9.940809697407992918e-01
9.950870084696220585e-01
9.926792988705100962e-01
9.929878648496697213e-01
9.949256674897056785e-01
9.936357264328357086e-01
9.949498984919932232e-01
9.966114767320941592e-01
9.989326530226587675e-01
9.976251812158327681e-01
9.994636440523968490e-01
1.000246768731036129e+00
9.996513140593045188e-01
1.000822582484943934e+00
1.001641871610125856e+00
9.981983466437666097e-01
1.001277219335557467e+00
1.001612803480756986e+00
1.001823620564575190e+00
1.001108328695243355e+00
1.000373649008838628e+00
1.001120179144370681e+00
9.996906468250444933e-01
9.998915937640406870e-01
1.000699134095119236e+00
9.990573904895014845e-01
9.994302719377031741e-01
9.997925136965735149e-01
9.985305656425689236e-01
1.000199455931172876e+00
9.998552986313998803e-01
9.991943550948344521e-01
9.990123658414858943e-01
9.992266346338503080e-01
9.994620962579656709e-01
1.000024929784456118e+00
1.000600126844917170e+00
1.001101354390404374e+00
1.001127637456185271e+00
1.000640197658389408e+00
1.000941051727703757e+00
1.000552692989079340e+00
1.000269993550908953e+00
9.999677793574964779e-01
9.993704740812759946e-01
9.996606181874808650e-01
1.000236978598119775e+00
9.993775075700531696e-01
9.985415790218825638e-01
9.990024527561079948e-01
9.995193274206748413e-01
9.999407569322315004e-01
9.994140632805490476e-01
9.984087989216020587e-01
9.978432093481529597e-01
9.992212760169256747e-01
9.990705824499249710e-01
9.988624297433927879e-01
9.999349638627926806e-01
1.001156615323647303e+00
1.000998033217668226e+00
1.002741222184808212e+00
1.001932753469916948e+00
1.001986561244542440e+00
1.002404432507876475e+00
1.002606992485214121e+00
1.001524031167651652e+00
1.001254952892897787e+00
1.000614166330112909e+00
1.001430566477701234e+00
9.986573906922553423e-01
1.000091144009348731e+00
1.000570399277112887e+00
9.989632349562441727e-01
9.989732045064593224e-01
9.999745837903083467e-01
9.989897584216939075e-01
9.977227985649760322e-01
9.993395929138148004e-01
9.983957544518311522e-01
9.993311381778241520e-01
9.998140675578163217e-01
1.000807302487954020e+00
9.994880875545449905e-01
9.999455757374300369e-01
1.000802325003008475e+00
1.000841549291631383e+00
1.000220113405740241e+00
1.001463551867744828e+00
1.000732008309284771e+00
1.000815835956296640e+00
1.001536867387284646e+00
1.001233835762928015e+00
1.000899235221982986e+00
1.001525515984470927e+00
9.997412480275862379e-01
1.000521209731953354e+00
9.999822960093289748e-01
1.000212124298303529e+00
1.000736613281165477e+00
1.000236014226431047e+00
1.000157184439706137e+00
9.996505804546998997e-01
1.000135427074459793e+00
9.993136287403409090e-01
1.000595706804713103e+00
9.994508293844832636e-01
9.995111278594296378e-01
9.996727059203897037e-01
1.000640294373283279e+00
1.000224444509212107e+00
1.000742552398153462e+00
1.000420426436116061e+00
1.000725693771751468e+00
9.994466699338030446e-01
1.000081597540423806e+00
1.000875617042884302e+00
9.998176616754861357e-01
1.000010678117853047e+00
1.000481570219919902e+00
9.995891648469032997e-01
1.000108818716922920e+00
1.000909509657625707e+00
1.001065170086952172e+00
1.000372916675603907e+00
9.999598385752191954e-01
1.001340424737927171e+00
1.000471519254084951e+00
1.000410420411803836e+00
1.000074992713753996e+00
1.000562330541928224e+00
1.000457276650603911e+00
9.999604229956093882e-01
1.000634859310672864e+00
1.000224902798676929e+00
1.000327466648275321e+00
1.000065685945502159e+00
9.996888907775750566e-01
1.000430063742044462e+00
9.998484234075902810e-01
1.000342549752214705e+00
1.000032411502953966e+00
9.998921678756985676e-01
1.000442839201461265e+00
1.000110659705702121e+00
1.000123352511133046e+00
1.000549086066163662e+00
1.000152363889033058e+00
9.997493907562382542e-01
9.994959759130994659e-01
9.999266942870352892e-01
1.000205663949492729e+00
1.000319029068611476e+00
1.000015706973553575e+00
9.999077820211073053e-01
1.000361219198047102e+00
1.000592819788699295e+00
1.000588158994037302e+00
9.998947649891831713e-01
1.000494914635643884e+00
1.000389614613999889e+00
1.000518950539527108e+00
1.000015919868955327e+00
1.000562882446161428e+00
9.998190188668489853e-01
1.000370277970825672e+00
1.000252863074993614e+00
1.000150055908161750e+00
1.000460903176449312e+00
1.000275828865537786e+00
1.000319761338859248e+00
9.994203860332347977e-01
9.998016521934598444e-01
9.995928842345840337e-01
1.000249837604286318e+00
1.000602681407714245e+00
9.999821944687335984e-01
1.000145300731042353e+00
1.000197389004000792e+00
1.000497645910503497e+00
1.000284912558165207e+00
1.000282041532359667e+00
1.000481431322600034e+00
9.992971294910313329e-01
9.910256683829575808e-01
9.803908381299081265e-01
9.691260595756439056e-01
9.592766959591090270e-01
9.477634414740814250e-01
9.375710253102663705e-01
9.269417082456362644e-01
9.162125570023650356e-01
