0.000000000000000000e+00
0.000000000000000000e+00
0.000000000000000000e+00
0.000000000000000000e+00
0.000000000000000000e+00
0.000000000000000000e+00
0.000000000000000000e+00
0.000000000000000000e+00
0.000000000000000000e+00
0.000000000000000000e+00
0.000000000000000000e+00
0.000000000000000000e+00
0.000000000000000000e+00
0.000000000000000000e+00
0.000000000000000000e+00
0.000000000000000000e+00
0.000000000000000000e+00
0.000000000000000000e+00
0.000000000000000000e+00
0.000000000000000000e+00
0.000000000000000000e+00
3.676819220781488845e-02
1.042137260205614480e+00
3.451776084043203685e+00
3.419444631662916123e+00
1.911287776188628662e+00
8.666912017111643163e-01
4.013156052230157922e-01
2.012453488586947170e-01
1.212309156062299775e-01
1.879191570833121661e-01
7.013954432682746321e-01
1.484254287099241010e+00
1.749024929920764304e+00
1.462871780299968449e+00
1.077706519439079136e+00
8.134377289485947848e-01
6.934934733622357683e-01
6.802909936782891576e-01
7.292164886883286679e-01
8.093507326789233236e-01
9.026831939923924963e-01
9.908957985695691084e-01
1.067747855780385891e+00
1.128936407744813852e+00
1.175701759851429662e+00
1.206420548166197815e+00
1.213082096488374173e+00
1.204049385622114166e+00
1.173400953516481104e+00
1.134232841712699669e+00
1.094159913193702982e+00
1.061362906237389714e+00
1.029396796907591449e+00
1.001963518584472634e+00
9.832127472191243278e-01
9.642177469095959408e-01
9.472731033826967684e-01
9.380956811845697629e-01
9.329440009518045196e-01
9.304036415503029733e-01
9.296585521270991359e-01
9.343561396461174118e-01
9.408612012263505298e-01
9.492531875570846545e-01
9.603330286298240592e-01
9.737137506039234003e-01
9.825093006254784767e-01
9.935958797050702396e-01
9.999674486905937298e-01
1.006419061545170024e+00
1.013705386140487219e+00
1.017262599525552424e+00
1.019209010806156446e+00
1.020711616062514260e+00
1.021296118829213562e+00
1.022254591695618497e+00
1.018128644462119592e+00
1.014386656313887025e+00
1.013596735113904579e+00
1.008381351893627542e+00
1.004089406581870403e+00
1.001480606577630716e+00
9.989053100525855378e-01
9.988806991717211758e-01
9.987903684411268967e-01
9.965142339763547463e-01
9.961817519466974469e-01
9.951124086094736976e-01
9.958089322642025287e-01
9.941563287938216531e-01
9.950194611221814256e-01
9.934737842572824995e-01
9.956864863679930622e-01
9.956344168128103966e-01
9.959210253724051221e-01
9.976951296624375631e-01
9.986438980661124232e-01
9.990636541319989350e-01
9.998015412947497405e-01
1.002089218488984912e+00
1.001321015558995997e+00
9.991186023638432001e-01
1.000728725747433545e+00
1.002003907190953447e+00
1.002296337020774253e+00
1.001090530992830185e+00
1.000750139252432280e+00
1.001306242215596054e+00
1.000721648311223788e+00
1.001287437626078081e+00
1.001054983065201576e+00
1.001058500675560792e+00
1.001931844562885088e+00
1.000079711434950891e+00
1.001456328711942234e+00
1.000959912482500380e+00
9.994471391749863987e-01
9.994125871926874405e-01
1.000372588352092418e+00
9.994424121146364692e-01
1.000495822875008933e+00
1.000282182861305547e+00
1.000928542624088369e+00
1.001217768214033299e+00
1.000668417510974795e+00
1.000801594616203438e+00
1.000981925172697462e+00
1.001242447195280327e+00
9.998149333289267915e-01
1.001226331187511809e+00
1.000651636996563676e+00
1.001445356322594016e+00
1.000505790226583480e+00
1.000725651165634833e+00
9.999313380621914771e-01
9.999764461409051952e-01
9.992362275212332001e-01
9.987152757339466946e-01
9.990417157052761121e-01
9.999030304208846864e-01
9.980708258559729540e-01
9.997352183118838331e-01
9.990433822382395190e-01
1.000122279684007021e+00
1.000074352560124114e+00
1.000596423320683659e+00
1.001026322091659315e+00
1.001920139049666370e+00
1.003108154532317053e+00
1.002431976324482443e+00
1.001896569157259220e+00
1.002149973393679616e+00
1.001640937539665543e+00
1.001889360409074170e+00
1.000666335539903473e+00
1.001534444622002917e+00
1.000149289045410450e+00
1.000320087332374319e+00
1.000320808505936077e+00
9.987752917596909308e-01
9.994667045809939587e-01
9.992774244451442245e-01
9.987593705706460101e-01
9.988567169564814829e-01
9.977159483123609895e-01
9.987421924008629270e-01
9.986999975992283396e-01
9.989421948199976864e-01
1.000153527569271672e+00
9.995987474023805275e-01
1.000056964817259919e+00
1.000492595850946076e+00
1.000502495685418491e+00
1.000447378139936561e+00
1.000442028336707034e+00
1.001767632710726996e+00
1.001955375590183106e+00
1.001681079468713653e+00
1.000998884768098396e+00
1.000861835509845532e+00
1.001814771957608041e+00
1.000927604348629929e+00
1.000425018876499594e+00
1.000316142464801050e+00
9.997820725670196751e-01
9.999513472986755191e-01
1.000189711137397852e+00
1.000065515402842609e+00
9.999273192907114360e-01
9.997579834932585063e-01
9.989238609770847432e-01
9.996105423820813574e-01
1.000057813914745575e+00
9.988493645401705923e-01
1.000139899823763834e+00
9.996478352069251283e-01
1.000715681342998264e+00
1.000055626119245478e+00
1.000358898303393307e+00
9.999631857051298756e-01
9.995948325267005607e-01
1.000466270463365337e+00
1.000423071869192437e+00
9.994440502162980078e-01
1.000524619282899152e+00
1.000073209500250249e+00
1.000232462312966586e+00
1.000760653914511966e+00
1.000004112802034051e+00
1.000227952713358626e+00
9.995569935547841123e-01
1.000282734936411622e+00
1.000217813889014540e+00
1.000258741070982893e+00
1.000502332146883333e+00
1.000267802291687769e+00
9.999207971562673603e-01
1.000588473484081975e+00
9.999814592181056616e-01
9.991170556563695460e-01
9.998182424219670406e-01
9.996690173421168835e-01
9.994480019018879835e-01
9.998534179143863110e-01
9.993684607526710506e-01
1.000021696840082353e+00
1.000330582078210018e+00
1.000143694537715788e+00
9.998415858842290005e-01
9.997038924475046828e-01
9.992601654635725472e-01
9.999562730784885556e-01
9.997341282518580341e-01
9.995368315334519638e-01
1.000180292222557110e+00
9.999306328825399159e-01
1.000265261809524020e+00
9.996187859417938748e-01
1.000507082392491309e+00
9.999283948250649035e-01
9.999415968704098434e-01
9.997717423050873631e-01
1.000351498445892107e+00
1.000014243879820075e+00
9.999536851021605388e-01
1.000217770240960702e+00
9.999051694543106272e-01
9.997161336578174184e-01
9.996602425469920394e-01
1.000116524083091152e+00
1.000273081274912323e+00
9.991871617724654708e-01
9.999599847545732612e-01
1.000537799894209989e+00
1.000423546938266961e+00
1.000052044568659593e+00
9.994492916324583254e-01
9.995796430185517334e-01
1.000003700561610476e+00
9.998309102119473657e-01
9.996823163975643300e-01
1.000143981106640823e+00
9.997614692485079502e-01
1.000378332699059403e+00
9.995961483409193660e-01
9.994767223006663093e-01
9.998649218627021495e-01
1.000154003106428213e+00
9.998268190674272082e-01
1.000524403203048029e+00
9.988874977854983461e-01
9.909723124297579178e-01
9.805504648782256139e-01
9.695399335063757951e-01
9.588998645075235139e-01
9.476354678738668769e-01
9.377589183035154319e-01
9.267428918446467545e-01
9.163642535049489890e-01
