0.000000000000000000e+00
0.000000000000000000e+00
0.000000000000000000e+00
0.000000000000000000e+00
0.000000000000000000e+00
0.000000000000000000e+00
0.000000000000000000e+00
0.000000000000000000e+00
0.000000000000000000e+00
0.000000000000000000e+00
0.000000000000000000e+00
0.000000000000000000e+00
0.000000000000000000e+00
0.000000000000000000e+00
0.000000000000000000e+00
0.000000000000000000e+00
0.000000000000000000e+00
0.000000000000000000e+00
0.000000000000000000e+00
0.000000000000000000e+00
1.669965510379426094e-05
3.472260436295444147e-02
1.043943736512415565e+00
3.432573461015182126e+00
3.412947281612385364e+00
1.904375222292729708e+00
8.679463288341084937e-01
3.966081534509418027e-01
2.033587240587642064e-01
1.248575265394782502e-01
1.832318049482998257e-01
7.039699500662480736e-01
1.475925888827907206e+00
1.745940945900012586e+00
1.467232113624707290e+00
1.072540158859861759e+00
8.080641645765876957e-01
6.947630264588025018e-01
6.817204894443873453e-01
7.328150287182725320e-01
8.106255260077609437e-01
9.024202222521598982e-01
9.944405259776886163e-01
1.066615778730944486e+00
1.127707136061138371e+00
1.174038116666343834e+00
1.205008659576934926e+00
1.211931310117097649e+00
1.200010771285675792e+00
1.173645206687721210e+00
1.138233494706891502e+00
1.095773453246833951e+00
1.059127085085077802e+00
1.030003470617464334e+00
1.002750108409576901e+00
9.833601359140317077e-01
9.626971575824408989e-01
9.504200731720201523e-01
9.362836519197558216e-01
9.283976620092589949e-01
9.294267900673442995e-01
9.277606833418332588e-01
9.330164524062223297e-01
9.437190909444440612e-01
9.490054540126641180e-01
9.623075777973548739e-01
9.734451680810705110e-01
9.832418094011072807e-01
9.942232696302649719e-01
1.000608366071451094e+00
1.007945363569291430e+00
1.010843407372953306e+00
1.017823713207492986e+00
1.019902439043283593e+00
1.021962625416267034e+00
1.022525861304083739e+00
1.019631672041954706e+00
1.016645917571306956e+00
1.017420503614768990e+00
1.010992191379196603e+00
1.009058206789871681e+00
1.005507587937637393e+00
1.002365786413597748e+00
1.001191288009047664e+00
1.000743887244239350e+00
9.982727648175805379e-01
9.967538154900954517e-01
9.970610400475403701e-01
9.966697533368706896e-01
9.938027190951755907e-01
9.955560286675583237e-01
9.949550265153480622e-01
9.954302367905086824e-01
9.959346168764987572e-01
9.954418210410901358e-01
9.960203039849050421e-01
9.974435664463796591e-01
9.978829474091424068e-01
9.992811297509259783e-01
1.001071252852699045e+00
9.986681197107537544e-01
9.999960764328887919e-01
1.001082355825599901e+00
1.000689254882954682e+00
1.001154955669469215e+00
1.001077670388260676e+00
1.000522256289385625e+00
1.000448903187234784e+00
1.001269613678695158e+00
1.001858479666325463e+00
1.000127034515459812e+00
1.000484684185497741e+00
9.991486511330730513e-01
1.000907016996193333e+00
9.999583915061085460e-01
9.995880296156045564e-01
9.994651773967189179e-01
9.994864036149431197e-01
9.979699127638542722e-01
9.971175275800086002e-01
9.993106613956868056e-01
1.000474669829224394e+00
9.996559902200941039e-01
9.995098401215083417e-01
9.997628833702636442e-01
1.001488053769468367e+00
1.000003305023087208e+00
1.000431026411783275e+00
1.001250214260460902e+00
9.995658726429740293e-01
1.000949117510098629e+00
9.998480662221024273e-01
9.992014641829084498e-01
1.000543881121807699e+00
9.997268848964392385e-01
9.991223684887075018e-01
9.990377454988086381e-01
9.992178155868036704e-01
9.991355822125060904e-01
9.996401468266542523e-01
9.988215937920594811e-01
9.982417673366112965e-01
9.985981470510014724e-01
9.988936929209702997e-01
9.994555636854008940e-01
9.990194008894686117e-01
1.000778292201241593e+00
1.001629285611828957e+00
1.002009529026533619e+00
1.002036867747820637e+00
1.002534691964142688e+00
1.002491405782450551e+00
1.000930859471073964e+00
1.001867211797923263e+00
1.001227565694839061e+00
1.000572546122089346e+00
1.000530830640462998e+00
1.000567680133825910e+00
1.000950887813503831e+00
1.000435487103742860e+00
9.990423423079097809e-01
9.989735014844972616e-01
9.986711890627764099e-01
9.992053172873954781e-01
9.990345387335697325e-01
9.978759174011079258e-01
9.986115070412715511e-01
9.984458311068573622e-01
9.986906383661928732e-01
9.986429795702779222e-01
9.990968562563453670e-01
9.998242885728684248e-01
1.000644436603820964e+00
9.995870402750379746e-01
1.000119021209750159e+00
1.000708237844639026e+00
1.000554318548290800e+00
1.001189847298713076e+00
1.000542201384502672e+00
1.001372234952930818e+00
1.001020911310974704e+00
1.000514234114822099e+00
1.000600898020065355e+00
1.001804273534837142e+00
1.000947565621291391e+00
1.000407223884259622e+00
9.999587214182770190e-01
9.996405496856722861e-01
1.000273024211662642e+00
9.996073889421316361e-01
1.000040608507088535e+00
9.988994943790927561e-01
9.999151650739899200e-01
9.991818424520074737e-01
1.000339863338958635e+00
9.997999096995274781e-01
9.998646491296675487e-01
1.000067210631343073e+00
1.000331635555745668e+00
1.000083024662886455e+00
1.000473196069826542e+00
1.000336485145877363e+00
9.998912546251068623e-01
9.998724005732516629e-01
1.000019933182639376e+00
1.000192710582253008e+00
1.000405782997601412e+00
1.000707850812469601e+00
9.998807932785943597e-01
1.000603046698827159e+00
1.000528738715972699e+00
1.000246799608560666e+00
1.000004963680427572e+00
1.000390094083219994e+00
1.000133413430104978e+00
9.999080830810875842e-01
9.995762421639660111e-01
1.000592771350597987e+00
1.001053084407148130e+00
1.000263585087973972e+00
9.999643378940916705e-01
1.000330185361387736e+00
9.999117736960675407e-01
1.000194168626232116e+00
9.999729588734734831e-01
9.999866094909884984e-01
9.996523597255021487e-01
9.998971335287476503e-01
1.000599859831353466e+00
1.000346554576138747e+00
9.993741501829424001e-01
1.000374273237440770e+00
1.000439972533318178e+00
9.996932003534255706e-01
1.000279143749211341e+00
1.000044011812161182e+00
1.000716813316917753e+00
1.000264542705031179e+00
1.000308869713139259e+00
1.000268876508045190e+00
1.000228696149194185e+00
1.000802151150072872e+00
1.000397639815862050e+00
1.000735396492402618e+00
9.997005104812892728e-01
1.000745391782598359e+00
9.996337769279052266e-01
1.000321162850682288e+00
1.000212518197998168e+00
1.000290538481802605e+00
1.000497749084173105e+00
1.000016954756139276e+00
1.000439068650389673e+00
1.000475949200370973e+00
1.000933820895470783e+00
1.000363237163410801e+00
1.000464809102421304e+00
9.996976753317093900e-01
1.000537717478899635e+00
1.000209478894261483e+00
9.999318795075009536e-01
1.000182854304134894e+00
1.000176367858518267e+00
9.997917771192383896e-01
1.000712223069416984e+00
1.000203213161741767e+00
9.997784126684773343e-01
1.000038879725208218e+00
9.998054386218501177e-01
1.000475718458812446e+00
9.998574316678381368e-01
9.993874538591926981e-01
9.913430045144959735e-01
9.806877226100126910e-01
9.695776698558704609e-01
9.586131481859982983e-01
9.480302273027985116e-01
9.379540632205026762e-01
9.270056677012862290e-01
9.162350403588496173e-01
