0.000000000000000000e+00
0.000000000000000000e+00
0.000000000000000000e+00
0.000000000000000000e+00
0.000000000000000000e+00
0.000000000000000000e+00
0.000000000000000000e+00
0.000000000000000000e+00
0.000000000000000000e+00
0.000000000000000000e+00
0.000000000000000000e+00
0.000000000000000000e+00
0.000000000000000000e+00
0.000000000000000000e+00
0.000000000000000000e+00
0.000000000000000000e+00
0.000000000000000000e+00
0.000000000000000000e+00
0.000000000000000000e+00
0.000000000000000000e+00
1.669757099875669948e-05
3.493080086858205840e-02
1.042150071615401741e+00
3.440557167442381825e+00
3.437458424176428107e+00
1.909468918307240415e+00
8.731943559538442035e-01
3.971711171704249699e-01
2.061067793750948618e-01
1.253983744954689783e-01
1.847102174950255027e-01
7.048439918727189557e-01
1.483196545938825883e+00
1.754008981564066483e+00
1.468245950146443324e+00
1.077707805278471209e+00
8.101758200096434992e-01
6.929096233238640767e-01
6.805937561325982044e-01
7.293409977569401681e-01
8.108623802982500850e-01
9.044143870619738568e-01
9.898869268369095975e-01
1.066156279361008208e+00
1.132588421851801419e+00
1.178156287836040095e+00
1.204293502604157462e+00
1.213540660352995459e+00
1.200973913251092151e+00
1.173793761853791251e+00
1.136723694455755052e+00
1.097417579184623238e+00
1.062982466048932872e+00
1.030132390747154014e+00
1.003558304103504550e+00
9.802161196121377262e-01
9.610797923197204051e-01
9.514159093978749038e-01
9.373829330293969031e-01
9.320127758482222857e-01
9.300528555963815114e-01
9.299532816391227197e-01
9.338666422564009251e-01
9.399130543474786270e-01
9.533339909437678061e-01
9.633964107686163736e-01
9.735569818799696407e-01
9.847134086671908149e-01
9.938942738734820592e-01
1.000094082903239423e+00
1.008558094480956235e+00
1.012673588068405239e+00
1.016604450896084533e+00
1.021458879374387507e+00
1.020973942406784296e+00
1.022384707036623430e+00
1.021478426185839172e+00
1.017379074675962780e+00
1.015781014116968972e+00
1.011317981895000884e+00
1.009812799287788332e+00
1.005167603676138555e+00
1.003535852274062279e+00
1.001940093119775055e+00
9.993205264917364161e-01
9.980512124446659916e-01
9.963292563211499919e-01
9.952618002423067045e-01
9.967478880257406582e-01
9.966498415405361522e-01
9.936939291204434088e-01
9.936957956231613487e-01
9.921610737480424103e-01
9.945555127049304778e-01
9.967550419999829936e-01
9.971303583588888575e-01
9.974705764486602177e-01
9.991921949695804495e-01
9.994414348144680105e-01
9.997602964833821604e-01
9.998887793153595771e-01
1.000767131737106963e+00
1.001263379194261338e+00
1.000838891528442964e+00
1.001164337453572584e+00
1.001737806481686865e+00
1.001743264531100186e+00
1.001849061711321598e+00
9.999081581909698979e-01
1.000282950304113516e+00
1.001280008164027180e+00
9.999804537355175826e-01
1.001061922383400082e+00
9.997807263778845099e-01
1.001170352787782436e+00
9.987498701887336239e-01
1.000487937514256576e+00
9.999757636358459489e-01
9.990619125269066814e-01
9.988184570849103494e-01
9.992028657320315421e-01
1.000052663763629557e+00
9.994610780306079079e-01
1.000822648394954717e+00
1.000474434649600397e+00
1.000122483528510742e+00
1.000219732345618340e+00
1.000119228946250605e+00
1.000878730707310815e+00
1.000443876563008594e+00
9.999150624454467007e-01
9.995093891660721264e-01
9.996848190811037371e-01
1.001009329479569221e+00
9.993883470352695753e-01
9.996861412180354511e-01
9.996521249242689144e-01
9.994157103759735428e-01
9.990873609622279439e-01
9.995694913099744117e-01
9.987207629793779518e-01
9.986440428622835874e-01
9.988799875149244611e-01
9.993658301930267163e-01
9.988736929890404959e-01
9.990833630748275906e-01
1.000872824123425930e+00
1.001417826776483944e+00
1.000774679440401771e+00
1.001727796077276356e+00
1.001814325673429540e+00
1.002169979742475681e+00
1.001653070576763893e+00
1.001292989384384935e+00
1.000916199475669677e+00
1.001006713125544234e+00
1.001026369507880709e+00
9.990267272359131256e-01
1.000126974224461618e+00
9.999340537000752649e-01
9.991301778623251639e-01
9.989139505540109987e-01
9.989494936151552817e-01
9.981490935516537100e-01
9.993528580274537720e-01
9.988919150217328013e-01
9.992648815981681754e-01
9.986969646719843219e-01
9.989123277568180415e-01
9.997976986561970536e-01
9.998352936269379043e-01
9.995532335143264557e-01
9.999400309630590566e-01
9.994028376946532122e-01
1.000453346312469183e+00
1.000558284207530235e+00
1.000533762868449195e+00
1.001036608214889601e+00
1.001040058085565843e+00
9.999230776414257393e-01
1.000609687753483579e+00
1.000572811447875576e+00
1.000604988702410214e+00
1.001156073284901193e+00
9.998696692176882728e-01
1.000544878304052476e+00
9.999071751607605529e-01
9.998166499647197503e-01
1.000507292404008153e+00
9.999413513741098880e-01
9.995711655881441837e-01
1.000407349081323893e+00
1.000449874329872868e+00
9.996202434901544365e-01
1.000537096391803882e+00
1.000091800513958962e+00
1.000364426839680965e+00
9.999663341113832482e-01
9.992304910539380192e-01
1.000615448700101329e+00
1.000440870026668705e+00
1.000337659279384006e+00
1.000516652679376950e+00
9.997733781104761741e-01
9.996762861047334692e-01
1.000616669033605799e+00
1.000055772537305598e+00
9.999084342672517334e-01
1.000131538223027805e+00
9.999939617425526173e-01
1.000982808028689330e+00
1.000448951105459061e+00
1.000474519354223935e+00
1.000257701332163851e+00
9.990025776418268721e-01
1.000623429102587503e+00
1.000166791765646490e+00
1.000348316893087341e+00
1.000155475163851282e+00
9.997690363085688370e-01
9.999156176823331688e-01
9.998677382631099286e-01
1.000776119332923653e+00
1.000161094782434867e+00
9.995345585903379071e-01
9.996974257774322581e-01
9.999752380735077439e-01
1.000286028195306098e+00
9.993927450009135738e-01
1.000419594598863648e+00
9.999635645167376241e-01
1.000397414017899500e+00
1.000035058592050108e+00
1.000221089827465493e+00
1.000219402126430790e+00
9.997958200713945587e-01
9.999002633911753257e-01
1.000647875690612087e+00
1.000333947196529794e+00
1.000442966390166388e+00
9.999099614865003538e-01
1.000381213833967831e+00
1.000487979254705007e+00
1.000454491275568625e+00
1.000146457174282633e+00
1.000230271888014277e+00
1.000320699227505550e+00
9.997396209428526248e-01
9.998270783469296319e-01
1.000492331337339280e+00
1.000626336922537218e+00
9.996265125868177837e-01
1.000001356131419161e+00
1.000130581191397416e+00
1.000174129262635159e+00
9.999925081704130747e-01
9.999754356198684579e-01
1.000143658625592069e+00
1.000446146525732605e+00
1.000712504814636139e+00
1.000342216588159916e+00
9.994247629787924581e-01
1.000251592378112564e+00
1.000387030043920822e+00
9.997772364662081968e-01
1.000614260754764562e+00
1.000038749089052326e+00
1.000548778441971765e+00
1.000577789502628656e+00
1.000019985645110854e+00
1.000230957932477960e+00
9.991847496459612676e-01
9.911739170684301659e-01
9.805740594766797491e-01
9.693339946101832139e-01
9.588145717038543125e-01
9.480433755554814601e-01
9.377877903013440708e-01
9.272654173282584011e-01
9.162152094541081704e-01
