0.000000000000000000e+00
0.000000000000000000e+00
0.000000000000000000e+00
0.000000000000000000e+00
0.000000000000000000e+00
0.000000000000000000e+00
0.000000000000000000e+00
0.000000000000000000e+00
0.000000000000000000e+00
0.000000000000000000e+00
0.000000000000000000e+00
0.000000000000000000e+00
0.000000000000000000e+00
0.000000000000000000e+00
0.000000000000000000e+00
0.000000000000000000e+00
0.000000000000000000e+00
0.000000000000000000e+00
0.000000000000000000e+00
0.000000000000000000e+00
0.000000000000000000e+00
3.405571317322658720e-02
1.048391399793663581e+00
3.459513031138500505e+00
3.426033653589448669e+00
1.912308084434908295e+00
8.757107901842408060e-01
3.987825318868056801e-01
2.036376992294514354e-01
1.250318082352383231e-01
1.872742046702649821e-01
7.058222925971074924e-01
1.482803612427209261e+00
1.752929868244533118e+00
1.469887207592635248e+00
1.076952787124314748e+00
8.111016402633524081e-01
6.947661050120853554e-01
6.787699092625960606e-01
7.299453702218113849e-01
8.126013354666341559e-01
9.052748438553334109e-01
9.889421683168759802e-01
1.067692768443197382e+00
1.129736777800987912e+00
1.172032622642078969e+00
1.201968108934577506e+00
1.210197346314491273e+00
1.201705644087170510e+00
1.174014895283842952e+00
1.136985857385743870e+00
1.093673813057173705e+00
1.060131452258951112e+00
1.028887752369138875e+00
1.003421147300086247e+00
9.825631242606296389e-01
9.631004974194472545e-01
9.474669923595182564e-01
9.382740318080700082e-01
9.302149799480318171e-01
9.297185452287130003e-01
9.276380839259947830e-01
9.355921023615286769e-01
9.381952673063492787e-01
9.521375511984846440e-01
9.602494368577082495e-01
9.732820237894723725e-01
9.826718615177636451e-01
9.915646134169542325e-01
1.000769812464631148e+00
1.007086742521676737e+00
1.013344733493608096e+00
1.016524609322583927e+00
1.019254869518146034e+00
1.022292409392937085e+00
1.018287485200147335e+00
1.019260659469077179e+00
1.017542359475214209e+00
1.014153568422755392e+00
1.011568058554294769e+00
1.008708442513049031e+00
1.006021757992606291e+00
1.003179482717215354e+00
1.000700223838695946e+00
9.988702845268013775e-01
9.990026115121288797e-01
9.964040278285605234e-01
9.949758461855631175e-01
9.959768567485951518e-01
9.935368473146645174e-01
9.946549010448153538e-01
9.937681437085048586e-01
9.955957086002839018e-01
9.949503598189902709e-01
9.959233857354350405e-01
9.945412682936871640e-01
9.985771469252722188e-01
9.985176144235871076e-01
9.993625555972422969e-01
1.000389420315222822e+00
9.992833310748937548e-01
1.000515692206941365e+00
1.001629514239912755e+00
1.000428850946146309e+00
1.000368454435583532e+00
1.001748799963465775e+00
1.001044069766948708e+00
1.000734871945936577e+00
1.001549585218337812e+00
1.000435025394527999e+00
1.001156096991099753e+00
9.996666181946376462e-01
1.001193974165279776e+00
1.001659053687742995e+00
1.000761748003130114e+00
1.000423706087434583e+00
1.000067102887786774e+00
9.986791483300072603e-01
9.992410585130223621e-01
9.990636046531313763e-01
9.982571492035441363e-01
9.983631997952714388e-01
9.995157119968036685e-01
9.987037176510346059e-01
1.000936151051943002e+00
1.000931470241140042e+00
9.998065131588660392e-01
9.998077086568257776e-01
1.000136916318209668e+00
1.000508717462490926e+00
1.001298027006216396e+00
1.001231535931086158e+00
1.000532622954642292e+00
1.001026442505935421e+00
1.000113911615444939e+00
9.998311354997720946e-01
9.992300944910288418e-01
9.988019767381575154e-01
9.999393491591174188e-01
9.986354631192919662e-01
9.978498251035525790e-01
9.995559556414058688e-01
9.974392557794325986e-01
9.994589572691586765e-01
9.991089000408240883e-01
9.996934978602638466e-01
1.000325354194710137e+00
9.994837153027053001e-01
1.001408579923164677e+00
1.001960486782248028e+00
1.002098954980817469e+00
1.001451309507701781e+00
1.001315499047064517e+00
1.001502307035048833e+00
1.001352897587661328e+00
1.001133768595855011e+00
1.000397563199818540e+00
1.000969133509332698e+00
9.999211763177395795e-01
1.001099413473546695e+00
1.000204181554517957e+00
9.988001925971635719e-01
9.997362297939288434e-01
9.978011536051266672e-01
9.985964099471871247e-01
9.996006433096298327e-01
9.988547706792060277e-01
9.991757905689535590e-01
9.985840545383712907e-01
9.992073640377924226e-01
9.986327736115738762e-01
9.994523597753823818e-01
1.000054063562880957e+00
1.000784845697363812e+00
1.000938286464406746e+00
1.000835541749491631e+00
1.001019293271954602e+00
1.000566379178601029e+00
1.000541258702519087e+00
1.000355069119522433e+00
1.000357516349952292e+00
1.000339432007262275e+00
1.000905048373027739e+00
1.000802578680720867e+00
1.000630943958272345e+00
1.000192971529930919e+00
1.000343480482885461e+00
1.000143896513373987e+00
9.999103975424308288e-01
9.995125902665207285e-01
1.000962395263378157e+00
9.998091961952343398e-01
9.990740594439246891e-01
1.000193932647918338e+00
9.992718096987569520e-01
9.990811493644765617e-01
9.998945625457785757e-01
1.000158952990648942e+00
9.992630394715913411e-01
1.000617606227161449e+00
9.996053752364837397e-01
1.000213380418157882e+00
1.000414328139126674e+00
1.000881052453759246e+00
1.001139994220936247e+00
9.998915398817606048e-01
1.000740236445025300e+00
1.000312917169685623e+00
9.999261773202546832e-01
9.996185624352891264e-01
1.000167430601627938e+00
9.998915577450443459e-01
9.998612293312900690e-01
1.000229685425745307e+00
9.998370263389260160e-01
1.000317350870203681e+00
1.000256808190472801e+00
1.000473234162141178e+00
9.998390156890244462e-01
9.997008156224025388e-01
1.000104702569270199e+00
1.000189408264810842e+00
1.000023706758081721e+00
1.000458065370754657e+00
1.000348714104953629e+00
1.000625697789300883e+00
9.992824119821472895e-01
1.000446955672391169e+00
9.994519129575929473e-01
1.000251786562449396e+00
9.997755706342535964e-01
1.000244050720175304e+00
9.996262400089733768e-01
1.000077973409702281e+00
9.998123389235916703e-01
1.000023982864865602e+00
1.000318740018148578e+00
1.000052129326543415e+00
9.999631501247082666e-01
1.000166777486420244e+00
1.000490998811068177e+00
9.996778909002381752e-01
1.000317572509928921e+00
9.997557028011319069e-01
1.000330582457070738e+00
1.000201919531191974e+00
1.000189644792099708e+00
9.998835229532961888e-01
1.000260073305469843e+00
9.998415949129572100e-01
9.999865074341705018e-01
9.996045361378567140e-01
1.000215438464321371e+00
1.000171222162008267e+00
9.999232708143558357e-01
9.998022520998599560e-01
1.000132630322487115e+00
9.995054031684166285e-01
9.992758397567367279e-01
1.000032169362424339e+00
1.000470560660959407e+00
1.000347866381865680e+00
9.997239946494314022e-01
9.998354439769626678e-01
1.000107890001630917e+00
1.000078917031484549e+00
9.999279661295321642e-01
1.000237281630379282e+00
9.997843051071948484e-01
1.000348817833684123e+00
9.996938705615856513e-01
9.987465099309746908e-01
9.908015446917738389e-01
9.794679089773904446e-01
9.693830817876114558e-01
9.577427770263379214e-01
9.480500804789490088e-01
9.371398524668311802e-01
9.269826258593060198e-01
9.159102018251700228e-01
