0.000000000000000000e+00
0.000000000000000000e+00
0.000000000000000000e+00
0.000000000000000000e+00
0.000000000000000000e+00
0.000000000000000000e+00
0.000000000000000000e+00
0.000000000000000000e+00
0.000000000000000000e+00
0.000000000000000000e+00
0.000000000000000000e+00
0.000000000000000000e+00
0.000000000000000000e+00
0.000000000000000000e+00
0.000000000000000000e+00
0.000000000000000000e+00
0.000000000000000000e+00
0.000000000000000000e+00
0.000000000000000000e+00
0.000000000000000000e+00
0.000000000000000000e+00
0.000000000000000000e+00
0.000000000000000000e+00
0.000000000000000000e+00
0.000000000000000000e+00
3.650512169537870749e-02
7.591818803140789607e-01
2.780889928626105956e+00
3.289005029099548949e+00
2.294994212918109788e+00
1.114527697746009016e+00
5.735273473509107101e-01
3.031011975933604052e-01
2.761298520823838865e-01
2.630506127037600117e-01
2.703318332709085947e-01
2.889524944830942910e-01
3.111603097677836938e-01
3.133868597575234505e-01
3.293845472760767445e-01
3.281844063051722604e-01
3.825967952716129439e-01
4.859328869945659379e-01
6.513550978751659892e-01
8.411132639525920052e-01
1.016223499155272547e+00
1.204438139330505697e+00
1.334551648265830393e+00
1.403650582832690397e+00
1.502531089905214667e+00
1.577209607043591921e+00
1.629770810285374738e+00
1.607152679400854822e+00
1.482851741347317232e+00
1.402798156622024228e+00
1.228348227336026000e+00
1.099428991134251188e+00
9.982571179200434575e-01
9.197998358693592058e-01
8.856992482870282846e-01
8.463202175769383162e-01
8.605837739839331535e-01
8.923978117300974677e-01
8.667404007998262827e-01
8.986798016793424715e-01
9.270831589960497610e-01
9.335072029557534012e-01
9.759011662290681954e-01
9.850832610776494302e-01
9.868277369649093300e-01
1.015057983601593827e+00
1.028281170354702123e+00
1.028919141169808871e+00
1.052302096540331133e+00
1.051640298553027986e+00
1.042539732724982127e+00
1.027303168594336791e+00
1.031195399457378370e+00
1.018730593612835689e+00
1.003009513390237251e+00
9.970575264407479654e-01
1.002395808107802599e+00
9.695700078209169570e-01
9.624065874372551566e-01
9.694168015345551170e-01
9.710980411781588995e-01
9.613806836364872099e-01
9.786687680934136324e-01
9.674907614093842811e-01
9.822775779940626784e-01
9.819202224646167432e-01
9.775118778334800362e-01
1.008083704610938547e+00
1.003736741733044946e+00
1.008615550300597352e+00
1.005543292799772725e+00
1.009133463512840834e+00
1.018845120982303953e+00
1.006265074881805610e+00
9.916492534476427645e-01
1.012161795436492095e+00
1.001907333757287910e+00
1.019767982553184682e+00
1.001175916560547163e+00
9.981468682369469825e-01
9.940722135216746302e-01
9.826763523730327465e-01
9.965710994903120845e-01
9.885325941039814213e-01
9.977977363195629223e-01
1.016130923722212032e+00
1.000618334775081886e+00
1.000551213936806461e+00
1.000331100779549232e+00
9.941420086648814491e-01
1.014854694679995895e+00
1.000532791429503243e+00
1.006672579091889341e+00
1.006980340733712564e+00
1.007810827309878920e+00
1.006751800662206486e+00
1.013892646100517325e+00
1.001084108156956143e+00
1.008117407844267399e+00
9.981557193531653827e-01
1.004025598985001544e+00
1.001406198860301577e+00
9.990214180347756212e-01
1.009995275810961823e+00
1.006126534238556358e+00
1.002634068667895617e+00
1.002804478967963542e+00
1.004171244864295875e+00
1.003764600633306747e+00
9.973357656914201286e-01
1.002344383142287354e+00
1.003965977111707542e+00
9.931151975439409529e-01
1.001972914112164270e+00
1.000089490572189765e+00
9.978979512026445731e-01
1.005538405265417046e+00
1.001965625104248137e+00
9.941256524251997906e-01
9.936887897159178973e-01
9.944429239305001555e-01
9.941272716616698091e-01
9.990077796525944631e-01
9.957529919011760544e-01
1.003347254569654012e+00
1.009009408918937867e+00
9.905894213879861132e-01
1.002085192512088385e+00
9.940546274154065109e-01
1.002866712302785457e+00
9.914160007493004745e-01
9.977011808497211476e-01
9.895211351915966791e-01
1.002589378048359681e+00
9.911164643257094342e-01
9.906607646039589099e-01
1.000816878372848606e+00
9.907725363928887585e-01
9.873788950107759144e-01
1.001208683085851092e+00
9.975558660435209779e-01
9.957004789903490805e-01
1.002234142232764302e+00
9.960458424571984049e-01
9.941543201878069169e-01
9.943132676899283373e-01
1.004632232565209726e+00
9.946569032935708154e-01
9.983579323047457876e-01
1.005132981367364620e+00
9.934403222181694693e-01
1.004603733979191560e+00
1.003743190567792265e+00
9.925685756397689685e-01
9.985466887484877319e-01
1.001554914409010344e+00
1.009578468135045703e+00
9.989687565407856518e-01
9.992578350895060524e-01
1.002309358993604738e+00
9.977599014524327625e-01
1.001459107959197459e+00
9.994745708082475311e-01
9.902344952806276801e-01
9.952308962292678585e-01
9.952943250794009655e-01
1.002440700725076850e+00
9.991693242646364492e-01
9.993905864345575818e-01
1.002827932606454198e+00
9.996963204520757929e-01
9.965431156614070751e-01
1.005542091596549836e+00
1.003187500673342170e+00
1.003038096667134171e+00
1.000399732775798745e+00
1.000197853700996342e+00
1.003018014927443025e+00
1.000528652845121824e+00
9.952015036269183934e-01
1.006415574842397298e+00
9.967068757773088761e-01
1.003068608275665685e+00
1.006591240297121104e+00
9.975602538406581621e-01
1.001571627537250375e+00
1.005032397898782959e+00
1.004774682477243664e+00
9.999310101161165143e-01
1.005551031327402312e+00
1.000661666722085119e+00
1.006674893916281732e+00
1.006309877881812476e+00
9.959372178531185060e-01
1.001931927814862400e+00
9.980378964698490840e-01
1.000345979675034025e+00
9.970510991075942631e-01
1.003331643737970902e+00
9.919688913241527795e-01
1.005789496965839191e+00
9.963526539560187967e-01
9.976173377133050746e-01
9.983302074119588809e-01
1.002099232417644092e+00
9.987126644006130149e-01
1.003632069066628274e+00
1.000311162354401651e+00
9.990108181449740554e-01
9.992130845498353731e-01
1.002777259302771951e+00
9.979171463916718388e-01
9.981310121490865050e-01
1.000584779850610229e+00
9.978396425377981105e-01
9.992432372323369894e-01
9.986201396670179031e-01
1.003134210863832587e+00
9.990564999312943062e-01
9.927900276769011656e-01
9.940231705983955113e-01
1.000483541036307544e+00
1.000857690016794033e+00
9.973073939630376916e-01
9.991209462017922593e-01
9.968553049967265878e-01
9.953954148127477364e-01
1.000992167508683472e+00
1.002196385751643160e+00
9.969810474368326902e-01
9.982151198308315543e-01
1.000082348101018370e+00
9.947877253661538965e-01
9.980908134095728412e-01
9.935480217542593806e-01
9.976213287632332838e-01
9.973997817620041673e-01
9.978230907743408373e-01
9.937570184287561892e-01
9.953091852087736502e-01
9.997681134726434937e-01
1.000663053173317163e+00
9.968808295001965192e-01
9.957882413780410058e-01
9.913803765550638358e-01
9.983750559907634825e-01
9.956127063819116829e-01
9.968905593252445074e-01
9.989294454198287543e-01
9.944149967847120131e-01
9.985032028246184632e-01
9.930730594180281479e-01
9.959190327402682730e-01
9.957039485560527092e-01
9.928956396450626665e-01
