0.000000000000000000e+00
0.000000000000000000e+00
0.000000000000000000e+00
0.000000000000000000e+00
0.000000000000000000e+00
0.000000000000000000e+00
0.000000000000000000e+00
0.000000000000000000e+00
0.000000000000000000e+00
0.000000000000000000e+00
0.000000000000000000e+00
0.000000000000000000e+00
0.000000000000000000e+00
0.000000000000000000e+00
0.000000000000000000e+00
0.000000000000000000e+00
0.000000000000000000e+00
0.000000000000000000e+00
0.000000000000000000e+00
0.000000000000000000e+00
0.000000000000000000e+00
0.000000000000000000e+00
0.000000000000000000e+00
0.000000000000000000e+00
0.000000000000000000e+00
2.564557147837815895e-02
7.754243903328487120e-01
2.803065657507773256e+00
3.344214981479886717e+00
2.289974699173012773e+00
1.151470821372369890e+00
5.914779541639605398e-01
3.127384594323939226e-01
2.383357776947029882e-01
2.360372591171434886e-01
2.692435432815206697e-01
3.009138461677737797e-01
3.151844802672176815e-01
3.029194873641788410e-01
3.157322042045130339e-01
3.300542916655667125e-01
4.033539345887680594e-01
4.854512974828569249e-01
6.559313340036118101e-01
8.214592029582213906e-01
1.012860638325666640e+00
1.194335043317850564e+00
1.349556341427198047e+00
1.430827403943138121e+00
1.546382231094373338e+00
1.619055028382062611e+00
1.620881882975923727e+00
1.626283317491460600e+00
1.531545184705833895e+00
1.388827695744257573e+00
1.262389182585395231e+00
1.093114650289869205e+00
1.007115873858469346e+00
9.246212196081521340e-01
8.769528734035212381e-01
8.383890202708402795e-01
8.549327327443586588e-01
8.460218950311931829e-01
8.798776383124877754e-01
8.989084732906699182e-01
9.376069396422309632e-01
9.396465361830603769e-01
9.532622016710265989e-01
9.857838243522436539e-01
9.881645068028024337e-01
9.962092578462158343e-01
1.009192359258306970e+00
1.032678583670544104e+00
1.035404755783667419e+00
1.043045352641559065e+00
1.044293973757832283e+00
1.021116921881709549e+00
1.028043460151558008e+00
1.007119106166089351e+00
1.004270863671490766e+00
9.975899295295762581e-01
9.831101044484181761e-01
9.710140933205386737e-01
9.601320712325390749e-01
9.484120930713418884e-01
9.603155297208930685e-01
9.496425199254938665e-01
9.523576503627088075e-01
9.719072641480636099e-01
9.890689789242648189e-01
9.674104040030131468e-01
9.866048197232741845e-01
9.830812519005894812e-01
9.868194027522922962e-01
9.841462558954615636e-01
9.882608026698599391e-01
9.871035759653495889e-01
1.007176181571420637e+00
9.886149873370163599e-01
1.006811801441694909e+00
9.970371271991540496e-01
9.862050209765872433e-01
9.983774216443027649e-01
9.913343501663507418e-01
9.925416885204423334e-01
9.792901278600355530e-01
9.857573606748080142e-01
9.976439241984269568e-01
9.915446882615739366e-01
9.804719442079850023e-01
9.909649469535711797e-01
9.870459527844662739e-01
1.001811319514708254e+00
9.883690724160280050e-01
1.003962532737541657e+00
9.869417755796986436e-01
9.832104815222041383e-01
9.963748205211472309e-01
1.008317101787098657e+00
9.906138153265556801e-01
1.002778898426265330e+00
9.990720083421165132e-01
1.008988147706586291e+00
9.876676555307650762e-01
1.008945508770048516e+00
9.951708394724272377e-01
9.958943209443967826e-01
9.946576185837135986e-01
9.996319845961730843e-01
9.960343885726093971e-01
9.984935058402264474e-01
9.923051280157828558e-01
9.862621913027510567e-01
9.942533230260091059e-01
9.967925279018354789e-01
9.901697546237964165e-01
9.924468345301690198e-01
9.931281614170626160e-01
9.855603495828799687e-01
9.893799855055549486e-01
9.920815439074275321e-01
9.941276112715348168e-01
9.861312040097840459e-01
9.928077955039246172e-01
1.000373156707625721e+00
9.910025777278210768e-01
9.937489898647936526e-01
9.953570970479289626e-01
9.936030904454087320e-01
9.988958372960667909e-01
9.948980966460664321e-01
1.001929965146391543e+00
9.927221632297470455e-01
9.948304403435136445e-01
9.895991640023460434e-01
9.965432632971913396e-01
9.933296023754873971e-01
1.003848105594691287e+00
9.977579000474777748e-01
9.902785824376381107e-01
1.000089577588096690e+00
9.888988669770105711e-01
1.003098042497361009e+00
9.982320526566487162e-01
9.899726464567382145e-01
1.003666349911097599e+00
9.896103029614355950e-01
9.971719521930358932e-01
9.886698176922272818e-01
1.000526763936987473e+00
9.891778878599788438e-01
9.821905147904135269e-01
9.920051687198485624e-01
1.005471216425183112e+00
9.917683079294421500e-01
9.945771577848222522e-01
9.921110260123209290e-01
9.903090563712144689e-01
9.940819108867597897e-01
9.946833168486234333e-01
9.934187268294454309e-01
9.921215403499943353e-01
9.905619382354996505e-01
9.963307282668818488e-01
9.924944128397824583e-01
9.941074320749649917e-01
9.936002208233856159e-01
9.893250310638032063e-01
9.872507637903279454e-01
9.913278173715819319e-01
9.932676914961731107e-01
9.918595980794550071e-01
9.932487100923701462e-01
9.955498655523192797e-01
9.881709144702320868e-01
9.883422980618292719e-01
1.001267668211039297e+00
9.976498051856627081e-01
9.947050377104760255e-01
9.937192079126061506e-01
9.961661314002119294e-01
1.000585295065371083e+00
9.935588014979366278e-01
9.959466077963631259e-01
9.970132143518186663e-01
9.992423124083977815e-01
1.002464669861496072e+00
9.989935756425902813e-01
9.966052096542831196e-01
9.907530001329215574e-01
9.990815464926755540e-01
9.942021445890002473e-01
9.917282362756519865e-01
9.898057832900748476e-01
1.003072578368184864e+00
9.869476315226957119e-01
9.903325176062487412e-01
9.955119531363140206e-01
9.911635066712232156e-01
1.003095754299675235e+00
9.943214753738421896e-01
9.995103514256641342e-01
9.907923819554690370e-01
9.996418105475153304e-01
9.975017165534698638e-01
9.944645304567674149e-01
9.921296780486276168e-01
9.940856835322889884e-01
1.001596396574365944e+00
9.903415223392556532e-01
1.001181348298245677e+00
1.001252282111864345e+00
9.904269630202867658e-01
9.975389984853668679e-01
9.949985604866676825e-01
9.937721936803241007e-01
9.905009961015953657e-01
9.966089186762895347e-01
9.925431669602906570e-01
9.998613054754520446e-01
9.902107294885007516e-01
9.929708927937763718e-01
9.931976116845818714e-01
9.948151929162117879e-01
9.943665480514398691e-01
9.901883593705588238e-01
9.887582531120960860e-01
9.946282456551780449e-01
9.969543470703212673e-01
9.921422834336782737e-01
9.936313276422230611e-01
9.938078301303705508e-01
9.916966535968161356e-01
9.892284412296142859e-01
9.975832000243578523e-01
1.000785318254105327e+00
9.933871407578807045e-01
9.912782556001314971e-01
9.916201072919761383e-01
9.894410346819872970e-01
9.937507320800702537e-01
9.906863401656819113e-01
9.872114845264635674e-01
9.945146480085471641e-01
9.935464279831498491e-01
9.874958027873639299e-01
9.922377665009137759e-01
9.932238308903319490e-01
9.921122982788731504e-01
9.879340250541081003e-01
9.861135017925123369e-01
9.961890127474559709e-01
9.925623471365884187e-01
9.979405479078912178e-01
9.932027205637908862e-01
9.917610702900325759e-01
9.910022711007753227e-01
9.917946849161209943e-01
9.930546759999894224e-01
9.922102440793905131e-01
