0.000000000000000000e+00
0.000000000000000000e+00
0.000000000000000000e+00
0.000000000000000000e+00
0.000000000000000000e+00
0.000000000000000000e+00
0.000000000000000000e+00
0.000000000000000000e+00
0.000000000000000000e+00
0.000000000000000000e+00
0.000000000000000000e+00
0.000000000000000000e+00
0.000000000000000000e+00
0.000000000000000000e+00
0.000000000000000000e+00
0.000000000000000000e+00
0.000000000000000000e+00
0.000000000000000000e+00
0.000000000000000000e+00
0.000000000000000000e+00
0.000000000000000000e+00
0.000000000000000000e+00
0.000000000000000000e+00
0.000000000000000000e+00
0.000000000000000000e+00
1.973166439708389647e-02
7.408790470003409068e-01
2.614502927494628093e+00
3.254903215033393860e+00
2.288999651976189931e+00
1.133101255879642499e+00
5.715634175179741261e-01
3.243470944378593623e-01
2.446761547099520762e-01
2.425569134334891741e-01
2.463937448232749738e-01
2.759379717010412292e-01
3.011101561691043038e-01
3.181348186468672679e-01
2.960634865613292477e-01
3.375580152103980214e-01
3.948738714247486126e-01
5.036723078473123172e-01
6.652288915126861601e-01
8.530653473281015753e-01
1.046241403621699151e+00
1.227828139461883294e+00
1.374589828423167237e+00
1.496873084072864790e+00
1.589662041329154896e+00
1.633999605707916691e+00
1.674695940201046174e+00
1.634552322954569314e+00
1.593521932514231132e+00
1.422395368740372090e+00
1.274537085941298775e+00
1.149025584074913953e+00
1.027323069370584596e+00
9.686924023201407552e-01
9.248070960791868744e-01
9.116664152560515211e-01
8.858227026550954397e-01
8.839834478144056318e-01
9.004363259232183170e-01
9.429030600011134577e-01
9.233053005663875989e-01
9.694484846199757921e-01
9.944477367026675063e-01
1.014849946954996307e+00
1.036729711021108002e+00
1.019662241662461000e+00
1.029367237112552180e+00
1.047673486396900389e+00
1.066746956741219776e+00
1.076102656342434072e+00
1.089093952873411153e+00
1.071332162603751303e+00
1.061702889382167836e+00
1.039823438586582771e+00
1.034030687077438060e+00
1.004243013816789487e+00
1.006506982554737251e+00
9.965834697283121324e-01
9.720282284087254920e-01
9.852805025966632213e-01
9.999324362332551175e-01
9.941822005292735298e-01
9.898567398311866050e-01
9.960392108470899064e-01
9.960128468714726235e-01
1.006868303994848723e+00
1.019006365893891486e+00
1.024013193291192225e+00
1.014923139768426408e+00
1.033718999870417488e+00
1.024987524885827339e+00
1.017978757923092337e+00
1.020354400390668159e+00
1.028838755075856426e+00
1.007873832558549232e+00
1.019805362183193509e+00
1.010833018509582182e+00
1.001770698029463835e+00
1.005625685094985622e+00
1.011147970572037647e+00
1.005501561011697298e+00
1.004752738581095928e+00
9.906438653700913033e-01
9.977015492989740331e-01
9.935817594289517718e-01
9.968560368207032285e-01
1.009091373902066602e+00
1.004970060813029420e+00
1.002579872713598830e+00
1.007068862498015305e+00
1.014138476119375243e+00
1.005265108531057106e+00
1.013693785470429987e+00
1.012283634276871291e+00
1.014238086396976435e+00
1.009979087079276194e+00
1.014892903110545364e+00
1.021350816631114711e+00
1.007570014229077326e+00
1.015871211793763385e+00
9.963247765173046666e-01
1.002366249680010091e+00
1.007741140207918162e+00
1.003152747311903736e+00
1.006160536364669289e+00
1.002327980403494134e+00
1.000684302415352001e+00
1.007271740163415252e+00
9.950461320795680464e-01
9.980738939530862108e-01
9.914340296467590852e-01
1.006850544736440423e+00
9.891027042079890697e-01
9.960771996531571082e-01
1.001168212115836953e+00
9.986358413057908612e-01
9.970040923701977142e-01
9.924443523924392219e-01
1.008571934714425966e+00
9.917109452292794947e-01
9.959465565166021328e-01
9.981509299418386272e-01
1.000764493937130739e+00
9.972820338824965880e-01
9.985108110200227038e-01
1.004831082021447664e+00
9.867737822781127432e-01
9.844413688808172358e-01
9.983694607778592633e-01
1.001534148658441703e+00
9.958584023145921060e-01
9.953275533056690216e-01
9.897638334926148751e-01
9.940168711822490177e-01
9.908728228349362732e-01
9.958493351764124979e-01
9.977488701177811281e-01
1.001178596435875034e+00
9.937694926673162898e-01
1.000929273248762463e+00
9.937189260326576568e-01
1.004013418238336008e+00
9.943478755933760072e-01
1.001947009057574611e+00
9.978194356155769551e-01
1.001422218385308316e+00
1.000336002320766804e+00
9.868525301399786454e-01
9.922198768735857044e-01
9.929116796311789894e-01
9.955439571623839745e-01
9.916477021996358276e-01
9.914821291598026054e-01
9.928890974761772625e-01
9.913955037742466780e-01
9.897951946955920732e-01
9.905070711707688602e-01
9.887937630409554535e-01
9.931562938099952609e-01
9.966690119703771611e-01
9.919748358422600942e-01
1.002228430780768731e+00
9.994505871397120211e-01
1.007202362119961059e+00
9.965109956799094171e-01
9.979396063869309108e-01
9.957499775325785452e-01
9.968762321414977867e-01
9.980460280316475474e-01
9.995122490369027224e-01
9.936946623822587865e-01
9.983122214942120598e-01
9.959099423576346366e-01
9.903788447958348229e-01
9.927590881950419943e-01
9.864879900031602311e-01
9.909270791847337723e-01
9.982034313390490965e-01
9.992934010881044937e-01
9.933337512444672113e-01
9.960113813680936401e-01
9.952203172423814692e-01
9.941150700047276523e-01
9.957156033759639868e-01
1.005572858221013499e+00
9.934929761690159955e-01
9.942468196878121445e-01
9.927259637681924431e-01
9.991708910578840364e-01
9.943108129883246882e-01
9.964884740263266760e-01
9.968725159071818442e-01
9.981296547426250498e-01
1.001902354688852359e+00
9.950580708002799701e-01
1.001176028940763629e+00
1.001049121073457338e+00
1.004966480558505681e+00
9.979331304458044505e-01
9.954277885740863141e-01
9.960819329708398007e-01
9.986117312911817478e-01
9.932859227378449951e-01
1.004211048458381939e+00
9.972207998786480898e-01
9.973541663795086887e-01
9.987888835449098002e-01
9.964707342644522070e-01
1.000592560434915290e+00
9.968489994737453896e-01
9.962910799071329482e-01
9.933782892178629753e-01
9.983163301203631379e-01
9.960532324159051543e-01
9.972605705146285748e-01
9.923789762419097382e-01
9.955526482692235168e-01
9.942979394844457808e-01
9.974885094375363082e-01
9.940360074990051142e-01
9.942260136917134838e-01
1.002151871854338072e+00
9.979454809768549817e-01
9.944703364585010252e-01
9.998311310296752463e-01
9.914451757099542739e-01
9.948664593712842619e-01
9.910675727437980864e-01
9.930284786220501259e-01
9.912430308548600966e-01
9.937992553946914942e-01
9.939158219276583717e-01
9.903913004436825096e-01
9.900984310196211391e-01
9.936203724652745706e-01
9.894669286391233332e-01
9.909961944246200582e-01
9.897638922990410482e-01
9.924582820293679220e-01
9.901038404360783529e-01
9.865460697854566696e-01
9.868621545234249615e-01
9.934673113245474640e-01
9.962089533774814987e-01
9.944038425932794079e-01
9.950446099779127751e-01
9.915579929189056729e-01
9.926318963001230511e-01
9.974462349960254715e-01
9.849213287542488704e-01
9.882240690893104862e-01
9.943067198222296232e-01
9.927858196465304541e-01
9.918649530980389040e-01
9.966316971437170213e-01
