0.000000000000000000e+00
0.000000000000000000e+00
0.000000000000000000e+00
0.000000000000000000e+00
0.000000000000000000e+00
0.000000000000000000e+00
0.000000000000000000e+00
0.000000000000000000e+00
0.000000000000000000e+00
0.000000000000000000e+00
0.000000000000000000e+00
0.000000000000000000e+00
0.000000000000000000e+00
0.000000000000000000e+00
0.000000000000000000e+00
0.000000000000000000e+00
0.000000000000000000e+00
0.000000000000000000e+00
0.000000000000000000e+00
0.000000000000000000e+00
0.000000000000000000e+00
0.000000000000000000e+00
0.000000000000000000e+00
0.000000000000000000e+00
0.000000000000000000e+00
2.762426206393758452e-02
7.271741895763580432e-01
2.599226873364257617e+00
3.234359575579029755e+00
2.164407862366295898e+00
1.124822637209865528e+00
5.566910514166343305e-01
3.267758552074488954e-01
2.240953650176392142e-01
2.479464558937213292e-01
2.474112909411421701e-01
2.619718788733316761e-01
2.764731891762244875e-01
2.848057070470976782e-01
2.824932137668374477e-01
3.223025711693011663e-01
3.609734323098058861e-01
5.054470573974779724e-01
6.360684629578527982e-01
8.452875066914551372e-01
1.040970442004780727e+00
1.211505542820632719e+00
1.359515467603971350e+00
1.488414046133283319e+00
1.554047267265944665e+00
1.632737690735834635e+00
1.669369954639260856e+00
1.673654547585979202e+00
1.594638779674774076e+00
1.424767915863823120e+00
1.256620899813394088e+00
1.155856191299298397e+00
1.039545923160029250e+00
9.707522538046678973e-01
9.095816919450672167e-01
8.860723648460382407e-01
8.876864758322600135e-01
9.051692256934275038e-01
8.986838369002930760e-01
9.242401226248107005e-01
9.285371688163374104e-01
9.653837647599904370e-01
9.844473223812367779e-01
9.942004548196685665e-01
1.002191721803856295e+00
1.035021104096458311e+00
1.051955000450526700e+00
1.059511062140283011e+00
1.056293035725931695e+00
1.052402452985450765e+00
1.061627619154585922e+00
1.051924556091368368e+00
1.054650044171640655e+00
1.034615003485763962e+00
1.015349444231381737e+00
1.003052439597440948e+00
9.981974586762999424e-01
9.676413262129935910e-01
9.867493137498283273e-01
9.869853501396765871e-01
9.836930676957704733e-01
9.889490301949334095e-01
9.971449639839808921e-01
9.774414482113308322e-01
9.899229941219480633e-01
9.995804785240889334e-01
1.007815273030715053e+00
1.019361528758943258e+00
1.012792306397773290e+00
1.026316341003521648e+00
1.019568125004263193e+00
1.022041263817482060e+00
1.015357438967695147e+00
1.005757170312566062e+00
1.010398803377951849e+00
1.021772070331537163e+00
1.012262915648683537e+00
1.004272038623506669e+00
1.003706592684916465e+00
1.009500383837058202e+00
1.003942671628694328e+00
1.001073380560685955e+00
9.981921287444293078e-01
1.004021230015052168e+00
1.004281370967062159e+00
9.915989616485227920e-01
9.987673104733807428e-01
9.997460510922822063e-01
9.957042925643413422e-01
9.990403870298205646e-01
1.003506930966510335e+00
1.000535319876830087e+00
1.007464053834233209e+00
1.016210553557808094e+00
1.003587325809358610e+00
9.966321983560545439e-01
1.001938607560804995e+00
1.013395737804647201e+00
1.005716621684295653e+00
9.919021205966394028e-01
1.008176511314635704e+00
1.001120847833696814e+00
1.002449932588884485e+00
1.004082823188949813e+00
1.010022156167212914e+00
9.934343682114172847e-01
1.003946945239059252e+00
1.004601430020674702e+00
9.949356789633243547e-01
9.915810079750179140e-01
9.840581388414101349e-01
9.967585768786677569e-01
1.008986794514193708e+00
9.970112820993602964e-01
9.976709287615751487e-01
9.820897055244818263e-01
9.913938411043632382e-01
9.892822693294700542e-01
9.932087832824270102e-01
9.874373387577384253e-01
9.896402742681760234e-01
9.873565441618160632e-01
9.851615228564629678e-01
1.002109298487614542e+00
1.002010578399668672e+00
9.862463717965407328e-01
9.903494443653897417e-01
9.954191485375967208e-01
9.894627338601132971e-01
9.903500911871131462e-01
9.864097639781299609e-01
9.917886111864263610e-01
9.932272528070709150e-01
9.913583356041878458e-01
9.905425198092300265e-01
9.940535939480439342e-01
9.951142887972906914e-01
9.887358379137937137e-01
9.955431271737898991e-01
9.871037495832201136e-01
9.887036217951518102e-01
9.931563957479468963e-01
9.899775403240879124e-01
9.865553871070521508e-01
9.992238933092163489e-01
9.952399176730125641e-01
9.920005141043015673e-01
9.990973195968263498e-01
9.888924199689036465e-01
9.961541024460216498e-01
9.926459733289256793e-01
9.920365775385213691e-01
9.911945841620677378e-01
9.964508688902524725e-01
9.921895836248099121e-01
9.885914784241952580e-01
9.917316587375736292e-01
9.991937749534403057e-01
9.993274738935361556e-01
9.947063199616583695e-01
9.880381380608506126e-01
9.926338691543453718e-01
9.986998697303114403e-01
9.951558786574399296e-01
9.877537578360694459e-01
9.883900465443814509e-01
9.913211231907589349e-01
9.848749294768921470e-01
9.956274124495840816e-01
9.975763335012403088e-01
9.986108165444346207e-01
9.904334840478655755e-01
9.933743762725084636e-01
1.000521000012868811e+00
9.998174762292747486e-01
1.002381942664471115e+00
9.995210358415534957e-01
1.004506517985250813e+00
9.964556964000234052e-01
9.923340745848984179e-01
9.971635959242447500e-01
9.972190127403786075e-01
9.949471067320250217e-01
9.979269928145706459e-01
9.963607886522655166e-01
9.934760474442551059e-01
9.980596694711650896e-01
9.966734958403395961e-01
9.989995189515561425e-01
9.989519911679064501e-01
9.961682563276778035e-01
1.000018386394127212e+00
9.906269656191120099e-01
9.950729033461381823e-01
9.953885372805783005e-01
9.950373020072743602e-01
9.957110858811505372e-01
9.979655565678119400e-01
1.003106952696961152e+00
9.956417483329872420e-01
9.899473507986332743e-01
9.957953347374832731e-01
9.961223126203150313e-01
9.954838045880173292e-01
9.952692935782502248e-01
9.958542735477239338e-01
9.978765510803713212e-01
1.000741196301890179e+00
9.945296916092347672e-01
9.993900837086130418e-01
9.965431364792104452e-01
1.003252472852631971e+00
1.000122450173805300e+00
9.977201486639152295e-01
9.982648110484284576e-01
9.974126230177559060e-01
1.003415938523740669e+00
9.988015242172537667e-01
1.001316708781809339e+00
9.984876415790673310e-01
9.998124377696063769e-01
1.004028953114706191e+00
1.002541161128903013e+00
9.989875325483812407e-01
9.996534496518217905e-01
9.973526364638116704e-01
9.937380674901458155e-01
9.974352708461841077e-01
9.983575802500260776e-01
1.000670973850472656e+00
9.963128963249926473e-01
1.001334638650709152e+00
9.974235994634245150e-01
9.958281908759640810e-01
1.000535118401998380e+00
9.980778190910460923e-01
1.001192674319651976e+00
9.995010546554369268e-01
1.000319708281408149e+00
1.002766553970345864e+00
9.997598112001000459e-01
9.913043849528442308e-01
9.969438455734855875e-01
9.934831631358977955e-01
9.997193766387109104e-01
9.930779755960003063e-01
9.986668744438678136e-01
1.003058444029262697e+00
9.954881387993255171e-01
1.001080327773153700e+00
9.989234790414593945e-01
9.998515399359739764e-01
9.927250494462380725e-01
9.946584910736315788e-01
1.001376384667282959e+00
