0.000000000000000000e+00
0.000000000000000000e+00
0.000000000000000000e+00
0.000000000000000000e+00
0.000000000000000000e+00
0.000000000000000000e+00
0.000000000000000000e+00
0.000000000000000000e+00
0.000000000000000000e+00
0.000000000000000000e+00
0.000000000000000000e+00
0.000000000000000000e+00
0.000000000000000000e+00
0.000000000000000000e+00
0.000000000000000000e+00
0.000000000000000000e+00
0.000000000000000000e+00
0.000000000000000000e+00
0.000000000000000000e+00
0.000000000000000000e+00
0.000000000000000000e+00
0.000000000000000000e+00
0.000000000000000000e+00
0.000000000000000000e+00
0.000000000000000000e+00
3.156826470637968257e-02
7.791884318514356034e-01
3.027401715706556029e+00
3.672446048625154891e+00
2.324208577246370311e+00
1.240593003307753017e+00
6.148365584531562122e-01
3.449721990685093997e-01
2.538036446791762657e-01
2.581687451675675482e-01
2.494292628988035998e-01
2.783246623057984981e-01
3.143168744121761504e-01
3.129170076151910340e-01
3.309902796940294434e-01
3.355767962009882366e-01
4.168210330629631422e-01
5.373753953737313571e-01
6.750102481741800942e-01
8.714665626019109101e-01
1.069093198183699744e+00
1.214680168539717720e+00
1.392682977533777011e+00
1.489668309936080570e+00
1.613629205282232970e+00
1.675885822742047448e+00
1.708674480407681218e+00
1.679816001855475083e+00
1.593625015953124002e+00
1.474988620298715025e+00
1.293185094623449549e+00
1.134066609151594740e+00
1.046066856624964680e+00
9.438737617068287955e-01
8.961049735383207482e-01
8.984516507218263115e-01
9.118768825487499896e-01
8.895003064965709694e-01
9.377572954606837596e-01
9.503876522738359256e-01
9.688436346745311623e-01
9.780791920482985180e-01
1.027461608782522795e+00
1.040477149349859687e+00
1.045682634076803286e+00
1.069279696865463425e+00
1.065179878612466213e+00
1.082135325369542933e+00
1.099205048737640356e+00
1.108848272726700612e+00
1.089123765325590520e+00
1.074868385749362387e+00
1.073478565409385910e+00
1.062856819099021743e+00
1.051918905704415375e+00
1.050994177958040954e+00
1.021208243850706854e+00
1.026293654510033404e+00
9.941299999894857020e-01
9.968861585675535819e-01
1.015916663487600902e+00
1.001909306792786447e+00
1.010395009310654402e+00
1.019390271740160614e+00
1.017882240095141499e+00
1.005851839975996587e+00
1.026285289512175458e+00
1.032258251337986987e+00
1.041117995268159513e+00
1.060796163441939166e+00
1.042143898946512603e+00
1.040016237805872157e+00
1.037621189270758526e+00
1.032463553526296041e+00
1.046224722356213777e+00
1.014900475661506096e+00
1.024207238671647868e+00
1.020380194315609224e+00
1.024833797661197865e+00
1.031868320508631864e+00
1.021391625283424975e+00
1.026792640475109764e+00
1.017660324703797858e+00
1.030106088538679465e+00
1.014908828030422372e+00
1.014539612020400439e+00
1.017529390626463082e+00
1.023446536061441092e+00
1.034326852811142672e+00
1.012424186252236513e+00
1.031278261082793080e+00
1.025420144383401899e+00
1.019471805644945217e+00
1.016775484887940451e+00
1.024808515652218199e+00
1.017722842278933282e+00
1.020769715278429191e+00
1.016869713660110364e+00
1.026968650735825106e+00
1.013641757696186252e+00
1.012949641745215512e+00
1.007061003800410193e+00
1.015754948181716522e+00
1.024018488173753294e+00
1.015303701659791002e+00
1.014984823601980723e+00
1.016487421175287675e+00
1.012420854457595665e+00
1.004797855355666680e+00
1.009275689099068396e+00
1.004357389526690181e+00
1.013316246538235710e+00
1.011593383007034941e+00
1.004396305129997113e+00
1.009301072478809180e+00
1.004182463723532148e+00
1.012436768170607682e+00
1.015148265940538641e+00
1.012358567035017032e+00
1.014403222259318671e+00
1.005477466554022259e+00
1.003276369323271577e+00
1.003755261267907484e+00
1.015156393562033355e+00
1.013160459048899176e+00
1.014385075700968253e+00
1.008836651904467807e+00
1.006187449988024563e+00
1.014521606834704270e+00
1.020406239758266498e+00
1.007536547007076511e+00
1.005546296105044535e+00
1.009137408309755735e+00
1.003900946827366303e+00
1.007920701618706394e+00
1.012011695673350475e+00
1.004929325518842287e+00
1.006228923481088389e+00
1.009269591416309009e+00
1.010123249029206249e+00
1.010133110849642302e+00
1.007246498633799003e+00
1.014875345625822156e+00
1.009237259590331615e+00
1.000132984735532249e+00
1.004347555525414215e+00
1.012344185490661630e+00
1.014957038247483068e+00
1.011645536688524194e+00
1.007078920403909672e+00
1.006799641478167917e+00
9.966179630768645659e-01
1.007473109725179006e+00
1.001894713216865629e+00
1.015253964349691840e+00
1.004508401912577176e+00
1.007122089470975146e+00
1.004032238570262026e+00
1.007827874346585162e+00
1.000193080897990416e+00
9.991894297205810016e-01
1.001045596077322353e+00
1.008316550410073065e+00
9.923382743359234759e-01
9.970963204650494793e-01
1.008683047257643128e+00
1.006923210571073257e+00
1.005768677165403968e+00
9.992724386672234838e-01
1.001624011629248523e+00
1.003371729361260511e+00
1.001243769392488936e+00
9.966237691868991000e-01
1.005641501825271122e+00
9.979224902964665134e-01
1.006473577910929729e+00
1.009955262343487092e+00
1.009376621057888057e+00
1.007459223338593057e+00
1.005423580000454953e+00
1.005719304191515118e+00
1.001192853367342206e+00
1.003978157497958490e+00
1.009202447939072211e+00
1.004195526039086461e+00
9.990787033220092095e-01
1.000811719444496317e+00
1.003348806966190221e+00
1.001994382216983004e+00
1.007230906390262470e+00
9.993553045989165273e-01
1.006364261746654165e+00
1.004400754010591035e+00
1.002229381738486858e+00
1.003557848133642461e+00
1.006892703225804375e+00
1.002829924659651040e+00
1.009581342804938719e+00
1.004856988885454383e+00
1.002187784351368904e+00
9.996650827200661560e-01
9.996238446519470910e-01
1.007639133257764996e+00
1.001750985924178439e+00
1.005172096312661800e+00
1.009727927912412282e+00
1.007487825266363934e+00
1.003207465384424735e+00
1.001952111032654136e+00
1.005185008305699457e+00
9.995700836787135835e-01
1.003683423597608426e+00
1.009148047819982796e+00
1.005180990739093172e+00
1.007049733810334580e+00
1.000123377915156597e+00
1.000075116195738190e+00
1.001586450364629677e+00
1.006512582517173904e+00
9.993264657480797064e-01
1.008797583281440424e+00
1.004483079807443779e+00
1.005996992100416376e+00
1.006009949000204351e+00
1.004846398598510326e+00
9.952549774006237415e-01
1.004923593970625584e+00
1.005633475317282866e+00
9.996519301218164122e-01
9.991512718412992600e-01
9.999152459587512531e-01
1.005268812796324074e+00
1.001588236718375047e+00
9.994705706101326692e-01
1.002967208490537665e+00
1.000254536840326391e+00
1.001794584348033590e+00
1.005479478174612362e+00
9.952380677558698707e-01
9.950998166625986130e-01
9.960821806538575629e-01
1.002541093019944096e+00
9.970140206165473140e-01
9.998086160038583969e-01
9.956091166057635666e-01
9.957230694452112729e-01
9.949553849378974801e-01
9.966344704519494169e-01
9.954149681654527182e-01
1.003228991805146686e+00
9.980555064798117826e-01
1.001666163916551611e+00
1.000175202981673506e+00
9.966863501910668832e-01
1.003347680906149897e+00
