0.000000000000000000e+00
0.000000000000000000e+00
0.000000000000000000e+00
0.000000000000000000e+00
0.000000000000000000e+00
0.000000000000000000e+00
0.000000000000000000e+00
0.000000000000000000e+00
0.000000000000000000e+00
0.000000000000000000e+00
0.000000000000000000e+00
0.000000000000000000e+00
0.000000000000000000e+00
0.000000000000000000e+00
0.000000000000000000e+00
0.000000000000000000e+00
0.000000000000000000e+00
0.000000000000000000e+00
0.000000000000000000e+00
0.000000000000000000e+00
0.000000000000000000e+00
0.000000000000000000e+00
0.000000000000000000e+00
0.000000000000000000e+00
0.000000000000000000e+00
3.057991521029067294e-02
6.320819830379803550e-01
2.554773037727782192e+00
3.139949757783937034e+00
2.110310348636887490e+00
1.100537645914197338e+00
5.469194656959738277e-01
3.054763539059275335e-01
2.160630666665524502e-01
2.215051480152742391e-01
2.249818297111414178e-01
2.662703661627531804e-01
2.568211119121712738e-01
2.652926375493800948e-01
2.668319979833008726e-01
3.144376458923433537e-01
3.680021326431014983e-01
4.872667900712553957e-01
6.498828421463304084e-01
8.069488882995421442e-01
1.033084673882311622e+00
1.207190042152804343e+00
1.307018823014550524e+00
1.431489964691335270e+00
1.540749008366232742e+00
1.625727703315253514e+00
1.631898730431696753e+00
1.589410117596494088e+00
1.548031685073230301e+00
1.359784630688216867e+00
1.268532159199406095e+00
1.117921799480161127e+00
1.003317760208531695e+00
9.417549707524942582e-01
8.766622537674633175e-01
8.663244496963798946e-01
8.512713030680727488e-01
8.759802398215396080e-01
8.894953131284851766e-01
9.131683956124078128e-01
9.337959905428938612e-01
9.487174126496538129e-01
9.561561866637422469e-01
9.784818157169132835e-01
1.012682590832772567e+00
1.025073402309306436e+00
1.045163650201771821e+00
1.043869410710573709e+00
1.055320563059146233e+00
1.034577642073816639e+00
1.068688291774732235e+00
1.034683514113553304e+00
1.056965601966638024e+00
1.042596745352705634e+00
1.010240135129206740e+00
1.005294206975184901e+00
9.851221938589171945e-01
9.883419668214673548e-01
9.862493431525887200e-01
9.661891215321257720e-01
9.703104913487292649e-01
9.868448284079057720e-01
9.681042527203588266e-01
9.739525851819346158e-01
9.809010212856695832e-01
9.960004617812289185e-01
9.931986120758001801e-01
9.991316381755092069e-01
1.000915942087236221e+00
1.009800480282457835e+00
1.000651131346481870e+00
1.011777877952457994e+00
1.013197176339952543e+00
9.965642235251843672e-01
9.982113033363112509e-01
1.007027052328747896e+00
1.001168149131374641e+00
9.893611537569455550e-01
1.000098994935117336e+00
9.843398204822045860e-01
9.956239660612999920e-01
9.857814948020446888e-01
9.824596624420002255e-01
9.919528194991251713e-01
9.990107918023288791e-01
9.968253741866244244e-01
9.822762600944048295e-01
9.956080512944679439e-01
1.005281865579954692e+00
9.843249440409188589e-01
1.003468935214120172e+00
1.012407307709197957e+00
9.918562818870434450e-01
9.968870837162296938e-01
9.807219204341318664e-01
1.007588336121734152e+00
9.988495961552440461e-01
9.969724964226865938e-01
1.004152096291394125e+00
1.000171168449477399e+00
1.003724269620202225e+00
1.011570539765346055e+00
9.994745782772122000e-01
9.943912279672478816e-01
9.951213380266784592e-01
9.971814786119999052e-01
9.966526918603464402e-01
1.001434232813717573e+00
9.999499823534210297e-01
9.846397125876330536e-01
9.902158692174494181e-01
9.895326224406154614e-01
9.958561171512777532e-01
1.001292493251685567e+00
9.988561577042595063e-01
1.002334617430990393e+00
9.993995111008061594e-01
1.008800310839906622e+00
9.960978637680195646e-01
1.003220177924547540e+00
1.002265437928864023e+00
9.937705569618723311e-01
1.007026815859760172e+00
1.008869837717711881e+00
1.000671081058607248e+00
1.003136501790032664e+00
1.000949878251567116e+00
9.959756757923070580e-01
9.974439443696039298e-01
1.009890341903311617e+00
1.008006500160793406e+00
1.002787906426054976e+00
9.906635047393526072e-01
9.994994077971620650e-01
9.976472652399341889e-01
1.000893644181188202e+00
9.922264876613953177e-01
9.984427881282696982e-01
9.918343274831702416e-01
9.904329982368759167e-01
9.967455043907557100e-01
9.948285988864352669e-01
9.931606656489336826e-01
9.980372344967212150e-01
9.981971312674312591e-01
9.917525321153007889e-01
9.983022063052418016e-01
9.946734694446783820e-01
1.003166655850791900e+00
9.982119601745955695e-01
1.004114651482107323e+00
9.994203897004646509e-01
9.927520730708901953e-01
1.001129697730695156e+00
9.976119325218255618e-01
9.881442525508349339e-01
9.890869075802146693e-01
9.972303624711508219e-01
9.952501242997146003e-01
9.942152512685724641e-01
1.001235959617424509e+00
1.002553054856460513e+00
1.000610076293734885e+00
9.999878254398772981e-01
1.000502004032262304e+00
9.971142973092721462e-01
1.004448510009719797e+00
9.936935700647353542e-01
9.940208061886316449e-01
9.931695784404286353e-01
9.980912474681418178e-01
1.002529253950781962e+00
9.975670069193087741e-01
1.004929704187550898e+00
9.960893767634680929e-01
9.957051023287248892e-01
9.935255614336595542e-01
9.947978216878207158e-01
9.942311738869404891e-01
9.976163870198182515e-01
9.938857357034036610e-01
9.937609077920627199e-01
9.969149163716584106e-01
9.999185714227026844e-01
9.973238040548295658e-01
1.005837643201962672e+00
9.932796376351931134e-01
9.999072141136848835e-01
1.002370346009912039e+00
1.001579134420837347e+00
9.942807030884689423e-01
9.929592846082359037e-01
1.002685841987857041e+00
1.005326769636960327e+00
1.001233879259266324e+00
1.000762615422229329e+00
9.989776169203010703e-01
9.954996204279632499e-01
9.949847013764986370e-01
9.956613685824322602e-01
9.991128778062671190e-01
9.981381242198208437e-01
9.948239951126800484e-01
9.965056597292630824e-01
1.001689020034589817e+00
9.959505383145309532e-01
9.928592155629178961e-01
9.978778377450284731e-01
9.989149387135624059e-01
9.996297747564384384e-01
9.946979491051298750e-01
9.973606024372881906e-01
9.991357392449842223e-01
9.963912779950216958e-01
9.993839517094844638e-01
9.970685310885584185e-01
9.967590323451883672e-01
9.986243438477128143e-01
9.918671344224406772e-01
9.967122507001042742e-01
9.987101496232226872e-01
9.950577759408096856e-01
9.942802841675754122e-01
9.901794784521313897e-01
9.964384481049859410e-01
9.967081169062635970e-01
9.984836195608048914e-01
9.952391852853418319e-01
9.923342198386210233e-01
9.896223726983915947e-01
9.965432899459080174e-01
9.938487361749234195e-01
9.938072025009849764e-01
9.943989913057444952e-01
9.946187307470507610e-01
9.947868882405616064e-01
9.895760024863121673e-01
9.905973610466356494e-01
9.913622311114965724e-01
9.897856234132590414e-01
9.987524591161718313e-01
1.002462668095096543e+00
9.900866104643889498e-01
9.914638275479754626e-01
9.943390970139797114e-01
9.977059468411277887e-01
9.907528401601688461e-01
9.905615338516072788e-01
9.936140667867277010e-01
9.960254800832503141e-01
9.959161893837142898e-01
9.935755566058136479e-01
1.001747813010930077e+00
9.979827924253077409e-01
9.917248414526395051e-01
