0.000000000000000000e+00
0.000000000000000000e+00
0.000000000000000000e+00
0.000000000000000000e+00
0.000000000000000000e+00
0.000000000000000000e+00
0.000000000000000000e+00
0.000000000000000000e+00
0.000000000000000000e+00
0.000000000000000000e+00
0.000000000000000000e+00
0.000000000000000000e+00
0.000000000000000000e+00
0.000000000000000000e+00
0.000000000000000000e+00
0.000000000000000000e+00
0.000000000000000000e+00
0.000000000000000000e+00
0.000000000000000000e+00
0.000000000000000000e+00
0.000000000000000000e+00
0.000000000000000000e+00
0.000000000000000000e+00
0.000000000000000000e+00
0.000000000000000000e+00
2.170310747800071813e-02
8.093301062037224769e-01
2.840777119423881114e+00
3.401542114075046364e+00
2.381697473103844498e+00
1.235761550759361116e+00
5.779831716567001010e-01
3.753381815622953144e-01
2.703799815342908808e-01
2.473884075573042074e-01
2.621543457134173916e-01
2.985479207989997774e-01
2.924186136742912834e-01
2.891118167164693498e-01
2.968623124611706743e-01
3.430068064395743188e-01
3.940975326422510028e-01
5.132219302994698307e-01
6.621248060975596372e-01
8.141219158001624656e-01
1.008042966505188875e+00
1.239598515331801210e+00
1.337801329956567420e+00
1.450935225556586827e+00
1.504442898395537132e+00
1.584816036788713189e+00
1.601030232055974389e+00
1.602302017145443847e+00
1.513826498858841241e+00
1.378004845693860725e+00
1.247984938839558744e+00
1.109343645507126164e+00
1.016181287544243528e+00
9.101273845502696469e-01
8.861351420087287822e-01
8.656725456525422580e-01
8.784587354660501335e-01
8.661758698959779457e-01
8.847727209479087085e-01
9.295662989299573464e-01
9.419239240493442189e-01
9.612474752158558511e-01
9.636731683752948197e-01
9.897487814095984326e-01
1.013935453266447295e+00
1.015579885629323442e+00
1.019748112453903843e+00
1.056622304416863889e+00
1.058349369491104808e+00
1.046310862754823434e+00
1.068748968694668289e+00
1.057324833247018647e+00
1.045169323586554011e+00
9.962231351184984707e-01
9.933458526837933844e-01
1.000599254863388188e+00
9.719458317067231068e-01
9.661529982507103265e-01
9.689145651889871091e-01
9.613920935244077981e-01
9.785272901140559254e-01
9.776406245551841900e-01
9.672374815973603379e-01
9.861307633466641631e-01
9.593320966020821849e-01
9.921404616421666267e-01
9.881975403200612407e-01
9.835174692487440584e-01
1.007210504640390747e+00
9.922569625967820883e-01
1.000496914543089311e+00
1.002672519962345188e+00
9.965853332818317423e-01
9.850491068794174909e-01
9.784387024770522245e-01
9.920938859631668327e-01
9.953090592415776428e-01
9.878907308319357927e-01
9.860218396258544349e-01
9.758183764424905871e-01
9.766591583091728257e-01
9.840840098548775394e-01
9.786848657755480296e-01
9.891207978849561044e-01
9.681409368977106356e-01
9.870040491334372001e-01
9.848606223881282151e-01
9.833467654416023773e-01
9.761055764833675985e-01
9.922594010468286374e-01
9.876076134952113117e-01
9.879792034317778082e-01
9.933995825124473100e-01
9.929688844503945511e-01
9.803732696715808936e-01
9.978368396474931457e-01
1.001991900527903878e+00
9.978413974451046942e-01
9.719889457855434012e-01
9.917430287960670166e-01
9.963271343820616632e-01
9.976761433750960251e-01
9.879680657523968179e-01
9.948362185351652398e-01
9.880623203189458081e-01
1.004659367303967210e+00
1.001272660214078014e+00
1.005583881230670551e+00
9.857158032301616135e-01
1.005122926984327147e+00
9.862536965505189768e-01
9.956144850587057560e-01
9.896349716696589693e-01
9.942924060479469972e-01
9.914292650969313003e-01
1.006616501812443776e+00
9.939129758648843627e-01
9.992530307353091334e-01
1.000921155511034666e+00
9.959337623920608840e-01
1.003352697592323484e+00
9.971749100691352785e-01
1.003515909048484867e+00
9.914425393713418577e-01
1.006181767038810237e+00
9.994546366061257681e-01
1.002711763617665008e+00
1.006597790748472887e+00
1.003109559972321874e+00
9.969930863655671605e-01
1.004773741153516253e+00
1.007114495871280546e+00
9.976250737457270645e-01
9.971301111876246237e-01
9.979056535073426160e-01
9.965672198761765799e-01
1.002958085333284455e+00
1.004986394824043394e+00
9.930186074783610151e-01
1.002888721460732269e+00
9.972471289204767331e-01
1.003262574709318233e+00
1.001860683818238007e+00
9.940265956757814436e-01
9.981868150054172828e-01
1.006242052884996685e+00
1.003463015809387571e+00
1.004000895233736479e+00
1.009276372378120623e+00
9.966041874162083758e-01
1.004734059890418196e+00
1.002854580634430004e+00
1.006410785695696308e+00
1.002012085365463712e+00
1.001491592923052565e+00
1.005587988230839835e+00
9.952387881327874330e-01
1.003951742448147888e+00
1.004642573148732287e+00
1.006145288513888625e+00
1.001386028358865810e+00
1.011647982751322283e+00
1.002345767369189788e+00
9.960723733893299681e-01
1.004364166675571157e+00
1.000140890845910624e+00
1.006797293635345092e+00
1.009227828173014041e+00
9.962533297912691266e-01
9.991276296064234286e-01
9.989872036650461196e-01
9.993794141190655012e-01
1.004449361934463214e+00
1.008796797897015152e+00
1.002803238925754847e+00
1.007347867509349015e+00
1.001514067169465116e+00
9.938686484702180524e-01
9.970606790033245126e-01
9.980718892666119446e-01
9.966311235154177162e-01
1.002197436123372087e+00
9.922629887227031320e-01
1.000993633606342081e+00
9.960502572159074530e-01
1.000986464797570807e+00
1.003432893708397833e+00
1.000702774012892426e+00
9.992886027073942801e-01
9.977178047380400594e-01
9.997801279737565938e-01
9.947402652168456649e-01
9.971282039727066282e-01
1.003166594510346066e+00
9.998792573986354792e-01
9.972303302038626471e-01
9.948629752336823895e-01
1.004497913752511407e+00
9.938339155092369426e-01
9.974490733866073766e-01
1.000204163538063851e+00
9.993202829356377936e-01
1.003569877880847505e+00
1.000985724301752366e+00
9.995412017652416381e-01
1.004906474641131808e+00
1.000972110170654794e+00
1.001305092665493612e+00
9.985127463231356915e-01
1.005111557136648015e+00
9.948354000494707972e-01
9.944464387057184718e-01
1.001512731986442750e+00
1.011008611805006341e+00
9.946200963754120439e-01
9.987556454053483357e-01
1.001688711501405038e+00
1.003448563482410849e+00
9.996815585259658521e-01
1.006524144996043146e+00
1.005089779502448932e+00
9.986091244769469411e-01
1.001092026027619486e+00
1.000905400771668674e+00
1.003863871187395507e+00
9.988401712513059749e-01
9.964204611595758321e-01
1.000508139345743341e+00
9.969829286943101554e-01
9.938486100736062534e-01
9.962067617827830013e-01
9.973473526038683090e-01
9.967566478617490011e-01
9.998895806261319796e-01
9.925601895771435368e-01
1.002075740350695021e+00
9.981321996115387618e-01
9.945361104986129019e-01
9.948280896494066106e-01
9.954723826195662761e-01
9.981447669304387427e-01
9.981926951459786368e-01
9.990996202426636330e-01
9.946170073066346040e-01
1.001603429766173115e+00
1.001006751208282530e+00
9.928457165901336534e-01
9.955424390277384239e-01
9.996827464002818742e-01
9.938938506395185168e-01
1.003977369840278078e+00
1.000362027958976885e+00
9.949064358001907804e-01
9.968400870804547953e-01
9.954192508064273470e-01
