0.000000000000000000e+00
0.000000000000000000e+00
0.000000000000000000e+00
0.000000000000000000e+00
0.000000000000000000e+00
0.000000000000000000e+00
0.000000000000000000e+00
0.000000000000000000e+00
0.000000000000000000e+00
0.000000000000000000e+00
0.000000000000000000e+00
0.000000000000000000e+00
0.000000000000000000e+00
0.000000000000000000e+00
0.000000000000000000e+00
0.000000000000000000e+00
0.000000000000000000e+00
0.000000000000000000e+00
0.000000000000000000e+00
0.000000000000000000e+00
0.000000000000000000e+00
3.037559717854325034e-02
9.263135214410505025e-01
3.195178285011075925e+00
3.319402630261560461e+00
1.914834144133172655e+00
8.967254803343344127e-01
4.187861015667952436e-01
2.216695151465808145e-01
2.239854379985181665e-01
7.733613820990268284e-01
1.642554316283189930e+00
1.878783034996547308e+00
1.486153700156479296e+00
1.021539890897271929e+00
7.232138418789351153e-01
5.917102717999143113e-01
5.636772170556354489e-01
6.054207441622074803e-01
6.900959288401359304e-01
7.867351767786561201e-01
8.891508267147260058e-01
9.881800633763939690e-01
1.075741638119288579e+00
1.145804148016847934e+00
1.201591365626949903e+00
1.229665464317573287e+00
1.241652431885607477e+00
1.222915031592586743e+00
1.188295809089829680e+00
1.146955896756368221e+00
1.102695851601562582e+00
1.061110600923323988e+00
1.022792036348435074e+00
9.934165514254016394e-01
9.654563245902179069e-01
9.508468431893549733e-01
9.368139949505576158e-01
9.274619246690946062e-01
9.241249197868663945e-01
9.193049093519007897e-01
9.257169290178838272e-01
9.323562476012443589e-01
9.437681355497781199e-01
9.556288605329018582e-01
9.716781821485601656e-01
9.828934985858837070e-01
9.935708532707491214e-01
1.006051133979593892e+00
1.014699710106385044e+00
1.018285173953616063e+00
1.023616213698324895e+00
1.025460173482217741e+00
1.027074813924734764e+00
1.023030257650084707e+00
1.022257029534074935e+00
1.016969034290396978e+00
1.010597977157283500e+00
1.009716928499465816e+00
1.002650036122216370e+00
9.987556998431039723e-01
9.975984830942015158e-01
9.988385172607722184e-01
9.971957881555735259e-01
9.984668458621668297e-01
9.970912390781777601e-01
9.964812122440540598e-01
9.977508486080002292e-01
9.998083083447348862e-01
9.999602740140616230e-01
9.999218514477653530e-01
1.000509669143860858e+00
1.000169843952644522e+00
9.982870217170290994e-01
9.990372719324183137e-01
9.970130568902977330e-01
9.965190987779772858e-01
9.998872048448302907e-01
1.000513653718114737e+00
9.983841665800666787e-01
9.980521480611417307e-01
9.995717703396009846e-01
9.985448263179049766e-01
9.982981150996266262e-01
9.983301355265861154e-01
1.000652310790570709e+00
1.000141947699630496e+00
9.999803354904369668e-01
1.000477084089073765e+00
1.002657208036432435e+00
1.001304729014476758e+00
1.001327186395305713e+00
1.003493523882544425e+00
1.001821076164006286e+00
1.002653544236473682e+00
1.000533796701920775e+00
1.002385226353956549e+00
1.001346748013813626e+00
9.990945680186371636e-01
1.001034162411709838e+00
1.001106430291042626e+00
9.997517528753372407e-01
9.988615425833792250e-01
1.000400272734271567e+00
9.990294468797291660e-01
1.001683234776819642e+00
9.985191321718281943e-01
9.998207629086548476e-01
1.001205085962112662e+00
1.000548896344127803e+00
9.989928433403034713e-01
9.992753988726527092e-01
9.994028688055672793e-01
1.000079658522836867e+00
9.997808761345956530e-01
1.001477868482414380e+00
1.000219331177090831e+00
1.000000662866343593e+00
1.001000606255858738e+00
1.000848833936278215e+00
1.000390023391802385e+00
1.000755982749419237e+00
1.001355569388311384e+00
9.996885811212127271e-01
1.000435394340325468e+00
1.000481151473404662e+00
9.990631507259795097e-01
1.000557085454073514e+00
9.999680485797126650e-01
9.992938543910205862e-01
1.000705570217025553e+00
9.991398797941514198e-01
1.001154224055791353e+00
1.000202293483558158e+00
9.993101586649785206e-01
1.001366843251351835e+00
1.000076194920689554e+00
1.000512448040189017e+00
9.999870613656006713e-01
1.000360836528962460e+00
1.000120843137700222e+00
1.000228899620551726e+00
9.994721466004020671e-01
9.990831679390733688e-01
9.990313169993765285e-01
9.998239409313309789e-01
9.995659056951027299e-01
9.987713200546139980e-01
9.999154006719788157e-01
9.995038191083547297e-01
1.000627672448563876e+00
1.000668425762919256e+00
1.000526861772123022e+00
9.997721737169736889e-01
1.000367737219871822e+00
1.000326858110448081e+00
1.000799118698978640e+00
1.000295920855306164e+00
9.993263991340112229e-01
1.000452774365710118e+00
1.000166913068172958e+00
9.988548172470697040e-01
1.000217512560098276e+00
1.000166894754740410e+00
1.000493820857085936e+00
1.000581295957481798e+00
1.000109968582808095e+00
1.000632643089047091e+00
1.000100521216586325e+00
9.983538513716087026e-01
1.000284624937410660e+00
9.996111524828723560e-01
1.000145803246858422e+00
1.000804495063009059e+00
1.000358580837306111e+00
1.000090161294687752e+00
9.998976064090359106e-01
9.999740218954099591e-01
9.994959511611331004e-01
9.996513720761163180e-01
1.000409133090195413e+00
9.996428522117499771e-01
1.000661364456978841e+00
1.000198453180986213e+00
1.000161346751506919e+00
9.998636159682796620e-01
1.000439041111088612e+00
9.994175442072308346e-01
9.997952188346053148e-01
9.997010480644944463e-01
1.000069857815039542e+00
9.998363152873710469e-01
1.001029411557477822e+00
1.000586067544045665e+00
1.000053418086311874e+00
1.000328317976859394e+00
1.000199870705494432e+00
9.999757654858769662e-01
9.995542382567825790e-01
1.000677880022195598e+00
1.000016715820984947e+00
1.000062217810997467e+00
1.000914502811169671e+00
1.000577745965765430e+00
9.998363436519229763e-01
1.000441214677262547e+00
9.994013355282573841e-01
9.993118650827877980e-01
1.000194319903775941e+00
9.994175641844649238e-01
9.996394574206862726e-01
1.000252603631416770e+00
1.000538637934566433e+00
1.000524881806212907e+00
1.000162229474135911e+00
1.000240797775815205e+00
9.998819847828379626e-01
1.000253920471604774e+00
1.000075518536842401e+00
9.997122940720948314e-01
1.000383266551138961e+00
9.998506880476908387e-01
1.000605731346503990e+00
9.999727546413669232e-01
1.000709601647707503e+00
9.996729922494913545e-01
9.996127397909895240e-01
9.996687118783966763e-01
1.000080445462465661e+00
1.000401696685975672e+00
1.000008493781886498e+00
1.000168441119986484e+00
1.000185979566654559e+00
1.000321148722011388e+00
9.995371857497377110e-01
9.991571468577745696e-01
1.000776079342308833e+00
1.000235320468926714e+00
9.995654659659531927e-01
1.000200315011905428e+00
9.999849712024552195e-01
1.000353878880369862e+00
9.999764944594837779e-01
1.000430328823437742e+00
1.000676947424723462e+00
1.000410059264331908e+00
1.000014773749819286e+00
1.000279510706495900e+00
1.000242242300819040e+00
9.998120279551936385e-01
1.000024558463203483e+00
9.998988813532344588e-01
1.000841464727175056e+00
1.000319011190981877e+00
1.000331837587796091e+00
1.000197244802832230e+00
9.997303669758963451e-01
1.000131116395779118e+00
1.000264366317252573e+00
9.996026984367725188e-01
