0.000000000000000000e+00
0.000000000000000000e+00
0.000000000000000000e+00
0.000000000000000000e+00
0.000000000000000000e+00
0.000000000000000000e+00
0.000000000000000000e+00
0.000000000000000000e+00
0.000000000000000000e+00
0.000000000000000000e+00
0.000000000000000000e+00
0.000000000000000000e+00
0.000000000000000000e+00
0.000000000000000000e+00
0.000000000000000000e+00
0.000000000000000000e+00
0.000000000000000000e+00
0.000000000000000000e+00
0.000000000000000000e+00
0.000000000000000000e+00
0.000000000000000000e+00
3.064682385442551657e-02
9.204366079161442338e-01
3.212448471780970927e+00
3.310391733067917563e+00
1.905889819828995080e+00
8.935832490626228752e-01
4.123124810402155060e-01
2.177396108634989391e-01
2.251298633106883496e-01
7.706220968065728982e-01
1.647225844473329426e+00
1.871516060901665668e+00
1.477595027413424189e+00
1.019768979918987739e+00
7.238362219258231978e-01
5.915208536086183910e-01
5.651998821214365698e-01
6.073950088166996109e-01
6.861486759351389519e-01
7.878319312943963260e-01
8.940459840749657161e-01
9.927844591152895637e-01
1.078604684155964888e+00
1.151220843805695004e+00
1.197089777669492650e+00
1.231342298446793881e+00
1.242493848043473958e+00
1.223058778213410136e+00
1.188803664783322667e+00
1.147578780947204224e+00
1.099519300943570865e+00
1.061837276153165588e+00
1.023041334874304376e+00
9.938576122984869032e-01
9.711496915197593838e-01
9.459619557134193446e-01
9.364614078915358686e-01
9.292751995367488638e-01
9.212684770563662751e-01
9.210901081989135708e-01
9.243313302708304757e-01
9.333068755322153631e-01
9.463811089616797068e-01
9.603850576019115071e-01
9.722648218624020400e-01
9.858250411076269204e-01
9.992067290157519155e-01
1.004816100798453515e+00
1.014435588219275486e+00
1.019829700539136574e+00
1.024457506200331380e+00
1.024951018101039946e+00
1.028586033993399429e+00
1.026207959622809973e+00
1.018449195902361160e+00
1.014457989934311799e+00
1.012442218138553951e+00
1.009653853977010796e+00
1.002625209862816336e+00
1.003521796659264886e+00
9.998567266001355813e-01
9.990091493679826851e-01
9.968816994545149912e-01
9.972198252535353635e-01
1.000621624735001491e+00
9.993885640736053233e-01
9.996369304218999385e-01
9.972837859909575720e-01
1.000583599376348554e+00
1.000307536406966458e+00
9.984420381474594652e-01
9.995748185565329624e-01
9.994645943784917774e-01
9.968589754286376614e-01
9.981926222621178013e-01
9.995427006776151924e-01
9.984627736555380384e-01
9.978741060511151506e-01
9.981606031371762500e-01
9.985287561720969096e-01
9.992651951771572838e-01
9.991497274132619122e-01
9.984771433772979821e-01
9.999417822716897275e-01
1.000908035196406365e+00
1.000765779376287634e+00
1.001792211646153063e+00
1.000782597916342276e+00
1.000388482298739001e+00
1.002647173131232972e+00
1.001960849556182920e+00
1.001771530346916128e+00
1.003429347234942703e+00
1.001526430397558842e+00
1.000696587403479221e+00
1.000403083571101970e+00
9.992192442370829708e-01
9.993474774471712285e-01
9.999900089191871011e-01
1.000215233638562573e+00
9.981713532126418320e-01
9.995390797180784270e-01
1.000727271378028638e+00
1.000717032034667664e+00
9.985192148235217946e-01
9.973998553996912264e-01
1.000546388826237365e+00
9.991618005359997889e-01
9.994245832529224938e-01
9.989631874211727380e-01
1.000219997615913625e+00
1.000699096615819794e+00
1.000416154482439257e+00
1.000101587186707608e+00
1.000212015770359786e+00
9.994718000529011492e-01
1.000155232330402599e+00
1.000555779340143614e+00
1.001356080220360933e+00
1.000276069237523435e+00
9.990586222847303022e-01
1.000773528993105899e+00
1.001638925467121410e+00
9.992127236763989062e-01
1.001564624731389630e+00
9.996771205288303985e-01
1.000538240037847304e+00
1.000816346367492393e+00
1.000260038968200593e+00
1.000595109587631981e+00
1.000161714884056918e+00
1.001295770016740416e+00
1.000799171456188574e+00
9.994286362499307241e-01
9.989996230365841834e-01
1.001357699679723989e+00
9.993605389766978542e-01
9.992600310690098464e-01
9.991784829204310991e-01
1.000467730977584235e+00
1.000158251048488545e+00
9.999301002415895701e-01
1.000185110255529919e+00
9.997777262965585887e-01
1.000382911198224756e+00
1.000603362352938230e+00
1.000480587866875881e+00
1.000182399346027484e+00
1.000179342001835003e+00
1.000552188896425054e+00
1.000990018873939347e+00
9.993363307740391610e-01
1.000136490609128126e+00
1.000585856894007142e+00
1.000810959482716145e+00
1.000306104873183832e+00
1.000648505681162703e+00
9.998464765896658557e-01
1.000225826641799820e+00
9.999168113042153916e-01
9.995035473579595431e-01
1.000710870945859421e+00
1.001077481026426907e+00
1.000191194866881572e+00
1.000769018514339193e+00
9.996392445038869701e-01
1.000140751152450935e+00
1.000164626998683470e+00
9.998582484026966588e-01
1.000463555686454731e+00
9.997318219421562624e-01
1.001326267021943606e+00
9.992321913641071252e-01
9.992314707215183001e-01
1.000470124872754552e+00
1.000060308119426811e+00
9.997910156157644446e-01
9.999484397646584144e-01
9.994951897673777230e-01
1.000133896603799588e+00
1.000162177065451186e+00
1.000826292576595167e+00
9.995674335542296118e-01
1.001134175863306774e+00
1.000093551358694821e+00
9.998015723841096047e-01
1.000311105953883839e+00
9.999157714687718634e-01
9.998445506002899830e-01
1.000835619145503452e+00
1.000055758492924607e+00
1.000422817886415405e+00
1.000420716709873981e+00
9.997687668153630858e-01
1.000115618743282919e+00
1.000229489896205193e+00
9.995938712929394176e-01
9.994142392170414224e-01
1.001010810912478899e+00
9.998961087090854072e-01
9.999928228300759558e-01
1.000325941804764529e+00
9.999333249378626887e-01
1.000422179175869397e+00
1.000568339348859359e+00
9.999774068670179705e-01
1.000668955317828068e+00
1.000934914737136916e+00
1.000897104709920660e+00
1.000859099846719946e+00
9.999794282703595716e-01
1.000515741633619005e+00
1.000824018169442997e+00
9.994155264774805536e-01
1.000087433667586678e+00
1.000375801023425604e+00
1.000459594668803964e+00
9.994197831625425410e-01
9.994929632869381519e-01
9.996573325638598018e-01
9.996635343567094045e-01
1.000104997534105866e+00
1.001026732590498902e+00
9.991233190601473968e-01
9.999843081168630077e-01
9.996389683442090668e-01
1.000414255376934847e+00
1.000374164269415056e+00
1.000328459205322096e+00
1.000038454432656598e+00
1.000460959886692036e+00
9.996412522290430980e-01
9.995566641001480956e-01
9.999235905983715478e-01
9.995931387047797267e-01
1.000365319132240582e+00
9.997703557232193727e-01
1.000703345866466476e+00
9.999471294740701621e-01
1.000415785436870708e+00
1.000064673938996451e+00
1.000026453465689968e+00
9.999366308276496085e-01
9.997575498505456570e-01
1.000170181131153413e+00
1.000045591463212702e+00
9.998040234992199293e-01
1.000000038117105694e+00
9.996228358613600262e-01
9.999295461182071687e-01
1.000089541005548144e+00
1.000076104039665292e+00
9.997531479614666372e-01
9.999466558180635234e-01
9.997208230540467477e-01
1.000010021628052304e+00
1.000447413041601230e+00
9.997839761357745214e-01
1.000105132253226392e+00
