0.000000000000000000e+00
0.000000000000000000e+00
0.000000000000000000e+00
0.000000000000000000e+00
0.000000000000000000e+00
0.000000000000000000e+00
0.000000000000000000e+00
0.000000000000000000e+00
0.000000000000000000e+00
0.000000000000000000e+00
0.000000000000000000e+00
0.000000000000000000e+00
0.000000000000000000e+00
0.000000000000000000e+00
0.000000000000000000e+00
0.000000000000000000e+00
0.000000000000000000e+00
0.000000000000000000e+00
0.000000000000000000e+00
0.000000000000000000e+00
0.000000000000000000e+00
2.817730613309893731e-02
9.291431252649852146e-01
3.193750517769001984e+00
3.313275405616116220e+00
1.912464846269185781e+00
8.968712270756997729e-01
4.195758952092891736e-01
2.160873013261390974e-01
2.236632519003516339e-01
7.710344141009458641e-01
1.637318149556422409e+00
1.879584343511540911e+00
1.485360501618195661e+00
1.020580495748727445e+00
7.216303814568149066e-01
5.855459618768787955e-01
5.663142010263430004e-01
6.056916986988402085e-01
6.889297461141037360e-01
7.858729180404144810e-01
8.950287857346952425e-01
9.894289328201094635e-01
1.080250513092351428e+00
1.150169452225965783e+00
1.200581276660821706e+00
1.227592223758884771e+00
1.238267059475198106e+00
1.222805309178629507e+00
1.186881138326119522e+00
1.142296749295712566e+00
1.099435151070226269e+00
1.060194127888701709e+00
1.019782367370154708e+00
9.947722509101859512e-01
9.693395362807168958e-01
9.495995915968717949e-01
9.392004364741008970e-01
9.288201527240060873e-01
9.241630348117559901e-01
9.239380782573970441e-01
9.234610718851343769e-01
9.328701264835908002e-01
9.425573851004742654e-01
9.555872514630214809e-01
9.696010515223696391e-01
9.821223080857897081e-01
9.970554241796938388e-01
1.005419042863830104e+00
1.012606043722072968e+00
1.019411947974380173e+00
1.026166222284775165e+00
1.024541237780481673e+00
1.026473516388363150e+00
1.021630340067332332e+00
1.021343474771456039e+00
1.017434498354915506e+00
1.009011620915262419e+00
1.010317603823038368e+00
1.003729917078385103e+00
1.002996553930755486e+00
9.987378006047210599e-01
9.993503930049953965e-01
9.960458178710926980e-01
9.970152134657109810e-01
9.977677708088286135e-01
9.959998209279513626e-01
9.989141137395518566e-01
1.001165400452858734e+00
1.002483938887031467e+00
9.981550535667664814e-01
1.000130834474259656e+00
9.978111759710983630e-01
9.975400277279891093e-01
9.976612148668487778e-01
9.979661699271098474e-01
9.962560743596108326e-01
9.977179779678687632e-01
9.992606162156248972e-01
9.977490580132221121e-01
9.987235106814472685e-01
9.982149608396152507e-01
1.000577857604006304e+00
1.000056191460177768e+00
1.000073000965906900e+00
9.982096610154645999e-01
9.998151739956493422e-01
1.001144652997280726e+00
1.001394251830865612e+00
1.003183890204417450e+00
1.000212538865521639e+00
1.001306072950942205e+00
1.001600894535987996e+00
1.002259664508203585e+00
1.001515564280057946e+00
9.996453093172656956e-01
1.000709150509461409e+00
1.000383477885305128e+00
1.001445647525545990e+00
1.000611753950183980e+00
9.997673519146766941e-01
1.000130200659303137e+00
9.991593225487319652e-01
9.989344371201813733e-01
9.987927430598080303e-01
1.000703161016936349e+00
1.000200624023428242e+00
9.986031237592714049e-01
9.998214632533102275e-01
9.993598049313123788e-01
1.000503118475882358e+00
1.002041255448145929e+00
9.987467345458812540e-01
9.981669171555055398e-01
9.995416384806298238e-01
1.000271399437574482e+00
1.000298150206401004e+00
9.991445712775106625e-01
9.996747150489141420e-01
9.992940020972089776e-01
1.000634709183155113e+00
1.000189968983284050e+00
9.991530243967796654e-01
1.000017721360107581e+00
9.998518091398093111e-01
1.000579343793875475e+00
9.998705538645215052e-01
9.989773291274048894e-01
9.997739811169233937e-01
1.000143847173717182e+00
1.000768753496614316e+00
1.001420428633259085e+00
1.000822452455425893e+00
1.000412401376425953e+00
9.996774136710055991e-01
9.999469955366631080e-01
1.000727631936267015e+00
1.000654474802429972e+00
9.998690387620533526e-01
9.993443910373055461e-01
1.000522907333263767e+00
1.000777660502603750e+00
9.996791167015739443e-01
9.989797800434815356e-01
9.993556073365488235e-01
9.987028224356613304e-01
1.000535798445124414e+00
9.994782336876285589e-01
1.000337415834992472e+00
9.995558373073026859e-01
1.000131451258991611e+00
1.001015417420914044e+00
1.000398157462163207e+00
1.000257305249404816e+00
1.000224035995225691e+00
1.000368690206607569e+00
1.000078289814571031e+00
1.000672935982147127e+00
9.995398164659226037e-01
1.000159554999299427e+00
9.999264355512840208e-01
9.999060142803742890e-01
1.000991456207753538e+00
1.000780624872488422e+00
1.000127428583527323e+00
9.990197529714403002e-01
9.994703805917357631e-01
9.997691506509216453e-01
9.989708669888479609e-01
9.991069783257244818e-01
9.996706884436162843e-01
9.996814437931891284e-01
1.000487404291166005e+00
9.994858506693504729e-01
1.000634019337080405e+00
1.001346336825126082e+00
9.999966503903509052e-01
9.998599679252300199e-01
1.001095316820409531e+00
9.997155420823594651e-01
1.000249476299873708e+00
1.000227010967003727e+00
9.995699357665519535e-01
1.000749607735297753e+00
9.995821494712723299e-01
9.998484431716258003e-01
1.000357955389799880e+00
1.000168944781180791e+00
9.995785614499158589e-01
9.993311592173330649e-01
9.999887059579493087e-01
1.000779029953649868e+00
1.000269598301577023e+00
1.000085801646743988e+00
9.991113264129508620e-01
1.000708592854759216e+00
1.000413971274112024e+00
9.992207848131670067e-01
1.000624788348858374e+00
1.000072186557473097e+00
1.000289403942032251e+00
9.994338491981025197e-01
1.000578185646481044e+00
1.000249126569805025e+00
9.994800020055782941e-01
9.995130116473206483e-01
1.000180337460619073e+00
1.001038141355831357e+00
1.000789741926773946e+00
9.997643298463493311e-01
1.000019705434132211e+00
9.998934403907270285e-01
1.000182825687782495e+00
1.000092235048888556e+00
1.000603849460624417e+00
1.000658625076531250e+00
1.000030428242033365e+00
1.000022839542678010e+00
1.000212880208997124e+00
9.999194861236583298e-01
1.000416710475058535e+00
1.000105821298683750e+00
1.000290493432508310e+00
1.000215584748435971e+00
1.000049333408370655e+00
1.000194764928324265e+00
1.000228976221205546e+00
9.999831186018343088e-01
1.000320638570320497e+00
1.000061768274753682e+00
9.998294263302490714e-01
9.999579599148958886e-01
9.994989524377553280e-01
1.000666113142424374e+00
9.997084756357280666e-01
1.000008481050741471e+00
1.000057054530009593e+00
1.000079050684691495e+00
1.000162569211532793e+00
1.000216296888760237e+00
1.000726947186282301e+00
1.000341751905932774e+00
1.000124431431043792e+00
9.994972207943423337e-01
9.993221684240208846e-01
9.998495277329800812e-01
1.000208785609466799e+00
1.000381949576049534e+00
1.000130819570577589e+00
1.000157233261353307e+00
9.997995237792356438e-01
1.000265658573083805e+00
1.000437824377415241e+00
1.000153033915743617e+00
9.998992868811654722e-01
9.996096717604324722e-01
9.999914136424314925e-01
1.000494882378544670e+00
1.000226000539433224e+00
1.000239254534098121e+00
