0.000000000000000000e+00
0.000000000000000000e+00
0.000000000000000000e+00
0.000000000000000000e+00
0.000000000000000000e+00
0.000000000000000000e+00
0.000000000000000000e+00
0.000000000000000000e+00
0.000000000000000000e+00
0.000000000000000000e+00
0.000000000000000000e+00
0.000000000000000000e+00
0.000000000000000000e+00
0.000000000000000000e+00
0.000000000000000000e+00
0.000000000000000000e+00
0.000000000000000000e+00
0.000000000000000000e+00
0.000000000000000000e+00
0.000000000000000000e+00
2.739017933177178722e-05
3.112744785270736905e-02
9.260276308165176218e-01
3.192972582953361727e+00
3.324433041863368299e+00
1.916109898322707839e+00
8.917033036659682832e-01
4.202526035788220482e-01
2.192525973102280035e-01
2.260314702179778701e-01
7.738298882427497860e-01
1.646665287328208827e+00
1.878447280301265510e+00
1.487239571614886513e+00
1.020772524532380432e+00
7.191532886617663101e-01
5.864719755383450694e-01
5.642082135982445790e-01
6.047085042552048373e-01
6.902933381147096092e-01
7.872312798209792906e-01
8.912897727291663186e-01
9.904775137040995325e-01
1.073459480052913140e+00
1.148792908058476225e+00
1.197293242704725813e+00
1.226744710204578093e+00
1.236011016994302825e+00
1.222040997915548655e+00
1.187961730935462201e+00
1.143277097227064054e+00
1.098529099909459905e+00
1.059582164547810734e+00
1.022659763822167722e+00
9.917786816496790836e-01
9.705758803755780706e-01
9.509319285809213484e-01
9.363907172678059831e-01
9.302322200533519325e-01
9.223292885724162504e-01
9.207961419904555633e-01
9.226029603626569875e-01
9.291964991630090598e-01
9.437057376872162173e-01
9.571217703989646219e-01
9.692982688973098560e-01
9.865839430514729003e-01
9.970200330248445431e-01
1.005176888053065154e+00
1.011746959287610270e+00
1.018065933780270882e+00
1.023757427007459642e+00
1.025271495960640822e+00
1.026292755991306205e+00
1.021501099572039717e+00
1.019598784956716520e+00
1.017414718337839030e+00
1.010462215935434171e+00
1.005515636023238901e+00
1.004025026720146929e+00
1.002231961140007233e+00
9.972948082567711925e-01
9.974957172388645432e-01
9.965869255396436754e-01
9.958784588066705856e-01
9.980958293337753862e-01
9.971969580486962359e-01
9.997247470787663515e-01
9.993324927425100146e-01
9.996149792964160730e-01
1.000800709832194491e+00
1.001668596360187458e+00
9.973216597055576393e-01
9.993610876952757627e-01
9.973036161985106007e-01
9.963750642265468693e-01
9.963165368751860651e-01
9.971904086134667500e-01
9.982329816325954397e-01
9.959995884120559362e-01
9.986758008820012522e-01
9.971066523644375179e-01
9.969227477721916975e-01
9.975743131178710366e-01
9.979257007077476649e-01
1.001348047588195955e+00
1.000972702254192326e+00
9.996449440521520957e-01
1.000894077543612370e+00
1.002022265558486946e+00
1.002833653170294159e+00
9.998608537557456266e-01
1.001105682439364486e+00
1.003399216422502738e+00
1.001327623698300195e+00
1.001634057050529991e+00
1.002181995317917185e+00
9.994808578138703048e-01
9.992882555990885152e-01
1.000121429066979983e+00
1.000414384129400203e+00
9.976969197772468378e-01
9.978230387402223789e-01
9.982716943789209374e-01
1.000627258400586417e+00
9.983567268712965070e-01
9.987514779488146921e-01
1.000713619249443909e+00
1.000140078607582694e+00
9.995403578256581989e-01
9.999447747252023788e-01
1.000496967463131659e+00
1.001011760560785113e+00
9.990371819976695544e-01
1.000335721878722106e+00
9.998249120842171989e-01
9.977541163141986358e-01
9.996371578255869306e-01
9.996574498057951841e-01
9.997264709475014444e-01
1.000965427956745479e+00
1.000234773122865573e+00
9.994503488732555674e-01
9.993565233170473849e-01
1.000095322344778603e+00
1.000187606481704128e+00
9.996257621525995729e-01
1.001037199416214385e+00
9.999242777728607479e-01
1.000194810573419524e+00
1.000911725126936602e+00
1.000111103199837537e+00
9.991651379745825068e-01
1.000071795914998063e+00
1.000994330667815069e+00
1.001048683685688223e+00
1.000187426207575392e+00
9.988008271603556754e-01
9.998107306434218522e-01
9.995777991999817980e-01
9.993288967029102521e-01
9.987596538694212267e-01
9.990333791770523719e-01
9.978936209187534434e-01
9.995969331149362480e-01
1.000507502969733897e+00
1.000926293462427230e+00
1.000200976825829313e+00
9.998821540183187029e-01
1.000026157700052654e+00
1.001077012437903146e+00
9.998551376999857965e-01
1.000009156826676682e+00
1.000673782572593540e+00
1.000170901385065259e+00
1.000365798687330665e+00
1.000058203362423015e+00
1.000193910566697264e+00
1.000321986626451443e+00
9.998927434460054275e-01
1.000499614731719999e+00
1.000789896845522664e+00
1.000135753226343738e+00
1.000229966977325580e+00
9.994536913763109043e-01
9.999890153267182447e-01
1.000396501293485674e+00
9.999636109906331338e-01
9.995098184280545306e-01
9.995132357233948994e-01
1.000757134795894343e+00
1.000733592326613408e+00
9.998912973479896493e-01
1.000189049645129113e+00
9.998544696733336901e-01
9.996638516762784699e-01
1.000122434076680333e+00
9.999449389736572158e-01
9.995919751224029426e-01
1.000836267312195993e+00
1.000662321536919475e+00
1.000414448787123822e+00
9.994580921316813527e-01
9.995808728868778026e-01
1.000161107591200915e+00
9.999804566115549909e-01
9.997156186436341185e-01
1.001027157533891154e+00
1.000643632577208120e+00
1.000967291446111407e+00
1.000309989652153897e+00
9.988435768771857237e-01
9.992980848797654581e-01
9.990478676408053316e-01
9.997417573398100776e-01
9.997114079783460117e-01
1.000823608165238188e+00
1.000234759906307280e+00
1.000437058082310982e+00
9.999692863447490199e-01
9.997795017608763768e-01
1.000506973528664467e+00
1.000803567866756172e+00
1.000990964531279559e+00
1.000094126440836506e+00
1.000529305883271824e+00
9.996005136017586112e-01
1.000342614062285973e+00
1.000178349522776955e+00
9.997970930132825673e-01
1.000504227662938117e+00
9.988404537361698088e-01
1.000080109872277134e+00
1.000468180524000772e+00
1.000066889557062799e+00
1.001095470846480540e+00
9.993207294413819497e-01
9.995428269200259397e-01
1.000286922317928484e+00
9.997943353849456649e-01
1.000167668647002905e+00
1.000690250331431219e+00
1.000335611257152646e+00
1.000244291837782962e+00
1.000287585354317388e+00
1.000449610171607828e+00
1.000760825649464003e+00
9.988096167013372773e-01
1.000293399684800466e+00
9.997703474573724769e-01
9.998767301583031397e-01
1.000384832963394643e+00
1.000655081531721224e+00
1.000511740767213720e+00
1.001111190180261623e+00
9.999944708900759816e-01
9.999480634570250270e-01
1.000030913734033966e+00
1.000120804914383044e+00
1.001032910925140351e+00
1.000006659393643194e+00
9.995306434851960464e-01
9.999213841007910109e-01
1.000847489009773383e+00
1.000038151989078195e+00
9.998876209534455217e-01
1.000387319669416630e+00
9.998012954455278711e-01
1.000525558956035788e+00
1.000108296278123809e+00
1.000052036228504138e+00
1.000023196870318376e+00
1.000090639850519825e+00
9.999276579034502843e-01
9.998903914615361321e-01
1.000019502623290757e+00
1.000542245924870732e+00
1.000201879628002333e+00
9.997592507538236584e-01
1.000183063809696460e+00
