0.000000000000000000e+00
0.000000000000000000e+00
0.000000000000000000e+00
0.000000000000000000e+00
0.000000000000000000e+00
0.000000000000000000e+00
0.000000000000000000e+00
0.000000000000000000e+00
0.000000000000000000e+00
0.000000000000000000e+00
0.000000000000000000e+00
0.000000000000000000e+00
0.000000000000000000e+00
0.000000000000000000e+00
0.000000000000000000e+00
0.000000000000000000e+00
0.000000000000000000e+00
0.000000000000000000e+00
0.000000000000000000e+00
0.000000000000000000e+00
2.738420796927342214e-05
2.858121572757260295e-02
9.224385237234797863e-01
3.200570704985148396e+00
3.311168805005473725e+00
1.909019499678114684e+00
8.979989207666617679e-01
4.181673193789079424e-01
2.225913489903688647e-01
2.226229444786238243e-01
7.684400141364730041e-01
1.640808168919858145e+00
1.875891117787243045e+00
1.487017895530676537e+00
1.026497020391213155e+00
7.222478168641868201e-01
5.903873344546531898e-01
5.654848032616575093e-01
6.076205979321118722e-01
6.894862982880769486e-01
7.843580448044774611e-01
8.922984164999758772e-01
9.927658919941357851e-01
1.081047805821492069e+00
1.146351182546547776e+00
1.199573016362136757e+00
1.228319087487132810e+00
1.232803137170695118e+00
1.218863110783490189e+00
1.193743755765587444e+00
1.146399307511327015e+00
1.101574808232602676e+00
1.053162306404406667e+00
1.021238445028148423e+00
9.906866783871535187e-01
9.673337640794343883e-01
9.528483535734336707e-01
9.379829490495780187e-01
9.310989635516332408e-01
9.229735345915537348e-01
9.218595506288089769e-01
9.259380513942389035e-01
9.341033699891954090e-01
9.442821459673346185e-01
9.583988382112018645e-01
9.705679068061916492e-01
9.853823916625785717e-01
9.942940926505250410e-01
1.007324934847781517e+00
1.012045872717156403e+00
1.021042158799870370e+00
1.022876794154880420e+00
1.028477254856015488e+00
1.026784912066642130e+00
1.023866551568915595e+00
1.019517849822636490e+00
1.013111755908004508e+00
1.010297499377617925e+00
1.007306260698058065e+00
1.004824180482868368e+00
1.001331395124380963e+00
9.969578168831539910e-01
9.982405135304444066e-01
9.965330958091985769e-01
9.977908497180587588e-01
9.999723867183892834e-01
9.984086911671111730e-01
9.974696954017292505e-01
9.999963947235103179e-01
1.001569729416994292e+00
9.973234579502917585e-01
9.992161304505470243e-01
9.995028316240094357e-01
9.996343221868065898e-01
1.000562413276260054e+00
9.982364720521934576e-01
1.000257395904121882e+00
9.985555568702728646e-01
9.972311694240237889e-01
9.986041698530438993e-01
9.989526715787653277e-01
9.993439158485517559e-01
1.000321906701115982e+00
9.978854891501797164e-01
9.990478298647427202e-01
9.984636897467353833e-01
1.001093431020329660e+00
1.000037578931484150e+00
9.994810510307590157e-01
1.001748134691446523e+00
1.003726449683376210e+00
1.002240812537757098e+00
1.001902393535290425e+00
1.001252269403771988e+00
1.000815202824152816e+00
1.001743566714833333e+00
9.989774004520727280e-01
1.001863305303165586e+00
1.000480283051138786e+00
1.000191147185412577e+00
9.994558862987273917e-01
1.001021681486737647e+00
9.995430516165130230e-01
9.999392285390450441e-01
9.999680081714081847e-01
1.001600188495920696e+00
9.990408463144867524e-01
9.999410398797079491e-01
9.998746352301727258e-01
9.992785198796468871e-01
9.983236446969651068e-01
1.000889241335180202e+00
9.995334040425946087e-01
1.000372642172350890e+00
9.996563354872770590e-01
9.998558271802626685e-01
1.000205978768630155e+00
1.000409770962679579e+00
9.996855368216699400e-01
9.999284738584005572e-01
1.002094156528673619e+00
1.000179402700204223e+00
1.000193822728671966e+00
9.989089158778730049e-01
1.000577390860482030e+00
1.000523050009045845e+00
1.000102356009701099e+00
9.998274960514917931e-01
9.998190271469257207e-01
1.000499485374658049e+00
9.992355406541501006e-01
9.997742134309949291e-01
9.998708674117242623e-01
1.000020351963335719e+00
9.996250693476046445e-01
1.000526262628363749e+00
1.000163939035418448e+00
1.000260953519342744e+00
1.000551726964435062e+00
1.000912238356041373e+00
1.000320601339903304e+00
1.000797909696020227e+00
1.000154660692604836e+00
9.999603132861016874e-01
9.993015936373920161e-01
1.000416293529984069e+00
1.001463341225451886e+00
1.000741909797973728e+00
1.000137685849312286e+00
1.000044518000097638e+00
9.994622391496053027e-01
1.000283667211836924e+00
1.000031362115314737e+00
1.000093894217161106e+00
9.999411347752803492e-01
9.993427293295614744e-01
9.996000106837653609e-01
9.996075954036673927e-01
9.992701238733748825e-01
9.997965756877772447e-01
1.000684605257924575e+00
1.000511963856618225e+00
1.000023464560575004e+00
9.995425616879269892e-01
1.001837808651205419e+00
1.000267749454979649e+00
1.000088390987943887e+00
9.996735778950396334e-01
9.994052947068451376e-01
1.000260139165080719e+00
1.001085139174353156e+00
1.000142852768136192e+00
9.997602840011392544e-01
1.000712800092598664e+00
9.993401349507142761e-01
1.000768314316856422e+00
9.995818476562760013e-01
9.998564857217667745e-01
9.992043270649778597e-01
1.000141751628675246e+00
9.996132411727586264e-01
9.991357983718796021e-01
1.000304053827762996e+00
9.995930945318224348e-01
9.996576408120221302e-01
1.000177838299779687e+00
9.992930617292712370e-01
1.000591845929016843e+00
1.000389471442076239e+00
1.000235048078960354e+00
1.000801083101654276e+00
1.000718081635062262e+00
1.000258134673690513e+00
9.997383820988217096e-01
9.994795221249780370e-01
9.997864251044680239e-01
1.000516029613505165e+00
9.998553776327075981e-01
1.000129022836983239e+00
1.000752291555189855e+00
9.994325141354554187e-01
9.998480204483207734e-01
1.000606074593585193e+00
1.000327086596439097e+00
9.999779529185763849e-01
9.999886160203224073e-01
1.000009916740325133e+00
9.998641004508137531e-01
9.994775020451190928e-01
1.000069526556567778e+00
9.998558469093723478e-01
9.992517824693168960e-01
1.000370570555538130e+00
1.000451682431313660e+00
1.000163678957625146e+00
9.998716671200701400e-01
9.999838672610940060e-01
1.001107821659128039e+00
1.001044408148791476e+00
9.988284722287160688e-01
9.999211633510100006e-01
9.998168535886251540e-01
1.000624482326192055e+00
1.000060976998001117e+00
9.999137414420986580e-01
1.000861738751535723e+00
1.000142562581729067e+00
9.995278300371600588e-01
1.000017541343691363e+00
1.000415345394135791e+00
1.000173459558049371e+00
1.000594020933007977e+00
1.000543445564006984e+00
9.991024881029152427e-01
9.999714977346972899e-01
1.000753296480920707e+00
1.000082241929196147e+00
1.000077108597278830e+00
1.000660690447864765e+00
1.000042583030998689e+00
1.000606725949597431e+00
1.000224891011111561e+00
1.000006911902546092e+00
9.997814940152409680e-01
1.000707601383051371e+00
9.993404380501037521e-01
1.000695299069443767e+00
9.994792517778413599e-01
1.000620053922381070e+00
1.000101040727176427e+00
1.000099397397274936e+00
9.995864086072844268e-01
1.000449712305144567e+00
1.000034346925684714e+00
9.998494527895444017e-01
1.000687594400441194e+00
9.997607293296196795e-01
9.999618517640228577e-01
1.000546871979486774e+00
1.000057839002503002e+00
