0.000000000000000000e+00
0.000000000000000000e+00
0.000000000000000000e+00
0.000000000000000000e+00
0.000000000000000000e+00
0.000000000000000000e+00
0.000000000000000000e+00
0.000000000000000000e+00
0.000000000000000000e+00
0.000000000000000000e+00
0.000000000000000000e+00
0.000000000000000000e+00
0.000000000000000000e+00
0.000000000000000000e+00
0.000000000000000000e+00
0.000000000000000000e+00
0.000000000000000000e+00
0.000000000000000000e+00
0.000000000000000000e+00
0.000000000000000000e+00
0.000000000000000000e+00
0.000000000000000000e+00
0.000000000000000000e+00
0.000000000000000000e+00
0.000000000000000000e+00
3.230030484816663605e-02
8.187215810677359595e-01
2.807772220918985262e+00
3.348826984861691169e+00
2.108396818632323200e+00
1.034902008859199807e+00
5.038044659922059632e-01
2.911963306866081069e-01
2.245960015162688783e-01
2.284919467103675716e-01
2.442076576671300403e-01
2.798175222779170634e-01
2.945775020103615360e-01
3.044890408754870603e-01
2.998036994644727171e-01
3.274972893200427948e-01
3.930366085374816798e-01
5.076338995467489790e-01
6.502999241636421290e-01
8.266305230829584794e-01
1.013029432521870721e+00
1.188293276280535826e+00
1.302559528629448460e+00
1.406954839948258984e+00
1.486654729228453098e+00
1.547255068077231011e+00
1.610819632052396200e+00
1.570054696298752051e+00
1.474579363335850601e+00
1.341943274239404182e+00
1.232054501350813513e+00
1.081201010901823079e+00
9.779034134095344610e-01
9.129470018749915594e-01
8.813316344316745043e-01
8.592249157291876882e-01
8.646394854499560578e-01
8.638462161214021107e-01
8.809291555390009743e-01
9.112539099210559268e-01
9.211082231413759702e-01
9.582554677369043983e-01
9.672363977167766080e-01
9.858376350975986968e-01
9.997234167760428170e-01
1.016362532153763931e+00
1.025040542895377937e+00
1.033238613384325655e+00
1.043014702460091536e+00
1.042024164495685579e+00
1.040239150801782975e+00
1.033134478461533501e+00
1.026929675783895268e+00
1.005734779158642400e+00
9.996381413616496348e-01
9.990286078213032050e-01
9.874505270315010463e-01
9.750902029291793616e-01
9.675412299257474258e-01
9.687976619487562724e-01
9.651833869237650410e-01
9.703135552061599167e-01
9.806603471443999798e-01
9.836944220168865050e-01
9.850262251456799456e-01
9.925937582936107395e-01
9.995097076408255843e-01
1.005938890567760868e+00
1.010779364360713029e+00
1.012143112383008914e+00
1.007280117526145213e+00
1.010207007962425463e+00
9.988719218567718716e-01
1.003130126006353651e+00
9.998022953341988428e-01
9.950512769465782448e-01
9.963738710546147237e-01
9.920487139793862097e-01
9.921031482740843011e-01
9.851828017664098214e-01
9.825301426465485877e-01
9.862285512469672888e-01
9.893512401471005191e-01
9.886696359147797430e-01
9.908641209270897532e-01
9.936104415902728970e-01
9.931901896290273868e-01
9.900155451226333447e-01
9.965108138539560123e-01
9.921797142991559681e-01
9.971045922898023051e-01
1.004056640902744046e+00
9.995681429158889131e-01
1.002059718540951661e+00
1.006362029452892326e+00
9.987479299848416314e-01
9.959119053180071068e-01
9.986463956173161627e-01
1.000132158841870345e+00
9.946773361402700964e-01
9.979898130651839727e-01
9.969757968304893136e-01
9.948931307264938795e-01
9.910507282546805463e-01
9.971195185911339021e-01
9.914960309167882846e-01
9.962055153368419846e-01
9.902249460603753661e-01
9.926332688227367251e-01
9.891053918098084985e-01
9.914527992332340389e-01
9.971939439804440308e-01
9.896209886014533108e-01
9.958265339383046699e-01
9.998288826404270191e-01
9.957886211574825674e-01
9.958675750712046026e-01
9.942540844445526549e-01
9.956666907816384970e-01
9.955716641922836008e-01
9.997769009925867589e-01
9.983280571751330656e-01
9.944504689279118903e-01
9.970637782840103824e-01
9.947210906518650919e-01
9.934169166342041724e-01
9.938112018778715306e-01
1.002238874084883768e+00
9.954092463605024310e-01
9.933167764299981606e-01
9.931219212339188473e-01
9.915159597749464426e-01
9.933976846739466238e-01
9.994211215682422544e-01
9.947833969940474974e-01
9.893253170871390001e-01
9.969587325948042755e-01
9.941061251190342896e-01
9.913646644021002485e-01
9.915659927370716886e-01
9.976386485788619751e-01
9.977487692423736565e-01
9.938332818828229387e-01
9.990821125486103460e-01
9.943218777304387856e-01
1.001410767317916228e+00
9.956291481722844283e-01
9.967952071208205922e-01
9.982141860342050865e-01
9.952162410105436230e-01
9.930222259017563724e-01
9.961086063946010816e-01
9.933809636201254012e-01
9.993541463150430459e-01
1.002984339137442005e+00
9.954954980093592143e-01
9.956458139783859185e-01
9.963582717823076251e-01
9.974788978995340338e-01
9.953078842478201294e-01
9.970961956409002402e-01
9.965256134552699097e-01
9.962014049348074662e-01
9.946404682655954899e-01
9.938300696342579066e-01
1.000033496711693504e+00
9.915093109615042977e-01
9.986892302793547449e-01
1.004341210903479942e+00
9.999068908972928993e-01
9.973122492474634226e-01
1.000612859943464938e+00
1.000709662255920840e+00
9.977451078080401548e-01
9.969924804876820756e-01
9.978227697088518644e-01
1.000841391423168414e+00
9.959922188468980364e-01
9.987719174384545040e-01
9.969378655823704083e-01
9.989892565907839694e-01
9.930510997292179010e-01
1.002737475970481462e+00
9.955495874314150839e-01
9.999435070011543081e-01
9.966076703985549123e-01
9.967691331404610056e-01
9.977045727815969656e-01
9.957977497489293173e-01
9.993338298276488452e-01
9.995402260817423112e-01
9.962747313788803405e-01
9.984789500909755366e-01
9.970277212526265087e-01
9.961073612995559046e-01
1.000433543602598618e+00
9.989784419909939484e-01
1.001084285783653272e+00
9.979602416507076246e-01
9.981971410834480363e-01
9.983007937182624136e-01
9.982640123494477269e-01
9.995762909555155895e-01
9.963529326151085996e-01
9.969694092055455537e-01
9.986172279596189361e-01
9.984509552774829544e-01
9.979059238130093545e-01
9.978562144272717926e-01
9.952233249034654339e-01
9.965381440523645162e-01
9.978572346982926833e-01
9.995365621723579785e-01
9.982080282971061980e-01
9.990130982319701536e-01
9.985386647633170965e-01
9.982069381734981484e-01
9.991699264583200346e-01
9.998370032372116967e-01
9.984706113564850716e-01
1.001924175062822941e+00
9.997486154363459665e-01
9.996776757819826331e-01
9.994926737023529517e-01
9.991904849376256337e-01
1.001705214674452504e+00
9.971050719194107792e-01
1.001204202325789883e+00
1.001705885618014769e+00
9.972307415494164884e-01
9.989674291275398854e-01
9.976899914918644363e-01
1.000052334656580610e+00
1.000350125688778791e+00
1.000895733767604767e+00
1.000639050871742874e+00
9.967856643054960886e-01
1.000559185506805671e+00
9.989537088620313865e-01
9.987041494144224263e-01
1.000707739502231020e+00
9.981549803362298467e-01
9.980731375414659823e-01
9.974302093757406729e-01
9.997470053768783282e-01
9.971219296213369443e-01
9.993008209072495873e-01
9.979648204794698829e-01
9.997228308591670221e-01
9.921564051387127270e-01
9.815543607473784515e-01
9.688622734142545712e-01
9.605803443306575318e-01
9.485582026210881423e-01
9.352195027307768083e-01
