0.000000000000000000e+00
0.000000000000000000e+00
0.000000000000000000e+00
0.000000000000000000e+00
0.000000000000000000e+00
0.000000000000000000e+00
0.000000000000000000e+00
0.000000000000000000e+00
0.000000000000000000e+00
0.000000000000000000e+00
0.000000000000000000e+00
0.000000000000000000e+00
0.000000000000000000e+00
0.000000000000000000e+00
0.000000000000000000e+00
0.000000000000000000e+00
0.000000000000000000e+00
0.000000000000000000e+00
0.000000000000000000e+00
0.000000000000000000e+00
0.000000000000000000e+00
0.000000000000000000e+00
0.000000000000000000e+00
0.000000000000000000e+00
0.000000000000000000e+00
4.045500382643571480e-02
8.431047174111554465e-01
2.917370548223476856e+00
3.367598592144493086e+00
2.206501302511723051e+00
1.106626606708055016e+00
5.186507810224778581e-01
2.819242210094385359e-01
2.207413005788411153e-01
2.190287611781861210e-01
2.402054489463559261e-01
2.816652791744547191e-01
2.967246307559037732e-01
3.198432992398918540e-01
3.175543512279241920e-01
3.409392397893898363e-01
3.928097639658853502e-01
5.141241240459319961e-01
6.541200017039064951e-01
8.468428817628971261e-01
1.030561622491752205e+00
1.187302185100397756e+00
1.317194705719578751e+00
1.419553674769021612e+00
1.509816549629867888e+00
1.586299845627313632e+00
1.613054056876644715e+00
1.588581815738504988e+00
1.517433093661756160e+00
1.370795614661160400e+00
1.234535559564214457e+00
1.096389924137698202e+00
1.006478416034024992e+00
9.276267625228428182e-01
8.917545895720876414e-01
8.740995182927482343e-01
8.845003959401300797e-01
8.980963575059422999e-01
9.051933443285301584e-01
9.266166423071073854e-01
9.367381080102964441e-01
9.608744841627272493e-01
9.918413156245072804e-01
1.002069771025683620e+00
1.021213027268215168e+00
1.031522900321261815e+00
1.035142498333556205e+00
1.052630884568463099e+00
1.069906826763227681e+00
1.055301789485236785e+00
1.057051552016166962e+00
1.054478644139647869e+00
1.045541177545579625e+00
1.037010466401862008e+00
1.018804790142964212e+00
1.005463471262308950e+00
9.954917983789750568e-01
9.954761009552861584e-01
9.919525038700746089e-01
9.843242388150227340e-01
9.770043088729293279e-01
9.893653982690432391e-01
9.917221769766265682e-01
9.887051458238618196e-01
1.000742187212708689e+00
1.011250273920728304e+00
1.020647823662513609e+00
1.013475511085609959e+00
1.018496118027251596e+00
1.025124235466352784e+00
1.017770975596843153e+00
1.026078625873167782e+00
1.020225962543497289e+00
1.015302130691087212e+00
1.016698947392102870e+00
1.012973512530995102e+00
1.013311116719136873e+00
1.002556764494318742e+00
1.010463720582467584e+00
1.000000911858271335e+00
9.967604968477536964e-01
1.005610365277933127e+00
9.908144539785739280e-01
1.000461702494549243e+00
1.001943643869131151e+00
1.000694530562199258e+00
1.001577300558360362e+00
1.001072526332962065e+00
1.006173858696831402e+00
1.000061179819339729e+00
1.003924000116880100e+00
1.006995859408455818e+00
1.003558820717721289e+00
1.009995162700773275e+00
1.005367809205637286e+00
1.006844269429156835e+00
1.008383641007873033e+00
1.005465316841628765e+00
1.002904200215137598e+00
1.008994137889076104e+00
9.935702941908400865e-01
1.001215084551646539e+00
1.001598067647971879e+00
1.004437032741854363e+00
9.992143219037864510e-01
9.973481028752830824e-01
9.975888055813006972e-01
1.001704815170002982e+00
1.002623371784316708e+00
9.965464177840098747e-01
9.953651963540294245e-01
9.933466484834152510e-01
9.956782469226381771e-01
9.964485973802069685e-01
9.926914099629272625e-01
9.945670846181845492e-01
9.943197739624423104e-01
1.000450513965152277e+00
9.962797230290059147e-01
9.964156623443231053e-01
9.935195078235661281e-01
9.958531478759408140e-01
9.941694466070806202e-01
9.921589382683374536e-01
9.929578100137302910e-01
9.983666640863848585e-01
9.944482557436786774e-01
9.977975693028486859e-01
9.912906955426566968e-01
9.926216183517340141e-01
9.967832064948505266e-01
9.980573370375345199e-01
9.928332377824971022e-01
9.941700233378176765e-01
9.924005984537214164e-01
9.949101375731645991e-01
9.912994673961824654e-01
1.000737273637975155e+00
9.956617315683435887e-01
9.934979854562855373e-01
9.917805997988681233e-01
9.971174224480673365e-01
9.980171636346213404e-01
9.979952633156607966e-01
9.937136654008367209e-01
9.964146174926384880e-01
9.980534187538798729e-01
9.949455390401976684e-01
9.995448592542439670e-01
9.910316310180407040e-01
9.943683191256323939e-01
9.958534483723662234e-01
9.988715819536503338e-01
9.956643727313400083e-01
9.885424962574244079e-01
9.956092148591780822e-01
9.977352883619136081e-01
9.932382909005841309e-01
9.941080351260961345e-01
9.949972282314859529e-01
9.973917623601188387e-01
9.947665392800543183e-01
9.951182399646771870e-01
9.936942586783346076e-01
9.964473202911270366e-01
9.982119632072520288e-01
9.951625257005267677e-01
9.980093264864584590e-01
9.936493575907796583e-01
9.970050264411455254e-01
9.959666667248775473e-01
9.977982974174276487e-01
9.993498176266678579e-01
9.981811327054087579e-01
9.952733502978261537e-01
9.924328559680025696e-01
9.968037889312815203e-01
9.973421407196908506e-01
9.978570906651255124e-01
9.961124408628782012e-01
9.953970590632376103e-01
9.968938836398175685e-01
9.971784689232527921e-01
9.968906041554066455e-01
9.965502947845079618e-01
9.929882839273251882e-01
9.987694380339086075e-01
9.971637783145406164e-01
9.973600219525088351e-01
9.958573694882062455e-01
9.966764739531385198e-01
9.955436146259910579e-01
9.957411486700814551e-01
9.931801290001049942e-01
9.917922956233384824e-01
9.952813166917519050e-01
9.927311524657921327e-01
9.950358372884664515e-01
9.931924272029452050e-01
9.931548215001159141e-01
9.941423331591308088e-01
9.930758363995580984e-01
9.945665786035340350e-01
9.947090239769987852e-01
9.921194347952668746e-01
9.921231982243905456e-01
9.949978569040526244e-01
9.967826389986518265e-01
9.957392091184557037e-01
9.950892713395067535e-01
9.964503193218973154e-01
9.934998296105265192e-01
9.958529681829679792e-01
9.965932695621156912e-01
9.933655522645412628e-01
9.946455275094697734e-01
9.938121352632138805e-01
9.959443258441381674e-01
9.946000185023561313e-01
9.944454410486937013e-01
9.960155486795897462e-01
9.979484558826811069e-01
9.992837826359003417e-01
9.967191030637695404e-01
9.955046354055724356e-01
9.945194156389038920e-01
9.941220490688986722e-01
9.951268588000373727e-01
9.917890095012501517e-01
9.950734220973951327e-01
9.986091811838746501e-01
9.969694826484637451e-01
9.935505820536166821e-01
9.969654391505571311e-01
9.973110964402601697e-01
9.954708944124083247e-01
9.951658958577073166e-01
9.945211177254050794e-01
9.941784718194115467e-01
9.940032081008932652e-01
9.938334750563011522e-01
9.965220358152085955e-01
9.967758048783517122e-01
9.948769521545810512e-01
9.949308258604144806e-01
9.975760168507780135e-01
9.977485972147155380e-01
9.952271271082966386e-01
9.963697364625254682e-01
9.940140921030533594e-01
9.780394900387342494e-01
9.662294026828212035e-01
9.578545991563671702e-01
9.460156919043106738e-01
9.332432301451627499e-01
