0.000000000000000000e+00
0.000000000000000000e+00
0.000000000000000000e+00
0.000000000000000000e+00
0.000000000000000000e+00
0.000000000000000000e+00
0.000000000000000000e+00
0.000000000000000000e+00
0.000000000000000000e+00
0.000000000000000000e+00
0.000000000000000000e+00
0.000000000000000000e+00
0.000000000000000000e+00
0.000000000000000000e+00
0.000000000000000000e+00
0.000000000000000000e+00
0.000000000000000000e+00
0.000000000000000000e+00
0.000000000000000000e+00
0.000000000000000000e+00
0.000000000000000000e+00
0.000000000000000000e+00
0.000000000000000000e+00
0.000000000000000000e+00
0.000000000000000000e+00
3.959651441029733709e-02
7.665810125098603267e-01
2.713865310325896285e+00
3.158979583033455718e+00
2.048457914922551915e+00
1.020402591907929812e+00
4.884467207857317028e-01
2.685000252922332686e-01
2.206539404719747854e-01
2.092761005701254673e-01
2.225766762289561329e-01
2.672979189148169676e-01
2.853091145477224533e-01
3.035768766737377833e-01
2.926149304889161806e-01
3.158646940904717981e-01
3.918060119327132496e-01
4.790391629313905386e-01
6.306020094534480203e-01
8.214232937911472021e-01
1.009864733225179556e+00
1.138774545492698298e+00
1.279035674217966045e+00
1.388713009369886953e+00
1.479853019800172031e+00
1.563257957829010447e+00
1.589486420628692054e+00
1.580068350994569437e+00
1.488503206815546376e+00
1.361829676335437611e+00
1.215133703483762151e+00
1.088118363268085753e+00
9.738771352945310156e-01
9.185612513024347114e-01
8.665373416670218987e-01
8.609805784121251637e-01
8.482744422885316604e-01
8.670713084893540978e-01
8.883036816695026872e-01
9.141340506631912000e-01
9.211280573337664590e-01
9.473616471501039582e-01
9.746941639053628981e-01
9.850149671454964118e-01
9.912421294964161023e-01
1.000543524440088872e+00
1.012298438660043542e+00
1.031784301343511956e+00
1.030471395929035916e+00
1.044420526598631938e+00
1.039011982418145408e+00
1.039581518497809887e+00
1.026457891526618482e+00
1.007615446887940580e+00
9.941580611851372762e-01
9.845206506730528329e-01
9.729918716640468812e-01
9.752797709225288214e-01
9.678285004717505080e-01
9.573342513596053704e-01
9.538335706285866467e-01
9.566084973338613295e-01
9.715789555079623607e-01
9.689136661722308475e-01
9.755175974251897308e-01
9.867455720418892851e-01
1.005759663731271347e+00
9.905986524321167552e-01
1.001422510860529691e+00
1.003286298983980807e+00
9.981445997665383540e-01
1.002020831242923515e+00
1.003050578119539349e+00
9.951734119716433291e-01
1.004564334846116180e+00
9.987943999940990247e-01
9.913716362174479491e-01
9.978142652379631272e-01
9.885654845260661849e-01
9.875806583798865113e-01
9.793997567589580733e-01
9.919767981183676975e-01
9.857444897742798640e-01
9.811237121493929791e-01
9.754098671116880892e-01
9.852068206785423721e-01
9.808646756824895840e-01
9.871843056787240611e-01
9.889335758462637349e-01
9.913490152165881364e-01
9.920680608750896967e-01
9.918898109512690464e-01
9.964418100098136888e-01
9.962385691341537619e-01
9.945852846306172390e-01
1.000395984328048771e+00
9.995843845842377062e-01
9.935665158441964184e-01
9.975740240934183323e-01
9.925943559702433694e-01
9.926900759496245508e-01
9.911294156305464620e-01
9.904503223421158298e-01
9.890086229016462616e-01
9.886257344004940606e-01
9.898113107341692807e-01
9.922618421315662074e-01
9.853300573519522265e-01
9.926043643885595902e-01
9.907004635090131961e-01
9.902066467969321550e-01
9.823871644061429320e-01
9.915265509399162625e-01
9.853814531742604022e-01
9.929460935825626944e-01
9.941549735597192683e-01
9.951576464839033687e-01
9.925537637473398345e-01
9.888346856598899670e-01
9.859715451748072290e-01
9.930745542846936003e-01
9.968545662810259778e-01
9.942292922546988043e-01
9.868055473525498833e-01
9.916496562863252873e-01
9.930934083935026857e-01
9.902671834352652080e-01
9.956043584075353614e-01
9.930841555131563192e-01
9.906450338401537881e-01
9.960261842983499925e-01
9.899969128581476152e-01
9.936256404407887155e-01
9.933622023110131316e-01
9.917709481389445081e-01
9.933182498672369354e-01
9.928257242988276499e-01
9.983424504018367784e-01
9.963129604500998715e-01
9.939484283150042954e-01
9.956420922287509967e-01
9.947925636580644548e-01
9.912885153040722486e-01
9.936701048677130110e-01
9.925575887993944857e-01
9.961710555634784026e-01
9.928710418079331745e-01
9.936004625743279917e-01
9.975475946009607631e-01
9.937941913644533498e-01
9.923797531803413285e-01
9.919476906147116635e-01
9.906334227608960541e-01
9.937628490804315540e-01
9.960583874766476553e-01
9.924068134440215960e-01
9.927001385091527297e-01
9.932454945647491984e-01
9.947939377447769793e-01
9.949951045630571755e-01
9.952615042933332656e-01
9.971137050017867542e-01
9.977374081791320348e-01
9.947401533189033085e-01
9.961801120012840904e-01
9.992159451286257710e-01
9.971292347670090983e-01
9.992013212164106983e-01
9.949340258759713507e-01
9.988215069410760760e-01
9.962605897473240102e-01
9.985054670680975075e-01
1.000124836807569251e+00
9.971789066182206174e-01
9.949345271180911610e-01
9.983185400874170501e-01
1.000709417813048452e+00
9.978159101427848121e-01
9.943795513388548057e-01
1.001853901419202497e+00
9.996564289406369985e-01
9.990861966473955080e-01
9.962366523429887488e-01
9.959583386671094773e-01
9.979410010229983197e-01
9.968282134513045678e-01
9.995867425778539594e-01
9.983788181335008227e-01
9.995976530775134705e-01
9.977773772730098578e-01
9.989719220932211652e-01
9.990342753143367505e-01
9.978912103019397239e-01
9.989802981363259393e-01
9.998337953001689149e-01
9.992446907092196184e-01
9.956810066763009948e-01
1.001131061406836054e+00
9.949454942548628944e-01
9.973311343674180485e-01
9.978504260285121497e-01
9.971113236440843908e-01
9.982662217804739724e-01
9.995341471605228012e-01
1.000554874340040978e+00
9.977563371549585947e-01
9.993920056462890500e-01
1.000134939847495463e+00
9.933420468111515689e-01
9.969804029546648350e-01
9.996650913866347299e-01
1.001047631381412284e+00
1.000247513313230030e+00
9.973065430890877270e-01
9.976400472466745439e-01
9.995122802421427810e-01
1.000730652390077191e+00
9.959414824600496541e-01
9.980011726763042823e-01
9.989002145858437709e-01
9.974303928075969328e-01
9.970665934952566145e-01
9.993116695642425551e-01
9.982795319330525219e-01
1.000432590327119620e+00
9.982470019363282043e-01
9.976034222044781741e-01
9.975316569727540328e-01
9.983052965403127477e-01
9.971129860540000056e-01
9.960905666070862807e-01
9.977546673787648368e-01
9.993904666395703185e-01
9.953109327029417974e-01
9.969760679497801092e-01
9.988258732683618080e-01
9.959338185636666951e-01
9.966215734951536787e-01
9.954526542315128568e-01
9.975986518222539345e-01
9.994354125006730261e-01
1.000072266299442569e+00
9.973996767824883092e-01
9.992711384252899176e-01
9.935815549543942637e-01
9.986163992738404938e-01
1.000539942359099710e+00
9.969926669809712205e-01
9.959827398317072644e-01
9.888047024198679535e-01
9.809513116705206315e-01
9.713604023991539993e-01
9.572763035208092797e-01
9.477133746812165249e-01
9.372900205765496429e-01
