0.000000000000000000e+00
0.000000000000000000e+00
0.000000000000000000e+00
0.000000000000000000e+00
0.000000000000000000e+00
0.000000000000000000e+00
0.000000000000000000e+00
0.000000000000000000e+00
0.000000000000000000e+00
0.000000000000000000e+00
0.000000000000000000e+00
0.000000000000000000e+00
0.000000000000000000e+00
0.000000000000000000e+00
0.000000000000000000e+00
0.000000000000000000e+00
0.000000000000000000e+00
0.000000000000000000e+00
0.000000000000000000e+00
0.000000000000000000e+00
0.000000000000000000e+00
0.000000000000000000e+00
0.000000000000000000e+00
0.000000000000000000e+00
3.041311816196597606e-04
3.649730064203535879e-02
7.336131980777197414e-01
2.551132237800427749e+00
2.987061153101875810e+00
1.888665470565821014e+00
9.573188745959164692e-01
4.669683490259330938e-01
2.665242909389670678e-01
2.059516384766295061e-01
2.145865642894743963e-01
2.280198799906621721e-01
2.532459336910860004e-01
2.757526210471777373e-01
2.920378124461448510e-01
2.809494466333930518e-01
3.112135260392675518e-01
3.860789665162205897e-01
4.962916898424627465e-01
6.327427536727456836e-01
8.064440393156903086e-01
9.960918073105312631e-01
1.163620856610892318e+00
1.280461197241408167e+00
1.368846137423667342e+00
1.497027550731460988e+00
1.547718813200782417e+00
1.587393534211011259e+00
1.564196209300126705e+00
1.470038661709983430e+00
1.360222665405526721e+00
1.214796730840620897e+00
1.074261800964404046e+00
9.763681322122487183e-01
9.186799692637044323e-01
8.661423250860800227e-01
8.603926520276181655e-01
8.468806810658244810e-01
8.708504555732929919e-01
8.943964055708172323e-01
9.105013328049560428e-01
9.260219109774588953e-01
9.402041831343285194e-01
9.550291587699174523e-01
9.874266199991269533e-01
9.942557276229190277e-01
1.019661597763859451e+00
1.038981521063969904e+00
1.042300838652859385e+00
1.050733918938480338e+00
1.050611276385935433e+00
1.042663506334826184e+00
1.045127222546549994e+00
1.029456217365739779e+00
1.015750487820614278e+00
1.004166400069091081e+00
9.859944484523922581e-01
9.754158076394034982e-01
9.838079223129285733e-01
9.623752079802738724e-01
9.673991496467988505e-01
9.738992122673245655e-01
9.751323648626826213e-01
9.797274919960580197e-01
9.785988013326081258e-01
9.886266054138238557e-01
9.963473540208278578e-01
1.003474458587167106e+00
9.966188302785733422e-01
1.000831534240470333e+00
1.015234145657982312e+00
1.010539837304164079e+00
1.007232712145809783e+00
1.003175748130122225e+00
1.012906418810919806e+00
1.002017412997638246e+00
1.005766153600847757e+00
9.968918775104272934e-01
9.912119306239819405e-01
9.931318137677590530e-01
9.961680064081037678e-01
9.871824363534480451e-01
9.879993482005473560e-01
9.934812919223511285e-01
9.943912106959175157e-01
9.899555102555527286e-01
9.876101817256235371e-01
9.848222100363868137e-01
9.889590364134464018e-01
9.969929996075801437e-01
9.952938080820969979e-01
9.993477965500143778e-01
1.004838429128226185e+00
9.955571624148061849e-01
9.975615596167947130e-01
1.003693972628778575e+00
9.985970955049218167e-01
1.003883335272607757e+00
1.006200034310460900e+00
9.957052894256829267e-01
9.994101188898865118e-01
9.938174389361607020e-01
9.961486127842489324e-01
9.959710186291783618e-01
9.945725565801265544e-01
9.940128609006627647e-01
9.989283100437811314e-01
9.959777656050000649e-01
9.871471461168009887e-01
9.928925470806679865e-01
9.951894777994787500e-01
9.893652260912016994e-01
9.939030520110742062e-01
9.940135140990309370e-01
9.980528608534945390e-01
9.954290934306804228e-01
9.974679274999194156e-01
1.000754197231667808e+00
9.977901748518376301e-01
9.928163458959203824e-01
9.979136542370453666e-01
1.001449371446943237e+00
9.932263670284009471e-01
9.996433845163797960e-01
1.001517606915436565e+00
9.959411350526125029e-01
1.001991214882644865e+00
9.972711659977242515e-01
9.978954654100605781e-01
9.938780961709859918e-01
9.985698590311580247e-01
9.968825882604268607e-01
9.995773298851298172e-01
9.949472627863207297e-01
9.949036399510329254e-01
9.947326519998115346e-01
1.001774767662026111e+00
1.000040554548280003e+00
9.912619712704955344e-01
9.973616769877899912e-01
9.969721488640106433e-01
1.000578688851926135e+00
9.956231473666611320e-01
1.003182875963170462e+00
9.961146959829765279e-01
9.995587673372245963e-01
1.001384077134616302e+00
9.961899076254790986e-01
9.995343936222078618e-01
9.965431238536819336e-01
9.955452458444494779e-01
9.970009661051064676e-01
1.001319618812467782e+00
9.968665235360654187e-01
9.983866547568350791e-01
9.953628381226319322e-01
9.982063385198778338e-01
9.988152542567930725e-01
9.960234409365184005e-01
9.950928276029105124e-01
1.002877275371411248e+00
9.952189676572282817e-01
1.004138855857382717e+00
9.953158577833325360e-01
9.955998897515235813e-01
9.925329454302761478e-01
9.986722013415542110e-01
9.959217030909205404e-01
9.964163379671834297e-01
9.986469317014993186e-01
9.926081862177401627e-01
9.927311488292758224e-01
9.970180612413326315e-01
9.968517894200483731e-01
9.951832589545148711e-01
9.976908906309654990e-01
9.983777830648011831e-01
9.962409014268716057e-01
9.975169401719931050e-01
9.964184343731498084e-01
9.966776230161402683e-01
9.934042243210879919e-01
9.951397519417368720e-01
9.960324711298458311e-01
9.973159130172892795e-01
9.968863545550845640e-01
9.971368887482073839e-01
9.940973237912521521e-01
9.952150464534232910e-01
9.964364906434282076e-01
9.926316488427956441e-01
9.958445577889303291e-01
9.937557116525984613e-01
9.931644468716919194e-01
9.973150537805751670e-01
9.967257606159318772e-01
9.963802398269506755e-01
9.916127945627035700e-01
9.995036211387362535e-01
9.967383615232747740e-01
9.969060347879767914e-01
9.990960972891224090e-01
9.958988197032189182e-01
9.955764522191749011e-01
9.990891130489070182e-01
9.991057406681556063e-01
9.947579724818806923e-01
9.986242771940725405e-01
9.963989378943426400e-01
9.971855068344360751e-01
1.000306367414206976e+00
9.969879416708193887e-01
1.000257532058711929e+00
9.977852427916178435e-01
9.999123641340164070e-01
9.957941510341264957e-01
9.999548121551034008e-01
9.970471148363816427e-01
9.986582921208834174e-01
9.994519124467515780e-01
1.000632858852933849e+00
9.980807740415474916e-01
9.965256692786859105e-01
9.956515762507205380e-01
9.992415325061502207e-01
9.984657504520899618e-01
9.985608291951902915e-01
9.982533513807118064e-01
1.000095835369119612e+00
9.979432182409929686e-01
9.983248444329008153e-01
1.000773173912886005e+00
9.945835509757614545e-01
9.976676906312034188e-01
9.994202955396802590e-01
9.958726457153533884e-01
9.974888178520913140e-01
9.978844038734667743e-01
9.969625737876528504e-01
1.000136049984293063e+00
9.975125174294811048e-01
9.967287011450819412e-01
1.000370779215458805e+00
9.937142040858620851e-01
9.956864690690370168e-01
9.997011972971395766e-01
9.959539870703983944e-01
9.966139655853687440e-01
9.962760658735673180e-01
9.951475896393984222e-01
9.890732643169318772e-01
9.761256236550903687e-01
9.683685336625706963e-01
9.536582795886401342e-01
9.428038071388941121e-01
9.334448869986345931e-01
