0.000000000000000000e+00
0.000000000000000000e+00
0.000000000000000000e+00
0.000000000000000000e+00
0.000000000000000000e+00
0.000000000000000000e+00
0.000000000000000000e+00
0.000000000000000000e+00
0.000000000000000000e+00
0.000000000000000000e+00
0.000000000000000000e+00
0.000000000000000000e+00
0.000000000000000000e+00
0.000000000000000000e+00
0.000000000000000000e+00
0.000000000000000000e+00
0.000000000000000000e+00
0.000000000000000000e+00
0.000000000000000000e+00
0.000000000000000000e+00
0.000000000000000000e+00
0.000000000000000000e+00
0.000000000000000000e+00
0.000000000000000000e+00
0.000000000000000000e+00
3.398196153235314571e-02
8.357986779059249915e-01
2.927010621187311923e+00
3.376129318853333672e+00
2.189387723602291391e+00
1.093295912488605026e+00
5.320955171226063873e-01
2.920301915976048490e-01
2.436121961664444169e-01
2.367535059125626951e-01
2.656293934628685127e-01
2.755384761065391430e-01
2.974036539045755156e-01
2.985428178694742307e-01
3.214269111171394466e-01
3.379291635814464234e-01
3.939496323903014519e-01
5.155682967887967871e-01
6.575667391369961479e-01
8.376108381404145931e-01
1.019627414868741866e+00
1.171950953943476037e+00
1.300236904057959331e+00
1.408049055133553606e+00
1.510797449339963405e+00
1.560770642696776012e+00
1.609823783069787462e+00
1.587714058301862297e+00
1.491652488396633336e+00
1.350410439161526810e+00
1.237557649258461012e+00
1.091557111944180480e+00
9.912237819761655633e-01
9.248586093750816861e-01
8.748934685444040849e-01
8.650223920043925707e-01
8.674940599218653459e-01
8.842340770559281582e-01
8.991353069280373367e-01
9.198064384863100518e-01
9.404659736257788838e-01
9.598892119221360542e-01
9.674552877562156983e-01
9.939856368911159645e-01
1.009033228522913106e+00
1.030770357977353946e+00
1.036257693882778996e+00
1.046333701951019490e+00
1.042194971276040105e+00
1.043757259576907792e+00
1.048972845686197086e+00
1.051095354617445521e+00
1.035092612786181698e+00
1.025842285483737015e+00
1.005428014353148880e+00
1.002164624185927888e+00
9.936158250056930097e-01
9.801665526431178055e-01
9.759266363336523975e-01
9.807177544764396071e-01
9.835200010772996437e-01
9.833926658385327979e-01
9.831811861508733541e-01
9.914493656397933563e-01
1.005169598213203397e+00
9.962802343043714037e-01
1.018492528969024313e+00
1.012001947707939165e+00
1.024503230694526090e+00
1.013161443903315861e+00
1.019590065316788419e+00
1.022554850518856195e+00
1.020976562271467047e+00
1.012286199569686351e+00
1.006356804612355438e+00
1.010515766947018834e+00
1.004530332716724983e+00
1.006494659201802921e+00
1.000216662727652750e+00
9.955990758254021911e-01
1.001231837063553343e+00
9.941438686040277029e-01
9.915387649302331852e-01
1.001070240193901784e+00
9.975230208884542371e-01
9.984868662946750906e-01
1.002120529770619939e+00
1.006896438591561083e+00
1.001921051535712648e+00
9.993612624319456739e-01
1.005145750923001957e+00
1.003062820272602851e+00
1.007691268087014036e+00
1.001186880158722259e+00
1.010054664950676084e+00
1.010793475791148310e+00
1.007214189819457539e+00
1.006671493819251362e+00
1.007690681193611049e+00
1.004670738575154099e+00
1.008947398213725588e+00
1.005499420908779085e+00
1.001742948625253371e+00
1.002029457100031440e+00
1.005280654213724034e+00
1.001730078114759559e+00
1.002934278828185644e+00
1.004404273966726269e+00
1.004272888714545120e+00
9.999757313933348435e-01
1.007473527003090785e+00
1.002882210745012825e+00
1.001698512591955970e+00
1.001358361751830239e+00
1.006124445646133569e+00
1.003677718451587930e+00
1.001208533664061040e+00
1.010105345748659067e+00
1.004067648212542574e+00
1.007170445281348359e+00
1.004485679744723026e+00
1.005813784416398571e+00
1.005477396186713612e+00
9.996919666612059663e-01
1.008655473846859385e+00
1.007584794779424975e+00
1.006526016518671574e+00
1.007560100208916509e+00
1.006040195168085516e+00
1.007428531840445673e+00
1.005215987319846516e+00
1.003812740986175234e+00
1.008408742750198206e+00
9.990542204133308068e-01
1.006718231762138371e+00
1.003777017316063391e+00
1.007070449855050676e+00
1.002246061580603920e+00
1.002724809078529455e+00
1.005189945313198052e+00
1.004255097483634396e+00
9.988164733573020593e-01
1.000928539202549095e+00
9.982114703115840815e-01
1.005571000452298414e+00
1.001142028372929760e+00
1.003062927181008090e+00
1.001582209925556244e+00
9.991891227311597845e-01
1.002740971323002883e+00
1.001403335642165882e+00
1.000142946151463486e+00
9.966096800312652659e-01
9.970248805380942381e-01
1.000458331264936218e+00
9.995783229416965732e-01
1.002931550989946574e+00
1.002707709538864567e+00
1.003855696442731205e+00
1.002543059732053932e+00
9.990772065415323144e-01
9.946616615101011583e-01
9.993175393442019772e-01
1.001192280684573221e+00
9.982622261429113797e-01
1.001005269323502977e+00
9.976752357477360889e-01
9.986432739628554600e-01
9.974990838614739008e-01
1.000965187107930809e+00
9.982633730421566209e-01
9.999020996146402718e-01
9.992558312605426263e-01
1.002015822020757785e+00
1.000131938332411652e+00
1.000979834120529155e+00
9.983609629847942646e-01
9.984038994330382000e-01
9.993989193554285722e-01
1.003702688918523656e+00
9.963843401036829306e-01
1.001615584455544772e+00
9.960315276257871719e-01
1.001146012719803524e+00
9.978824573794538022e-01
9.996518952540652814e-01
9.992855087828380611e-01
1.000661371435360270e+00
1.000080447953778817e+00
1.000872063596798256e+00
9.981372055527555354e-01
9.996222454586760620e-01
9.996556638911727743e-01
9.976228729848158894e-01
1.002681896955489149e+00
9.974207427111662083e-01
1.000325139356381454e+00
1.001240869328382521e+00
9.953323614378145612e-01
9.987335063285738279e-01
1.001011660007643966e+00
9.990347399448133991e-01
9.976749017757814419e-01
1.000491211579489059e+00
9.967084454546568661e-01
9.988558951958630416e-01
9.975484128663022476e-01
9.958615183235063339e-01
9.974832132322065670e-01
9.977889420279716370e-01
9.977801833011522570e-01
9.981342725514997793e-01
9.941923555676427382e-01
9.993166836033544609e-01
9.957334098662200539e-01
9.969399960367223423e-01
9.961477786226212716e-01
9.970428917839594396e-01
9.950342421921809510e-01
9.970365176685567210e-01
9.951822255144648910e-01
9.962828829250776064e-01
9.949599489502805039e-01
9.959329611108993507e-01
9.955234770540811740e-01
9.941399191407545022e-01
9.950424098842317600e-01
9.960025748631641251e-01
9.986162395658857438e-01
9.968099727615972183e-01
9.983251208803926025e-01
9.944286518304993328e-01
9.968427591226545204e-01
9.926163823117475360e-01
9.941427656888587316e-01
9.945480039095131453e-01
9.944906377215496640e-01
9.964462194002887685e-01
9.971913684645477005e-01
9.964792057436998585e-01
9.976072152199829679e-01
9.935959165267633786e-01
9.943028354916949585e-01
9.935732212685023379e-01
9.939485792220010829e-01
9.946856247299878939e-01
9.945325142357398507e-01
9.965512848949963365e-01
9.908716197475180287e-01
9.878562280672981144e-01
9.734933253777720008e-01
9.653966595436842546e-01
9.526903596142989317e-01
9.435510394643156218e-01
9.320840854175607149e-01
