0.000000000000000000e+00
0.000000000000000000e+00
0.000000000000000000e+00
0.000000000000000000e+00
0.000000000000000000e+00
0.000000000000000000e+00
0.000000000000000000e+00
0.000000000000000000e+00
0.000000000000000000e+00
0.000000000000000000e+00
0.000000000000000000e+00
0.000000000000000000e+00
0.000000000000000000e+00
0.000000000000000000e+00
0.000000000000000000e+00
0.000000000000000000e+00
0.000000000000000000e+00
0.000000000000000000e+00
0.000000000000000000e+00
0.000000000000000000e+00
0.000000000000000000e+00
0.000000000000000000e+00
0.000000000000000000e+00
0.000000000000000000e+00
0.000000000000000000e+00
0.000000000000000000e+00
1.426270913857600672e-02
3.664282116737634931e-01
1.219160614247984276e+00
1.678097589044822202e+00
1.348065684343766168e+00
7.631493209662266741e-01
5.019651489440173364e-01
3.445170735913912208e-01
2.720991534614975449e-01
2.432099342878553672e-01
2.606420588873225586e-01
2.478770276826950669e-01
2.365197853438921471e-01
2.341121683511192264e-01
2.283940566950295736e-01
2.380702959442306255e-01
3.172074940883620742e-01
3.878413415809129350e-01
5.253916946132322074e-01
6.980250837479315962e-01
8.313931842475225098e-01
1.015184336155815270e+00
1.169640508228388720e+00
1.300556771011315949e+00
1.400650233964935376e+00
1.513214228238682457e+00
1.572414380826525404e+00
1.549646752885172285e+00
1.499822274506180886e+00
1.416561591203240100e+00
1.310380929050799281e+00
1.201374395710729237e+00
1.046305600253242041e+00
1.015770511970408352e+00
9.561974262225548804e-01
9.121130075416408189e-01
8.975198271390776306e-01
8.921637991285724656e-01
8.916819640568999228e-01
9.345524825447264483e-01
9.288558060414536799e-01
9.236702535307728112e-01
9.313404856441289681e-01
9.495268114388271119e-01
9.857959988066444801e-01
9.608964860925854889e-01
1.026682727800921624e+00
1.053203430124539874e+00
1.035587463535361463e+00
1.053675006240908152e+00
1.052553760898910395e+00
1.050916788282248771e+00
1.036341803234957837e+00
1.044880058803484113e+00
1.048142560788365651e+00
1.025193397890055813e+00
9.991175251878373631e-01
1.009427914217573052e+00
1.003260795538541528e+00
9.865075389346128487e-01
9.798062876564552770e-01
9.821359427201030723e-01
9.882033488422998779e-01
9.928388298382712085e-01
9.976000080750371257e-01
9.921857937380866854e-01
1.002302971330523373e+00
1.000915528309753277e+00
1.010878174508885508e+00
1.014641340213098042e+00
1.002470587580291950e+00
1.011728107549394240e+00
1.006983101218151155e+00
1.019154324531358347e+00
1.020594234734307992e+00
1.014843939979856335e+00
1.019483401710547188e+00
1.017146867840073909e+00
1.022356760975854151e+00
1.002347597370730536e+00
1.009224525826561081e+00
1.008160912615062799e+00
1.000838333264066460e+00
1.005978337244335163e+00
9.814540921462006073e-01
1.005450847708765139e+00
1.000583157142014512e+00
1.005372279068970309e+00
1.004952156432320054e+00
9.854732653006196275e-01
9.918522231468892558e-01
9.951151061628643602e-01
9.976990357147322852e-01
9.882728297646127258e-01
9.971874435944481085e-01
9.936879407083851756e-01
9.907478639601255965e-01
1.009401738291263895e+00
1.010614389556290682e+00
1.003561998547066070e+00
1.005995150296050911e+00
1.004983472811856515e+00
1.006671898184656078e+00
9.934945650568013376e-01
1.000286327931698693e+00
1.003629243134862348e+00
9.929497945756637911e-01
9.921064219791616567e-01
9.879666218443506898e-01
9.932973649526340987e-01
9.993699835355425165e-01
9.978145111279791424e-01
1.002292034431988110e+00
9.947341847843174101e-01
9.903338739173471739e-01
9.883929449278001655e-01
1.007259042696820872e+00
9.797462022976056728e-01
1.003044891787029380e+00
9.959291533844772948e-01
9.933630871114970118e-01
9.822415960199094576e-01
9.951310435285621869e-01
9.985055831959828154e-01
1.005948491432309577e+00
9.923051810036990217e-01
9.859672832054179326e-01
9.875606047619432948e-01
9.913522598220009252e-01
9.967601794308273977e-01
9.966869997206621035e-01
9.894820026572731519e-01
9.868979210899279098e-01
9.930681914816230638e-01
9.929941679915620378e-01
9.948429345208085195e-01
9.855700473604481759e-01
9.973583467872089159e-01
9.911428156508548248e-01
9.941472137528643005e-01
9.850598509131918146e-01
9.844726716407518063e-01
9.943908612325426111e-01
9.950349164517389156e-01
9.893470342430121800e-01
9.981415424527547708e-01
9.842010968409942162e-01
9.959384864676418259e-01
9.936578965716941214e-01
9.858355661018238791e-01
9.938823914379947277e-01
9.919991882980866427e-01
9.881045493204165808e-01
9.947846220822615937e-01
9.933649195150300315e-01
9.948960285899850486e-01
9.923439528993521774e-01
9.864167125957201687e-01
9.896033363830709639e-01
9.860462086635510826e-01
9.925305298485912475e-01
9.931981284303293966e-01
9.957315632089783763e-01
9.881327556691146263e-01
9.976783841735519243e-01
9.832069032626477023e-01
9.893278048880017606e-01
9.876184523908951851e-01
9.951595857579466076e-01
9.897226088560594492e-01
9.945832955389962704e-01
9.955456297318666659e-01
9.899129521082495886e-01
9.877826051058503642e-01
9.851470408895024455e-01
9.898013047080166382e-01
9.959606542327571477e-01
9.901795135106057355e-01
9.910426030688987975e-01
9.913834463863225865e-01
9.936601394573133517e-01
9.928225135176200755e-01
9.935681892226769785e-01
9.907548641748310514e-01
9.984396101291298509e-01
9.886173540644856983e-01
9.949516911286399035e-01
9.900483462789133604e-01
9.937854932313909817e-01
9.878624804887520261e-01
9.893151904466366275e-01
9.920264554827460390e-01
9.866037527166494625e-01
9.875034873156957049e-01
9.958457919162961858e-01
9.927136007930686956e-01
9.933204410426766939e-01
9.901467531234088293e-01
9.963711715619398834e-01
9.958800364119532178e-01
9.967124992359832625e-01
9.916210111769305779e-01
9.909545624015668741e-01
9.929246583561534001e-01
1.002628880286613011e+00
9.920665943224097338e-01
9.930389228329770113e-01
9.901612330313579458e-01
9.970603175023059483e-01
9.965218058063507467e-01
9.897600590647402941e-01
9.916245983712169698e-01
9.971682656287800262e-01
9.948660549002582565e-01
9.921519268229380684e-01
9.967538739270929149e-01
9.922749919701663313e-01
9.940305824983669547e-01
9.951322451172821548e-01
9.941442386879709714e-01
9.987666412794897752e-01
9.973840913736555791e-01
9.912114579929113267e-01
9.907912981490580862e-01
9.888350264699318215e-01
9.941211969500572954e-01
9.956581429992029664e-01
9.927961056454341904e-01
9.951343783708020974e-01
9.914007439897399854e-01
9.954091954565811307e-01
9.942897904895275918e-01
9.903196301507500854e-01
9.993524089850660541e-01
9.970086993833268130e-01
9.998767420914551618e-01
9.922925366331302177e-01
9.927294286485137675e-01
9.985437008705491113e-01
9.960570061326462499e-01
9.950274835040399113e-01
9.981665237451244899e-01
9.977297615300846356e-01
9.965088262505759076e-01
9.946580175590399309e-01
9.975818514317926766e-01
9.951929439918941744e-01
9.958297963132329844e-01
9.982566983368692526e-01
9.873100041588549480e-01
9.951619817259048650e-01
9.921999025382989279e-01
1.000464850078260248e+00
9.952506642645209123e-01
