0.000000000000000000e+00
0.000000000000000000e+00
0.000000000000000000e+00
0.000000000000000000e+00
0.000000000000000000e+00
0.000000000000000000e+00
0.000000000000000000e+00
0.000000000000000000e+00
0.000000000000000000e+00
0.000000000000000000e+00
0.000000000000000000e+00
0.000000000000000000e+00
0.000000000000000000e+00
0.000000000000000000e+00
0.000000000000000000e+00
0.000000000000000000e+00
0.000000000000000000e+00
0.000000000000000000e+00
0.000000000000000000e+00
0.000000000000000000e+00
0.000000000000000000e+00
0.000000000000000000e+00
0.000000000000000000e+00
0.000000000000000000e+00
0.000000000000000000e+00
0.000000000000000000e+00
2.281657212565052495e-02
3.451802616842871152e-01
1.297867307535730763e+00
1.795199330985331798e+00
1.395211721593836662e+00
7.885921855527070479e-01
4.867121390940123415e-01
3.141192112599954234e-01
2.518605706089189211e-01
2.251572547409965985e-01
2.220103748504538566e-01
2.236222814231174638e-01
2.135083696891674210e-01
2.143891373980055248e-01
2.185871425245246580e-01
2.554763161401163440e-01
3.023694046367251254e-01
3.842489396061890550e-01
5.313740639254264098e-01
6.601764158919827263e-01
8.337264090078442269e-01
9.957819426942063901e-01
1.132831462955008250e+00
1.206331841666308913e+00
1.360624250016722936e+00
1.459595598654160886e+00
1.493184008935726448e+00
1.508568691386096949e+00
1.493505658092737942e+00
1.371458139562610645e+00
1.275862990147178300e+00
1.151497540943268394e+00
1.077739499112652544e+00
9.935370101110710950e-01
9.272181202897198382e-01
8.773624152480323790e-01
8.780569880711730502e-01
8.862211619021466147e-01
8.804609767965295708e-01
9.096533376221029865e-01
9.053001392634560940e-01
9.441806156605238032e-01
9.523890785747244347e-01
9.629168929199819482e-01
9.904696121908485029e-01
9.777168442628643152e-01
9.965348403574271208e-01
1.009153542533853587e+00
1.016289120713377958e+00
1.029488855507487699e+00
1.027394177550395860e+00
1.027732102222084221e+00
1.005290594009803806e+00
1.023262170161272522e+00
9.935672289472343710e-01
9.863233414532460719e-01
9.741334836521599039e-01
9.833093205070175813e-01
9.751355137561261710e-01
9.606792795895201520e-01
9.626004587386582934e-01
9.495322430952274351e-01
9.761055046338108498e-01
9.695024355328890620e-01
9.866744755406592349e-01
9.846851189543011085e-01
9.718597668974209292e-01
9.909744159278849329e-01
9.953093335820795140e-01
9.856292238979628140e-01
9.952786283776242637e-01
9.963197492521923548e-01
9.907823261264890879e-01
9.902558555738772972e-01
9.905456499671109194e-01
9.881042230569346829e-01
1.000376729744399507e+00
9.906135012223361569e-01
9.874589922980602230e-01
9.802862172900562721e-01
9.967546969818100733e-01
9.746567961534675639e-01
9.769652520966574105e-01
9.822570191163259024e-01
9.949631065489056292e-01
9.736517315857479149e-01
9.727211157882413861e-01
9.875840468961406549e-01
9.850258514943791566e-01
9.858112991350731491e-01
9.955751590398400630e-01
9.897279428904188769e-01
9.879771523860365612e-01
9.976015039264958251e-01
9.931144006608513264e-01
9.781911069619413368e-01
9.912964291800751004e-01
9.993854850022892977e-01
9.977401683217249628e-01
9.903395365418758978e-01
9.961907504515836731e-01
9.914689464431389876e-01
1.006344177285560137e+00
9.894289466317875981e-01
9.935346955884961639e-01
9.891771148697263705e-01
9.956004467340193731e-01
9.967757462340084418e-01
9.854046263048508170e-01
1.000952399503880486e+00
9.982376503579296623e-01
1.000122137347717599e+00
9.974972972105734526e-01
9.919282386545871244e-01
9.895617567147110272e-01
9.912979854967112203e-01
9.922634383733145436e-01
9.945000602192122230e-01
9.985305700200671764e-01
9.967742137072365116e-01
9.997947100430923939e-01
9.938952950005195408e-01
1.002173147272153786e+00
9.897072683616894295e-01
1.004338181287599996e+00
9.935670239454782449e-01
9.990976970400428092e-01
9.930936527061755559e-01
9.984335661475430834e-01
9.864893282022957344e-01
9.978312308562711230e-01
9.910415231559044358e-01
9.924760567831919511e-01
9.809363796739911656e-01
9.906531886101027640e-01
9.923749311347100921e-01
9.946621042447969518e-01
9.943215175927692107e-01
9.945078623578665900e-01
9.979080449614111670e-01
9.951096206722369608e-01
9.983515347167990495e-01
9.927688592299377390e-01
9.907805671549132498e-01
9.860142644543050672e-01
9.902584925183254283e-01
1.001922690359553725e+00
9.961957215185898162e-01
9.936694880249761219e-01
9.935856390195216825e-01
9.936327916107419167e-01
9.911362763828338585e-01
9.883817082925278052e-01
9.944548233388533776e-01
9.865610799749452431e-01
9.881649035493668132e-01
1.000439822823273595e+00
9.940866841485287431e-01
9.987965377299650171e-01
9.917824817087115274e-01
9.926548352727057045e-01
9.950285726552630106e-01
9.858710393977070385e-01
9.971736593339065591e-01
9.964835547372858926e-01
9.945881815415514859e-01
9.948405350129008173e-01
9.960331957511362466e-01
9.918891265638447585e-01
9.932455567155711318e-01
9.982236516976492613e-01
9.989762221514273399e-01
9.931897253839966355e-01
9.952026243781232351e-01
9.856988173467760017e-01
9.945222491454706049e-01
1.002504996354108613e+00
9.985938298798634483e-01
1.000155426053624508e+00
9.981609987815888152e-01
9.960955690792102635e-01
9.972025574086909039e-01
9.972902605243118002e-01
9.975438338296878094e-01
1.000565443702865487e+00
9.939025649399299001e-01
1.002180871170774479e+00
1.000300021483003121e+00
1.004331493909439210e+00
9.981521392892857003e-01
9.934541011726870652e-01
9.921592983051166215e-01
9.953918231790241933e-01
9.965703576882685155e-01
9.974531553985249710e-01
9.891748330633408637e-01
9.955708757445642654e-01
1.000797224442820266e+00
9.964453584444389334e-01
9.980137174697264468e-01
1.000517752033272201e+00
9.977015381270731842e-01
1.001955275487355967e+00
9.969443590364517327e-01
1.007377362841807011e+00
9.986432936374107783e-01
1.001657438919917320e+00
9.936106648515988793e-01
1.002032062733289486e+00
1.001100974840543500e+00
9.973086062552102282e-01
9.944204425914060508e-01
9.975555576830036353e-01
9.978333149162373905e-01
1.001950710984951476e+00
1.000630845226255117e+00
9.956425617225597158e-01
1.001366637797438175e+00
9.999831673034182966e-01
1.001524751150634662e+00
9.960745591554241996e-01
9.983968613562521632e-01
9.937187378991250153e-01
9.987904834188225944e-01
9.990465843343068197e-01
9.988447927102679369e-01
9.984787066878838546e-01
9.960715910259323458e-01
9.943517804539162563e-01
9.961672892701791682e-01
1.002694167428686889e+00
9.943171863466300220e-01
9.903262187640767822e-01
9.974028816344215898e-01
9.878708298462194337e-01
9.921055434089712799e-01
9.962277981547087435e-01
9.952680118268043552e-01
9.947428011220362798e-01
9.935531372729685673e-01
9.952770854446302273e-01
9.875604139987221863e-01
9.947867341964179433e-01
9.931177310967288507e-01
9.912819161359249787e-01
9.906599524063485207e-01
9.883119516975115149e-01
9.913899526801166484e-01
9.936526015958893066e-01
9.996038930907821252e-01
9.966136147125698175e-01
9.876575918921982611e-01
9.921131381642603886e-01
9.922831266101713732e-01
