0.000000000000000000e+00
0.000000000000000000e+00
0.000000000000000000e+00
0.000000000000000000e+00
0.000000000000000000e+00
0.000000000000000000e+00
0.000000000000000000e+00
0.000000000000000000e+00
0.000000000000000000e+00
0.000000000000000000e+00
0.000000000000000000e+00
0.000000000000000000e+00
0.000000000000000000e+00
0.000000000000000000e+00
0.000000000000000000e+00
0.000000000000000000e+00
0.000000000000000000e+00
0.000000000000000000e+00
0.000000000000000000e+00
0.000000000000000000e+00
0.000000000000000000e+00
0.000000000000000000e+00
0.000000000000000000e+00
0.000000000000000000e+00
0.000000000000000000e+00
0.000000000000000000e+00
1.235754233426591790e-02
4.237015294837836454e-01
1.526193729167014679e+00
2.061171291380475612e+00
1.585936255360339997e+00
9.392038709807069008e-01
5.530177922181476191e-01
3.604813476769724856e-01
2.922140969953126444e-01
2.659195884797631582e-01
2.856235401172038668e-01
2.492315786024137114e-01
2.711331701990206122e-01
2.443153519091629811e-01
2.421680757583278554e-01
2.434302092648822635e-01
3.282064449598828260e-01
3.817347152146822187e-01
5.360321792536117957e-01
6.858975489179314211e-01
8.379521809202016280e-01
9.808719357462103439e-01
1.137241017484889039e+00
1.277577045753278684e+00
1.367010831651100267e+00
1.443064935145100369e+00
1.525225268371996235e+00
1.525420489889642406e+00
1.453324339159002054e+00
1.396874025001727748e+00
1.322560854129994468e+00
1.162873512687394140e+00
1.071176834408640088e+00
9.947417486295195843e-01
9.378717856202647418e-01
9.065614561792687542e-01
9.071803825120743348e-01
8.786677713665105305e-01
9.102069121233408167e-01
9.111038867551760623e-01
9.127434056039056554e-01
9.450967318189064104e-01
9.582543064684800882e-01
9.694394646643519353e-01
9.707436866619060245e-01
9.920989707242497957e-01
1.026775368854391912e+00
1.043021125409425709e+00
1.051294523512687151e+00
1.033351472042055574e+00
1.052942564549285809e+00
1.055067716556657764e+00
1.038759178812902917e+00
1.027685562603170677e+00
1.017353290906595875e+00
1.028624305408527340e+00
1.009038090656114495e+00
1.009814635685575279e+00
9.997064614458319731e-01
1.003034425707235000e+00
9.936288801732970910e-01
9.785464975813665811e-01
9.772708220394378253e-01
9.853088912631513541e-01
9.928365267537816452e-01
9.911096681933178054e-01
9.887568482810316084e-01
9.888738782149479878e-01
1.007379571740705249e+00
9.992035665075685857e-01
9.963819002727249963e-01
1.002735463181910314e+00
1.006631425441949057e+00
1.018261129887635619e+00
1.001270971117533604e+00
1.010541068474066106e+00
1.003120159633478670e+00
9.985382022881231778e-01
1.002322689369396169e+00
9.913891665637101225e-01
9.989346151852717126e-01
9.880043970212732951e-01
9.978917638776192423e-01
9.986800493146741342e-01
1.002338389328093715e+00
9.917432552508271826e-01
9.922840590333563693e-01
1.001669430694613228e+00
1.007470654698160439e+00
1.002261970526686197e+00
1.007314433581420809e+00
9.967214732096628671e-01
1.001650165707263174e+00
1.004919191006679924e+00
1.012907872097146278e+00
1.010503799355563226e+00
1.010356362302336608e+00
1.010431351846152959e+00
1.014379234750322434e+00
1.003152930637081441e+00
1.000163746205767090e+00
1.015132582801711258e+00
1.015890604709523970e+00
1.004839959768318858e+00
1.004474378801470946e+00
1.010798683577197599e+00
1.002786196790875994e+00
1.006961565353694299e+00
1.012489273195650075e+00
9.980727054210968285e-01
1.002708236832822619e+00
9.994763922937677236e-01
1.001001167720775742e+00
1.000973075712530580e+00
1.003177965008431594e+00
1.006054359453816271e+00
1.000532084296817503e+00
1.002133270777147755e+00
1.009445662593771331e+00
9.995598369625462443e-01
1.000611889415273792e+00
1.008263949290321593e+00
9.985752755702007599e-01
1.003840825081494081e+00
1.010146154346947878e+00
1.007297334176476156e+00
1.006531746660391802e+00
1.004652171486829504e+00
9.975905116585011001e-01
9.965630166265467826e-01
9.962707343596840515e-01
1.006294097867242998e+00
1.000918008110774915e+00
9.947574409056629818e-01
9.921450639118716275e-01
9.915174610039533265e-01
9.973024931189516940e-01
1.001948194488407440e+00
1.006876326735453464e+00
9.995959486429485397e-01
1.001062939826255827e+00
1.003494559717249990e+00
9.981794968962851566e-01
9.849956134162458632e-01
1.006660944024801330e+00
1.001856146634620970e+00
1.001694237436398849e+00
9.999169929477970120e-01
1.001819907003113963e+00
9.970035029215738032e-01
9.983823085704692790e-01
1.000323735929013580e+00
1.007753668610919418e+00
9.981727270740191615e-01
9.979628878274251491e-01
9.963594734804170905e-01
9.965552712101419797e-01
9.959936848956275623e-01
1.004387936265312531e+00
1.003890553265045060e+00
1.000217378184413253e+00
1.002224310511509620e+00
1.000318261717348056e+00
1.003955356789527409e+00
1.001923733008455164e+00
1.005104550389823270e+00
1.003372989192217624e+00
1.006277262431909181e+00
1.009933660187571469e+00
1.001462420826368716e+00
9.996120779820716340e-01
1.001735745461646676e+00
1.005324814803453481e+00
1.009781451098633598e+00
1.008984295244446772e+00
1.001575984660957097e+00
9.964298114170078158e-01
1.005232805200314106e+00
1.000645996022721862e+00
9.978080275447649417e-01
1.002054645778279518e+00
1.003273659913017424e+00
9.956541395819117346e-01
1.004227472307097857e+00
1.003538066779116500e+00
1.003234665694054950e+00
9.984866657512859733e-01
1.002673853051528452e+00
1.009366102941787746e+00
1.005181155464819343e+00
9.986373795219685157e-01
1.002896892488580827e+00
1.003750555069485406e+00
1.008925807260834473e+00
1.004175628955808364e+00
9.979322435908970501e-01
1.005542593820906605e+00
9.989569700323931434e-01
1.003880184250703911e+00
1.010764515062622992e+00
1.000792049727320832e+00
1.012897310313291221e+00
1.001122944685244542e+00
1.012229429012955206e+00
1.010276246270789713e+00
1.002488874215749615e+00
1.001306538643107924e+00
1.005887264494366828e+00
1.009540172906174371e+00
1.004656348730929460e+00
1.001251206782512559e+00
1.008839623689512077e+00
1.000831767105942571e+00
1.011486604451909521e+00
1.007224801111126000e+00
1.006902230409187693e+00
1.004132539879645680e+00
1.002398938311022780e+00
1.001776841830324338e+00
9.984398472932352053e-01
1.000200129102307267e+00
1.001038410808113621e+00
9.963927390674738316e-01
9.973661467676233627e-01
1.002133098038239245e+00
1.000153794794920392e+00
1.005462509115788272e+00
1.002002422010375593e+00
9.979574174096846884e-01
9.994879693121226927e-01
1.003694025888170804e+00
9.994274967634666496e-01
9.955465051356181538e-01
9.947986760511662307e-01
1.005848655928057944e+00
1.003257038917716004e+00
9.982631159500883200e-01
1.004306435360638572e+00
1.003511798924045184e+00
9.952657684010112193e-01
1.001647723667974610e+00
1.004818362180335933e+00
9.988478586530691317e-01
9.979202469238471762e-01
9.983750345182763608e-01
9.963415685796491728e-01
9.949133907915110875e-01
9.961123504380932081e-01
9.975421313858316985e-01
9.983971792513530730e-01
9.977292498987849756e-01
9.959959633635911969e-01
9.974982503895334363e-01
9.967059530604267525e-01
