0.000000000000000000e+00
0.000000000000000000e+00
0.000000000000000000e+00
0.000000000000000000e+00
0.000000000000000000e+00
0.000000000000000000e+00
0.000000000000000000e+00
0.000000000000000000e+00
0.000000000000000000e+00
0.000000000000000000e+00
0.000000000000000000e+00
0.000000000000000000e+00
0.000000000000000000e+00
0.000000000000000000e+00
0.000000000000000000e+00
0.000000000000000000e+00
0.000000000000000000e+00
0.000000000000000000e+00
0.000000000000000000e+00
0.000000000000000000e+00
0.000000000000000000e+00
0.000000000000000000e+00
0.000000000000000000e+00
0.000000000000000000e+00
0.000000000000000000e+00
0.000000000000000000e+00
1.520870114080086037e-02
3.618978805229072782e-01
1.393820980791450337e+00
1.909981470847659679e+00
1.480389752899181843e+00
8.967842940415809982e-01
4.879010356269973259e-01
3.253725333588148860e-01
2.994939719994116900e-01
2.494887163783955641e-01
2.785975687521748956e-01
2.667862662458678757e-01
2.639168781755835136e-01
2.395995867610248575e-01
2.209953538901066050e-01
2.690033495348521098e-01
3.278243038424175637e-01
4.152352816013801240e-01
5.346632197821957755e-01
7.039290452614923588e-01
8.345239914426254568e-01
1.030245986882945219e+00
1.174943282177120407e+00
1.285701745170779509e+00
1.415647609023600317e+00
1.491588299276842777e+00
1.510876816636515185e+00
1.560813986754266081e+00
1.488330602183292051e+00
1.416326237281318789e+00
1.316445625891370153e+00
1.203212053612739085e+00
1.076207714256433023e+00
9.609497747121820144e-01
9.496910932075632861e-01
8.991135952723292579e-01
9.074874874267938596e-01
8.897267750987249979e-01
8.856205587640266774e-01
8.875726379269226474e-01
9.152748267323773668e-01
9.208846148838156775e-01
9.336041945135006292e-01
9.537846962278710983e-01
9.645279904669299409e-01
1.015958242740317097e+00
1.019750632947342028e+00
1.020861131847335290e+00
1.030445732285292459e+00
1.025465195043094857e+00
1.007729018356632311e+00
1.015680576505747057e+00
1.027669240948331231e+00
1.005253305637235695e+00
1.040699731989254584e+00
1.005669447974155251e+00
1.000368024156738089e+00
9.947433137274855897e-01
9.738630960593565034e-01
9.848228647426846560e-01
9.806534941768633162e-01
9.733645290087705737e-01
9.977753757201165419e-01
9.777704088433324392e-01
9.844844757073764052e-01
9.847724058911635492e-01
9.924641776623770451e-01
9.918142471213649003e-01
9.829704896465257802e-01
1.019002257593747185e+00
1.001433760601819989e+00
9.956744380487513313e-01
9.995745024873207152e-01
9.851805359385659155e-01
9.993158699757138663e-01
1.005836765011820955e+00
9.946941827461458496e-01
1.001678358258870860e+00
9.970880013255378760e-01
9.986688207639473625e-01
1.003487410905724797e+00
9.920682111971065309e-01
9.945644673240202627e-01
9.816043620966433680e-01
9.815235938608009025e-01
9.913831311035504745e-01
9.927735875127117193e-01
9.728694632017858002e-01
9.952109463382513566e-01
9.930156089063955083e-01
9.972907012609220079e-01
1.000696775210947909e+00
1.002990567966315361e+00
9.957178500659621401e-01
1.007857657580305100e+00
1.005038376019917523e+00
1.008449230502030503e+00
1.001682422435950182e+00
1.009861161280252384e+00
1.010362621636999858e+00
1.001752525787463544e+00
1.004252071254129630e+00
9.899359253440582762e-01
9.993875961377413075e-01
1.005807978784789558e+00
1.012806173121528541e+00
9.973861638509942118e-01
1.000255430227795506e+00
9.976152956897356150e-01
9.976345605253222892e-01
1.004246409730381373e+00
1.003957952019902233e+00
9.950116048098202048e-01
9.964064494495467050e-01
1.000366435810879251e+00
9.974468060449339646e-01
1.001907499537564528e+00
1.006666127575973180e+00
9.976091622709453155e-01
1.002832741365603741e+00
9.943213932791425957e-01
1.003285058849447520e+00
1.003925742756075712e+00
1.000994674270797358e+00
1.003859004640854202e+00
9.993473311059507536e-01
1.009105503360931744e+00
1.001553748878277528e+00
1.001971253837734777e+00
1.000417790679058561e+00
9.983041948899140650e-01
1.004237176684000588e+00
1.002819619893729364e+00
1.003904001900771226e+00
1.004183859915845245e+00
9.989791111071733010e-01
9.978711100680954793e-01
1.008452915582404463e+00
9.961800529594162512e-01
1.010915772065961615e+00
1.008875257782443358e+00
1.011546455250896814e+00
1.002256152679723122e+00
1.000503302154529761e+00
9.965867597306770076e-01
1.009989076162270516e+00
9.947457860637577420e-01
1.006975591352980093e+00
9.950289412451285287e-01
1.003034381635830696e+00
9.982155411611864926e-01
1.003887663940485009e+00
1.009349426070994094e+00
1.004619843422901448e+00
1.008518484911592017e+00
1.005542246211416524e+00
1.000425772325175711e+00
1.001526786849469275e+00
1.001152765889000262e+00
9.972557790750309348e-01
1.004516877689780596e+00
9.996983620611165078e-01
9.986641915871363739e-01
1.001537346068257950e+00
1.006741966855560833e+00
1.001407017950341816e+00
9.965066324839614298e-01
9.954694246914411737e-01
9.999243764111291899e-01
9.886731290795177651e-01
9.935397123554789989e-01
9.936362026026236416e-01
9.895123144149596817e-01
9.951329410487976812e-01
9.863936783473481462e-01
1.000222286244180525e+00
9.968149893090212377e-01
9.934906791246067570e-01
9.911413713017224181e-01
9.950666078289412964e-01
1.001452710938527613e+00
9.919939900934005017e-01
1.003048778371673944e+00
1.001603258933798868e+00
9.966595229719481530e-01
1.006972140521497749e+00
9.935253487297274200e-01
9.964695385372243086e-01
9.951659764678613129e-01
9.969631032273956750e-01
9.940556935963055230e-01
1.001800114748858439e+00
9.959513939500078683e-01
9.973172509291077237e-01
9.997845406071504959e-01
9.940840717219803224e-01
1.000838283456836120e+00
9.952167358677179720e-01
1.000252143956221307e+00
9.990938294443425516e-01
9.947027137325981094e-01
9.898985663281598679e-01
9.905360181110903772e-01
9.999973237594151909e-01
9.983256997374847508e-01
9.946898321502412044e-01
9.988599797384418721e-01
9.869800191494410013e-01
9.973734095043387260e-01
9.941935275874865807e-01
9.953285481090126119e-01
9.903139458770222614e-01
9.940332718592247430e-01
9.990178055151528458e-01
9.941206249693137487e-01
9.985305158540145332e-01
9.966696015341427461e-01
1.003148759029060422e+00
9.933293759843470072e-01
9.989333418337106307e-01
9.985248029562715510e-01
9.983844964610547601e-01
9.991546529477166594e-01
9.999018593945969702e-01
9.943602402822228070e-01
1.001498183768731121e+00
9.995602386020339125e-01
9.940998921611848838e-01
9.984449125348410226e-01
9.938455404885344624e-01
9.949088722632986048e-01
1.000949871990603812e+00
1.002641751787550328e+00
9.971895075520181839e-01
9.978808905272837926e-01
9.962285474682116559e-01
9.967232172905782228e-01
9.936818005062273418e-01
9.938831730173709467e-01
9.930304794617323960e-01
9.964113003153746151e-01
9.958047648842160982e-01
9.959482130582308912e-01
9.971743145602567360e-01
9.913479428071731991e-01
1.000369967784831449e+00
9.964936196927248746e-01
9.959850022752384513e-01
1.000587232227589940e+00
1.000839387075676212e+00
9.930280826651163295e-01
1.000309906195554044e+00
9.981400705561208619e-01
9.948903098424477509e-01
