0.000000000000000000e+00
0.000000000000000000e+00
0.000000000000000000e+00
0.000000000000000000e+00
0.000000000000000000e+00
0.000000000000000000e+00
0.000000000000000000e+00
0.000000000000000000e+00
0.000000000000000000e+00
0.000000000000000000e+00
0.000000000000000000e+00
0.000000000000000000e+00
0.000000000000000000e+00
0.000000000000000000e+00
0.000000000000000000e+00
0.000000000000000000e+00
0.000000000000000000e+00
0.000000000000000000e+00
0.000000000000000000e+00
0.000000000000000000e+00
0.000000000000000000e+00
0.000000000000000000e+00
0.000000000000000000e+00
0.000000000000000000e+00
0.000000000000000000e+00
0.000000000000000000e+00
1.806795472268558564e-02
4.379929386455070350e-01
1.496358954997985213e+00
1.999036776891685907e+00
1.626746935472719979e+00
9.617746420521914308e-01
5.329976125025144285e-01
3.868032981172376261e-01
2.973760220249407893e-01
2.713208767877856586e-01
2.847305818995400917e-01
2.687984957771902272e-01
2.604237793332437878e-01
2.371324846556285559e-01
2.548830153909381058e-01
2.621369020613848466e-01
3.109544476567577820e-01
3.981164599314682140e-01
5.487163851321891217e-01
7.068068935092290950e-01
8.589680677187782054e-01
1.045480914398207783e+00
1.173451693523317241e+00
1.285154089542371203e+00
1.414673786054613025e+00
1.483908119827737293e+00
1.581056726897277276e+00
1.518539207672220837e+00
1.494130288948851470e+00
1.407383862985518430e+00
1.316792000026360654e+00
1.165339793832316229e+00
1.096567571090435900e+00
9.875775422309183149e-01
9.676084755271261439e-01
9.208591041111864328e-01
9.022283472628149781e-01
8.905991659087102441e-01
8.855127169864670522e-01
8.933957099289248083e-01
9.209469610115293969e-01
9.118919588194027703e-01
9.351368845282840292e-01
9.681522925884730180e-01
9.605007357118771072e-01
1.007764707823144645e+00
9.844765756070797957e-01
1.021044716159583032e+00
1.030519623175411903e+00
1.019102400490200289e+00
1.049238259871824175e+00
1.045242587930769851e+00
1.019432468135987424e+00
1.026706227232035751e+00
1.005788454357769313e+00
9.949329316318025196e-01
9.987295634197984606e-01
9.911399483055405302e-01
9.730581298456916217e-01
9.814926892557852556e-01
9.854411533875402363e-01
9.727285354365248216e-01
9.703124610652356097e-01
9.744310828345920106e-01
9.773978281627950793e-01
9.816780341102533392e-01
9.837503831379708075e-01
9.745853247318682078e-01
9.881717608957991672e-01
9.942412558322374361e-01
1.009243560064709611e+00
1.014993609317320633e+00
9.926307910415311797e-01
1.004822529539862064e+00
1.001589106072195534e+00
1.000491566738552773e+00
1.003187282290258997e+00
9.936842767132360033e-01
9.956128692793758672e-01
9.808486467343382476e-01
9.936062437355270838e-01
9.801768954637865017e-01
9.837510660828497899e-01
1.009980821761188308e+00
9.985660133225602308e-01
9.969050486735356875e-01
1.008601544502577330e+00
9.877965580294405523e-01
1.001081867904287659e+00
9.919828201013630720e-01
1.003616669038077891e+00
1.001989854366693411e+00
9.951856540173835697e-01
1.004275927313606154e+00
1.014124529406673636e+00
9.951925605750607806e-01
1.006827530772392398e+00
9.939604644388669863e-01
1.002746936896042218e+00
9.912830972137901542e-01
1.000839735877058212e+00
9.921451853326456183e-01
9.983218451135862370e-01
9.851935589058008480e-01
9.841140194574690137e-01
1.006590472418465776e+00
9.817533171537256020e-01
9.949065245044875772e-01
9.846715807329803338e-01
9.870699664321698208e-01
9.799370263368727407e-01
9.866481334830777827e-01
9.841854923526542898e-01
9.862563820080958443e-01
9.849546485977622723e-01
9.867933173837214467e-01
9.979230476066075495e-01
9.901607177588001019e-01
9.980621757597754051e-01
9.954636326359119769e-01
9.850631109051147805e-01
9.869779604350440438e-01
1.005984888286319601e+00
9.983691313284194235e-01
9.879471167121256503e-01
9.976739941400623035e-01
9.904912066345961108e-01
1.001579607450848508e+00
1.000855248838999234e+00
9.962549491696532922e-01
9.971166472037029660e-01
9.943761158374208042e-01
9.999994610898865766e-01
9.903086827999668662e-01
9.902961252301266670e-01
9.915906979998320159e-01
9.919438478533485481e-01
1.000159106756955074e+00
9.911459413064871438e-01
9.875438282607679197e-01
9.933763731620813831e-01
9.941672421131237947e-01
9.935521147182005963e-01
9.905808481389722919e-01
9.973290005523962609e-01
9.894790195278105882e-01
9.906092736924846376e-01
9.901390885169895073e-01
9.941767405466453988e-01
9.946322322630634094e-01
9.964071501490137095e-01
9.949204990326007136e-01
9.983514239439458260e-01
9.975608278354333169e-01
1.004700721089859750e+00
9.869291220018208133e-01
9.875330265107390426e-01
9.989147597420477975e-01
9.948651581735670213e-01
9.933289749165256088e-01
9.976633713881178922e-01
9.887218066887042411e-01
9.920370099008685161e-01
9.956737192189671903e-01
9.969159270383466387e-01
9.927964444183648984e-01
9.977742934085024329e-01
9.955327975724903578e-01
1.001317385301512042e+00
9.995925462205802470e-01
9.931806539913439202e-01
1.008130130648110079e+00
9.944725981776771917e-01
9.981036008906527535e-01
1.004719650499188210e+00
1.001878114708113277e+00
9.980989057280212906e-01
1.000360996914717582e+00
1.003872716738305249e+00
9.968466677284759658e-01
9.960019685403073142e-01
9.990516894303458351e-01
9.968044106836918550e-01
9.979934599818629515e-01
9.993561409134551488e-01
9.967665356479437078e-01
9.984705158771932654e-01
9.994981722591904649e-01
1.005645475839268999e+00
9.937165825556282250e-01
1.001328954211774702e+00
9.976627316873123430e-01
1.000386642013100458e+00
9.996927105295947413e-01
1.001209261327234090e+00
1.001105865168987252e+00
9.997901757518167232e-01
1.001118598557943162e+00
1.002423485684445614e+00
1.004138735064795895e+00
9.965936070568720551e-01
9.987299571409414822e-01
1.000841983143703429e+00
1.000508121771751302e+00
1.003096458392779722e+00
9.998452775531594394e-01
1.000640614248715643e+00
9.988867471669976572e-01
9.968955767681267899e-01
1.004439783117666574e+00
9.964531239494659465e-01
1.004786592576653703e+00
9.963666444071009876e-01
1.002571553856127506e+00
1.002750072885210342e+00
1.002479005504439247e+00
1.000361130839552359e+00
1.004518316651439314e+00
9.980275659045643177e-01
1.000839837211053185e+00
9.973304392478562486e-01
9.981298624822809717e-01
9.942551225258102754e-01
9.974270394168603948e-01
9.997716769982433194e-01
9.982674440832796092e-01
9.982641051259942833e-01
9.988533320443786501e-01
9.985672586652594163e-01
9.936920458361863107e-01
1.005541008324795982e+00
9.974439765310552097e-01
9.940795173178390565e-01
1.001349437874564430e+00
9.985087142770128210e-01
1.000243194976918826e+00
1.003579745954908953e+00
1.002941173656071161e+00
9.961260204339777991e-01
1.000650406862020780e+00
1.004383079707890314e+00
9.976810770827325703e-01
9.989903181459135473e-01
9.967031840712768931e-01
9.950979557450806423e-01
1.001888496867219258e+00
9.961766474149514883e-01
9.999499997289960085e-01
1.002906341491158981e+00
9.946270006531258145e-01
9.942159363613173317e-01
9.959965839726759862e-01
9.989057574256925420e-01
9.956863624694366477e-01
