0.000000000000000000e+00
0.000000000000000000e+00
0.000000000000000000e+00
0.000000000000000000e+00
0.000000000000000000e+00
0.000000000000000000e+00
0.000000000000000000e+00
0.000000000000000000e+00
0.000000000000000000e+00
0.000000000000000000e+00
0.000000000000000000e+00
0.000000000000000000e+00
0.000000000000000000e+00
0.000000000000000000e+00
0.000000000000000000e+00
0.000000000000000000e+00
0.000000000000000000e+00
0.000000000000000000e+00
0.000000000000000000e+00
0.000000000000000000e+00
0.000000000000000000e+00
0.000000000000000000e+00
0.000000000000000000e+00
0.000000000000000000e+00
0.000000000000000000e+00
0.000000000000000000e+00
1.806451732838187940e-02
3.805222630581092669e-01
1.422914599418381831e+00
1.868993146295105046e+00
1.463506602127634837e+00
8.539256994118555877e-01
5.360569237056975744e-01
3.325875501866950579e-01
2.636606414998493020e-01
2.516658159937898431e-01
2.601180599615162126e-01
2.459560620457141855e-01
2.374000370651372094e-01
2.319519041355096456e-01
2.181969729499006749e-01
2.597608147586764060e-01
3.197674496112994924e-01
4.075682894281655866e-01
5.384962216480315700e-01
6.689359238245218275e-01
8.643632568173655883e-01
1.036699573537143371e+00
1.141435176285071851e+00
1.255750455392605991e+00
1.337950341790214992e+00
1.488409262420012924e+00
1.474887682023302782e+00
1.515217540473048574e+00
1.470915665471546285e+00
1.366144774401812256e+00
1.269477321148562599e+00
1.127149256550896927e+00
1.049335903085630184e+00
9.734322869501748077e-01
9.156143716021930556e-01
8.864341177715980846e-01
8.912874045694365588e-01
8.804937474883214321e-01
8.537248123673502054e-01
8.680118433802326283e-01
8.880056866150128903e-01
9.155289023341194321e-01
9.042205991903986551e-01
9.596736038400337510e-01
9.533319171835479278e-01
9.747883287932883611e-01
9.820025994514964829e-01
9.952643103005244241e-01
9.921857159705818052e-01
1.015862804054332491e+00
1.024507068405395405e+00
1.058273541454087807e+00
1.030074569417544827e+00
1.016685299961682221e+00
1.007245793768879905e+00
1.015955462538690401e+00
9.862761020401087375e-01
9.792672194650632322e-01
9.706285632523354856e-01
9.788396807326580351e-01
9.790065956055082896e-01
9.582400831458532942e-01
9.882021299120992142e-01
9.667431653246446599e-01
9.977572992068138857e-01
9.912216418728228007e-01
9.884798719857998961e-01
9.959395193866773521e-01
1.000022314952159652e+00
1.000275453738285636e+00
1.008477902697054507e+00
1.014940994682222986e+00
1.015842101720677348e+00
9.845994394715186226e-01
1.004439707912385682e+00
1.007171692924928585e+00
1.007826776228297083e+00
1.026595115159147698e+00
9.964629667586715200e-01
1.000880022564946126e+00
9.931817213944548195e-01
9.925869936151818784e-01
9.871374113908212289e-01
9.815533528355737669e-01
9.874385266503126202e-01
9.941909714507420892e-01
9.962220059325727073e-01
9.892155107021720628e-01
9.843380726849525475e-01
9.907929928731920022e-01
1.002195742993736927e+00
9.967691924589012764e-01
9.964704608975896161e-01
1.002214451954700491e+00
9.888684265481230140e-01
9.880372545728676181e-01
1.008727394362272989e+00
1.003184151958085302e+00
1.001996127073142340e+00
9.911369036119892506e-01
9.963512929433230303e-01
1.001362950396374130e+00
9.898013444015850704e-01
1.003362010334340804e+00
9.950231227279966451e-01
9.944667595260456849e-01
9.966663938316203675e-01
9.935557615696690714e-01
9.996551470361817460e-01
9.980475671667625726e-01
9.976698027739422381e-01
9.933476358117968585e-01
9.922832348485151055e-01
9.888481468810044195e-01
1.003845606342971264e+00
9.821366250520422447e-01
9.952340112538603512e-01
9.948364331099353031e-01
1.002701278037820609e+00
9.880826861567121311e-01
9.954540567266830786e-01
9.931435090542108934e-01
1.004218921173562817e+00
9.972530170403272054e-01
9.938027559700238767e-01
9.953603961581218851e-01
1.002103708039872698e+00
9.939640147159636285e-01
9.964687091488337867e-01
1.008022948382656603e+00
9.899474229857835317e-01
9.888301239513818119e-01
9.848180553976030316e-01
9.945561600766804622e-01
9.901595667896715414e-01
9.999274314816574138e-01
1.006877128612837957e+00
9.914259292102701737e-01
9.848129385194602792e-01
9.924268150357485885e-01
9.964873311409583323e-01
1.003617285050975250e+00
9.889180421712164826e-01
9.931814440766596475e-01
9.988160900320961488e-01
1.007612233798439672e+00
9.894334208307259404e-01
9.951636686350138206e-01
9.995357032572704803e-01
9.960906904691932962e-01
9.910302920036768715e-01
9.910222224613722819e-01
9.923353180134842910e-01
9.931846759599822771e-01
1.002931417901667288e+00
9.975251976497107043e-01
9.906331597312844073e-01
9.996171094263311963e-01
9.949505184061185892e-01
9.952746123808539069e-01
9.969744182714601610e-01
9.991892409400672248e-01
9.909462206227671599e-01
1.001174369711741230e+00
1.004141589650946020e+00
9.993811806731932590e-01
1.002179556150513795e+00
1.002566242085855652e+00
1.001038630224887260e+00
1.000450644815313650e+00
9.969519794613392882e-01
9.943286517516162215e-01
9.985540581479002142e-01
9.938032063284715223e-01
9.963394585493952071e-01
1.002920972816257583e+00
1.002745411956126764e+00
1.000219053631463240e+00
9.948838089686379282e-01
1.005669957626383448e+00
1.002718275863759612e+00
9.958529089617393915e-01
9.983044167250137990e-01
9.968755315933749417e-01
1.002782796742353488e+00
1.001547845004503001e+00
1.006369369932319957e+00
1.005270320635916814e+00
9.935679117949075545e-01
1.013355806963088801e+00
1.007378295065342266e+00
1.002596860491655084e+00
1.008686191360631756e+00
1.005462087747361233e+00
9.988076037217898939e-01
1.003977725189564074e+00
1.009082200176240507e+00
1.006555985620936289e+00
9.992120077548097834e-01
9.990889561852344114e-01
1.007649866837542429e+00
1.001339655661083849e+00
9.974286997023319445e-01
9.988978435141561141e-01
9.987832476139635318e-01
1.001661097320607263e+00
9.951137849189967133e-01
1.002860804854359467e+00
1.005631100194221306e+00
9.980720696580208662e-01
1.003737109115368842e+00
1.001067629918951818e+00
1.003431915424579657e+00
1.002380816509195860e+00
9.949512986765300937e-01
1.004291923488795701e+00
1.004780994996812948e+00
9.944616520163712670e-01
9.954584581901632090e-01
9.991869612943232726e-01
1.002371745166508621e+00
1.003946403247665931e+00
1.002976217199539111e+00
9.945770088160640343e-01
9.911002523739037562e-01
9.968951443908764531e-01
1.001959863567949194e+00
9.978112357528912124e-01
9.945112000922777806e-01
9.951907847420189412e-01
9.948653665733053764e-01
1.002068024487753561e+00
1.002924036739500924e+00
9.985708316341470603e-01
9.901317764719835823e-01
9.993791157841200867e-01
1.001237472721886457e+00
1.000047897732410762e+00
9.957551592487093872e-01
9.988969938232948875e-01
9.999516873366564029e-01
9.917148521418538420e-01
9.996616721209049539e-01
1.001009361936096242e+00
1.000621523392127177e+00
1.000040109176737912e+00
9.993863080830055479e-01
9.971352511560829246e-01
9.963614993504424922e-01
9.997692203512057452e-01
9.994332854053213921e-01
9.981657203485062579e-01
9.931885808090570311e-01
9.994545445662451622e-01
