0.000000000000000000e+00
0.000000000000000000e+00
0.000000000000000000e+00
0.000000000000000000e+00
0.000000000000000000e+00
0.000000000000000000e+00
0.000000000000000000e+00
0.000000000000000000e+00
0.000000000000000000e+00
0.000000000000000000e+00
0.000000000000000000e+00
0.000000000000000000e+00
0.000000000000000000e+00
0.000000000000000000e+00
0.000000000000000000e+00
0.000000000000000000e+00
0.000000000000000000e+00
0.000000000000000000e+00
0.000000000000000000e+00
0.000000000000000000e+00
0.000000000000000000e+00
0.000000000000000000e+00
0.000000000000000000e+00
0.000000000000000000e+00
0.000000000000000000e+00
0.000000000000000000e+00
2.376964901211835526e-02
3.955403686188264656e-01
1.519125778676244432e+00
2.110721891059904820e+00
1.586279577720655531e+00
9.643055172510338613e-01
5.569304520388507207e-01
3.587744369768413599e-01
3.175220404949859465e-01
2.818722036419981092e-01
2.781673356020618604e-01
2.910705355507079983e-01
2.752462283451667657e-01
2.614868569645275587e-01
2.409992202997098820e-01
2.795400889321675297e-01
3.389982689030822671e-01
4.361610426570883825e-01
5.503106249092496460e-01
6.750796163621993751e-01
8.498686856137123158e-01
9.917385830702094562e-01
1.167294083755755274e+00
1.267770316852766088e+00
1.399512569621280234e+00
1.468805745046747324e+00
1.550024417451574710e+00
1.544414329110006756e+00
1.472298408342157749e+00
1.407365293114246629e+00
1.275363558135733877e+00
1.193016297278474802e+00
1.062433161784995361e+00
1.001747318099542872e+00
9.444599999111082944e-01
9.293560309028285893e-01
8.844701204000036121e-01
8.935966997708710835e-01
8.927480230942507200e-01
8.906003449023313090e-01
9.200379567491470123e-01
8.921006464319646279e-01
9.406729263252237017e-01
9.540276609850240064e-01
9.532195159928865680e-01
9.825173027953503224e-01
9.985405103244926472e-01
1.010861764747739810e+00
1.006285000345475300e+00
1.017526231143629500e+00
1.042102515758081438e+00
1.038953035414716730e+00
1.046461092821174388e+00
1.020829215393635803e+00
1.000055805353877725e+00
9.949676151695173720e-01
9.942457120292190753e-01
9.806306031406413215e-01
9.775714398909091107e-01
9.925640964681649026e-01
9.741206038473599893e-01
9.659373136645165170e-01
9.757772219642717459e-01
9.874395485827099916e-01
9.937852371673165930e-01
9.937967509462557469e-01
1.010354891839389202e+00
9.981011837759956595e-01
1.007522873223121396e+00
1.011500772958295435e+00
1.011871397446357568e+00
9.965602751808750881e-01
1.011460653843493596e+00
1.008431644934572713e+00
1.009223008352409412e+00
1.009657936840643755e+00
9.913882826335704834e-01
1.006982774582178219e+00
9.897595073211206129e-01
9.954434866567726248e-01
9.930868405715703728e-01
1.000295090439043744e+00
9.891454640771124573e-01
9.885931761329199707e-01
9.835236668680715777e-01
9.826120145548935536e-01
9.835293922767811559e-01
9.842620302704120361e-01
9.955663329769939285e-01
9.918169324939815068e-01
9.909518511547790176e-01
9.998876198227756307e-01
1.003483837146714519e+00
9.953168368831127877e-01
9.983648300281325882e-01
9.966545828556435671e-01
9.963353641710965825e-01
1.003863970621326818e+00
9.913782091412121078e-01
9.816203731543883260e-01
9.886960131238848870e-01
1.001878935329843179e+00
9.900667773750014833e-01
9.831971579726360710e-01
9.924581362737460166e-01
9.849127746014150198e-01
9.802198524555749692e-01
9.935037012165510717e-01
9.915203878574389007e-01
9.897781448054098208e-01
9.884104100554056416e-01
9.873308141521380810e-01
9.863532892247555139e-01
9.877385407832952602e-01
9.877329400251462221e-01
9.898633631818337664e-01
9.916396033281048572e-01
9.934325053683513707e-01
9.924585443974347498e-01
9.830586100060276777e-01
1.000610706551337215e+00
9.934119199402822176e-01
9.967323323743487729e-01
9.893286035790916921e-01
9.944152700055246541e-01
9.866261049356754853e-01
9.929672023407661863e-01
9.868734305404228691e-01
9.795389010937922691e-01
9.858979731333445962e-01
9.850080956637718987e-01
9.876146040067982357e-01
9.973868104240682930e-01
9.988575521440065108e-01
9.896379948174560681e-01
9.997200329701125820e-01
9.899066398670703926e-01
9.940216766683780403e-01
9.930777412474194321e-01
1.000860668452231206e+00
9.931379892590510572e-01
9.962382828173786953e-01
9.941856219192304334e-01
9.927394585569314645e-01
9.898575060439821494e-01
9.976685107330279800e-01
9.985448992361812826e-01
9.995123222610454716e-01
9.901947068365659632e-01
9.927531368509654452e-01
9.975909648951094555e-01
1.000413116840103811e+00
9.901785406117262767e-01
9.997773905099465175e-01
9.951045161796026051e-01
9.955210811458988784e-01
9.931220321693919884e-01
9.913704413799627746e-01
9.944437677662204544e-01
9.974710054470519172e-01
9.890107962419553145e-01
9.882145676649644050e-01
9.898038537207237697e-01
9.999701214860635679e-01
9.950011450011415626e-01
9.963996959154360900e-01
9.902190874239772400e-01
9.887318487362827257e-01
1.002879800643127872e+00
9.907420229960168800e-01
9.900399669784721857e-01
9.906708542418135588e-01
9.955095624361067763e-01
9.976179083454910224e-01
9.995351039022893902e-01
9.928787701151474687e-01
9.915810304682679543e-01
9.905994079810298558e-01
9.910585334504142807e-01
9.922524566230818133e-01
9.901195966993718844e-01
9.948987589610139848e-01
9.942721576258570781e-01
9.926232144870148488e-01
9.927088043160121611e-01
9.916437194046616721e-01
9.982443916255117067e-01
9.945552173453828804e-01
9.974658790419381749e-01
9.957072650912557332e-01
9.873993439408278450e-01
9.889558105187803427e-01
9.918551649270498372e-01
9.904058003835130020e-01
9.952322007668736870e-01
9.873414446352709595e-01
9.984090129964275917e-01
9.847891288536101406e-01
9.940942889674381222e-01
9.969451725965853273e-01
9.963358340072828723e-01
9.929634022783019320e-01
9.950216631963046954e-01
9.909335326326597082e-01
9.902722312842772157e-01
9.883642561971193174e-01
9.864771037165190881e-01
9.952658769492719326e-01
9.996675662681391294e-01
9.944106645700562241e-01
9.974326199857042052e-01
9.964499707329662614e-01
9.919268551662014932e-01
9.869554317841955360e-01
9.850570215539479202e-01
9.935295025362709254e-01
9.878278257009935892e-01
9.961288460320149030e-01
9.882764866711899465e-01
9.883963178451579124e-01
9.891740394809620529e-01
9.951940374216420304e-01
9.914286948199346750e-01
9.852994689582103005e-01
9.863236760869062980e-01
9.887362531301778779e-01
9.956777280459692125e-01
9.844294428124306107e-01
9.935959068203805700e-01
9.894546319760111341e-01
9.843021952482992054e-01
9.939638286221414987e-01
9.908553611131183381e-01
9.974435291435744810e-01
1.000359004814934893e+00
9.874690242662039763e-01
9.968123737427991848e-01
9.900782925309611349e-01
9.900797438167604492e-01
9.955096424165214009e-01
9.921238441316136969e-01
9.893486757886668093e-01
9.895049962043404035e-01
9.940908833516040044e-01
9.945938770014766117e-01
9.937489295407248013e-01
9.932942478535085051e-01
9.892130813063810812e-01
9.975010752063644404e-01
9.894898191742409477e-01
9.885382407473719546e-01
9.941217185362181130e-01
9.920491730416037823e-01
9.946565126142430380e-01
