0.000000000000000000e+00
0.000000000000000000e+00
0.000000000000000000e+00
0.000000000000000000e+00
0.000000000000000000e+00
0.000000000000000000e+00
0.000000000000000000e+00
0.000000000000000000e+00
0.000000000000000000e+00
0.000000000000000000e+00
0.000000000000000000e+00
0.000000000000000000e+00
0.000000000000000000e+00
0.000000000000000000e+00
0.000000000000000000e+00
0.000000000000000000e+00
0.000000000000000000e+00
0.000000000000000000e+00
0.000000000000000000e+00
0.000000000000000000e+00
0.000000000000000000e+00
0.000000000000000000e+00
0.000000000000000000e+00
0.000000000000000000e+00
0.000000000000000000e+00
0.000000000000000000e+00
1.426154251973395237e-02
3.875875354519131011e-01
1.353872751654058515e+00
1.903529755930194245e+00
1.458490634683134335e+00
8.714263971639860662e-01
4.816954119675724844e-01
3.421090050731744880e-01
2.816136130816366823e-01
2.447795183135812735e-01
2.505968650577887757e-01
2.587776439685277041e-01
2.531680891996500593e-01
2.118392037897072755e-01
2.405879621031765669e-01
2.512327903712479604e-01
2.953706957147622658e-01
3.976901179072578341e-01
5.074774222528695145e-01
6.463622224925162918e-01
8.344133125809836127e-01
9.455535424691908775e-01
1.130370762786021110e+00
1.234773831892430396e+00
1.359166321024799062e+00
1.422707846955621358e+00
1.503483121480446272e+00
1.485364925718478668e+00
1.478792376807421816e+00
1.336887171224997228e+00
1.252123027762553242e+00
1.129781215030494668e+00
1.039976257750028221e+00
9.621209962928439774e-01
9.225519681903564528e-01
8.814958841090084762e-01
8.685571870330931477e-01
8.828171868776404363e-01
8.710643023979632860e-01
8.834253843297062980e-01
9.136801744128005831e-01
9.211032531512404198e-01
9.174604194278821456e-01
9.394956884750732540e-01
9.837001372241617192e-01
9.801491901869187062e-01
9.841678651366558839e-01
9.989781553647180123e-01
1.017937589428866474e+00
1.028754394566770980e+00
1.043111384839340738e+00
1.032264519958942195e+00
1.031055703638919407e+00
1.006231540278789360e+00
1.006839373284626582e+00
1.001082751867826692e+00
9.940322841228004247e-01
9.877965575011374844e-01
9.876545732716113246e-01
9.533602192322034874e-01
9.687490706017362063e-01
9.619086421189634306e-01
9.691955817697401887e-01
9.630807616249418279e-01
9.590362933480973684e-01
9.959330020897825264e-01
9.774815350960806004e-01
1.012978400176336669e+00
9.990559652126681511e-01
9.992561397019158465e-01
1.008483663797859364e+00
9.992122725601783051e-01
9.978159163350681649e-01
1.004771998960791501e+00
1.000280365769600888e+00
9.893530178486180660e-01
1.003129272747534939e+00
9.928152167465689182e-01
9.886417085360358348e-01
9.933264521675287950e-01
9.824136373594860583e-01
9.759512221380313157e-01
9.880506118520343550e-01
9.636820565111304804e-01
9.887019885533556707e-01
9.882884050353646366e-01
9.717994890055089430e-01
9.893248319751810627e-01
9.889786579198015515e-01
9.844916593988600750e-01
9.842435135725993156e-01
1.001756584635090652e+00
9.841123357047324438e-01
9.990872163321321553e-01
9.977037190492659136e-01
9.875000927506102366e-01
9.890648850040655304e-01
9.951342426656399898e-01
9.995462810216549920e-01
9.989434995222504776e-01
9.936028883163828818e-01
1.001984821892205169e+00
9.883916023002224938e-01
1.000660134508237986e+00
9.994595219910036299e-01
9.948585984861004761e-01
9.978892110565786844e-01
9.928495561630134025e-01
9.870737388931773992e-01
9.878334243380816337e-01
9.881424292252943831e-01
9.804617919601814613e-01
9.955263308339203920e-01
9.925253676442978845e-01
9.893733663907617881e-01
9.974835181761287917e-01
9.839275389017591023e-01
9.927343312312302270e-01
9.949038387757319635e-01
9.914317950590719741e-01
9.919128638906776763e-01
9.928422571629668125e-01
9.924152375908719126e-01
9.857860112344074555e-01
9.878237666110258886e-01
9.959479465747380633e-01
9.866905975826197883e-01
1.005674123182550561e+00
9.997753752110764003e-01
9.856599804427176315e-01
9.916707054362469131e-01
9.887280975484621370e-01
9.926116854030517800e-01
1.000703866691258437e+00
9.946237922369675077e-01
9.796564443012818479e-01
9.951999338169881248e-01
9.939295309005494738e-01
9.967620404677399737e-01
9.896532444099053194e-01
9.983959231604586648e-01
9.954832187193503046e-01
1.003176159119311794e+00
9.936752046953255535e-01
9.940898940463112066e-01
9.996037240251250955e-01
9.984378499466601831e-01
1.002600625877006379e+00
9.974361922195223995e-01
9.986763235487063906e-01
1.006919451323065262e+00
1.001964182482697252e+00
9.970773979432648870e-01
9.958845621919448776e-01
9.932836671932668837e-01
9.967403472196970649e-01
9.953904207625637879e-01
9.928207760011870109e-01
1.000684262384240686e+00
9.959206866423495619e-01
9.881489559227061292e-01
9.953961619612129441e-01
1.000404731872976960e+00
9.875684580797958745e-01
9.945055096855119903e-01
9.905374404415514533e-01
9.946528988638406732e-01
1.005550294427614233e+00
9.942132696380644452e-01
9.894844131803121057e-01
9.960583928857622560e-01
9.988195616935870991e-01
9.929333099388734096e-01
9.988925195453559613e-01
1.000697163067452156e+00
9.938976975561659710e-01
9.934528373256313882e-01
1.001514735171677550e+00
9.978115052681569841e-01
9.966469008399106988e-01
9.966011441990231257e-01
9.978902661069855018e-01
9.935790833209621198e-01
1.000030569604116515e+00
9.909133583775885379e-01
9.945673374143423340e-01
9.965265284470961049e-01
9.967500707442424890e-01
9.924270450171203128e-01
9.994428998507993711e-01
9.946336153804559155e-01
9.995818503456309623e-01
9.945653989328341327e-01
1.000312083851295997e+00
9.963274352715864035e-01
9.954905820284916107e-01
9.932931456266750336e-01
1.000706601537181051e+00
9.953489899812086872e-01
9.998563088551567501e-01
9.952122164731794784e-01
9.950621311488314635e-01
9.942626611699958428e-01
9.907008516161874834e-01
9.928692916150156922e-01
9.913375314576090558e-01
9.928341673190456129e-01
9.950159470826953623e-01
9.855277510833435617e-01
9.991493549031859045e-01
9.964602605072243602e-01
1.000931288658177154e+00
1.001113272086654682e+00
9.941444003684953845e-01
9.920361392125225386e-01
9.938672355673117131e-01
9.984505387222563089e-01
9.990848004491726941e-01
9.912976675923858005e-01
9.972316214455755334e-01
9.912998986013532576e-01
9.965612402794123970e-01
9.975427705718723503e-01
9.948723185459922291e-01
1.000736463638812523e+00
9.965207860539589957e-01
9.967392705796185304e-01
9.984404026479315464e-01
9.959499177042279161e-01
9.944804350231140067e-01
9.909838040662430902e-01
9.991129369131410698e-01
9.949053686537959740e-01
1.001452220787701020e+00
9.902948754631111239e-01
9.986524459273666832e-01
9.992371980079945981e-01
9.982647780512728941e-01
9.954840485833064134e-01
9.951797990072884792e-01
9.954820133140327432e-01
9.957239059745637277e-01
9.957215467744677806e-01
1.004141011480970347e+00
9.989662960431587857e-01
9.986326242434379052e-01
9.975395427285828065e-01
1.005353746669230830e+00
1.002269304969438890e+00
9.995989753963945290e-01
9.944604475795149057e-01
9.987437387053911264e-01
1.004119451632333293e+00
9.938528962462118699e-01
