0.000000000000000000e+00
0.000000000000000000e+00
0.000000000000000000e+00
0.000000000000000000e+00
0.000000000000000000e+00
0.000000000000000000e+00
0.000000000000000000e+00
0.000000000000000000e+00
0.000000000000000000e+00
0.000000000000000000e+00
0.000000000000000000e+00
0.000000000000000000e+00
0.000000000000000000e+00
0.000000000000000000e+00
0.000000000000000000e+00
0.000000000000000000e+00
0.000000000000000000e+00
0.000000000000000000e+00
0.000000000000000000e+00
0.000000000000000000e+00
0.000000000000000000e+00
0.000000000000000000e+00
0.000000000000000000e+00
0.000000000000000000e+00
0.000000000000000000e+00
0.000000000000000000e+00
2.186572265516850341e-02
3.284044087610262230e-01
1.383340594436549109e+00
1.817434314954929908e+00
1.431086392645201766e+00
8.747119353415596654e-01
5.309548371167652769e-01
3.385085829727970674e-01
2.776616394025275825e-01
2.728356310354601577e-01
2.736270505966896249e-01
2.497334711060258117e-01
2.495417233843998106e-01
2.400627379222278202e-01
2.373098279854623238e-01
2.760209630996159902e-01
3.289814348439997760e-01
3.856575185488583246e-01
5.478912286466551818e-01
6.727493853502695131e-01
8.568792463560636063e-01
1.001693126546084889e+00
1.168303784360610553e+00
1.267088837366971532e+00
1.378679086126626041e+00
1.475192829599417665e+00
1.495353321927358481e+00
1.506691563287517299e+00
1.439995137061775399e+00
1.393991334775005697e+00
1.274807932873197602e+00
1.202581200388772142e+00
1.073244366997065713e+00
9.848543181762390297e-01
9.157192847918685930e-01
8.957151973406068945e-01
8.756576303855713173e-01
8.799224620887463599e-01
8.957012372817491075e-01
8.713621916314380211e-01
8.880815054213488935e-01
9.131067275052604515e-01
9.115434159520826585e-01
9.582100739047595406e-01
9.763570875516875969e-01
9.727467426635461045e-01
9.754410970199256514e-01
1.023977503551431800e+00
1.033845313352056872e+00
1.023858990200521513e+00
1.031493973400855468e+00
1.040286327000460753e+00
1.035621647244426402e+00
1.024099872250960219e+00
1.013136527642053641e+00
9.950615343903541632e-01
9.975721428776251898e-01
9.858877930507248255e-01
9.614758784803051350e-01
9.712672741674674981e-01
9.614333869219616746e-01
9.818796659508188807e-01
9.691932580217396120e-01
9.783309569259678318e-01
9.852814192231604817e-01
9.895427335515587508e-01
9.895667341630711711e-01
9.890578334739651423e-01
9.774327165596365941e-01
9.938215436562866101e-01
1.005309429932381704e+00
9.968744023673137278e-01
1.001717211378866157e+00
9.973300504566529057e-01
1.003098666603039923e+00
1.001383140346330691e+00
9.952853100793160879e-01
9.825657650863102166e-01
9.780358642772521982e-01
9.751200426928685605e-01
9.919791689948885827e-01
9.837785653410570097e-01
9.763909750038898272e-01
9.872059549218379360e-01
9.840739705018040073e-01
9.776189321436382640e-01
9.804164115101117183e-01
9.894945927734961622e-01
9.837454641784322273e-01
9.838521439941927405e-01
9.923702182315925491e-01
9.900592789617187472e-01
9.914885845526556496e-01
9.975474949644751455e-01
9.915437392955473994e-01
1.010794651658958987e+00
9.933804560456218624e-01
9.948692196492470163e-01
1.000145186701386191e+00
1.002583783416135521e+00
1.006906823800427953e+00
1.004235449070959962e+00
1.005770753702264653e+00
9.905365500216820607e-01
9.944292180448166540e-01
9.900966187598493340e-01
1.001221896721908200e+00
9.981546694908831618e-01
9.928530878180904518e-01
9.935264041754349185e-01
1.002996498925691649e+00
9.954178334568687392e-01
1.001040451388212293e+00
9.917837847044705946e-01
1.006804795938840869e+00
9.911240407437790223e-01
9.919931749382239206e-01
9.914773486867588526e-01
9.944621930166918089e-01
9.943699829188332728e-01
9.914810268948398564e-01
1.001437751785366093e+00
9.949597381626016368e-01
9.907157936177922730e-01
9.984646676704518331e-01
9.919889091724419794e-01
9.835868606639692757e-01
9.920379467268619633e-01
9.850557753602549038e-01
9.924466111574780092e-01
1.000740952881830292e+00
9.932952944717462485e-01
9.940900883046797087e-01
9.918474172776667874e-01
9.980849032972162194e-01
9.840222534939567778e-01
9.862600941316401748e-01
9.921412791626847971e-01
9.962278384321552327e-01
9.975838879125322745e-01
9.915136976764116206e-01
9.908001733337945538e-01
9.940550656958143660e-01
9.920050912337192717e-01
9.955389497571214275e-01
9.993544951926962572e-01
9.998734744524745421e-01
9.869168639085575956e-01
1.006467868284818934e+00
9.947056837123861017e-01
9.982122904552516163e-01
1.005264443077082737e+00
9.871381377802108670e-01
9.924996467816342705e-01
9.908576181805867078e-01
9.922925251237372235e-01
9.988488254338097061e-01
9.973909401967673283e-01
9.911198615583532989e-01
9.942589784871274095e-01
9.995391385796992267e-01
1.001193809917011013e+00
9.976084001608543916e-01
9.973151574215206594e-01
1.002547897851444159e+00
9.898288982202330111e-01
9.838240445972211701e-01
9.869847908468103448e-01
1.000336156549155309e+00
9.966623919821272493e-01
9.972307324274343188e-01
9.926525465842815921e-01
9.981814613556296845e-01
9.970407668896679176e-01
9.989790391820158044e-01
9.958963811752521433e-01
9.935910318311031997e-01
9.914278966881379107e-01
9.981045273092353787e-01
9.968414429411490696e-01
9.994704712653689205e-01
9.959081839064600761e-01
1.000554502736544560e+00
9.978712642324936155e-01
1.002065034292168866e+00
9.995674058896101277e-01
9.904628061362977798e-01
9.961033788825375268e-01
9.906249706854847181e-01
9.923219874938051799e-01
9.995294972918488119e-01
9.937752322170351205e-01
9.984054382644919068e-01
9.916157049630982545e-01
9.925158031258369817e-01
9.903924654760939417e-01
9.964672735080796206e-01
9.951759436863931718e-01
9.977496528405441767e-01
9.935683098546691516e-01
9.897210932042443954e-01
9.961590926766100695e-01
9.938275448719823268e-01
9.905099207366384606e-01
9.940991306085873447e-01
9.986858687334344564e-01
9.913734013973350967e-01
9.922073632424630585e-01
9.904655221020686184e-01
9.970244549495768105e-01
9.979340476182441133e-01
9.959165459362437911e-01
9.995790157811973442e-01
9.971392775145268006e-01
9.895684817642680375e-01
9.953573115455043308e-01
9.934439696559608235e-01
9.935216336291440298e-01
9.941120825333805699e-01
9.913142954906505322e-01
9.948805421239002023e-01
9.968744967714512351e-01
9.886728910173925300e-01
9.881859389289252560e-01
9.942510829463748756e-01
9.904876707343149844e-01
9.941776675815294784e-01
9.950149420733023220e-01
9.910354645420443864e-01
9.953827080283375039e-01
9.941113531706119444e-01
9.926786371916956897e-01
9.901891215186872097e-01
9.981392748507056378e-01
1.001343460739172020e+00
9.973807471514198886e-01
9.952903233572408803e-01
9.962801263508361815e-01
9.936571048298362685e-01
9.985282782097197884e-01
1.000186689275847973e+00
9.979107162584369695e-01
9.949091657310935588e-01
9.988653818916500837e-01
9.999528117655275272e-01
1.001142078650201217e+00
9.949227183658204687e-01
9.887584574387283665e-01
9.952758443977841596e-01
9.994734676723747713e-01
9.894885633630478017e-01
9.979078184134950735e-01
9.951963836112727169e-01
1.001327216719170021e+00
