0.000000000000000000e+00
0.000000000000000000e+00
0.000000000000000000e+00
0.000000000000000000e+00
0.000000000000000000e+00
0.000000000000000000e+00
0.000000000000000000e+00
0.000000000000000000e+00
0.000000000000000000e+00
0.000000000000000000e+00
0.000000000000000000e+00
0.000000000000000000e+00
0.000000000000000000e+00
0.000000000000000000e+00
0.000000000000000000e+00
0.000000000000000000e+00
0.000000000000000000e+00
0.000000000000000000e+00
0.000000000000000000e+00
0.000000000000000000e+00
5.702165259360661724e-05
2.960155554335041489e-02
9.456907068627399271e-01
3.270777943002209920e+00
3.377745599438783053e+00
1.944972723193488351e+00
9.011926463130515152e-01
4.262603755113053006e-01
2.214369310314478756e-01
1.377362604590460504e-01
1.789621093457596235e-01
6.329003788316446277e-01
1.375439255083332313e+00
1.675517634985906668e+00
1.445556393939881890e+00
1.093654763822867082e+00
8.211788124124960175e-01
6.969723889145261753e-01
6.673097762429848201e-01
7.135899249366743913e-01
7.883172324358740379e-01
8.798083713211181101e-01
9.668601147122821704e-01
1.048894692340942569e+00
1.118068960086742836e+00
1.166340831924395971e+00
1.199173581616662432e+00
1.211654974500259163e+00
1.203029207318951688e+00
1.174785839948906618e+00
1.141982444425079235e+00
1.102249513008862758e+00
1.070473259400875676e+00
1.033380487076933862e+00
1.007515586075447445e+00
9.890168170409946446e-01
9.729980489119898213e-01
9.572210621525781837e-01
9.474006593266387499e-01
9.406052418611958732e-01
9.341175146103500859e-01
9.346450559887050646e-01
9.365782547697355520e-01
9.422215875483060943e-01
9.488965738315845444e-01
9.558590904324411053e-01
9.704615026537680711e-01
9.799769143624780243e-01
9.920822280786006919e-01
9.967833991181677122e-01
1.007916446368412489e+00
1.014967904789539688e+00
1.020339810456152740e+00
1.022569974999765208e+00
1.022733032449969937e+00
1.022183948827917410e+00
1.020265432174310760e+00
1.015377439632209500e+00
1.014697807981689737e+00
1.009324290197064711e+00
1.006528954913807672e+00
1.004731572675175544e+00
1.004006849088801667e+00
1.000799144872504431e+00
9.997924053090099239e-01
1.000265227538249091e+00
9.977743218418846372e-01
9.960650998255283772e-01
9.982295464012884700e-01
9.998650872206163998e-01
9.982161594513345726e-01
9.972431585883464455e-01
9.951724855790949897e-01
9.984162223298947980e-01
9.972612450584873445e-01
9.963322729275361223e-01
9.956636862330344728e-01
9.971424335298373354e-01
9.979621735289438966e-01
1.001686436079922027e+00
9.977425170526875720e-01
9.987921228831515563e-01
9.993646565519933578e-01
9.989265763705100776e-01
9.998102401585508003e-01
1.000503673625848133e+00
1.000368337735753954e+00
1.001868224710469324e+00
1.002220825301245011e+00
9.996839122592203752e-01
1.000389656245012082e+00
1.003782887442384197e+00
1.000389057267549120e+00
1.002829402252854107e+00
1.000849372123005843e+00
1.001135512013666240e+00
1.001213173190866002e+00
9.998255354463239097e-01
1.000472937924251404e+00
9.992912428111755396e-01
1.001710757509003846e+00
1.000235675877581221e+00
1.001003774460719642e+00
9.997616405943884343e-01
9.998101642148955470e-01
9.985531210885226772e-01
9.989945763934454659e-01
9.992205059161921588e-01
9.977326367180145983e-01
9.994120849578356225e-01
1.000070211570546652e+00
1.000086895569462175e+00
1.001022615611290911e+00
9.986194851951794016e-01
1.001066476052562049e+00
9.987578438241324630e-01
1.000542272358119433e+00
1.000034470856765001e+00
1.000697696660187042e+00
9.993732640147161561e-01
1.002031235473872295e+00
1.000017722674254816e+00
1.001621441488803166e+00
1.000023507538918333e+00
9.999566400841869429e-01
9.999114782083708963e-01
1.002959897501082054e+00
1.000200666322698551e+00
1.000821025889642835e+00
1.000966977389589285e+00
1.000542394471692687e+00
9.994669005799486916e-01
9.997175820190529194e-01
9.997838406316854609e-01
1.000436367106995128e+00
1.000476510522162243e+00
9.998032321787730936e-01
9.998301238132797364e-01
1.000034816186550879e+00
9.990841164724515444e-01
1.001144685554301583e+00
1.000583763652415970e+00
9.999344581461995229e-01
9.996139074616697817e-01
9.999322632074402195e-01
1.001020075372619278e+00
1.001280422368099998e+00
9.995820775284798287e-01
1.000232705548484979e+00
1.000149816584279483e+00
9.999229623500435205e-01
9.996447834588505499e-01
1.001180178581944302e+00
1.000976035218080318e+00
9.991837846705672321e-01
9.998037401112427336e-01
1.000654060075406582e+00
1.000311886662971439e+00
1.000087187340082062e+00
1.001430397874736755e+00
1.000457155976548940e+00
1.000380169492948834e+00
1.000233635464173210e+00
1.000149027865217199e+00
9.994727113419188402e-01
9.994385499437790088e-01
9.995840064380222545e-01
1.000623972122812733e+00
9.996284771055987672e-01
1.000113306310454142e+00
1.000378014999111276e+00
9.999147126462272217e-01
9.996896724108315091e-01
1.000673083908429017e+00
9.998535134792222445e-01
9.995366737188203787e-01
1.000320358238855123e+00
1.000872898249064225e+00
9.999234274075999851e-01
1.000479788466507314e+00
9.990769774556023108e-01
9.989371847175787522e-01
9.991924219589271017e-01
9.993075960419046666e-01
1.000653376181100063e+00
1.001047688395252155e+00
1.000525509875618502e+00
9.997344646651830091e-01
1.000446636224453734e+00
9.996907727784201114e-01
1.000432435919894170e+00
9.993558037954858309e-01
9.998458294035982297e-01
9.995411782658719657e-01
1.000376813386071984e+00
1.000274484239806361e+00
9.998866758616602457e-01
9.999227254972525847e-01
9.999127156886220558e-01
9.991174192339840054e-01
9.999862541702382313e-01
1.000197089384657234e+00
9.997818056793492669e-01
1.000140228236609197e+00
1.000409329808459313e+00
1.000104774694470677e+00
1.000540958346449294e+00
9.999099500224229997e-01
9.991655657786013833e-01
9.990748789196836066e-01
9.999119661990520935e-01
1.000957624665004486e+00
1.000330402432536347e+00
9.994749678334277077e-01
9.993062025516490365e-01
1.000145560124017008e+00
1.000143114496584218e+00
1.000552687106142757e+00
9.998659898341191177e-01
9.999512312083020937e-01
9.996107564504477239e-01
9.996482629939648090e-01
1.000068310372132618e+00
1.000132448302878618e+00
9.999934873017832793e-01
9.991429740970627638e-01
1.000035356873136161e+00
1.000168212102042986e+00
9.998211622365777984e-01
1.000320004111601380e+00
1.000169803923792067e+00
9.997550438526754402e-01
1.000017145159440179e+00
1.000394498619148198e+00
9.999529585393326370e-01
9.995240168007669679e-01
9.994986770004684606e-01
1.000474147451078100e+00
1.000172020147572338e+00
1.000056068395789755e+00
9.998347128513825899e-01
9.998466835651741436e-01
1.000082676691361305e+00
9.994505622873581796e-01
1.000693781481532207e+00
1.000037861390004057e+00
1.000135894438979323e+00
9.999316929751891347e-01
1.000172553529085739e+00
1.000213680329181010e+00
9.999725070252766246e-01
9.999488461903216496e-01
1.000112921762757345e+00
9.998510271779569303e-01
9.993636146265789666e-01
1.000262473597868240e+00
1.000577966575615152e+00
9.996529630789673382e-01
9.997082931307679221e-01
1.000133025042331480e+00
