0.000000000000000000e+00
0.000000000000000000e+00
0.000000000000000000e+00
0.000000000000000000e+00
0.000000000000000000e+00
0.000000000000000000e+00
0.000000000000000000e+00
0.000000000000000000e+00
0.000000000000000000e+00
0.000000000000000000e+00
0.000000000000000000e+00
0.000000000000000000e+00
0.000000000000000000e+00
0.000000000000000000e+00
0.000000000000000000e+00
0.000000000000000000e+00
0.000000000000000000e+00
0.000000000000000000e+00
0.000000000000000000e+00
0.000000000000000000e+00
2.850809916679814771e-05
3.123157838820869725e-02
9.523687363602578726e-01
3.272873236690519771e+00
3.391195198350562823e+00
1.948803503671263426e+00
9.041775263641990135e-01
4.217834459230166422e-01
2.209437111419379762e-01
1.340469820943315238e-01
1.790737934521202390e-01
6.380685245303048259e-01
1.369930698229591792e+00
1.679136947213691000e+00
1.446867749013815763e+00
1.085991510690520023e+00
8.207944712522192710e-01
6.925601793433822095e-01
6.682887582163946627e-01
7.115095848311336901e-01
7.902872739489692488e-01
8.793902619114540853e-01
9.721742018736949653e-01
1.050865039274758272e+00
1.119837809563007047e+00
1.162594460693479492e+00
1.198643253650598650e+00
1.214183848370024910e+00
1.202827535788655977e+00
1.176297053738837750e+00
1.143108933349758161e+00
1.104077729671465669e+00
1.065775656242584413e+00
1.036814972775560673e+00
1.008298669299068751e+00
9.839117247053769111e-01
9.701985971008495468e-01
9.579268316861813126e-01
9.467638221876204518e-01
9.416254465446163291e-01
9.349906375061062258e-01
9.324963737376702477e-01
9.333689622180540990e-01
9.398699943995595385e-01
9.471698133269637054e-01
9.598203043142837787e-01
9.708401519462850349e-01
9.813401665038364863e-01
9.922069528954493567e-01
9.987818169556811343e-01
1.005442903643811725e+00
1.012475333596104976e+00
1.017080257682440925e+00
1.020305082018597931e+00
1.020096277758532066e+00
1.020221575385485968e+00
1.017391372945518846e+00
1.017413019244576278e+00
1.016121380031462351e+00
1.009978533821883406e+00
1.006399393833478539e+00
1.005055804388217844e+00
1.001333365133025621e+00
9.999369042579152600e-01
9.975738502697194532e-01
9.989877056706661929e-01
9.987198527374951951e-01
9.981672199631475006e-01
9.977393419456057622e-01
9.967701064351949247e-01
9.960577707450575247e-01
9.986877951416111010e-01
9.945619212489741345e-01
9.956670931221002219e-01
9.957931722176650569e-01
9.959111323195165566e-01
9.971421778970626093e-01
9.972915949198296603e-01
9.983965541264417931e-01
9.975323066232140157e-01
9.982556970903386784e-01
9.980673352060904779e-01
9.971738909964905639e-01
9.978500071818979800e-01
1.000252283886241988e+00
1.002220965517841123e+00
1.000479719386915267e+00
1.003425231803747097e+00
9.998214822927421475e-01
1.002059757833183129e+00
1.002101657548181812e+00
1.001810257234285073e+00
9.985588462358916395e-01
1.001835854313703811e+00
1.002248035885006772e+00
1.000573561160392311e+00
1.000473776452494912e+00
1.000679413014649022e+00
1.001478903994048819e+00
1.000931796151198983e+00
9.996095840570274893e-01
9.997771613574293337e-01
9.986817435080997951e-01
9.993305409643808979e-01
9.984343194290276058e-01
9.974974733830617168e-01
9.996845347402674165e-01
1.000231348476984250e+00
9.994695789878988990e-01
1.001612273277558751e+00
9.980782931616404285e-01
9.990134675231860939e-01
1.000554880916314948e+00
9.993960070178509181e-01
9.993571330403377972e-01
9.988143780690259543e-01
9.999314255727642653e-01
9.997182514292614064e-01
1.001246027101483138e+00
9.996588272689921340e-01
1.000300666530525406e+00
1.000945464072654723e+00
1.000130031495703342e+00
1.000188548961462587e+00
1.001246349520842793e+00
9.995707461008012107e-01
1.000936632552868133e+00
1.000127025801913927e+00
1.001204560377972008e+00
1.000595656576585002e+00
1.001009587398571377e+00
1.001049257276966920e+00
1.001113099877302126e+00
1.000190668000823679e+00
9.997051410890417378e-01
1.000730185174023568e+00
1.000143521414535552e+00
9.994784667450998805e-01
1.000120890615549429e+00
9.994840646220839453e-01
9.989203110183089152e-01
1.000264314872894023e+00
9.999177712697839837e-01
9.995967365956178741e-01
1.000453910779176114e+00
1.000138161907229373e+00
1.000796057113266579e+00
9.993681579289745986e-01
1.000564564651097443e+00
9.994727375354266474e-01
9.994612802320362865e-01
1.000326097531099911e+00
1.001715445681144123e+00
9.991757439345108072e-01
1.000701260791215574e+00
1.000816902155102328e+00
1.000681050057924404e+00
1.000584747257452056e+00
1.001161146884368414e+00
9.996257049593318955e-01
1.000044787771096511e+00
1.000834476686516039e+00
1.000308855491539806e+00
1.000412431938712876e+00
1.000688738730629801e+00
1.000324975707739927e+00
1.001282608264696394e+00
9.999075789820820459e-01
9.998363757059697265e-01
1.000528188106087679e+00
1.000308081652559578e+00
9.995707338200093828e-01
1.000092686107915796e+00
9.997251105276049321e-01
1.000188343558811477e+00
1.000286320136744456e+00
9.994171736583415955e-01
9.992485148660511518e-01
9.991894415144184638e-01
1.000027315696513597e+00
1.000249742542967946e+00
9.997202313849049560e-01
1.000472037947801596e+00
1.000160518583822489e+00
1.001196056706401327e+00
1.000311509468535753e+00
1.001084278493785451e+00
9.995464395079024511e-01
1.000440801133733792e+00
9.998965631334286730e-01
1.000893560319914499e+00
1.001255116485922692e+00
1.000361857730200033e+00
1.000645901890567124e+00
9.995352264185123348e-01
9.998539483497720370e-01
1.001068260847582714e+00
9.996269699432587252e-01
1.000622502282158877e+00
9.995244930229295610e-01
1.000011367813491203e+00
9.994165737048805731e-01
9.996237257536353393e-01
9.998912747350047203e-01
1.000011927800798617e+00
1.000278696360086261e+00
9.991344354400439887e-01
1.000186830523522863e+00
1.000611337519709654e+00
9.995007625325600387e-01
9.998070751287664315e-01
1.000932983403595822e+00
1.001130726249023439e+00
1.000546615826845009e+00
1.000179441170168992e+00
9.998439860972654358e-01
1.000504206573913146e+00
9.992057161664650300e-01
9.997358017682896891e-01
9.997254351445763465e-01
1.000502316387150481e+00
1.000530428157694551e+00
9.999871189963758233e-01
9.999745367931781592e-01
1.000179666695419467e+00
1.000213677540463308e+00
9.993723295610114077e-01
9.998996163552954508e-01
9.999626533162799813e-01
1.000038562981024670e+00
1.000294313975256255e+00
1.000456982693685104e+00
1.000082187011919421e+00
9.998887640983402658e-01
1.000066552459263125e+00
1.000874684728894515e+00
1.001119486646823153e+00
9.997808074346001828e-01
9.999497479185429638e-01
9.998200116544231353e-01
1.000217259920505031e+00
9.994230078948350693e-01
9.999816254046887121e-01
9.996906381326756685e-01
9.995674624551962317e-01
9.991287860358719630e-01
1.000135893373619522e+00
9.995294257455528131e-01
1.000289308725227144e+00
1.000206934285441607e+00
9.996978596130147166e-01
9.999149726192035903e-01
1.000263189685373533e+00
9.996259520297928747e-01
1.000237306126375847e+00
9.999827116662092230e-01
9.999708262383399937e-01
1.000115358913940433e+00
1.000392553607276636e+00
1.000294442088360380e+00
