0.000000000000000000e+00
0.000000000000000000e+00
0.000000000000000000e+00
0.000000000000000000e+00
0.000000000000000000e+00
0.000000000000000000e+00
0.000000000000000000e+00
0.000000000000000000e+00
0.000000000000000000e+00
0.000000000000000000e+00
0.000000000000000000e+00
0.000000000000000000e+00
0.000000000000000000e+00
0.000000000000000000e+00
0.000000000000000000e+00
0.000000000000000000e+00
0.000000000000000000e+00
0.000000000000000000e+00
0.000000000000000000e+00
0.000000000000000000e+00
2.850834347662549405e-05
3.024694134948574531e-02
9.475253184612072443e-01
3.270579893462794097e+00
3.385834901268071739e+00
1.947751499721820156e+00
9.086895662289642406e-01
4.221197751464906278e-01
2.195884811047326968e-01
1.325336182841290733e-01
1.805823275380957771e-01
6.367456781557994105e-01
1.375478292625509358e+00
1.680090901703079176e+00
1.448219050652773898e+00
1.079392891073039262e+00
8.236705915782278620e-01
6.944747612449632124e-01
6.731205626116845142e-01
7.148256648585947781e-01
7.889937162119818881e-01
8.840244865610294989e-01
9.738675399610738914e-01
1.049696219067301151e+00
1.120603782026843742e+00
1.166985909851751435e+00
1.198908444124380468e+00
1.213413561441285982e+00
1.205252444367574727e+00
1.180571526528163551e+00
1.140515702854542068e+00
1.104376337770653693e+00
1.065010944592673425e+00
1.037154587432977504e+00
1.005689095161816926e+00
9.912103271702583651e-01
9.722226392636527104e-01
9.583228366361093986e-01
9.475527512012784648e-01
9.378020226752206145e-01
9.378664530217365458e-01
9.293520538083758220e-01
9.334444478959638136e-01
9.397472928022788663e-01
9.502310481502791450e-01
9.587671804277965171e-01
9.731245838782838220e-01
9.829502264323817240e-01
9.955251051203003465e-01
9.987010681805427170e-01
1.009116097427086745e+00
1.012500417933054786e+00
1.016664944603267839e+00
1.019930091639830838e+00
1.020046727610760540e+00
1.022090729238757323e+00
1.021229030112878133e+00
1.014746360247046342e+00
1.013878291281362864e+00
1.009602312255145184e+00
1.006936870941930628e+00
1.005657945328769287e+00
1.004857799045300037e+00
1.004745665553362421e+00
9.994452168069996034e-01
9.980652083331286173e-01
1.000222617366718136e+00
9.965997079077851817e-01
9.972093532176307118e-01
9.954592263222427073e-01
9.980238905477101241e-01
9.958209473000733114e-01
9.983307437452780819e-01
9.972135372066727177e-01
9.975729242456754520e-01
9.949920691165338171e-01
9.971134063675319847e-01
9.974993051004229505e-01
9.954619516255114320e-01
9.991494290689455493e-01
9.995882712404448034e-01
9.989540555953038137e-01
1.000674803210620301e+00
1.000159555467334371e+00
1.000017252740815099e+00
9.991633745167591840e-01
9.994856889041419112e-01
1.001734317147940034e+00
1.001239836095143776e+00
1.002251233508205663e+00
1.000345719723849225e+00
1.002809688867431603e+00
1.001985349055295904e+00
1.001990479586726934e+00
1.001525415081373716e+00
1.001820828104826200e+00
1.001849078860915121e+00
1.000521345057354239e+00
1.000605977289406257e+00
1.001316302676424908e+00
1.001200168261157319e+00
9.993011273584132548e-01
9.994840408492225992e-01
1.000258316437748318e+00
9.990466518016615227e-01
1.001025527643026880e+00
1.000301150809581818e+00
9.997534154711642529e-01
1.000134903151008059e+00
1.000194643060756228e+00
9.981431367142040711e-01
9.988030515061783188e-01
9.995300806986486819e-01
1.000868297324595924e+00
9.990583445336087554e-01
9.998704528419002369e-01
1.001222395456248027e+00
9.997331569454674938e-01
9.999440085205461015e-01
1.000495599138321312e+00
1.000890775263575838e+00
9.990915658837652424e-01
1.001106385811533439e+00
1.000999000584073206e+00
1.000728673238528543e+00
1.001258718123002822e+00
1.000073103145773468e+00
1.000315151815428072e+00
1.000471957221447772e+00
9.996740209099391761e-01
1.000391778625317141e+00
9.999494553793406570e-01
1.000165360787468760e+00
1.000344689415950672e+00
1.000938096589273130e+00
9.998080839756514626e-01
9.986906865186494509e-01
1.000340120322279702e+00
9.990285772741950288e-01
1.000396996080109346e+00
1.000894691965178662e+00
1.000363394692104668e+00
9.999699045244239137e-01
9.997720552996083310e-01
1.000673269471050730e+00
9.990836313334582330e-01
1.000895406490176720e+00
1.001411024621664314e+00
1.000542329620068172e+00
1.000994489251899600e+00
1.000000356401410384e+00
1.001380910248444112e+00
9.998192383013797535e-01
9.995720324297895365e-01
9.996276393123723070e-01
1.000155527215599971e+00
1.001082746629790465e+00
9.999608225879149659e-01
1.001184770151560155e+00
9.995572865879632785e-01
1.001246129456563994e+00
1.000946724445418656e+00
1.000942368676527972e+00
1.000488264932037241e+00
1.001427411805931200e+00
1.000483987416423082e+00
1.000154292302218417e+00
1.001053902559185360e+00
1.000816539308505781e+00
1.000044566110913635e+00
9.999857954169749652e-01
1.000206676845535991e+00
1.000653900707878741e+00
1.000431683077306122e+00
1.000890928680914449e+00
1.000265107611804316e+00
1.000338452671276190e+00
1.000866226973082362e+00
1.000388327050473425e+00
1.000542299062300300e+00
1.000173361072502987e+00
9.997863493706393712e-01
1.000428888303957153e+00
1.000038878512962137e+00
1.000422395081763227e+00
1.000450892364367794e+00
9.995534739319538176e-01
9.998881424999522816e-01
1.000526831485027524e+00
1.000708907543174764e+00
1.001333749989423927e+00
1.000707573115413140e+00
1.000875955072715540e+00
1.000364512802990991e+00
9.999245579642039861e-01
9.995921013206620076e-01
1.000255941181974917e+00
9.999377313742902063e-01
1.000420996042174382e+00
1.000131707570872219e+00
1.000517542138245064e+00
1.001182204439802659e+00
1.000369576610323108e+00
1.000579448711630626e+00
1.000005756839041027e+00
1.000057507421977743e+00
1.000682031824828400e+00
1.000875629337427686e+00
1.000106509249814035e+00
9.995279838815226414e-01
9.999266089174689842e-01
1.000036446467537310e+00
9.998061446129713481e-01
9.996070524184762496e-01
1.000820608629688468e+00
1.000193072190406651e+00
1.000277972441070418e+00
1.000277333003105396e+00
1.000081008931307913e+00
1.000497350840054533e+00
1.000783738548536972e+00
1.000174513447696256e+00
1.001315715246431148e+00
1.000275747860766229e+00
9.994094872752594672e-01
1.000200975365503231e+00
9.998411847457681079e-01
1.000997205792558464e+00
9.996646246860128038e-01
9.994910091030841937e-01
1.000106003235031515e+00
1.000101248583773472e+00
1.000034560485848267e+00
9.998462401627731255e-01
9.996483102245290464e-01
1.000465841431830594e+00
1.000459999337153905e+00
1.000003530855834155e+00
1.000695348742889346e+00
1.000408864960614874e+00
9.997469374945474607e-01
1.000007922092431389e+00
1.000339218085794624e+00
1.000473596011847155e+00
1.000506951014235923e+00
9.997228113270527627e-01
1.000240467010526269e+00
1.000129469327661891e+00
9.999571351794610541e-01
1.000139612218604368e+00
9.997848720484946439e-01
1.000564696033740875e+00
9.998788172212433878e-01
1.000179183811314543e+00
9.994760109725678854e-01
9.997410444304528632e-01
9.997745388988235060e-01
9.995475478241112599e-01
1.000126279876447422e+00
1.000015711885385628e+00
