0.000000000000000000e+00
0.000000000000000000e+00
0.000000000000000000e+00
0.000000000000000000e+00
0.000000000000000000e+00
0.000000000000000000e+00
0.000000000000000000e+00
0.000000000000000000e+00
0.000000000000000000e+00
0.000000000000000000e+00
0.000000000000000000e+00
0.000000000000000000e+00
0.000000000000000000e+00
0.000000000000000000e+00
0.000000000000000000e+00
0.000000000000000000e+00
0.000000000000000000e+00
0.000000000000000000e+00
0.000000000000000000e+00
0.000000000000000000e+00
2.850611769735762901e-05
2.931158507924443504e-02
9.480902793794347971e-01
3.260388897573437639e+00
3.387885800923435831e+00
1.944946300581772869e+00
9.070490659112622200e-01
4.251127005944530524e-01
2.205005988142330897e-01
1.326058740936250924e-01
1.784560182562497377e-01
6.356333958033030251e-01
1.375370902623363811e+00
1.679212406629541743e+00
1.448871008686615225e+00
1.085640323419283737e+00
8.227699070078176025e-01
6.935855725951263206e-01
6.722111844118662249e-01
7.149848719642716288e-01
7.921680786043183709e-01
8.800178708753416679e-01
9.641996572625136652e-01
1.041560083531093195e+00
1.117817753708247430e+00
1.164313569093808676e+00
1.198044603310681744e+00
1.213945453824565313e+00
1.204165073922715656e+00
1.178332654291625259e+00
1.141140789563236391e+00
1.102157826264937857e+00
1.065545083188103703e+00
1.037119659262135896e+00
1.011730025015321610e+00
9.852086789871213890e-01
9.688437502584269501e-01
9.560591346158066051e-01
9.476993432225265801e-01
9.411200202606396781e-01
9.335311429783585968e-01
9.305118098822733330e-01
9.333593001571917069e-01
9.374452986576256031e-01
9.485612977064372675e-01
9.588431365638953041e-01
9.742461824490112887e-01
9.808959020320723310e-01
9.929806580099749258e-01
9.973282275028622079e-01
1.004751054625849793e+00
1.012824493658858849e+00
1.016658514412476899e+00
1.022793672304308954e+00
1.022002838224822518e+00
1.019404456201736364e+00
1.017091349777747400e+00
1.016253084679714647e+00
1.014751891505235148e+00
1.009288409019286847e+00
1.009824034632218925e+00
1.003402127735698812e+00
9.986600914122103489e-01
9.997127366464571008e-01
9.996843431335050711e-01
9.997853330274022454e-01
9.991949059922515808e-01
9.978302288745034554e-01
9.977587232260085592e-01
9.973365518395236329e-01
9.965751833521271363e-01
9.965475056611788895e-01
9.962334593040683695e-01
9.957294645182480641e-01
9.966027904644075841e-01
9.982356101850748953e-01
9.959315784106337333e-01
9.963614037181504068e-01
9.973712948290217595e-01
9.983331564205123465e-01
9.978529612567638152e-01
9.991016932163147013e-01
9.978892196305284568e-01
9.991821698331182500e-01
9.987991591266308644e-01
9.992414611611298847e-01
9.997541544803988378e-01
1.002021074846039639e+00
1.001479223285406839e+00
1.001851204954382180e+00
9.996278066592780842e-01
1.002876926072844066e+00
1.002839643847736051e+00
1.000437084666418563e+00
1.002309067709238555e+00
1.001225257405942815e+00
1.002632502519775981e+00
1.000773887305458132e+00
1.001528755202705012e+00
1.000021486723406960e+00
9.986736534821313294e-01
9.999511708990188597e-01
9.987528599463876278e-01
1.000528237714773949e+00
9.984468629070366585e-01
9.998070081509031759e-01
9.989501431745160254e-01
9.995964934672275648e-01
9.991221888076670110e-01
9.996571424202015388e-01
9.990143261131280150e-01
9.982864567731288830e-01
9.997475621176200589e-01
1.000424420106747148e+00
9.997420420257451257e-01
1.000599009834241659e+00
9.993333135045076032e-01
9.990397224832883172e-01
1.001205793130401922e+00
1.000299267986714202e+00
1.001020219669413347e+00
9.991655647194074286e-01
1.002085622563652523e+00
9.998618436000595855e-01
9.995567934273072996e-01
9.983517567940798365e-01
1.000872086513950876e+00
9.999429576719593982e-01
1.000916002279784944e+00
9.988588306449508458e-01
1.001486999795946797e+00
1.001986696989823677e+00
1.001752456391264756e+00
1.000975473817645733e+00
9.996717975707835047e-01
9.993687832023830930e-01
9.998538581940955572e-01
1.000690945030819901e+00
9.998639357691402330e-01
1.000793174537929930e+00
9.993843921450650258e-01
1.001270232726152232e+00
9.994539562369736396e-01
1.000402640466179660e+00
1.000139510327470171e+00
9.999986538188923024e-01
9.982105595123356157e-01
1.000025145649236835e+00
9.997223052358887863e-01
1.000186494210299815e+00
1.000307665556740000e+00
1.000560069376886130e+00
1.000288410335081091e+00
1.000362524516374751e+00
9.999883412906611646e-01
9.999895209682712061e-01
1.000660729662351311e+00
9.997602922092136968e-01
1.000374042853880763e+00
1.001129274458616880e+00
1.000417338790929200e+00
9.988666132051730040e-01
9.992600793847968843e-01
1.000329375738753690e+00
1.000183413945538113e+00
9.993856154697156047e-01
1.000632208067535611e+00
9.999808845664710510e-01
1.000000572278408884e+00
9.995560783038548447e-01
1.000020971045092022e+00
1.000328873543683494e+00
1.000068119472090400e+00
1.000553903486506080e+00
9.998996465361624786e-01
1.002074281775167774e+00
1.000778271005218434e+00
1.000498411378589303e+00
1.001004472051506999e+00
1.000264281839238878e+00
9.993802293158169370e-01
9.994952234478260422e-01
1.000157927821174519e+00
9.990699358225764160e-01
9.998944619452369009e-01
1.000090753490953555e+00
1.000126488083893150e+00
9.994858707653450081e-01
9.997020469682530441e-01
9.995690796060177075e-01
1.000392143834009540e+00
9.996809455148067958e-01
1.000053515308103824e+00
9.998471596490440261e-01
1.000640253358374254e+00
9.997860010699352040e-01
1.000303106250926444e+00
9.999093057941275120e-01
9.998251297066746979e-01
1.000289382800012783e+00
1.000401475067395962e+00
1.000049977938687551e+00
1.000421927847957138e+00
1.000175105466204251e+00
9.998371035725237554e-01
1.000233913076108649e+00
1.000512582727479449e+00
9.995651624133011781e-01
1.001117573368247360e+00
9.995564122574154275e-01
1.000581712768995990e+00
1.000675831048082109e+00
9.996321067501890978e-01
9.989624556427456614e-01
9.993549200063799320e-01
1.000245043105252307e+00
1.000187879509606637e+00
9.992654198091402984e-01
1.000547028174375352e+00
9.996624243655852782e-01
1.000144205280611320e+00
9.999228235608849102e-01
9.992217918288639478e-01
9.997328569348601368e-01
1.000690408058686476e+00
9.990306478038456506e-01
1.000182360563462103e+00
1.000108464369200423e+00
9.997854613779177946e-01
1.000865443693646384e+00
1.000499944573627120e+00
9.999831956802696098e-01
1.000641883499188367e+00
9.993361598968999449e-01
1.000621024418427263e+00
1.000606886654259009e+00
1.000400464957491353e+00
1.000721473767623104e+00
9.996170153495378408e-01
1.000003183616340996e+00
1.000108540878621666e+00
1.000097884461605302e+00
1.000209819607539741e+00
1.000375983746855102e+00
1.000259965043384769e+00
1.000157083355049270e+00
9.999381599753234262e-01
1.000336383588624312e+00
1.000190531130247473e+00
1.000248441494741458e+00
1.000077066201330522e+00
9.996590261385647214e-01
9.995254702637020872e-01
9.999220104268896625e-01
1.000580913324405463e+00
1.000610500884529408e+00
1.000535593059650230e+00
9.998468348978339915e-01
1.000170700472107210e+00
1.000413112994990250e+00
