0.000000000000000000e+00
0.000000000000000000e+00
0.000000000000000000e+00
0.000000000000000000e+00
0.000000000000000000e+00
0.000000000000000000e+00
0.000000000000000000e+00
0.000000000000000000e+00
0.000000000000000000e+00
0.000000000000000000e+00
0.000000000000000000e+00
0.000000000000000000e+00
0.000000000000000000e+00
0.000000000000000000e+00
0.000000000000000000e+00
0.000000000000000000e+00
0.000000000000000000e+00
0.000000000000000000e+00
0.000000000000000000e+00
0.000000000000000000e+00
0.000000000000000000e+00
2.847913069582331744e-02
9.514408558633711266e-01
3.277687706906756926e+00
3.393361359838916069e+00
1.940440417991946997e+00
9.120670754433717331e-01
4.202505121722446280e-01
2.229689091515920096e-01
1.355922464277797834e-01
1.794151558127303203e-01
6.423850647856227392e-01
1.378372995518101662e+00
1.671843941557658697e+00
1.451037030844991804e+00
1.093953024058881729e+00
8.223648832090589833e-01
6.927768103200745431e-01
6.696884581434221495e-01
7.128409365163244082e-01
7.858290443073424614e-01
8.794274109581508014e-01
9.620642560364577323e-01
1.053462413416908383e+00
1.117319989649220302e+00
1.166679936678691076e+00
1.198384083012894230e+00
1.215548548193953193e+00
1.204740871819698800e+00
1.182281133549721641e+00
1.142185290561004374e+00
1.105460806309223942e+00
1.065049990858474516e+00
1.035691545573726557e+00
1.012365187485235074e+00
9.865396506256914888e-01
9.738827595813519533e-01
9.567731428349087741e-01
9.457539422000421636e-01
9.403128515457884751e-01
9.320539791516115891e-01
9.355601408422660192e-01
9.333580821722335941e-01
9.429490228533771168e-01
9.464845653648977786e-01
9.585703606352962147e-01
9.720613494666637822e-01
9.823606809776045390e-01
9.929942423288538045e-01
9.976404319732060655e-01
1.008871136245725442e+00
1.015640376008007717e+00
1.016403347833315873e+00
1.018713962361044834e+00
1.020444442295644683e+00
1.020545235590709421e+00
1.016408569436914933e+00
1.015646876006671029e+00
1.014051439969166246e+00
1.010060991741255743e+00
1.008613185626607178e+00
1.004208289860619940e+00
1.005501669911778917e+00
1.002297364106909949e+00
1.000286064274434228e+00
9.986693419016946516e-01
9.994695411901298732e-01
9.978208726658840400e-01
9.987826998946708335e-01
9.973706851701471532e-01
9.976857853987345370e-01
9.974970773298444948e-01
9.997927087616971242e-01
9.970564013175677864e-01
9.969079689214870310e-01
9.959112786417234631e-01
9.970457887133398200e-01
9.965015982780203174e-01
9.987955026960528837e-01
9.971126912911146833e-01
9.977837842276935376e-01
9.993548792616869791e-01
9.979325137994254913e-01
1.000345265014427998e+00
1.001088917812325896e+00
1.000381509082048037e+00
1.000414471929016003e+00
1.000924146880460830e+00
1.000064621212134464e+00
1.002214880630397875e+00
9.999478697170492980e-01
1.001548779755690788e+00
1.001843551967612989e+00
1.002935984735167985e+00
1.000257160184666150e+00
1.001610225333753323e+00
1.001690935862299403e+00
1.001422492971470124e+00
1.000639030616006009e+00
1.000450359864053507e+00
1.001117747246516476e+00
9.985347961994042176e-01
9.996963174622588433e-01
9.999298541795557105e-01
1.000719477712384897e+00
9.989366198956723952e-01
9.988135630377141805e-01
1.000515633332256460e+00
1.000190133121054537e+00
9.996846026150461029e-01
9.986746487974367259e-01
9.985129278560173072e-01
1.000082783727374691e+00
9.994763566846884828e-01
9.995839817570865149e-01
9.994144766945446401e-01
1.000579106891970937e+00
1.000994647679392502e+00
1.000868573860085764e+00
9.993398954010990209e-01
9.993342000163624173e-01
1.000090494832922117e+00
1.000059327925899133e+00
9.995874648997542522e-01
1.000521792913304342e+00
1.000119358237831602e+00
1.001087691924376299e+00
1.001899919750979251e+00
1.000723579479675829e+00
1.000653776749903745e+00
9.995263191876367914e-01
1.000540456702234238e+00
1.000549349796910459e+00
1.000436474902103079e+00
1.000774203408980823e+00
9.995945466338800323e-01
1.001153900981311518e+00
9.999291148551120445e-01
1.000435216533716698e+00
9.992286251019548704e-01
9.995300490428566942e-01
9.994713438181073162e-01
1.000620553317239869e+00
9.997779009244358583e-01
9.995639874486254017e-01
1.000674059114791126e+00
9.993184357672401097e-01
1.001129859490246909e+00
9.994817819552140881e-01
1.000464964889644426e+00
1.000010782192694903e+00
9.995647128553137861e-01
1.000594149017767442e+00
9.996346467153576221e-01
1.000682423230537577e+00
1.000332553879131448e+00
1.000319393699280468e+00
9.999007903204228942e-01
9.997720538961335501e-01
1.000306965615074928e+00
1.000260848738702135e+00
1.000389957561929943e+00
9.996766796823751688e-01
1.000176900512892653e+00
9.990603650956928483e-01
1.000985470820664913e+00
1.000496906846866096e+00
9.994444810700960913e-01
1.000748950184773722e+00
9.993980081239733915e-01
1.000769250419345724e+00
9.997512641737101857e-01
1.000670949022798517e+00
1.000418501808711946e+00
9.999520638807234407e-01
1.000411089924714947e+00
1.000149029018523761e+00
9.998636964503906377e-01
9.998708421217032960e-01
1.000568414836413345e+00
1.000125294174992741e+00
1.000971567436557352e+00
1.000265833399956783e+00
1.000038531575132561e+00
1.000012483829973542e+00
9.996658099638204842e-01
9.994955522784315649e-01
9.999777777676912560e-01
1.000762513342275284e+00
1.000540619591626212e+00
1.000077948745771828e+00
1.001094131493018180e+00
1.000360315020131896e+00
9.994885265228447002e-01
9.994466859535924286e-01
9.997211707927584623e-01
1.000037411959723288e+00
1.000270888239898515e+00
1.000183170011528233e+00
1.000696334071827343e+00
9.998439532304266297e-01
9.999348575937090366e-01
1.000396356538902909e+00
9.995129834413279957e-01
1.000346380530033441e+00
1.000235116298335614e+00
1.000013952466343392e+00
1.001078863960562337e+00
1.000354888203447423e+00
9.995629539356650772e-01
1.000000165613093683e+00
1.000219506294313332e+00
1.000449059016951914e+00
1.001065172755200683e+00
1.000052457419193797e+00
1.000830438488096608e+00
1.000845812362568310e+00
9.993159081307699809e-01
1.000493251415713880e+00
1.000299214212871934e+00
1.000084987812065673e+00
1.000335685905548777e+00
1.000459620869926125e+00
1.000509389755039447e+00
1.000052701844557079e+00
9.992758404096665492e-01
9.997202479095310679e-01
9.998187726394106578e-01
1.000598274241010666e+00
1.000128375994622676e+00
9.996587043491650393e-01
9.999935422090019399e-01
1.000222574856623803e+00
1.000002619619255073e+00
1.000223580823570657e+00
9.997112113968241731e-01
9.999592571873802127e-01
9.998708313498164690e-01
1.000906873612159131e+00
1.000993480054197970e+00
1.000167038743986048e+00
1.000707687854208938e+00
1.000098663040740021e+00
1.000308820494060003e+00
1.000551263090168064e+00
9.999594526073893874e-01
1.000291140818549085e+00
9.990976160991722477e-01
1.000283847273021109e+00
9.999720668242679800e-01
9.998992001993669554e-01
9.994334342740057719e-01
1.000081804606296920e+00
1.000451016602203147e+00
1.000635990730940561e+00
1.000496745093957252e+00
1.000188847935863823e+00
1.000175382054785622e+00
9.997571042043391643e-01
9.999959859394239592e-01
