0.000000000000000000e+00
0.000000000000000000e+00
0.000000000000000000e+00
0.000000000000000000e+00
0.000000000000000000e+00
0.000000000000000000e+00
0.000000000000000000e+00
0.000000000000000000e+00
0.000000000000000000e+00
0.000000000000000000e+00
0.000000000000000000e+00
0.000000000000000000e+00
0.000000000000000000e+00
0.000000000000000000e+00
0.000000000000000000e+00
0.000000000000000000e+00
0.000000000000000000e+00
0.000000000000000000e+00
0.000000000000000000e+00
0.000000000000000000e+00
0.000000000000000000e+00
3.029634993460628145e-02
9.406103768898279593e-01
3.268387028319450049e+00
3.371891612594900778e+00
1.944886986800037132e+00
9.111246032759423574e-01
4.257296665083629139e-01
2.215031516278991863e-01
1.348083494298009666e-01
1.787132336333521476e-01
6.389163716321679676e-01
1.372838544312968478e+00
1.670475938684683026e+00
1.450911422638889947e+00
1.086417645888689831e+00
8.219498093395721794e-01
6.965235530010054354e-01
6.727271149296361052e-01
7.130252013235924835e-01
7.884118473595759236e-01
8.803638861793460224e-01
9.677199646897178820e-01
1.050238941066524712e+00
1.116290700528945079e+00
1.166770836326205929e+00
1.202225764213315840e+00
1.213061404576878388e+00
1.205787458153344982e+00
1.178608934517893836e+00
1.143346585986332098e+00
1.104676329181818240e+00
1.064134410438061007e+00
1.035162590694193474e+00
1.012913891752855067e+00
9.863852580707770379e-01
9.754026494072304265e-01
9.575103597415061119e-01
9.488107350180751132e-01
9.390467877816744968e-01
9.314963694493512136e-01
9.340484190426066036e-01
9.322991294459137546e-01
9.385101168948654093e-01
9.515459586262353664e-01
9.617400719741642234e-01
9.727485477296293759e-01
9.793659759004643695e-01
9.909383191928855528e-01
1.000486419434994056e+00
1.007376644424281764e+00
1.013082546230234193e+00
1.016872959178998670e+00
1.022188268135369560e+00
1.019893728635853147e+00
1.018094900422868099e+00
1.019861411716546540e+00
1.017765104189243264e+00
1.013758139022424176e+00
1.010014297041132547e+00
1.006802542470788486e+00
1.005364480803839333e+00
1.002147181278639554e+00
1.001487602479145256e+00
9.971416541426735280e-01
9.985834670240670841e-01
1.000075189763353301e+00
9.985856087364318734e-01
9.974874024972836262e-01
9.981751329311641108e-01
9.990279428750030721e-01
9.965511600542888981e-01
9.961361644864709097e-01
9.962509566776273084e-01
9.981128436066675214e-01
9.971641253565756147e-01
9.948319665489097074e-01
9.949930301974442282e-01
9.977446524204142131e-01
9.976884307434772392e-01
9.975543128232495782e-01
9.982819991714030339e-01
9.989671616943511800e-01
9.994518965066662153e-01
1.000029266264049976e+00
1.001869328147362070e+00
9.981864920829206511e-01
1.001881093811275880e+00
1.000526504494710478e+00
1.000614977270976702e+00
1.002889546523233477e+00
1.001752037867824185e+00
1.001380553307696708e+00
1.002105492246779139e+00
1.000376746109244985e+00
1.002277643097365445e+00
1.000436590143754856e+00
1.000312707240501364e+00
1.001528381217269281e+00
1.001439936714128232e+00
9.999143163261989820e-01
1.000825690169172777e+00
9.986805201610604588e-01
9.993650605182241575e-01
9.999019288981526588e-01
1.001185690184174693e+00
9.991652109127888703e-01
1.000234193213085598e+00
9.981818578420077470e-01
9.989927439728712999e-01
9.979034230862798838e-01
9.995752760045399921e-01
1.000840883974734252e+00
1.001718546194373838e+00
9.999035644711934401e-01
1.000621730212184257e+00
1.000992308398765962e+00
1.000488319966544859e+00
1.000175556339746530e+00
1.000933840762880056e+00
1.000927092731035417e+00
9.997583325557611866e-01
1.001042077004733244e+00
1.001325495283355016e+00
9.989533288381766685e-01
1.000194221107675974e+00
1.001485793005170377e+00
1.000464081829057994e+00
1.000340149655845945e+00
1.001131434187444436e+00
1.000878155311300199e+00
1.000400222705667641e+00
1.000297464860425256e+00
1.000185688471323830e+00
9.996872896202280145e-01
1.000352313516997826e+00
1.000839019446902123e+00
9.995465152060836189e-01
9.998217950497182427e-01
9.990672859333464828e-01
9.999809454948859200e-01
1.000424706801412933e+00
9.991301666105931734e-01
1.000045121422336702e+00
1.000039133274387648e+00
1.000119501391697696e+00
1.000728739575894588e+00
1.000552636277686647e+00
1.000476904875787998e+00
1.000837937133157274e+00
1.001013290955600432e+00
1.000109870964668302e+00
1.000906044797360561e+00
9.985298430435761707e-01
1.000389989567493920e+00
1.000387748570963575e+00
1.000375949648210305e+00
9.998878996718245649e-01
9.994404720544157739e-01
1.000218323889326522e+00
1.000235053593726109e+00
1.000619161704388471e+00
9.994576663540576389e-01
9.998970841266382470e-01
1.000186968123390585e+00
1.001498223013976174e+00
1.000921909505664287e+00
1.000002323943589566e+00
9.996211509819593610e-01
1.000040152783596037e+00
1.001111762462704613e+00
9.993969145290243494e-01
1.000459878355408616e+00
9.998612361528661507e-01
9.998779320404418414e-01
9.999175196164145074e-01
9.998269336510615668e-01
9.996930518354485429e-01
1.000122038008508074e+00
9.998241704585475453e-01
9.997051232855082015e-01
9.998673432330685840e-01
1.001020761832716266e+00
1.000092975069299062e+00
9.999766194574446487e-01
1.000553426994965633e+00
9.992362027407836189e-01
1.001243129097998619e+00
1.000073717239884363e+00
9.994556192649662885e-01
1.001023641003372155e+00
9.996027962894129537e-01
1.000325805456850459e+00
1.000242536019689377e+00
1.000570204836260135e+00
9.990302784325992835e-01
1.000325568878478455e+00
1.000670886835082651e+00
1.000028850730695362e+00
1.000806075609911083e+00
1.000332857776375928e+00
1.000710227511020678e+00
1.000461720891563155e+00
9.996932885175530137e-01
9.998095886338067562e-01
9.999577933550890529e-01
1.000720706075074684e+00
1.000854905045877485e+00
1.000009825786396522e+00
1.000049812024598639e+00
9.993726417007332552e-01
9.997519417278274423e-01
1.001005642889167158e+00
1.000418075102888160e+00
1.000125277103141475e+00
9.998843269681243484e-01
1.000433230436102328e+00
1.001134372625087865e+00
1.000086372920286903e+00
9.997058858935026215e-01
1.001083450326704094e+00
9.996555165281263422e-01
1.000023119501187052e+00
1.001098486308535040e+00
1.000272026611475518e+00
1.000154007830544867e+00
9.998923776756266646e-01
1.000556278329901572e+00
1.000399636145961280e+00
1.000741138680758535e+00
1.000368976308549929e+00
1.000417191921575855e+00
1.000481187654482795e+00
1.000516396365063621e+00
1.000199382043515550e+00
9.999803791886188176e-01
9.998451086502661012e-01
1.000179983242924564e+00
1.000076129252195356e+00
1.000301634550996299e+00
1.000790139328691097e+00
1.000309752188805357e+00
1.000118189017338732e+00
1.000704897861505849e+00
1.000661225973147328e+00
1.000756059940749454e+00
1.000228285252135585e+00
1.000186113029389867e+00
9.993841913750791672e-01
1.000538695827797309e+00
1.000895240111537410e+00
1.000749457764295913e+00
1.000487523470679152e+00
1.000335607563159979e+00
9.995208891169133913e-01
1.000361520552319972e+00
1.000056128049826798e+00
9.996049810250337009e-01
9.996843191630417902e-01
9.997398466955020879e-01
