0.000000000000000000e+00
0.000000000000000000e+00
0.000000000000000000e+00
0.000000000000000000e+00
0.000000000000000000e+00
0.000000000000000000e+00
0.000000000000000000e+00
0.000000000000000000e+00
0.000000000000000000e+00
0.000000000000000000e+00
0.000000000000000000e+00
0.000000000000000000e+00
0.000000000000000000e+00
0.000000000000000000e+00
0.000000000000000000e+00
0.000000000000000000e+00
0.000000000000000000e+00
0.000000000000000000e+00
0.000000000000000000e+00
0.000000000000000000e+00
0.000000000000000000e+00
2.998239381514305330e-02
9.484680065768781310e-01
3.274897331984647497e+00
3.384431201652032151e+00
1.943202859068131616e+00
9.080494416382038914e-01
4.234065980974781596e-01
2.217467736242191567e-01
1.346849218429203299e-01
1.803697452590319328e-01
6.398554271902251456e-01
1.371659634663061622e+00
1.680751232276825879e+00
1.445071402173526032e+00
1.088031059597643013e+00
8.219316581202582572e-01
6.943591019106230000e-01
6.712705610717977223e-01
7.122407591873555210e-01
7.868513625522396415e-01
8.776336755543489021e-01
9.682943868059606940e-01
1.053978396908352710e+00
1.118872777091023618e+00
1.165695086869313446e+00
1.198184322704575200e+00
1.213632002141792565e+00
1.208118309778174027e+00
1.177226270429611699e+00
1.143416990092681829e+00
1.103591641531837197e+00
1.063968563897591979e+00
1.036039909464060882e+00
1.009256397862889898e+00
9.900529430694176014e-01
9.707089716221120046e-01
9.581116198715068366e-01
9.480344665614367505e-01
9.387307853833936067e-01
9.322162072348249007e-01
9.331390237576008273e-01
9.381019867241957577e-01
9.416442404701597102e-01
9.482727916771229726e-01
9.576602479518352418e-01
9.700653113028706587e-01
9.839472213939192136e-01
9.907562895093874333e-01
1.001590670527127802e+00
1.007696673907436224e+00
1.011023405899817984e+00
1.018292935322322013e+00
1.018417086452888976e+00
1.023516658993369743e+00
1.018992796712237858e+00
1.018890729086541214e+00
1.015304949778410126e+00
1.015339857065562290e+00
1.010265330810438344e+00
1.006875144689370893e+00
1.006850750073603917e+00
1.002886184201406516e+00
1.003736047711375701e+00
9.983788902543709876e-01
1.001035061122405478e+00
1.000415251367451352e+00
9.963166629507872463e-01
9.987060286172276813e-01
9.976937545407261743e-01
9.983193835520021153e-01
9.975590030952632414e-01
9.979716027919394161e-01
9.978191191976109042e-01
9.972751472218828184e-01
9.975544150980106828e-01
9.951262115357003557e-01
9.981174546930483560e-01
9.982512829644162311e-01
9.969837095284964645e-01
9.999445050040501881e-01
9.978811422365572170e-01
9.984489505982252489e-01
9.977897371374828683e-01
9.999196268718101299e-01
9.982570578580872711e-01
1.000299890046027373e+00
1.001061711486376238e+00
1.003105391817532555e+00
1.001868182755418335e+00
1.000743798300256504e+00
1.002106132024497942e+00
1.000324708849232858e+00
1.001788993808570671e+00
1.002446607146880275e+00
1.001647979863647731e+00
1.000963745568586694e+00
1.002890245544205028e+00
1.001285374922036953e+00
1.000833548495459580e+00
1.000705952533445409e+00
1.000860043024260015e+00
9.990634124741686328e-01
9.996089402873691299e-01
9.997932249715227870e-01
9.997983265939999198e-01
1.000004742557937476e+00
9.993896640722567115e-01
9.995040392029871379e-01
9.999364996283564011e-01
9.991767924411617541e-01
1.000555408412519220e+00
9.978356915617323519e-01
9.996466903383274261e-01
9.984081602995756866e-01
9.984772884902725076e-01
9.992390682978999905e-01
9.999662976277711168e-01
1.000070627885855989e+00
1.000932356867428874e+00
1.001000702068407966e+00
1.001828800542358344e+00
9.993125314536875914e-01
1.000590196943614618e+00
1.001618698861204582e+00
9.987797561929986356e-01
1.000655703050918222e+00
1.000189702496567579e+00
1.000572859086499955e+00
9.995327932849374930e-01
1.000709053138663984e+00
9.987736562099530646e-01
1.001626294209577717e+00
1.000373784864047710e+00
1.001187754445005851e+00
1.000581125487208567e+00
1.000251103367572059e+00
9.991769450449838885e-01
9.999835351932654381e-01
1.000297704598791748e+00
1.000845017594673036e+00
9.994247590165423745e-01
1.000155884859425193e+00
9.997949671928961779e-01
1.000764857803124075e+00
1.000695313771661876e+00
9.995577792834104969e-01
1.000004254997655107e+00
1.000787930519976054e+00
9.995448696680928613e-01
1.000013189200024577e+00
9.991732932794131772e-01
1.000813329536313301e+00
1.001750282337315889e+00
1.000233841170496296e+00
9.998312097424231215e-01
9.999441925828800315e-01
9.993663868699240727e-01
9.999649265173149448e-01
1.000600428348355164e+00
9.993648611741455801e-01
1.000711373582823471e+00
1.000987135020656282e+00
1.000280903722657655e+00
1.001110378608046636e+00
1.000134485148503449e+00
1.001675328869817694e+00
1.000556949385966066e+00
1.000377953825294597e+00
1.000662797541862492e+00
1.000209098281452214e+00
9.999177325562468299e-01
9.996246563078724501e-01
9.998182613212567293e-01
9.990454849669253568e-01
1.001307210071176845e+00
1.000056878191269538e+00
9.998957326560102832e-01
1.000160797925363498e+00
1.000080731036474546e+00
1.000319074320481283e+00
9.997315111135501864e-01
1.000898622081080269e+00
1.000852962748594255e+00
1.000041538885381609e+00
1.000164479060964284e+00
1.000091758833792976e+00
1.000982115389571714e+00
1.000210129242403267e+00
1.001190019545772802e+00
1.000391674770762629e+00
1.000867715821574855e+00
1.000223393483426371e+00
9.995895169984593265e-01
9.998853339026556597e-01
1.000671037091660276e+00
1.000557114762192334e+00
1.000122109926219194e+00
1.000491554206230926e+00
1.000741398120534420e+00
1.000481808413323126e+00
1.000066200649403880e+00
1.000306138409114309e+00
1.000499592160772000e+00
1.000035183952041828e+00
9.998822219807723677e-01
1.000275170893259569e+00
9.998584528019032192e-01
9.996995934182746346e-01
1.000486603619135551e+00
1.000245941154394913e+00
1.000657288893791907e+00
1.000405979497009712e+00
9.995469742239706523e-01
1.000487399073042516e+00
1.000539171113194792e+00
9.997748103313659485e-01
1.000460833313937759e+00
1.000353344745406048e+00
1.000008698087157866e+00
1.000464557448834224e+00
9.999441112587295066e-01
1.000430731485679292e+00
1.000389478360556916e+00
9.999745229246292944e-01
1.000384714747369230e+00
1.000872077633875756e+00
1.000110197844787718e+00
9.999930299334583994e-01
1.000238228630518256e+00
1.000742251274704175e+00
1.000065807407373386e+00
9.993224380833829468e-01
1.000187244166609979e+00
1.000341348931137686e+00
1.000630515971935752e+00
1.000760762393077208e+00
1.000863324690271616e+00
9.998702383894709778e-01
1.000252577760200490e+00
1.000061988830853732e+00
9.996964818675824205e-01
1.000354388983594411e+00
1.000180643463801644e+00
1.000322913485771847e+00
1.000176829944888324e+00
1.000054529656078772e+00
9.996837492675941794e-01
9.999398680465442224e-01
1.000162190143524921e+00
1.000690055839046133e+00
1.000763843112540297e+00
1.000158571158045850e+00
1.000549234723376424e+00
1.000192159405991710e+00
1.000405673741980861e+00
9.998004334880926658e-01
9.998140975136670106e-01
1.000544001699204877e+00
9.997399735723824232e-01
