0.000000000000000000e+00
0.000000000000000000e+00
0.000000000000000000e+00
0.000000000000000000e+00
0.000000000000000000e+00
0.000000000000000000e+00
0.000000000000000000e+00
0.000000000000000000e+00
0.000000000000000000e+00
0.000000000000000000e+00
0.000000000000000000e+00
0.000000000000000000e+00
0.000000000000000000e+00
0.000000000000000000e+00
0.000000000000000000e+00
0.000000000000000000e+00
0.000000000000000000e+00
0.000000000000000000e+00
0.000000000000000000e+00
0.000000000000000000e+00
2.850817073186948089e-05
2.933961451157059142e-02
9.545010759767807995e-01
3.276504536697837366e+00
3.395575053953091782e+00
1.949563855052400152e+00
9.051011228687129151e-01
4.221172173346827705e-01
2.194396379913805539e-01
1.368835704089947924e-01
1.805941135684603349e-01
6.387946571023628284e-01
1.383603530713214180e+00
1.682856690649928710e+00
1.454421535856393444e+00
1.087040089416135391e+00
8.179904204865668937e-01
6.932691354157822783e-01
6.651134896624443238e-01
7.128783624151996401e-01
7.863736799971859925e-01
8.823771872312262676e-01
9.696557814568641520e-01
1.050196447227794483e+00
1.116379466811062260e+00
1.165323491962656499e+00
1.203306805828727732e+00
1.215445555919649312e+00
1.208214979992956906e+00
1.176353800257672777e+00
1.140118810171960595e+00
1.104496146615402408e+00
1.066904313086318945e+00
1.037612995661895354e+00
1.006965878524036961e+00
9.872908380166378617e-01
9.737182121949914393e-01
9.570304257216545318e-01
9.477851042899635425e-01
9.383649682057716435e-01
9.316243189032585859e-01
9.313835318638830074e-01
9.346872910097050458e-01
9.400328262568523607e-01
9.513687623470784560e-01
9.577558880250606199e-01
9.697207978331121581e-01
9.820921661021108084e-01
9.885703838819531741e-01
1.000907861305043722e+00
1.010276854233432386e+00
1.014735076635588706e+00
1.013991519299897170e+00
1.021396732147548114e+00
1.021782825490631819e+00
1.021771316141983910e+00
1.017162554001875829e+00
1.014159651939605222e+00
1.011772039148160607e+00
1.010879741897129813e+00
1.008239948657824181e+00
1.004948281905579499e+00
1.001719680140244595e+00
1.001609933005146225e+00
1.000664249486634239e+00
9.972854687981562716e-01
9.974876056740318297e-01
9.979959995006023599e-01
9.975154167324520316e-01
9.968070151635671783e-01
9.957310830930701240e-01
9.953984183029133126e-01
9.966245172670235020e-01
9.954612493488611547e-01
9.951422037742925220e-01
9.968885241055615021e-01
9.978279618231343795e-01
9.974756135112602395e-01
9.974987039101764763e-01
9.971087652242918153e-01
9.966601357276015927e-01
9.978313994150810329e-01
9.990605727722352558e-01
9.994297537060038428e-01
9.998367217238961491e-01
9.998764899948026086e-01
9.994162438484690547e-01
1.000361593331402288e+00
1.000354312613209062e+00
9.992080357040634686e-01
1.001642926201547157e+00
1.000075910079643471e+00
1.002913762787267959e+00
1.000013349157445219e+00
1.001821882658921581e+00
1.001794097910489789e+00
1.001289433545204721e+00
1.002190387847701869e+00
1.000017933877925147e+00
9.992157880425478478e-01
9.986506748140639989e-01
1.000151440550842263e+00
9.998500972454616997e-01
1.000044844887115536e+00
9.985118142044853151e-01
9.995343703656176526e-01
1.000684478122361165e+00
9.980799828955263520e-01
9.987050273145620105e-01
9.990503334713890515e-01
1.000860813198632737e+00
9.993063265763917347e-01
9.980272095488555983e-01
9.989930857951924148e-01
9.985667557418123064e-01
9.998402460045806572e-01
1.000244565507652172e+00
1.000976329379859697e+00
1.001393467715321339e+00
1.000979067506518660e+00
1.000091324866211551e+00
1.000120879610503444e+00
1.000808216087774039e+00
1.000880625988905148e+00
1.000837960496852697e+00
9.991351521427137561e-01
1.000905087485757905e+00
9.987355144745417856e-01
1.001466812364942838e+00
9.984509229260446483e-01
1.000481473062426518e+00
9.997726763614859236e-01
9.990674756874269313e-01
9.998366760539618703e-01
1.000874301328794846e+00
9.997257086349335964e-01
9.998617764350168358e-01
9.992954809380656389e-01
1.000359984996797236e+00
9.982011570181065219e-01
9.983125156007859324e-01
9.992882458557426073e-01
9.999996946844469381e-01
9.992124008155911508e-01
9.992864842416437909e-01
1.000275418813013406e+00
9.989571912381342011e-01
9.999408487277998692e-01
9.993671932519407886e-01
1.000161348135126582e+00
1.000369403431019988e+00
9.999020484384164575e-01
9.998095556332661227e-01
1.000849363817744919e+00
1.000760440337332913e+00
1.000219885258099684e+00
9.991130113336322838e-01
9.991180282550992109e-01
1.000946283214172894e+00
1.000640542421006307e+00
9.996324237088006770e-01
1.000308817040741483e+00
1.000413903753086808e+00
1.000046619059406394e+00
1.000307195177204456e+00
1.000610603148929023e+00
9.990805889477396562e-01
1.000795609870005931e+00
1.000141052937637554e+00
9.995840200349509486e-01
1.000403047736618589e+00
9.995127930754285073e-01
9.996896897574762964e-01
9.999474856422791991e-01
9.996770783123418713e-01
9.998972415956154380e-01
1.000018017203363918e+00
9.990249205583084935e-01
9.993808067151774832e-01
9.993114582149604797e-01
1.001022493457494278e+00
1.000020526393995413e+00
9.997574377821741853e-01
1.000179233301447423e+00
9.999392544826914975e-01
9.991006977604984796e-01
1.000130232532298047e+00
1.000056026412356358e+00
1.000040870777613167e+00
9.998922477180015589e-01
1.000492317849045687e+00
9.997574973492406869e-01
1.000440263522561990e+00
1.001182071416137020e+00
1.000701121385903836e+00
1.000146224448416277e+00
9.997771824513385086e-01
9.992713059689913857e-01
9.996185370474764964e-01
9.997754635382778421e-01
1.000958803227647520e+00
9.994904003652620439e-01
1.000389414116336972e+00
9.997560894469683657e-01
9.999435871636859208e-01
9.995907498256368928e-01
1.000571326717044629e+00
9.998471459748210499e-01
1.000576899267284325e+00
1.000387596119969524e+00
9.993438480324222661e-01
9.998012027550358116e-01
9.997728203244620193e-01
1.000392204411107544e+00
9.996116819257122588e-01
9.998318037530233848e-01
9.996306914546593259e-01
1.000822552433859203e+00
1.000502803100040694e+00
9.993377078473102415e-01
1.000224523410863542e+00
1.000424662159572708e+00
9.992509650352860984e-01
9.994879669540149836e-01
9.996924795025361465e-01
9.995209156469571088e-01
1.000135871378852181e+00
9.999140592356682289e-01
1.000140195118111697e+00
1.000110564442318495e+00
1.000014774057619737e+00
1.000771133707986316e+00
1.000497433403378711e+00
1.000455529420607448e+00
9.999417784774103923e-01
1.000149193662146274e+00
9.997851458788497014e-01
1.000558790232341844e+00
1.000190581447081062e+00
9.999388981455455960e-01
1.000200876500452862e+00
9.997223637943165597e-01
9.999989173521116603e-01
1.000774043510155753e+00
1.000021813197900400e+00
1.000374630379853969e+00
9.997506839967681413e-01
9.994862179030771232e-01
9.996984269324316053e-01
1.000371955627787912e+00
1.000194292465417689e+00
9.995512271963290507e-01
1.000272155590117729e+00
1.000451061016824683e+00
9.999061729334932647e-01
1.000370758161763352e+00
1.001044636142379041e+00
1.000681176753425827e+00
9.998072143174129289e-01
9.996645232172703954e-01
