0.000000000000000000e+00
0.000000000000000000e+00
0.000000000000000000e+00
0.000000000000000000e+00
0.000000000000000000e+00
0.000000000000000000e+00
0.000000000000000000e+00
0.000000000000000000e+00
0.000000000000000000e+00
0.000000000000000000e+00
0.000000000000000000e+00
0.000000000000000000e+00
0.000000000000000000e+00
0.000000000000000000e+00
0.000000000000000000e+00
0.000000000000000000e+00
0.000000000000000000e+00
0.000000000000000000e+00
0.000000000000000000e+00
0.000000000000000000e+00
0.000000000000000000e+00
0.000000000000000000e+00
0.000000000000000000e+00
0.000000000000000000e+00
0.000000000000000000e+00
3.790479699677504893e-02
8.394248192013478160e-01
2.972232752630414421e+00
3.490899323407881560e+00
2.252190704182260195e+00
1.110140744718102424e+00
5.272379873159775965e-01
3.060318665572047681e-01
2.456943943775057870e-01
2.420525760256487524e-01
2.770970288837419915e-01
3.177690812169761680e-01
3.341723403440258755e-01
3.448606958188776273e-01
3.511687533596936084e-01
3.597551753374025330e-01
4.206109180391913172e-01
5.258446320790287620e-01
6.659933744505458497e-01
8.480582353213477198e-01
1.018268341581145098e+00
1.163544102973673278e+00
1.304245463669605920e+00
1.369358624592099227e+00
1.465149913234919055e+00
1.542946838683451061e+00
1.571143294687982417e+00
1.550831761694549948e+00
1.455873669015051330e+00
1.340617471163284780e+00
1.195616538857145583e+00
1.088077687744323896e+00
9.859840058913690308e-01
9.363780717144284393e-01
8.871656436091108766e-01
8.716012378878486011e-01
8.682187463652314419e-01
8.805128606747807396e-01
8.965125926278951773e-01
9.169170558649574199e-01
9.322808394488907302e-01
9.633531454820434270e-01
9.751350800349470882e-01
1.002682298430525476e+00
1.017113692147481041e+00
1.032610420070451340e+00
1.037076390785395708e+00
1.042955404677629927e+00
1.047456077169717226e+00
1.047254229974200701e+00
1.047007910797141506e+00
1.042941091215753069e+00
1.036315398383558017e+00
1.028089626351202046e+00
1.014845749237421435e+00
9.985974648819272437e-01
9.875492013464074459e-01
9.881697444371811967e-01
9.770105810731669616e-01
9.799221726348277262e-01
9.899700663886458196e-01
9.787252038721157010e-01
9.789710355138188103e-01
9.916408610567315485e-01
9.950082365540919849e-01
9.994159360651476698e-01
1.007189452997796275e+00
1.002805323826149841e+00
1.008862752105621485e+00
1.013485457716642779e+00
1.014138503393942958e+00
1.013620970532675969e+00
1.011215340692487530e+00
1.007335834674158992e+00
1.010962103666610767e+00
1.002701222582768281e+00
1.002710605370779939e+00
9.980235423157763908e-01
9.931545456756939450e-01
1.000235766766324419e+00
9.915702721754625637e-01
9.915308468994531443e-01
9.988803789231041064e-01
9.896452062553352524e-01
9.956817852800063928e-01
9.936932297815496140e-01
1.001348545500690523e+00
1.005865367865516946e+00
1.005899223293468259e+00
1.007043872879243018e+00
1.005960708874417797e+00
1.006989876585612675e+00
1.005088950119218616e+00
1.007140047286452456e+00
1.006540385258088310e+00
1.006396322100551632e+00
1.002495219432016471e+00
1.003808479946241006e+00
1.005765239085355978e+00
1.003962186320928929e+00
1.008176457885739064e+00
1.010480787790056789e+00
1.007866967778769052e+00
1.004996104053676786e+00
1.004088643163703276e+00
1.007510302105690148e+00
1.001264616419843323e+00
1.005144883065454131e+00
9.997145290653363103e-01
1.002416572151015650e+00
1.000136671040907865e+00
1.003545422805263820e+00
9.998486627578982988e-01
1.001420995236114386e+00
1.004112365010549235e+00
1.001279563918485938e+00
1.003636465759759844e+00
1.000580708265295993e+00
1.004986164518299141e+00
1.003239967406369226e+00
1.000313258542489869e+00
1.005176784550645186e+00
1.003544273498059303e+00
1.004610120478107715e+00
1.000777002224481738e+00
1.003486620733793355e+00
1.000749414090549072e+00
1.002346121333961726e+00
1.001059712200160323e+00
1.004049623854105455e+00
1.003395320879502783e+00
1.001749595169992402e+00
1.004058439497113486e+00
1.004531887878321816e+00
1.002372418391171083e+00
1.003179460047631588e+00
1.005514013544311469e+00
1.001542729336443616e+00
1.004812356771406234e+00
1.003571353615709150e+00
1.003416136441755535e+00
1.004554776746366951e+00
1.001605926836785398e+00
1.003175467589772829e+00
1.004664452764621130e+00
1.003115552555231771e+00
1.002837728659875083e+00
1.002357161447910761e+00
1.002468658957402559e+00
1.001206659040244418e+00
1.001861928764449239e+00
1.004336623618766078e+00
1.001090319494326586e+00
1.003598635513250681e+00
1.000185607236659280e+00
1.001938855108580162e+00
1.003339619980950781e+00
1.001213522169965620e+00
1.001621010282494062e+00
1.002360116211973073e+00
1.003112274928493752e+00
1.001085196824681223e+00
1.004314993959148028e+00
1.000442965222612335e+00
1.000686524056941806e+00
1.004196437253484175e+00
1.001245249342466170e+00
1.002446660960452762e+00
1.005692611171175921e+00
1.000466932547368959e+00
1.005496991141432206e+00
1.000027349670207233e+00
1.001904705868825740e+00
1.000789088290336970e+00
1.000422580638378856e+00
9.984281223252543525e-01
1.000939237990958297e+00
9.996538786518754938e-01
9.995019353512352156e-01
1.001255022153577645e+00
9.993933314188655492e-01
1.002013426414448016e+00
1.002570976956070226e+00
1.002862619721507365e+00
9.992014098742721950e-01
9.995326204636828527e-01
9.996117552680080509e-01
1.000919588042374020e+00
9.995846792125920866e-01
1.000661395111323682e+00
9.980160016124118849e-01
1.001645632226185523e+00
9.995474404441195837e-01
9.996110518402039347e-01
9.991476149095515069e-01
9.978610588154129823e-01
1.002055109703966052e+00
9.991133556599159915e-01
1.000122514407391305e+00
1.001923964843385750e+00
9.998294834847122337e-01
1.001754065124750070e+00
1.001619613722775082e+00
9.982501767973058771e-01
1.002177854311723681e+00
1.000285908736550766e+00
1.001168228260914450e+00
1.001967181270394081e+00
1.000530781576498329e+00
9.992409047611710005e-01
1.000385648848207465e+00
9.997292014747658495e-01
9.985996633280369572e-01
1.001710072981172761e+00
1.000307209009257292e+00
9.995087742441917111e-01
9.975883789499991883e-01
9.985281753558201689e-01
9.984894073219623412e-01
9.985276180853814854e-01
9.972895131055260487e-01
9.982737504352608982e-01
9.971347189309645032e-01
1.000612530819408263e+00
1.000036699895711756e+00
9.982760683654063882e-01
9.968585104994891477e-01
9.987559776277743495e-01
9.976594175954039967e-01
9.984521539683338665e-01
9.974545774371235130e-01
9.990577786980783248e-01
9.956613461240813034e-01
9.984914367203304719e-01
9.983463643257936004e-01
9.981630377665329235e-01
9.951420823643714053e-01
9.980741853015749898e-01
9.981658319340626084e-01
9.981632548309583575e-01
9.935795952033706913e-01
9.858533480480201616e-01
9.769191909578480715e-01
9.623140747339619105e-01
9.532578551683008605e-01
9.420698648619387772e-01
9.309773060268220490e-01
9.215845508706006495e-01
9.099796649310537555e-01
8.996025616282006254e-01
8.875550969597648665e-01
8.780131777245537839e-01
8.681899229178848820e-01
8.582782199869753992e-01
8.453399987822508566e-01
