0.000000000000000000e+00
0.000000000000000000e+00
0.000000000000000000e+00
0.000000000000000000e+00
0.000000000000000000e+00
0.000000000000000000e+00
0.000000000000000000e+00
0.000000000000000000e+00
0.000000000000000000e+00
0.000000000000000000e+00
0.000000000000000000e+00
0.000000000000000000e+00
0.000000000000000000e+00
0.000000000000000000e+00
0.000000000000000000e+00
0.000000000000000000e+00
0.000000000000000000e+00
0.000000000000000000e+00
0.000000000000000000e+00
0.000000000000000000e+00
0.000000000000000000e+00
0.000000000000000000e+00
0.000000000000000000e+00
0.000000000000000000e+00
0.000000000000000000e+00
3.270801804854386180e-02
8.039892328692169743e-01
2.862452712748594141e+00
3.393233364386162521e+00
2.193372714775524646e+00
1.083470205426049215e+00
5.324868668254945092e-01
2.901642781860780396e-01
2.334423742527362566e-01
2.447465129010523710e-01
2.736067341376141049e-01
3.079124504008407537e-01
3.316223223133158426e-01
3.510947916215222397e-01
3.590069949336610611e-01
3.679472615635944743e-01
4.269786637610789026e-01
5.282533181382653709e-01
6.746884222317284241e-01
8.486004426617406171e-01
1.016380937887375380e+00
1.168276179381075419e+00
1.292286616786866738e+00
1.392753356242619756e+00
1.473038920779958572e+00
1.545311567829441124e+00
1.572652987655861923e+00
1.549010965611638202e+00
1.475016271287977077e+00
1.351287718526956949e+00
1.211193107528369506e+00
1.094200999614143743e+00
9.895035536428989920e-01
9.266397642623490638e-01
8.909639821806834004e-01
8.697419781579378562e-01
8.718388027025897324e-01
8.885176610289245991e-01
8.964713431031157143e-01
9.106709485735542398e-01
9.415236312118731021e-01
9.668595261854745493e-01
9.701989633636919352e-01
9.954387805784037369e-01
1.019552487199907098e+00
1.032348778269882139e+00
1.043118887075729528e+00
1.052834779959503475e+00
1.045681628545607422e+00
1.065948299003888655e+00
1.055849590822366846e+00
1.043589494300312781e+00
1.045413472108472686e+00
1.027266502566220430e+00
1.015833993798347601e+00
1.005791319776842885e+00
9.844069818234872926e-01
9.940045431379085361e-01
9.915600233460009072e-01
9.783090487962059489e-01
9.786827544285463532e-01
9.785022625470987112e-01
9.883795028520044879e-01
9.926936665326107079e-01
9.955866845273513288e-01
1.011484628667116636e+00
1.006240332080861721e+00
1.017237299780769488e+00
1.021212170897439098e+00
1.012410213351319532e+00
1.020518761678185671e+00
1.025459264696093165e+00
1.020421983570249713e+00
1.017462970685203638e+00
1.018277841627622138e+00
1.008069294583772368e+00
1.004684948398218758e+00
1.004959329220548314e+00
1.004449504308158492e+00
1.006641039733170429e+00
1.000015770095535439e+00
9.994502951077968156e-01
9.985948493226312062e-01
9.975054811594110671e-01
9.972347826589247344e-01
9.996729530279363507e-01
1.004260461201049726e+00
1.007772421275955121e+00
1.008757596868452122e+00
1.005144797397629741e+00
1.005038519266485242e+00
1.006914234248442064e+00
1.008607924779018283e+00
1.004642710578613984e+00
1.002164509697031747e+00
1.001352908255180862e+00
1.002914053523412008e+00
1.003373048735366924e+00
1.004834595250570395e+00
1.005666505344801953e+00
1.003524385680380160e+00
1.000515952167645661e+00
1.006620146773186120e+00
1.003776731192268956e+00
1.001090733116829945e+00
1.001395111502557889e+00
1.001070524839906772e+00
1.001287448678337633e+00
1.000849268047975027e+00
1.000515386134930296e+00
9.963821297965734791e-01
1.002058996474636698e+00
9.997886175716744761e-01
1.007263713505334390e+00
1.000227285050241610e+00
1.005074964735374499e+00
1.002352556233297998e+00
1.003714289267702453e+00
1.003484685962847900e+00
1.002842160022958451e+00
1.004154088487700047e+00
1.001966286544677009e+00
1.002351062210963928e+00
1.005613344283565969e+00
1.002246572848566109e+00
1.002959313609434355e+00
1.002920913578501327e+00
1.001378972381557597e+00
1.002933713142794669e+00
1.005440044620162121e+00
1.004009142324431725e+00
1.001040490114645243e+00
1.004279994251550345e+00
1.000685407139603855e+00
1.002424155330137845e+00
1.005449758014620887e+00
1.005072418298499581e+00
1.003354241007117675e+00
1.004655907342010046e+00
1.003195870634564058e+00
9.992926161801474194e-01
1.002809602203041051e+00
1.004802257701116419e+00
1.005759606569146314e+00
1.002113762373372907e+00
1.002709884274483265e+00
1.003036031316639098e+00
1.004827147400169984e+00
1.001719704421863311e+00
1.002559334133834801e+00
1.001182149187450632e+00
1.000042439262153415e+00
1.007103251007766431e+00
1.002617931430648035e+00
1.000004887891580596e+00
1.003022386368872976e+00
1.002843610009152897e+00
1.002048636724141684e+00
1.000295819902130567e+00
9.976163645578837169e-01
9.976187191796359599e-01
1.001963043910336415e+00
9.992921383814249436e-01
9.992110782056966567e-01
1.003812177494768365e+00
9.967766613347477378e-01
1.001949756900257560e+00
9.979216421576413421e-01
9.997392378319296391e-01
9.996362966082721346e-01
1.002170220902730113e+00
1.000368535695341565e+00
9.987368408169375877e-01
9.998196809201660429e-01
1.000529315627000537e+00
9.999070445266233786e-01
1.000720239216560170e+00
9.993640250534217007e-01
9.990156203089805009e-01
9.989040628779251030e-01
1.000984021145229885e+00
1.002003456684068317e+00
1.001104723466855306e+00
1.000851769103937805e+00
1.002799752176420256e+00
1.001525226117855105e+00
1.001650187253098068e+00
9.998027211443555329e-01
1.001376865079597778e+00
1.000303981141523524e+00
9.997102616916538897e-01
9.977593603661081278e-01
1.001205667787947506e+00
1.001230216603909318e+00
9.999310771593916680e-01
9.989226316957907637e-01
9.988943049711117572e-01
9.995946058474036722e-01
9.987098010340145215e-01
9.985559034485376184e-01
9.966645747814524281e-01
9.983092903990119504e-01
9.996838607181768310e-01
9.980439032988178694e-01
9.987998385615707297e-01
1.001730889167129268e+00
9.999546354081547683e-01
9.983659619059036539e-01
9.978745814953240423e-01
1.001088790943768458e+00
9.964252067151442294e-01
9.961888854235541046e-01
9.948795982330728149e-01
9.978304341213527495e-01
9.976490542328949607e-01
9.988618428596514054e-01
9.978915224174551568e-01
9.980759871846102138e-01
9.959811863779377550e-01
9.970613713294069758e-01
9.965766146403253201e-01
9.980007607223747579e-01
9.969233685055762795e-01
9.958962108536255631e-01
9.998931984016833363e-01
9.944347156598783988e-01
9.983392273224686031e-01
9.985043835739656481e-01
9.976136916595518267e-01
9.983177992247030952e-01
9.982367884291537541e-01
9.986693337885212962e-01
9.973197381174078169e-01
9.979804156750544664e-01
9.987251539199640815e-01
9.988615340071476112e-01
9.983869786077580466e-01
9.983394140959365171e-01
1.000347582369402355e+00
9.999435608193801839e-01
9.958057256169094984e-01
9.855362651970179799e-01
9.748762909784399744e-01
9.637924746796695530e-01
9.551412267436173442e-01
9.435036887965440044e-01
9.311507520721984399e-01
9.209358699108580737e-01
9.116995588062146716e-01
8.967730190422583680e-01
8.876153980751664285e-01
8.771509077537500421e-01
8.670001103708938617e-01
8.563488306798605620e-01
8.471049825851286741e-01
