0.000000000000000000e+00
0.000000000000000000e+00
0.000000000000000000e+00
0.000000000000000000e+00
0.000000000000000000e+00
0.000000000000000000e+00
0.000000000000000000e+00
0.000000000000000000e+00
0.000000000000000000e+00
0.000000000000000000e+00
0.000000000000000000e+00
0.000000000000000000e+00
0.000000000000000000e+00
0.000000000000000000e+00
0.000000000000000000e+00
0.000000000000000000e+00
0.000000000000000000e+00
0.000000000000000000e+00
0.000000000000000000e+00
0.000000000000000000e+00
0.000000000000000000e+00
0.000000000000000000e+00
0.000000000000000000e+00
0.000000000000000000e+00
1.560810308920138262e-04
3.198597126258676676e-02
8.489091707727376424e-01
2.987559806958838049e+00
3.492261893150282681e+00
2.236865161814214353e+00
1.099631294947149174e+00
5.361426927182200153e-01
2.967137829123226989e-01
2.386068710742993426e-01
2.447342259879392301e-01
2.676453244886183302e-01
2.969257884611897769e-01
3.296068453521802111e-01
3.475373167590672940e-01
3.533441134734593980e-01
3.734697138243348591e-01
4.204832336488583677e-01
5.285899122210938605e-01
6.798042078708375069e-01
8.305779154548745824e-01
1.013750165628941602e+00
1.171640845194719560e+00
1.297994110136065027e+00
1.389815455743901307e+00
1.459580984829167649e+00
1.524218395412694438e+00
1.574729021688170194e+00
1.556446023570316139e+00
1.452747379067817146e+00
1.337150588053939382e+00
1.208151240925501080e+00
1.089537839401432340e+00
9.883486279059015001e-01
9.267848987188159748e-01
8.891459901425293744e-01
8.678551913169283427e-01
8.693920299922393014e-01
8.858105143826191519e-01
8.976114415471081465e-01
9.193864398236762936e-01
9.393142096806736951e-01
9.560262669010527459e-01
9.735845990376774672e-01
9.963872510017929285e-01
1.013274422759540494e+00
1.020589869471618005e+00
1.034268910764727378e+00
1.042193139927539258e+00
1.046947312843427458e+00
1.048371284915482260e+00
1.035035708098447360e+00
1.036460321704445686e+00
1.029464276521658617e+00
1.022501262025164115e+00
9.996975787813705550e-01
9.932625088888938913e-01
9.868544277252375707e-01
9.738277483615204178e-01
9.704111365198894168e-01
9.708193488805154647e-01
9.753651438736211654e-01
9.764244264928895189e-01
9.768625792296916632e-01
9.918662154571608047e-01
9.886468927903601100e-01
9.994786371052332141e-01
9.996650549128895946e-01
1.006662293948932696e+00
1.012543602241522844e+00
1.007826670140990366e+00
1.008457435633479449e+00
1.017297816507201969e+00
1.013402100822151208e+00
1.020299495027816805e+00
1.011166284243254054e+00
1.012007790627512449e+00
1.002369833264650456e+00
9.983716233014510166e-01
9.900802598196452031e-01
9.932909096441838726e-01
9.903179724528582417e-01
9.881319200918995405e-01
9.891797878733673555e-01
9.935632598578523211e-01
9.864786041359407953e-01
9.982644898937544919e-01
9.968540780033829929e-01
9.948768270224406240e-01
1.000749661189966222e+00
9.998340831361759440e-01
1.002901977028208158e+00
1.004930621133300894e+00
1.003372184654769406e+00
9.978061123493623397e-01
9.956248584163607251e-01
9.960240310807744191e-01
1.000718324385259317e+00
9.982087807458385198e-01
9.993472722118769136e-01
9.947107066859239843e-01
9.963112639391897840e-01
9.998216256508807298e-01
9.996413473901685220e-01
9.968714398277438438e-01
9.976657551194918483e-01
1.000040868314446385e+00
9.958779946903648650e-01
9.946564852430126447e-01
9.950893943765375393e-01
9.957569035142882496e-01
9.955053534238473834e-01
9.907790963447015153e-01
9.962989300980088503e-01
9.964129936365050400e-01
9.956413826353759378e-01
9.935992973502055792e-01
9.965928715994891718e-01
9.915373733382244481e-01
9.964314452057281279e-01
9.931077742587807178e-01
9.926623757296400008e-01
9.927259379071969869e-01
9.934286891529794383e-01
9.932067307886677243e-01
9.936648046668037360e-01
9.957481045785895324e-01
9.950446001972831356e-01
9.972069949006181488e-01
9.948344954330271550e-01
9.951128674222761150e-01
9.937091606584164127e-01
9.934880114774314874e-01
9.955682572122269702e-01
9.942274170328235794e-01
9.964844690305804109e-01
9.963821663414177410e-01
9.954012601042039332e-01
9.975235009705285538e-01
9.971745682729538096e-01
9.966322502621483004e-01
9.966014845711622661e-01
1.000582558085783225e+00
9.991844800918355807e-01
1.001075620807383437e+00
9.984172264893954596e-01
9.983565209432869736e-01
1.000312823352821345e+00
1.000491007134626686e+00
9.969940845670119955e-01
1.000222670774152389e+00
9.997933210690205241e-01
9.994598501892594244e-01
9.994302638888635792e-01
9.976123549131046264e-01
9.962061163675653974e-01
9.985573905513744908e-01
9.966351733054668038e-01
9.992806852686116903e-01
9.987151069316027030e-01
9.952926043140811752e-01
9.950933945691275984e-01
9.955982062595662985e-01
9.959050701862626198e-01
9.966135220243378390e-01
9.981648461891781121e-01
9.961818243331522771e-01
9.948372228199919842e-01
9.967109164758062301e-01
9.963356551410856854e-01
9.963438953873491322e-01
9.989058728462364423e-01
9.958216348676264262e-01
9.982398941800086911e-01
9.972606465761465477e-01
9.964109115861101706e-01
9.986168383744786770e-01
9.973952818546909516e-01
9.984021279514863068e-01
9.987505175962160253e-01
1.000980199456307895e+00
9.967979267342530481e-01
1.000155711330310115e+00
9.975594340045762509e-01
9.994134405316226211e-01
9.958836312177572481e-01
9.968227269116338718e-01
9.997460957263698544e-01
1.001086771295320865e+00
9.974455542311903011e-01
1.000771037595174162e+00
9.971077380174893090e-01
9.997403160471944883e-01
1.001010812023407137e+00
9.998394743744986046e-01
1.001602017439079617e+00
1.001104169798772148e+00
1.001170329061620068e+00
9.991034244520439200e-01
9.995788057735131016e-01
1.001342801898539747e+00
1.000281463167307816e+00
1.001601558292364968e+00
1.001929285183298823e+00
1.000709040056042776e+00
1.000324113264435821e+00
1.002047428424118536e+00
1.001493727454533911e+00
1.002236766913202182e+00
1.001082901234769285e+00
1.000753974429887672e+00
1.000646258368738106e+00
1.000777641598391554e+00
1.000602226861048605e+00
1.000740487285417757e+00
1.002319912675177838e+00
1.001450657832217983e+00
1.001661919841813075e+00
1.002574971850009211e+00
1.001089338188096978e+00
1.002412631473119431e+00
9.993389869208645360e-01
9.987571686162981521e-01
1.002246974796416890e+00
9.999643348025127887e-01
1.000812364892655015e+00
1.000680247792969046e+00
1.000511175813350917e+00
1.002034367399536441e+00
1.002264510072118364e+00
1.001874204260494672e+00
1.000158856165276777e+00
1.000707057456507787e+00
9.993851522429784140e-01
9.985136444087628904e-01
1.001193538166236019e+00
9.989039012623774916e-01
1.000514178495511386e+00
1.001820763802143688e+00
1.000103030762381051e+00
1.000459901700248677e+00
9.974944179936210409e-01
9.888906147169962413e-01
9.754912493335290424e-01
9.658236594964700883e-01
9.538470362050774920e-01
9.426265050163771253e-01
9.306044374592032931e-01
9.220593751157759588e-01
9.117803060896739753e-01
8.989825244962228457e-01
8.892633673869521083e-01
8.784979383755980864e-01
8.666645547643263559e-01
8.566211457281062147e-01
8.482942804932984693e-01
