0.000000000000000000e+00
0.000000000000000000e+00
0.000000000000000000e+00
0.000000000000000000e+00
0.000000000000000000e+00
0.000000000000000000e+00
0.000000000000000000e+00
0.000000000000000000e+00
0.000000000000000000e+00
0.000000000000000000e+00
0.000000000000000000e+00
0.000000000000000000e+00
0.000000000000000000e+00
0.000000000000000000e+00
0.000000000000000000e+00
0.000000000000000000e+00
0.000000000000000000e+00
0.000000000000000000e+00
0.000000000000000000e+00
0.000000000000000000e+00
0.000000000000000000e+00
0.000000000000000000e+00
0.000000000000000000e+00
0.000000000000000000e+00
0.000000000000000000e+00
3.559145187072219191e-02
8.288442557771130703e-01
2.887490951243655957e+00
3.371128362065513251e+00
2.166450196893790814e+00
1.060958186512564350e+00
5.076757813906770389e-01
2.809518167182591952e-01
2.252707730956253485e-01
2.267298277593381983e-01
2.477446791837566720e-01
2.906244746133355150e-01
3.155124336407145735e-01
3.258241757662775906e-01
3.354812949950699008e-01
3.504260853691114064e-01
4.023516042914574431e-01
5.034283368745708920e-01
6.453542844023083536e-01
8.151848913958856802e-01
9.875960257298368461e-01
1.163087186352067537e+00
1.284331608479222453e+00
1.371306769602634867e+00
1.454253915041548328e+00
1.521022734726452663e+00
1.545557202517854112e+00
1.522191258977561468e+00
1.449418163572471885e+00
1.326774799982779696e+00
1.196069391920845826e+00
1.079956644797978926e+00
9.828895008425581059e-01
9.233974290619970660e-01
8.826679982537206648e-01
8.638432619765169518e-01
8.688075354260653693e-01
8.697038581701751481e-01
8.845450262178244927e-01
9.041139825595759794e-01
9.219973221606579949e-01
9.518599170087992389e-01
9.676119259045653509e-01
9.912117378118492361e-01
9.983764416193088298e-01
1.008660269601149961e+00
1.027953827463261138e+00
1.028495524782072179e+00
1.037872887911574393e+00
1.046430199159282148e+00
1.046216364261324694e+00
1.029291380057044902e+00
1.030313160364960456e+00
1.016092045482015926e+00
1.003886855628829622e+00
9.951231865095849782e-01
9.859345123639647879e-01
9.748998700638101811e-01
9.810290950222065876e-01
9.678032603889407115e-01
9.690504821900725041e-01
9.681907215897167518e-01
9.765168438962295028e-01
9.818286504286347638e-01
9.882866786788265800e-01
9.898046747955042690e-01
9.967289113560580116e-01
1.009224296079349825e+00
1.000207825311521193e+00
1.015332919951816404e+00
1.011637836314067895e+00
1.007544981758443425e+00
1.007585969693593597e+00
1.008866381632991249e+00
1.008349187042880679e+00
1.002670480708695910e+00
9.988288085730002708e-01
9.987361802318445170e-01
9.912786581132649877e-01
9.902123421358852706e-01
9.916686438229054268e-01
9.869555619530521184e-01
9.903543617801805476e-01
9.933970834614307410e-01
9.942648194107154280e-01
9.962586080353117435e-01
9.961669981366080284e-01
9.988162322264773074e-01
9.982063033978691990e-01
1.006735885672537023e+00
1.002901049670911870e+00
1.005925815327757933e+00
1.005682354092225728e+00
1.002968124745137413e+00
9.987007857396996702e-01
9.994121617421163339e-01
1.000047433187154500e+00
9.981995815648416759e-01
1.006110541282142279e+00
1.002588091854794250e+00
9.997279722067303753e-01
1.000838135504952486e+00
1.001306392818462010e+00
9.994937060849784505e-01
9.998860375914861987e-01
9.976453651603897077e-01
9.936444941940479891e-01
9.987029693450711898e-01
9.966740644578250263e-01
9.967549632385063196e-01
9.952396725958265744e-01
9.988519881138554490e-01
9.985220549419986380e-01
9.960847662171257166e-01
9.956466005817824483e-01
9.971896909008307608e-01
9.939002394215236125e-01
9.970514655184076203e-01
1.001679637204333950e+00
9.996982927613886627e-01
9.980218646688234774e-01
9.960839486895247674e-01
9.975696834878040598e-01
9.979690744678024750e-01
9.947130818473927105e-01
9.984388721525583321e-01
9.964028378918358131e-01
1.000910197044412087e+00
9.964026549118748521e-01
9.978476532067941385e-01
9.960340694831895103e-01
9.992968580826271374e-01
9.950416481744406294e-01
9.967560400577523128e-01
9.954835756455602258e-01
9.956313526856318541e-01
9.995039685033783039e-01
9.932234807849852354e-01
9.931700127730391792e-01
9.957282525026253106e-01
9.980941673019877447e-01
9.981817088372213487e-01
9.998460048420906299e-01
9.968161600911770170e-01
9.980543073201806337e-01
1.000013695103465272e+00
9.985238347798256475e-01
1.000465368948814326e+00
9.991175155475569003e-01
9.966699567046544139e-01
9.978367537113602692e-01
9.975595448800579357e-01
9.973650162017209109e-01
9.953740379474126376e-01
9.972771975639563857e-01
9.981798006864667228e-01
9.982083595145165855e-01
9.962293633604270005e-01
9.970421352242316848e-01
9.988799628558175936e-01
9.990435253842646635e-01
1.000299260796767786e+00
9.963536548226851197e-01
9.988412732227858193e-01
9.959732284924777135e-01
9.947834804867770053e-01
9.962932888474798077e-01
9.980190484208664170e-01
9.981092930243663508e-01
9.974463796702166540e-01
9.959454693408761328e-01
9.957047928074750365e-01
9.963788821071946078e-01
9.978569534734701429e-01
1.001056584641374370e+00
9.989958977248095673e-01
9.986438498262356633e-01
9.964720898424119788e-01
9.966163640979830429e-01
9.961925504962908517e-01
9.965618978038436326e-01
9.963653497565662098e-01
9.969968684317283003e-01
9.986374926049383927e-01
1.000158733987156934e+00
9.971077743819255490e-01
9.973837933010649692e-01
9.971788186278852661e-01
9.979865007884315409e-01
9.998091571900432628e-01
9.968333065671698412e-01
1.001844677214879020e+00
9.964647836876630027e-01
9.993791514319190217e-01
9.981516653196244038e-01
9.941664827467372456e-01
9.980186431684717752e-01
1.000099591636807173e+00
1.000081111636109910e+00
1.001573936877716564e+00
1.001001509570076609e+00
9.987981794096539856e-01
9.983619631083395785e-01
1.000226528762612199e+00
9.984873157469122962e-01
9.998941897260800182e-01
1.003948074261461487e+00
1.000988878140166349e+00
1.000738424456372844e+00
9.982012861700072515e-01
9.995623750978908095e-01
9.991056155843147657e-01
9.996660701104957969e-01
9.996795492405177175e-01
9.971322432658766832e-01
1.000021756186220134e+00
9.992189347235135299e-01
1.000003190998712377e+00
9.998163109771862622e-01
9.984014040415392088e-01
1.001091944397532574e+00
9.966965966470898719e-01
9.990583237397866467e-01
9.997609988395224079e-01
9.995923799390448172e-01
9.981983904876154945e-01
9.971193746382587264e-01
9.989921835096089442e-01
9.983137969782376331e-01
9.978003949918796689e-01
1.000451233603652623e+00
9.971480150297793443e-01
9.980449160280341347e-01
9.982095561003975215e-01
9.996097546937143807e-01
9.998281007292952882e-01
9.993451321559532197e-01
9.980326738660217911e-01
9.966667764127348228e-01
9.971896538975353330e-01
9.953964719704032627e-01
9.852579309630886684e-01
9.747413149059049875e-01
9.640560784841697428e-01
9.531874841467078419e-01
9.415910444156621040e-01
9.306414369532973740e-01
9.182936005826394243e-01
9.120981272906316661e-01
8.990735775550927622e-01
8.913091224355852438e-01
8.780721422401466247e-01
8.689659469858057594e-01
8.579789896062345322e-01
8.479088520172448629e-01
