0.000000000000000000e+00
0.000000000000000000e+00
0.000000000000000000e+00
0.000000000000000000e+00
0.000000000000000000e+00
0.000000000000000000e+00
0.000000000000000000e+00
0.000000000000000000e+00
0.000000000000000000e+00
0.000000000000000000e+00
0.000000000000000000e+00
0.000000000000000000e+00
0.000000000000000000e+00
0.000000000000000000e+00
0.000000000000000000e+00
0.000000000000000000e+00
0.000000000000000000e+00
0.000000000000000000e+00
0.000000000000000000e+00
0.000000000000000000e+00
1.202509844978105507e-05
3.252477015637506019e-02
9.801866661721366780e-01
3.252506653338035125e+00
3.275457669793357507e+00
1.846786347684364449e+00
8.540941573810145737e-01
3.952640055933481222e-01
2.061746058372337098e-01
2.295570891464139562e-01
8.268399399701088504e-01
1.722727051389258079e+00
1.899159729274334518e+00
1.473571628453399285e+00
1.011217094310432385e+00
7.358079535345688482e-01
6.314785407837076869e-01
6.311046798645437717e-01
6.785417580379421443e-01
7.607545438686611483e-01
8.475157944600222315e-01
9.397911470304787240e-01
1.023841531358067547e+00
1.093623103832300547e+00
1.144338654888851670e+00
1.181932109678657694e+00
1.203108280388528462e+00
1.201483417820105926e+00
1.183295371787334904e+00
1.147754777073812793e+00
1.114515329707925773e+00
1.075835846904597659e+00
1.039904683752195913e+00
1.005635835005660006e+00
9.748621718364506306e-01
9.551540096976480765e-01
9.390189087746790841e-01
9.292355741558343540e-01
9.262512814648081738e-01
9.222485438010912251e-01
9.271050392303545884e-01
9.350921427382394846e-01
9.442299125611632871e-01
9.582919843757911060e-01
9.682003950987881913e-01
9.811131937590045204e-01
9.883597249453670575e-01
9.972764516483267894e-01
1.004923262085312574e+00
1.010741818454097940e+00
1.016768895280065532e+00
1.019007702746131283e+00
1.021404328050022237e+00
1.023180956344635018e+00
1.021957644791051223e+00
1.018802855448926570e+00
1.017539847060578984e+00
1.012361032732218780e+00
1.009002354253978107e+00
1.005124175013295762e+00
1.002842839027292543e+00
9.998747553087944384e-01
9.975006204167154999e-01
9.964743790742255358e-01
9.965669709547393396e-01
9.960673456995776665e-01
9.954364502165791162e-01
9.955735470543514154e-01
9.951373041978027745e-01
9.948624680621354077e-01
9.957829106035981370e-01
9.971368635415815973e-01
9.959875118102752278e-01
9.973919567335722824e-01
9.989375785676261055e-01
9.990938869875358730e-01
1.000044208047649930e+00
9.989903935187353090e-01
1.001316596240753531e+00
1.000466948206204298e+00
1.000784829695043010e+00
1.000834696488292375e+00
1.000441465241067807e+00
1.000502638202633632e+00
1.001885779743260541e+00
1.001159601415164913e+00
1.001233555936955399e+00
1.000425568524028419e+00
1.001413967317332343e+00
1.001457621690729383e+00
9.991032070128796905e-01
1.001938412026874392e+00
1.001353570553920491e+00
9.998776136687143046e-01
9.996700565955657369e-01
9.992803487407971863e-01
1.000036274195342800e+00
1.000111104210906099e+00
1.000080221994638530e+00
1.000566881440421829e+00
9.987693232671707166e-01
9.999564974123518191e-01
9.991978802486201072e-01
9.991412165316450045e-01
1.000047568823395183e+00
9.996346312051503924e-01
9.997319621952730495e-01
1.000785919035984461e+00
9.999764959797250441e-01
9.991323026725793532e-01
1.000285307409445545e+00
1.000505328241614755e+00
1.000501998571830198e+00
1.000878552072055339e+00
1.000523672717625656e+00
1.001459905255257521e+00
9.999918913702435797e-01
9.999758110304394210e-01
1.000189522991056457e+00
1.000465784103270472e+00
1.000139717594208388e+00
9.994134026288469252e-01
9.986713762816651352e-01
9.985421405134388140e-01
9.986589881251977108e-01
9.984280838201048391e-01
9.994259482810272655e-01
9.989399168068555657e-01
9.998704922674752638e-01
1.000299240714937810e+00
1.001431927741865513e+00
1.000744247188505742e+00
1.001378535384824797e+00
1.000951220850998968e+00
1.001421695396047307e+00
1.002211624630551245e+00
1.001403864701038815e+00
1.001756683866076747e+00
1.002355093978148259e+00
1.000975684205257066e+00
1.000422542116017111e+00
1.000138849824791842e+00
9.994310828765556876e-01
9.995506465897177062e-01
9.989557501943912010e-01
9.992422379824206224e-01
9.987773705908550292e-01
9.988326264598368365e-01
9.986949839510703697e-01
9.990573696337529119e-01
9.981913557144548310e-01
9.994241422736073188e-01
9.997942255524379096e-01
9.997304031582452399e-01
1.000413415341989687e+00
1.000792310018469466e+00
1.000850492902955802e+00
1.001187960302846403e+00
1.001065291708573168e+00
1.000762409321114932e+00
1.000813099730710309e+00
1.001725757593304955e+00
1.001335643765501437e+00
1.000499422954420403e+00
9.997306971924891927e-01
9.996042738888765156e-01
9.999279096167642544e-01
1.000625583663325324e+00
9.996581323083257864e-01
1.000452616348966428e+00
1.000324642238352935e+00
9.996378335786177960e-01
9.994143195184631567e-01
1.000188908591885806e+00
9.996992206580561646e-01
1.000174783150699520e+00
1.000181269944346418e+00
9.997343771746040053e-01
1.000304141613824749e+00
1.000020823874357756e+00
9.998672684460673254e-01
1.000182381514829633e+00
9.999325814058642736e-01
1.000701613507082754e+00
1.000526120962469845e+00
1.000226092074281370e+00
1.000573377583620971e+00
1.000739094404403895e+00
1.000391338898135585e+00
1.000540574827758489e+00
1.000326533953599606e+00
9.997555227602635819e-01
1.000061292614826902e+00
1.000302400449932350e+00
9.996036237657662804e-01
9.996563946415164548e-01
1.000320539683015486e+00
1.000273125213030800e+00
1.000414518686528531e+00
9.996228206242867564e-01
9.998134354355189268e-01
9.999754231506386981e-01
1.000424404375738652e+00
1.000132905160114438e+00
1.000154487282657989e+00
1.000009814221447302e+00
9.995100707937032425e-01
1.000456297315404752e+00
9.996935584641728489e-01
1.000031773806249857e+00
1.000231841658312026e+00
1.000130076788237288e+00
1.000140603174134224e+00
1.000155887648433328e+00
1.000634106036376592e+00
1.000165702123674061e+00
1.000165459056462813e+00
1.000068643431600179e+00
9.995918178718425917e-01
1.000401310889190487e+00
1.000245230824117426e+00
9.995953227712288669e-01
9.992936669861911536e-01
9.994958680022193453e-01
1.000567310820180245e+00
9.999364507528626378e-01
9.999168304622189085e-01
9.999218141785842784e-01
1.000334287391248411e+00
9.999401537809678997e-01
1.000481542726679773e+00
9.998638884956349004e-01
9.999511293489551367e-01
9.997939030909044344e-01
9.999475756771574186e-01
1.000263026132829136e+00
1.000478328804658146e+00
1.000022456291027373e+00
1.000283001033604346e+00
1.000597881972085323e+00
1.000027767928668654e+00
9.997712673802786609e-01
1.000260885370794384e+00
1.000347965905188818e+00
9.998505551932825863e-01
9.979739947924837207e-01
9.879343698182827538e-01
9.767823788725890077e-01
9.655034339959005507e-01
9.546778541545843932e-01
9.435714711545442057e-01
9.330943756355541963e-01
9.219525091013638374e-01
9.115316983790110461e-01
9.003430683033928350e-01
8.904092966673646803e-01
8.797204700754576168e-01
8.692894542791193002e-01
8.586208199489979709e-01
8.484305008976698037e-01
