0.000000000000000000e+00
0.000000000000000000e+00
0.000000000000000000e+00
0.000000000000000000e+00
0.000000000000000000e+00
0.000000000000000000e+00
0.000000000000000000e+00
0.000000000000000000e+00
0.000000000000000000e+00
0.000000000000000000e+00
0.000000000000000000e+00
0.000000000000000000e+00
0.000000000000000000e+00
0.000000000000000000e+00
0.000000000000000000e+00
0.000000000000000000e+00
0.000000000000000000e+00
0.000000000000000000e+00
0.000000000000000000e+00
0.000000000000000000e+00
2.404786102585010105e-05
3.435812570459804288e-02
9.736033717027930967e-01
3.250854798663364242e+00
3.262199915934689720e+00
1.836721643807749604e+00
8.533779470090888664e-01
3.925526889621081539e-01
2.083197175315326111e-01
2.297612679143649361e-01
8.273463458633171230e-01
1.717563394718460978e+00
1.890607130101580990e+00
1.466547662795351314e+00
1.010290925735347178e+00
7.389004546915874938e-01
6.341901759325230259e-01
6.295160254968062974e-01
6.814250974793256699e-01
7.583517505272223680e-01
8.514389315466092123e-01
9.395531486070212157e-01
1.024449976153783526e+00
1.088800239034752870e+00
1.145768994754168491e+00
1.183159964259181907e+00
1.201154297297031714e+00
1.198759429794174602e+00
1.175787352494784610e+00
1.149146937244944988e+00
1.112461028738668700e+00
1.072289997802664319e+00
1.038417468867003368e+00
1.003299238781109493e+00
9.736427887649345969e-01
9.525476104976300373e-01
9.379097177578110678e-01
9.266903917520415979e-01
9.248632232364283334e-01
9.236550594348816867e-01
9.260346513318135075e-01
9.319279981337179608e-01
9.435818653728630379e-01
9.577151044240040934e-01
9.703744288325533152e-01
9.794641070272168681e-01
9.904545719196391484e-01
9.972494732458035971e-01
1.006684713925478203e+00
1.010296273055745431e+00
1.015505854101694583e+00
1.017251836107087248e+00
1.020281107620426564e+00
1.022634395396055051e+00
1.021913022417455075e+00
1.019527579039317455e+00
1.016814910589353804e+00
1.013404561576361163e+00
1.007501072459051628e+00
1.005892574074171097e+00
1.002948993771782371e+00
9.997867731749116027e-01
9.973569574400131810e-01
9.965348940913054676e-01
9.952739664843809342e-01
9.947275407090567789e-01
9.951310496489986779e-01
9.938668320945009960e-01
9.941456462941772321e-01
9.957286601882813226e-01
9.946056950400568031e-01
9.964116046367039736e-01
9.961329555750079168e-01
9.973713960585450788e-01
9.989820425506676926e-01
9.981030015011322920e-01
9.997115351158647467e-01
9.996025900858400703e-01
1.000157725424200006e+00
9.997576958558633820e-01
1.001101947604310149e+00
1.001108855146602750e+00
1.001394907960090341e+00
1.001357081273271055e+00
1.000719839280624912e+00
1.001466948900485932e+00
1.001550712232387008e+00
1.000687459250364064e+00
1.001455374335179282e+00
1.001671430392506501e+00
9.998791191427701674e-01
9.999044120096224342e-01
1.000924470585999204e+00
1.000147324308494179e+00
9.992314090011376049e-01
9.999129694187695039e-01
9.996524135211077855e-01
9.998192202374308613e-01
9.999910074215951905e-01
1.000100565577598521e+00
9.987652519372548499e-01
9.992013573556719486e-01
9.998336992533530809e-01
9.998573397898158355e-01
9.993169021720963441e-01
1.001048914022308667e+00
9.996696048852414807e-01
1.000647368361074596e+00
1.000738227661006841e+00
1.001168351885637131e+00
1.000958564622542069e+00
1.000531785138610408e+00
1.000072039452855277e+00
1.000566388107811511e+00
9.997341958238771253e-01
1.000259354224081632e+00
1.000912776206662080e+00
1.001102751031612392e+00
1.000320021760757294e+00
1.000241615350564439e+00
9.994977535865881002e-01
9.996250456390756156e-01
1.000380082877102117e+00
9.995231033163303191e-01
9.993476837150281344e-01
9.988174108368489401e-01
9.992834304888243979e-01
9.995953238499978299e-01
9.997254802995030332e-01
1.001305596298368350e+00
1.000504159099764978e+00
1.000303100635608677e+00
1.000377226717456658e+00
1.001183686007568019e+00
1.000912406364322660e+00
1.002187231223431674e+00
1.001468383926421790e+00
1.001259241655852561e+00
1.001887170578309005e+00
1.001768475781494194e+00
1.001289480320321612e+00
1.000060894960980606e+00
1.000602966727716758e+00
1.000293755232265047e+00
9.991904302282070827e-01
9.993933657783199420e-01
9.985104514809517440e-01
9.985605191450829254e-01
9.986310952336576729e-01
9.993306345615381447e-01
9.995055975322783004e-01
9.997250423843179190e-01
9.996707941408622400e-01
1.000189879369443480e+00
9.995620502006147268e-01
1.000764026372176208e+00
1.001061048816280774e+00
1.000211169709705139e+00
1.000235072245169610e+00
9.999897742141945489e-01
1.000686887254055080e+00
1.000688912414609444e+00
1.001018359328706309e+00
1.000568405008246398e+00
1.001482528436115960e+00
1.000387857051722174e+00
1.000106726529458978e+00
1.000623710556806101e+00
1.000937196162092091e+00
1.000417795752421624e+00
1.000025548109575668e+00
9.999824462444381057e-01
9.999841913783907854e-01
9.996907323824741898e-01
9.997299782748891861e-01
9.998713549291411429e-01
9.996445909186413292e-01
9.998775012112117722e-01
1.000944271650993977e+00
9.997551873770336162e-01
1.000203393774513394e+00
1.000464644927231639e+00
1.000011711506711087e+00
1.000577571113355102e+00
1.000183011702444391e+00
9.995781851800521478e-01
1.000024035161204417e+00
9.999896032985157168e-01
9.996699803017171648e-01
1.000808889778524557e+00
1.000053952258518564e+00
9.998571612498007299e-01
1.000071496450602782e+00
9.997103995106796370e-01
1.000189341111438868e+00
1.000027921105517414e+00
1.000089894963623216e+00
1.000140397089769095e+00
1.000204717221189421e+00
1.000047394022355984e+00
1.000072355623616627e+00
1.000356796053169628e+00
9.998923385055995539e-01
1.000243282643743070e+00
1.000006807093529515e+00
1.000233820233385806e+00
9.994329920294332537e-01
9.999820974746491675e-01
9.999413552084532864e-01
9.999200604072321363e-01
1.000201282181924167e+00
9.994077871981504879e-01
9.999048098037752741e-01
9.997274483639687626e-01
9.997514726253897699e-01
9.999500930690244926e-01
9.996743474301267307e-01
9.997313813951093087e-01
9.995154348956105661e-01
9.996858742394635344e-01
1.000104042812542504e+00
1.000041752037301057e+00
9.997733816726628309e-01
1.000360806925104873e+00
9.996984991835938805e-01
9.996447849301496325e-01
9.997778753282154929e-01
9.999920204580396987e-01
9.996784627577429694e-01
1.000462102806161768e+00
1.000255986533225894e+00
1.000244197927655954e+00
1.000101098362374152e+00
1.000395579407773905e+00
1.000176076940324510e+00
1.000094493633284287e+00
9.994055643126271704e-01
1.000092714593845855e+00
1.000248700699479576e+00
9.994445605211140782e-01
1.000363875131093483e+00
1.000123752126204968e+00
1.000282483564571168e+00
9.996326648054939534e-01
1.000216297841774571e+00
9.980612603616911827e-01
9.879764701533390037e-01
9.762512950533813738e-01
9.654230496648482651e-01
9.547101772852503165e-01
9.431180940906088717e-01
9.324504323522700977e-01
9.220774969802529863e-01
9.112887111396347217e-01
9.006566588269846463e-01
8.895174992754281140e-01
8.795196700138369073e-01
8.689327185577692125e-01
8.591644731946738167e-01
8.486503560010971725e-01
