0.000000000000000000e+00
0.000000000000000000e+00
0.000000000000000000e+00
0.000000000000000000e+00
0.000000000000000000e+00
0.000000000000000000e+00
0.000000000000000000e+00
0.000000000000000000e+00
0.000000000000000000e+00
0.000000000000000000e+00
0.000000000000000000e+00
0.000000000000000000e+00
0.000000000000000000e+00
0.000000000000000000e+00
0.000000000000000000e+00
0.000000000000000000e+00
0.000000000000000000e+00
0.000000000000000000e+00
0.000000000000000000e+00
0.000000000000000000e+00
0.000000000000000000e+00
3.317738147272922961e-02
9.798181871179940661e-01
3.258729875902054651e+00
3.283722444413281316e+00
1.844276201391812808e+00
8.515684474696658679e-01
3.957386300849778937e-01
2.062595550420724122e-01
2.296326288150055406e-01
8.342315747228412626e-01
1.720958962470882980e+00
1.900570772494683203e+00
1.472693323226506479e+00
1.007951788953991734e+00
7.354208687444850900e-01
6.298291464891601077e-01
6.264049898517947135e-01
6.798506865682015787e-01
7.596995252818581346e-01
8.478400032624618943e-01
9.382319786594566224e-01
1.019479661175042517e+00
1.093747705089135991e+00
1.148237582568141235e+00
1.184742169865823591e+00
1.202117317523589746e+00
1.202921092211116205e+00
1.182653797384754624e+00
1.150182058819410713e+00
1.113211779163579607e+00
1.075910142703600636e+00
1.040789828251742710e+00
1.006690828088620648e+00
9.759718039288335367e-01
9.545932320908917523e-01
9.396001090486305607e-01
9.309179698428426963e-01
9.254533280705160569e-01
9.236329443831060582e-01
9.264784514174437824e-01
9.357820841929087585e-01
9.446210398845197309e-01
9.583280786512535787e-01
9.692652096367841974e-01
9.810883399414050965e-01
9.887593480623118047e-01
9.970448617506374456e-01
1.005000585668063939e+00
1.010528849334400237e+00
1.015952404256783126e+00
1.019201387340686438e+00
1.021897330257561576e+00
1.023543533756390511e+00
1.020868290882014362e+00
1.019804712174517958e+00
1.016829994151583927e+00
1.012202431999661645e+00
1.011003335213488175e+00
1.004787585895847046e+00
1.003636906707997989e+00
9.978685413052997832e-01
9.986288168843685531e-01
9.977321672377533757e-01
9.962023270764517324e-01
9.960186191545926659e-01
9.963383228061644115e-01
9.949363474571921717e-01
9.982419201279358889e-01
9.945254090336936859e-01
9.964265520027706380e-01
9.972921290047449538e-01
9.968261199553659635e-01
9.972721671072982685e-01
9.985695865130218563e-01
9.990949669057540561e-01
9.990553296074317080e-01
1.001681212764726325e+00
9.984843585462123139e-01
1.000891221843914547e+00
1.001306752493510865e+00
1.000645333880797905e+00
1.000161976944998310e+00
1.000885675151642618e+00
1.001765638806336955e+00
1.001249221767422037e+00
1.001461747665721047e+00
9.996987176292937427e-01
9.995998823659261179e-01
1.000536241722306263e+00
1.000775119924001588e+00
1.001255911957674938e+00
9.997537773048997822e-01
1.000562081932801162e+00
1.000930316671730935e+00
1.000874439123507598e+00
1.000019825044821564e+00
1.000394121684202053e+00
1.000247014969286807e+00
9.996599820170891659e-01
9.994631076871870468e-01
9.998853118553933106e-01
9.984237352193144899e-01
1.000136803852090805e+00
9.994897785916876387e-01
9.992288524230225066e-01
9.998786257673500932e-01
1.000957209819549165e+00
1.000603985420789321e+00
1.000063599870685938e+00
1.000128214344967015e+00
1.000374198041678930e+00
1.000994571981586700e+00
1.000324045240756465e+00
1.000408955012275447e+00
1.000608948478813431e+00
1.000903768169142172e+00
1.000827833642812248e+00
1.000802278654658872e+00
1.001406457778923009e+00
9.999002180894193126e-01
1.000719223753299358e+00
9.996084056137298779e-01
9.992362700841278533e-01
9.994653434832141414e-01
9.997116750100759619e-01
9.985514655018017383e-01
9.998411992844103979e-01
1.000048217633154657e+00
9.995899504891174736e-01
1.000229199675768621e+00
1.000834327889579711e+00
1.000741077984965921e+00
1.002265183264980042e+00
1.001478314557383786e+00
1.001408346427445917e+00
1.001669434947740411e+00
1.000706103342011932e+00
1.001490815945341950e+00
1.000398615108857081e+00
1.000308182903907772e+00
1.000951304130434538e+00
9.994536147674166759e-01
9.995595610431637912e-01
9.995492885596913846e-01
9.989922477642106946e-01
9.992225351052552718e-01
9.990464718273552869e-01
9.984036727273399858e-01
9.988629037861407323e-01
9.997729633697203244e-01
9.992287164024581392e-01
1.000140819227498312e+00
1.000690888956573543e+00
1.000788584825906158e+00
1.001048479527427482e+00
9.999585297461027755e-01
1.000389226984813140e+00
1.001368851333795051e+00
1.000781981360202355e+00
1.001500700177172964e+00
1.000419487593297019e+00
1.000975354678001361e+00
1.001081628364932641e+00
1.001032810296809128e+00
1.000675112300228209e+00
1.000147193323352779e+00
1.000579748640640698e+00
9.994533579569734316e-01
9.999161441371506864e-01
9.997012443043685748e-01
1.000273246460489096e+00
9.992674405902083334e-01
9.995290889153460867e-01
1.000131864279029559e+00
9.990718508398546138e-01
9.997395648725615480e-01
1.000250050939512914e+00
9.999717409980772853e-01
1.000785502179070141e+00
1.000035224461017780e+00
9.993941526261314046e-01
1.000078483080481639e+00
1.000442156981070418e+00
1.000113779721059082e+00
1.000340155193830682e+00
1.000088452780612647e+00
1.000433799751089703e+00
1.000169182450084016e+00
1.000267969143086688e+00
9.999869120235178599e-01
1.000291689086265645e+00
9.996827416891868046e-01
9.998867252455299059e-01
1.000186807777912357e+00
1.000006331172769158e+00
9.999094254661190506e-01
1.000155135332981393e+00
9.999590797209236825e-01
9.996874130570966299e-01
1.000715067921819967e+00
9.996338128497979092e-01
9.999089059153791759e-01
1.000390690930719639e+00
1.000306898613486428e+00
9.997762510122154556e-01
9.999907763590056842e-01
1.000012619817253201e+00
9.997762395355677123e-01
9.999930707910803518e-01
1.000248417818646374e+00
9.999990992683787105e-01
1.000026430760717844e+00
9.997648486831037795e-01
1.000406509687209899e+00
9.997925991775815646e-01
1.000089225648020719e+00
9.997085363563785743e-01
1.000101377444458706e+00
1.000701813943975393e+00
1.000289454903731556e+00
1.000182098396578789e+00
9.998532410461941078e-01
1.000338798803057205e+00
9.999413475593460499e-01
9.998692758961073013e-01
1.000079202491153341e+00
1.000017872038174493e+00
9.999019750360496062e-01
9.998558282488830828e-01
9.997800779469120380e-01
9.998047960030316261e-01
9.996983546771115448e-01
1.000128338348949208e+00
1.000429725029656769e+00
1.000036370710296163e+00
9.999760076558548150e-01
1.000129947450294043e+00
1.000463204301980324e+00
9.996898851694471233e-01
1.000063753160753688e+00
1.000350495582713828e+00
1.000111181632381552e+00
1.000164556204224731e+00
1.000209484354060541e+00
9.978233937179141755e-01
9.875743049186848088e-01
9.766284445091485411e-01
9.658180196909316173e-01
9.542069445249231618e-01
9.434962937563485808e-01
9.326033741610147976e-01
9.212379399520483902e-01
9.112384468295227080e-01
9.007506489701775365e-01
8.896405242730527352e-01
8.800506927098790122e-01
8.688424764377502552e-01
8.591596660611564573e-01
8.483397194147485054e-01
