0.000000000000000000e+00
0.000000000000000000e+00
0.000000000000000000e+00
0.000000000000000000e+00
0.000000000000000000e+00
0.000000000000000000e+00
0.000000000000000000e+00
0.000000000000000000e+00
0.000000000000000000e+00
0.000000000000000000e+00
0.000000000000000000e+00
0.000000000000000000e+00
0.000000000000000000e+00
0.000000000000000000e+00
0.000000000000000000e+00
0.000000000000000000e+00
0.000000000000000000e+00
0.000000000000000000e+00
0.000000000000000000e+00
0.000000000000000000e+00
1.202602301295155149e-05
3.329261840941995926e-02
9.742420266468190260e-01
3.238223396898107787e+00
3.253690633470347038e+00
1.836691506821137576e+00
8.465522271351745287e-01
3.946327314374031281e-01
2.049147963014364970e-01
2.297547884085520131e-01
8.272240872207802242e-01
1.708794992502491894e+00
1.888476472063443490e+00
1.458984017960274659e+00
1.008114096174512975e+00
7.371600136638695178e-01
6.373281940861610373e-01
6.329036806361577616e-01
6.858336186739300011e-01
7.615549158383657646e-01
8.509060603816132051e-01
9.429715012949863029e-01
1.020721619159659088e+00
1.091650308304600303e+00
1.146404879961667955e+00
1.181529779436481187e+00
1.199778354909293521e+00
1.199743202711277101e+00
1.177872263299037492e+00
1.146524792388654568e+00
1.112289927236773890e+00
1.072865398780014079e+00
1.037387784915382971e+00
1.003645144849360626e+00
9.746120797947676051e-01
9.527445600961579331e-01
9.397561603114870099e-01
9.297626213369849513e-01
9.263860102424961163e-01
9.247124685764178675e-01
9.282521235724459086e-01
9.323908832239370392e-01
9.430990566899143390e-01
9.568262413230761432e-01
9.698969040583010903e-01
9.816410625974280046e-01
9.897376475223462755e-01
9.987177287371198364e-01
1.005584410358051128e+00
1.010743136054542468e+00
1.015906325347449402e+00
1.018762721449315567e+00
1.021934851943244738e+00
1.022497968720010864e+00
1.020634582592600870e+00
1.019800777516326917e+00
1.015857764328262913e+00
1.012770460183066046e+00
1.009588516146907144e+00
1.004720781422405063e+00
1.002342711938748243e+00
9.992111608301575965e-01
9.979107783956293609e-01
9.972216186822120410e-01
9.969989797595899539e-01
9.955278221087603407e-01
9.961480336267588553e-01
9.956672588133409496e-01
9.954003352147388073e-01
9.964225628610843266e-01
9.959841435493842488e-01
9.969044008374681187e-01
9.977679082940252853e-01
9.984146002139303588e-01
9.977826769268369755e-01
1.000223222855981531e+00
1.000528756803428010e+00
9.991575985416731864e-01
1.000272386560454141e+00
1.002001583668669982e+00
1.000474910971929532e+00
1.001570111914989791e+00
1.001483537083494912e+00
1.001717738089056731e+00
1.000490350411118001e+00
1.000491302174606023e+00
1.000222656292552914e+00
1.000852421081458665e+00
1.000998879642281958e+00
1.000636644958278865e+00
1.001675961223690736e+00
1.001459223709543878e+00
1.001278389381311307e+00
1.000796173517114473e+00
1.000850030306657423e+00
1.000259391483025562e+00
9.995686495220148515e-01
1.000378753566845580e+00
1.000246388955682297e+00
9.990540913860893601e-01
9.997815353934379479e-01
9.999727716065629490e-01
9.992480932581004893e-01
1.000263337377135686e+00
9.999565078103916926e-01
1.000577389869408806e+00
1.000306666532530420e+00
1.001259018350758589e+00
1.000044196361039583e+00
9.995548524927418965e-01
1.000588688893314426e+00
9.997380257967782846e-01
9.998510444160947364e-01
1.000583100292585792e+00
1.000158265218252573e+00
1.001551770818166043e+00
1.001119247621805153e+00
1.001606100239609498e+00
1.000437975538031710e+00
1.000002933068868005e+00
9.994105011244388548e-01
9.993632537544582251e-01
9.992323370288215267e-01
1.000389538089868635e+00
9.988732787623695319e-01
9.985850773552392701e-01
9.991068709949335602e-01
9.993440931352479684e-01
1.000076880356762565e+00
9.998412616606282555e-01
1.000595477682293843e+00
1.001063450527117871e+00
1.001835468395758655e+00
1.001508523322204081e+00
1.001310642121432171e+00
1.001798036595313413e+00
1.000975413082783039e+00
1.001381322066595470e+00
1.001768359711360690e+00
1.001276577766432752e+00
1.000691176984116471e+00
1.000041320336151562e+00
1.000826488300286865e+00
9.996823355786537135e-01
9.993570319963521742e-01
9.989298458629370936e-01
9.984438938060433699e-01
9.989256382179526605e-01
9.993409599335499882e-01
9.993053770815296666e-01
1.000189722419549732e+00
9.991455681656409293e-01
1.000089388734096252e+00
1.000328172314378206e+00
9.991792177815983500e-01
1.000136298929964251e+00
1.000639586021623728e+00
1.000987533586689127e+00
1.002055445369957720e+00
1.001899593659706156e+00
1.001242711267773311e+00
1.000888532642648432e+00
1.000254163888576242e+00
1.001616088396836801e+00
1.000241772212946634e+00
1.000183827387619573e+00
1.000728391390515615e+00
1.000424582305112331e+00
9.995072289908765173e-01
9.997668694415859925e-01
1.000496689477512025e+00
9.995758863170787212e-01
9.996068382086322757e-01
9.992853959199018421e-01
9.993794956329747903e-01
9.999685186962306016e-01
9.998347904967133104e-01
9.998069663115329853e-01
9.994982853591397598e-01
1.000088313045736976e+00
1.000003495384228502e+00
1.000894349605053968e+00
1.000032760776871310e+00
1.000161766219755055e+00
1.000445308606904504e+00
9.997232922123213683e-01
1.000145552871404275e+00
1.000090252631549825e+00
9.997801134135055889e-01
1.000415375616379166e+00
9.999289850041284122e-01
1.000528495514992677e+00
1.000207700091170882e+00
1.000208972220398174e+00
1.000292319177345179e+00
1.000271072411408557e+00
1.000187907963957956e+00
1.000316479729881580e+00
1.000060824414299221e+00
1.000132460567652926e+00
9.998373877143278410e-01
1.000493382837388978e+00
1.000178256888410555e+00
1.000031596682428914e+00
9.998729283340209717e-01
1.000048826585730355e+00
9.999374972689625274e-01
1.000395213613827217e+00
1.000202119218749797e+00
1.000018927465081697e+00
1.000580566952584682e+00
1.000405143521200246e+00
9.999424800892560139e-01
1.000499336117430804e+00
1.000490606856432096e+00
9.999602334249626523e-01
1.000002138596021606e+00
1.000232104371886477e+00
1.000229865052128853e+00
1.000481664780190627e+00
1.000311998014916437e+00
1.000208940135395519e+00
1.000284071907006744e+00
1.000530208672020693e+00
1.000213583861082833e+00
9.997878026359076076e-01
1.000347525645675084e+00
1.000086744272482342e+00
1.000490519864502659e+00
1.000171971375909408e+00
9.995483696937139673e-01
1.000328521559241679e+00
1.000182221569539065e+00
1.000398981869553783e+00
1.000079712945853405e+00
1.000418450878883814e+00
1.000314614745283492e+00
1.000175427797400207e+00
1.000412181293012237e+00
1.000285749378974076e+00
1.000322614877637406e+00
1.000163485887398451e+00
1.000111550664865678e+00
1.000337587012525509e+00
1.000311028162484295e+00
9.976296376458200221e-01
9.881681208547330453e-01
9.767938307353272176e-01
9.653699796036288028e-01
9.550544252629973307e-01
9.442044324397802502e-01
9.329284998576770072e-01
9.221036539009459521e-01
9.111189428385403355e-01
9.007749580919911514e-01
8.896831559346549678e-01
8.799145275603578176e-01
8.694079517325586925e-01
8.593087128501261107e-01
8.487612912671127496e-01
