0.000000000000000000e+00
0.000000000000000000e+00
0.000000000000000000e+00
0.000000000000000000e+00
0.000000000000000000e+00
0.000000000000000000e+00
0.000000000000000000e+00
0.000000000000000000e+00
0.000000000000000000e+00
0.000000000000000000e+00
0.000000000000000000e+00
0.000000000000000000e+00
0.000000000000000000e+00
0.000000000000000000e+00
0.000000000000000000e+00
0.000000000000000000e+00
0.000000000000000000e+00
0.000000000000000000e+00
0.000000000000000000e+00
0.000000000000000000e+00
0.000000000000000000e+00
0.000000000000000000e+00
0.000000000000000000e+00
0.000000000000000000e+00
0.000000000000000000e+00
0.000000000000000000e+00
1.857137893575177764e-02
3.997805734001917410e-01
1.522942672401231379e+00
1.997072004213217733e+00
1.508215028094447741e+00
9.210806399900945962e-01
5.440476198134639452e-01
3.701300508854035720e-01
2.961895633387222060e-01
2.861679174868490549e-01
2.905795449736364722e-01
2.823157860688536025e-01
2.789069281084282648e-01
2.625580949445688317e-01
2.608370544886999820e-01
2.779076033261722034e-01
3.392714905748780430e-01
4.142934411627308133e-01
5.346971983281452179e-01
6.779284974751578208e-01
8.341591235541004901e-01
1.003923549149791317e+00
1.164247170652612962e+00
1.271246154043498056e+00
1.364601692598007121e+00
1.445645783382725647e+00
1.492481783025622954e+00
1.517508798331634212e+00
1.470849100358633921e+00
1.397088408073194232e+00
1.280161604572112921e+00
1.166089460543328737e+00
1.069973867721600191e+00
1.000930339170121197e+00
9.400945145081938126e-01
9.037628435212208267e-01
8.919718381548419339e-01
8.866447453793016020e-01
8.846368205278173358e-01
8.994266390789523724e-01
8.984545241798741477e-01
9.072942672159792776e-01
9.298110405055657335e-01
9.462878224460564702e-01
9.621779520216056092e-01
9.703208371890350570e-01
9.860357368049895710e-01
9.984568635033915784e-01
1.013136024420422832e+00
1.030609942250280797e+00
1.038556609182197166e+00
1.029827603418925097e+00
1.038296767131329901e+00
1.022565433227947906e+00
1.013267730917123632e+00
1.016819957840730426e+00
1.009102028669282891e+00
9.877413004019879317e-01
1.003083684324013181e+00
9.752966514687249067e-01
9.825380657844539067e-01
9.803420340996817917e-01
9.750416549781542042e-01
9.834246681635392395e-01
9.888123312493519723e-01
9.859177062279033121e-01
9.920628632214061327e-01
9.974949278492196703e-01
1.001104061915123911e+00
1.010649670662433275e+00
1.013453514817900247e+00
1.002937262732924051e+00
1.016753748479632957e+00
1.014684151981884108e+00
1.008699332087759748e+00
1.010386904328505864e+00
1.003371165909151985e+00
1.002155628637451779e+00
1.010050222753831273e+00
9.989477504332184843e-01
9.967418018582763217e-01
9.904601188548645130e-01
9.939762496032950034e-01
9.929139718396025049e-01
9.926820864797616384e-01
9.893738674217932294e-01
9.936615056765730758e-01
9.883178757790365143e-01
9.956857926166071682e-01
9.992145963971681422e-01
9.965497407391159523e-01
9.835815482599312709e-01
1.002896536287337659e+00
9.966719568701994936e-01
1.000396066985819843e+00
1.000275289660152334e+00
1.000854787893924902e+00
1.002813365150752034e+00
1.004529130414317128e+00
1.001408003961103299e+00
9.994575621400194620e-01
1.000958196557212965e+00
1.007258118770010924e+00
9.977956820098682345e-01
9.976016796122936237e-01
9.949210210740616622e-01
9.981170847970852744e-01
9.945305232487594571e-01
9.970466103544803893e-01
9.971415049884493342e-01
1.001337426547010079e+00
9.989717985495147889e-01
9.957456440109457851e-01
9.968757799161336308e-01
9.985637487664462686e-01
9.945377641875010610e-01
9.973872589098351504e-01
9.936501772148805811e-01
9.940093951549886508e-01
9.954317786905623189e-01
9.988959245019312094e-01
9.989502624251359597e-01
1.002102902941783835e+00
9.980613909143024598e-01
9.978774832441251741e-01
9.985413559057679800e-01
9.997903721818205414e-01
9.985737291578329344e-01
1.001369770231174572e+00
9.961572772184240643e-01
1.001388534034119093e+00
9.988944003687075801e-01
9.966586191432347253e-01
9.962568043983448529e-01
1.001694807708784607e+00
1.003497345645323335e+00
9.967677349924716212e-01
1.002620946738671082e+00
1.001232961693755863e+00
1.002409885863779326e+00
9.986602201922998301e-01
9.996407368883437616e-01
9.952585767364739988e-01
1.004048147213864484e+00
9.992799746258256288e-01
9.989420162905447986e-01
9.978739194819326030e-01
9.988779785010840628e-01
1.001643225511510193e+00
9.983456409547234456e-01
9.975387165487908936e-01
1.000870356116172255e+00
1.001335836228116394e+00
1.001532571510991954e+00
9.971808653366984743e-01
9.987491531601618844e-01
1.001332861586495593e+00
9.969870754559583270e-01
9.989465044933792948e-01
9.998754488716472544e-01
1.000266858521104529e+00
9.988616857192218479e-01
9.989705841763865113e-01
9.956480295008909298e-01
9.979708407113024871e-01
9.966234693130963107e-01
9.955914795380310656e-01
1.001209653008493738e+00
1.000443386050733574e+00
1.001662107827168358e+00
9.992829411068099299e-01
9.970879396416761908e-01
9.993752845924696038e-01
1.000742517290195366e+00
9.978542029113005585e-01
9.988335954901278457e-01
1.002198093813936985e+00
9.987673781186027222e-01
1.001475312535455187e+00
9.998716257170994215e-01
9.955361420209855039e-01
9.995683180243499777e-01
1.000213486504813343e+00
1.000089388475658758e+00
9.962697267075997232e-01
9.996786966424175969e-01
1.000559330712278205e+00
9.978721597821301748e-01
9.957584621283176451e-01
1.000334796470880638e+00
1.001934098172952536e+00
1.001494125689217141e+00
9.946537833364527126e-01
1.002137661134275604e+00
1.000775223366551669e+00
1.000347103024674444e+00
9.973713168836938481e-01
1.000014675114745399e+00
9.959643761452977584e-01
9.996221105264406770e-01
9.986155855133549419e-01
1.000753533917324800e+00
9.979445407878221319e-01
1.000144230767060716e+00
9.963168405670544958e-01
1.002581506743545736e+00
1.001682393393619419e+00
9.956982016286991533e-01
9.993210468027371451e-01
1.000986501933980310e+00
9.991325473019451175e-01
9.978698729193843375e-01
9.994768621199885406e-01
9.990239792710015054e-01
1.000600934411676191e+00
1.000186115652090590e+00
9.969379771440922688e-01
9.958591817852014971e-01
9.998655962200703184e-01
9.951074528469109337e-01
9.972756125442886477e-01
9.999279939097424075e-01
9.978618385255986212e-01
9.992125857288092217e-01
9.975590176712827439e-01
9.968780400116011853e-01
9.974350155323218337e-01
9.960024565263188023e-01
9.952389310227059971e-01
9.952106284649064882e-01
9.958764235875203763e-01
9.975122657944681670e-01
9.973008043993929483e-01
9.947797498641937075e-01
9.918660498035274387e-01
9.959384467583231038e-01
9.987012029751557440e-01
9.966315398559718597e-01
9.972650994768864630e-01
9.981468206229390239e-01
9.976265649406451663e-01
9.986576517760796801e-01
9.940233517298910915e-01
9.949619616658579302e-01
9.977096638476550261e-01
9.962933334798701468e-01
9.965741784572154094e-01
9.900079955224602157e-01
9.789761189165403499e-01
9.694944785563843759e-01
9.620757864588669328e-01
9.474527708445521501e-01
9.395144418307215251e-01
9.270965133090751653e-01
