0.000000000000000000e+00
0.000000000000000000e+00
0.000000000000000000e+00
0.000000000000000000e+00
0.000000000000000000e+00
0.000000000000000000e+00
0.000000000000000000e+00
0.000000000000000000e+00
0.000000000000000000e+00
0.000000000000000000e+00
0.000000000000000000e+00
0.000000000000000000e+00
0.000000000000000000e+00
0.000000000000000000e+00
0.000000000000000000e+00
0.000000000000000000e+00
0.000000000000000000e+00
0.000000000000000000e+00
0.000000000000000000e+00
0.000000000000000000e+00
0.000000000000000000e+00
0.000000000000000000e+00
0.000000000000000000e+00
0.000000000000000000e+00
0.000000000000000000e+00
0.000000000000000000e+00
2.222626671931854370e-02
4.258504146894283582e-01
1.563595114807276643e+00
2.082612581175856903e+00
1.639476403644293256e+00
9.561968024068696614e-01
5.580010037315346061e-01
3.477186217523327572e-01
2.895080181665299901e-01
2.776616178304491811e-01
2.843098659598092270e-01
2.728623820645818543e-01
2.847331841866442836e-01
2.570758987302191323e-01
2.503203423855437926e-01
2.707556371303436737e-01
3.297069204428367817e-01
4.248863329153422241e-01
5.362188484989406367e-01
6.869961117388613259e-01
8.548774470274275172e-01
1.023837688647937227e+00
1.144764026250601807e+00
1.267681302858884251e+00
1.376884880153007362e+00
1.452595431576571672e+00
1.492057837501781670e+00
1.510185923163315902e+00
1.470909344145556075e+00
1.378803065390513005e+00
1.263703346555192120e+00
1.176265348011571010e+00
1.078427055853877548e+00
9.995065462034691262e-01
9.520012934251781411e-01
9.220779163228494113e-01
8.954384688410866877e-01
8.825513795518399318e-01
8.924922947012755570e-01
8.896288788468641462e-01
9.030203768056639380e-01
9.218689659332013342e-01
9.309021236444707803e-01
9.465644628816185513e-01
9.616854915691819272e-01
9.737023003721467784e-01
9.799205485399653526e-01
1.006546822258930218e+00
1.012033001440102442e+00
1.030327046716734252e+00
1.035338736346825383e+00
1.044553500161159221e+00
1.030199218001609962e+00
1.033520994400654924e+00
1.013857726789946900e+00
1.007068950958233344e+00
9.972320738941320428e-01
9.988825044099300943e-01
9.858410701069812987e-01
9.743222254705167229e-01
9.782808110617642328e-01
9.836889713799075174e-01
9.708686325645312643e-01
9.779341000196154488e-01
9.787582523327768014e-01
9.890603055520233999e-01
9.938177096503710839e-01
9.850821984957640609e-01
9.970917948842485945e-01
9.973788335929677507e-01
1.007667432896004245e+00
1.010591624880389006e+00
1.011214449686945294e+00
1.008115431611342316e+00
1.010788401557063176e+00
1.002420083134460294e+00
1.000146306463751689e+00
9.990086993394416970e-01
9.866212280512771660e-01
9.838420683170797654e-01
9.936406842617646618e-01
9.916722955973530373e-01
9.860824894800145346e-01
9.862984550197146927e-01
9.882223335552023924e-01
9.850870962872840808e-01
9.844515267477771392e-01
9.909098426560681849e-01
9.917030989625540416e-01
9.878323837613305347e-01
9.879224377987482208e-01
9.918308015699893732e-01
9.902887403532038002e-01
9.944845808757074579e-01
9.908254564628700134e-01
9.961732517000702058e-01
1.002492346057809680e+00
9.976334175719632213e-01
9.992383547326783022e-01
9.980436220492110433e-01
9.939956616846679083e-01
1.001559571917994607e+00
9.966223561027812705e-01
1.001992031804072258e+00
9.946193961660776406e-01
9.949189005839832456e-01
9.942632149619281545e-01
9.921073908235746863e-01
9.958803210549981300e-01
9.980243622842109863e-01
9.911648443103515671e-01
9.952053445434002610e-01
9.996133915385642110e-01
9.992341196691717498e-01
9.999454949561000783e-01
9.974085837988452274e-01
1.003241879671097125e+00
9.974549487169319661e-01
9.925832625048942592e-01
9.965151817155445402e-01
1.000615885728549204e+00
9.959676874892420262e-01
1.000224333635967522e+00
9.957379943945162681e-01
9.949461944565399785e-01
9.960082862981547436e-01
9.957930237006741292e-01
9.970586401720153980e-01
9.954764300178664538e-01
1.001860734001376985e+00
9.970773574894867819e-01
9.959586645998750321e-01
9.926336076413883047e-01
9.975309894540531630e-01
1.001025342469805235e+00
9.959627887657624967e-01
9.953710923161003254e-01
9.948375811996169604e-01
9.945647304511424647e-01
1.000206346286349079e+00
9.975724615897506586e-01
9.973457040647303318e-01
9.955368594363090962e-01
9.979515543342747375e-01
9.961017541188136315e-01
9.968203396435310060e-01
9.956424930902375570e-01
9.982196085104158012e-01
9.947932161186446853e-01
9.992003132970501689e-01
9.995937716397238493e-01
9.981275270416799517e-01
9.946095747600041115e-01
9.938552976967492958e-01
9.941240648530079715e-01
9.970498152756293031e-01
9.963871949958836849e-01
9.940718548461162651e-01
9.950045391922274218e-01
9.969217334406254016e-01
9.993201663102884158e-01
9.915894074600525299e-01
9.935421887735350621e-01
9.915963777068389495e-01
9.964644946601430853e-01
9.955787689822084285e-01
1.000624540984684119e+00
1.001903358183567461e+00
9.991855897117156715e-01
9.940202906427865193e-01
1.000668097963140823e+00
9.979868807746191672e-01
9.983979322980498505e-01
9.986513185014689320e-01
9.964611386558418493e-01
9.994238045998770081e-01
1.000313454880197073e+00
9.984987663665679802e-01
1.001316252014181840e+00
9.982063172403197182e-01
9.996923891915575622e-01
9.956101333626403704e-01
1.000037139291251931e+00
9.994451879489839596e-01
9.989085087336675439e-01
9.991942344959839906e-01
1.004160663759570804e+00
9.992670828508081193e-01
9.974958615477402812e-01
1.000126717192450387e+00
9.957022365909933281e-01
9.960450081035921999e-01
1.001529918023621901e+00
1.000233883659627843e+00
9.971481595773952211e-01
1.001495897038130911e+00
1.001215117348259076e+00
9.952583787278923566e-01
9.973461680922032224e-01
1.000333215865501613e+00
9.995042125910269526e-01
9.961274967737462349e-01
9.990197017026571924e-01
9.969316950204606398e-01
9.966683255259357610e-01
9.983522430828331018e-01
9.960042570493471414e-01
9.983965726105180627e-01
9.985487624972050336e-01
9.991397937875928781e-01
9.964667581726595058e-01
9.972537925775857293e-01
1.000007425171549835e+00
9.963625271062492850e-01
9.966790873775088766e-01
9.969969042473200149e-01
9.994462492194289283e-01
9.959330938600772232e-01
9.962880418794355375e-01
9.970336569383422276e-01
9.957962225008382129e-01
9.947332876739690688e-01
9.968902229775716828e-01
9.995203107477819149e-01
9.981531118517190659e-01
9.994063887264406087e-01
9.970474786005228962e-01
9.993376604592335566e-01
9.981015807411864893e-01
9.977229227136613643e-01
9.986923528117745974e-01
9.970210103733877505e-01
9.996333353319633019e-01
9.983377691222703465e-01
9.939198454101936253e-01
9.937445502110602291e-01
9.979076100900864388e-01
9.948727349507248130e-01
9.960663665942471878e-01
9.981669077067535367e-01
9.967858293037415995e-01
9.947347210367120107e-01
9.978146884226780644e-01
9.964387487556908285e-01
9.984585017106706317e-01
9.956338488920994934e-01
9.974352495736584778e-01
9.942782751941441344e-01
9.800401622883831987e-01
9.694655325442940175e-01
9.597132216305809260e-01
9.495679847289524300e-01
9.392963341940946398e-01
9.293646394609430539e-01
