0.000000000000000000e+00
0.000000000000000000e+00
0.000000000000000000e+00
0.000000000000000000e+00
0.000000000000000000e+00
0.000000000000000000e+00
0.000000000000000000e+00
0.000000000000000000e+00
0.000000000000000000e+00
0.000000000000000000e+00
0.000000000000000000e+00
0.000000000000000000e+00
0.000000000000000000e+00
0.000000000000000000e+00
0.000000000000000000e+00
0.000000000000000000e+00
0.000000000000000000e+00
0.000000000000000000e+00
0.000000000000000000e+00
0.000000000000000000e+00
0.000000000000000000e+00
0.000000000000000000e+00
0.000000000000000000e+00
0.000000000000000000e+00
0.000000000000000000e+00
0.000000000000000000e+00
2.082188325225516057e-02
4.193661415319586139e-01
1.571799096523054384e+00
2.080576254922274160e+00
1.647732765805993482e+00
9.668591743942068772e-01
5.702240711201637113e-01
3.658939678837459519e-01
2.898726308393734241e-01
2.844352571344571090e-01
2.876050343035678192e-01
2.921445486569469452e-01
2.862317052578448595e-01
2.709099564043858099e-01
2.678174808234737858e-01
2.959141301195273854e-01
3.364176649188351242e-01
4.358995026022067787e-01
5.597301624581381141e-01
7.092185845794243271e-01
8.683168787195549854e-01
1.038229182282098817e+00
1.172280184915968748e+00
1.290325376749647868e+00
1.398968897296065883e+00
1.451715740543908284e+00
1.509432933795709531e+00
1.530308870569745183e+00
1.483383127817628599e+00
1.409496200883052497e+00
1.306621637171082817e+00
1.183809190790833465e+00
1.089924013614817611e+00
1.017481294900058675e+00
9.561036350174754173e-01
9.275109752046969414e-01
9.085407667803436782e-01
8.911292131747159395e-01
9.009053915087243958e-01
9.105488810915081110e-01
9.077247191853227148e-01
9.241846853408542950e-01
9.351762952579297794e-01
9.670453070512574634e-01
9.823495894241779380e-01
9.896992965642850137e-01
1.012589456135034593e+00
1.025169819055794074e+00
1.041022614394980783e+00
1.045072943447956870e+00
1.044032231950702050e+00
1.042269171145192797e+00
1.038332386986893674e+00
1.032355306446063992e+00
1.030744255191077929e+00
1.017863088464587840e+00
1.012848832041766789e+00
1.009226884637457466e+00
9.778150539831976795e-01
9.842177895285566525e-01
9.819828472262061014e-01
9.809862027451431432e-01
9.847541733446819601e-01
9.851246040571478568e-01
9.835010346725920893e-01
9.853949432321118529e-01
9.910193741954049784e-01
9.962468610988741702e-01
1.007693168321591726e+00
1.008325093006612994e+00
9.992073728479006212e-01
1.007649443179171600e+00
1.020555067540355410e+00
1.011382682345500994e+00
1.010178187271247863e+00
1.004182518984354955e+00
1.011638656407326753e+00
1.011610335722121334e+00
9.987121395140803326e-01
1.007123174311064018e+00
9.971500061808943327e-01
9.975980685000558346e-01
9.995725409034341702e-01
9.932657776772872982e-01
9.926710057419931843e-01
9.930980717197901431e-01
9.963979517436192257e-01
9.919417483908024025e-01
9.939099036865636227e-01
9.969799034390166570e-01
9.951099981143382012e-01
1.003235929354859834e+00
1.002376428963655197e+00
9.975994476134020239e-01
1.000354979793754095e+00
1.001198278017953136e+00
1.002710483135317077e+00
9.992486352228927560e-01
1.010685009760044384e+00
1.008996561560354221e+00
1.004653935668453846e+00
1.000201313124973179e+00
9.976320829546784230e-01
1.002717523544044642e+00
9.937101408484645404e-01
1.000584939565093201e+00
9.921350587329110793e-01
9.968317609942508595e-01
9.974998847220564180e-01
9.947031070152076992e-01
9.949143183733890616e-01
9.941675229867305008e-01
9.917004349890784498e-01
1.000565141001489744e+00
9.983961679241014631e-01
9.986558452100011696e-01
9.951507106526382707e-01
9.935940948385697524e-01
9.942754903953622270e-01
9.960485372523230074e-01
9.958667542197509048e-01
1.001865828994375818e+00
9.956769221260766134e-01
1.001049079289659804e+00
9.942728948556104340e-01
9.929604594264369588e-01
9.998393888780823247e-01
9.966088753453129501e-01
1.001160130208704091e+00
9.948958280603070747e-01
1.000352447003999723e+00
9.937922870844001499e-01
9.970324268131754986e-01
1.001037827859896812e+00
9.950544647849794977e-01
9.972871242861863772e-01
9.981922188861086509e-01
9.963836601930233794e-01
1.000102715715329715e+00
9.954920613363208437e-01
9.999088027537148538e-01
1.001317854978577282e+00
9.923844613075021304e-01
1.000904629476770502e+00
1.000231440883735390e+00
9.961732430468294153e-01
1.002581748057463917e+00
9.983384768247183239e-01
1.001784451953472876e+00
1.000737117683281774e+00
9.940286396673394531e-01
9.997263787050071349e-01
9.997701583952770532e-01
1.004485897122686655e+00
9.965772413338952473e-01
9.962321455691630634e-01
1.002527642108530292e+00
1.002605595004174788e+00
9.983327140355503504e-01
1.001524956832858138e+00
9.966542770145241370e-01
1.000121502281359653e+00
1.000572725194721180e+00
9.997535557060848177e-01
1.000219663962865990e+00
1.001974129921039403e+00
9.991532228839573593e-01
9.999365474451462621e-01
1.000368892734449622e+00
9.981031072208010890e-01
9.987283340294282885e-01
9.970048232028991819e-01
1.001198535205833684e+00
9.971002973652622892e-01
9.994097111333881678e-01
1.001322511531427928e+00
9.976500983029640279e-01
9.982293398784394256e-01
9.997135618344549224e-01
9.972189173470905610e-01
1.000082920387447949e+00
9.938265524171630005e-01
9.971720912791887104e-01
9.963112596635835816e-01
9.964296791695929079e-01
1.000282990222971291e+00
9.968425786631257557e-01
9.987725398950331179e-01
9.985186507870728034e-01
9.962817509242949399e-01
9.956751241311772027e-01
9.963325201297189571e-01
9.966340289997247526e-01
9.938944711040601510e-01
9.987520362544525243e-01
9.945032766732754270e-01
9.946294859672253352e-01
9.935465510312128101e-01
9.960428878984598500e-01
9.888762035176488219e-01
9.958608898108041174e-01
9.909168788409797868e-01
9.936931429765082369e-01
9.953704511957754963e-01
9.960960593298894272e-01
9.963442641347118878e-01
9.973666021364729906e-01
9.945182384048636415e-01
9.942551922369428086e-01
9.975632092912195548e-01
9.968862530247730724e-01
9.950046197105170132e-01
9.970591640580999115e-01
9.957407847110223420e-01
9.964734687663632240e-01
9.947100717808124992e-01
9.938693173546709891e-01
9.933854199889949887e-01
9.949521986692683173e-01
9.935980586875858833e-01
9.983930477648480517e-01
9.983165043609305567e-01
9.929221116802436908e-01
9.941438659871333350e-01
9.925021688576182166e-01
9.953541117627867640e-01
9.960840824980293773e-01
9.977494973060319072e-01
9.977806156305398799e-01
9.934214303795178003e-01
9.959331739820258544e-01
9.939441361983597512e-01
9.957799255949310036e-01
9.971060160997136101e-01
9.960760029905316726e-01
9.944661258073294041e-01
9.993678174979545581e-01
9.978479679463999608e-01
9.988167422724121280e-01
9.988174789313981616e-01
9.985257393309903140e-01
9.975697123651844356e-01
9.994181650857392185e-01
1.001543714191423406e+00
9.970691729412484161e-01
9.976332618612666625e-01
9.974143983977632466e-01
9.916134979361166391e-01
9.841946030707842130e-01
9.689471136883242020e-01
9.575568357255673790e-01
9.496055248745487454e-01
9.382529100093771612e-01
9.295374980468597004e-01
