0.000000000000000000e+00
0.000000000000000000e+00
0.000000000000000000e+00
0.000000000000000000e+00
0.000000000000000000e+00
0.000000000000000000e+00
0.000000000000000000e+00
0.000000000000000000e+00
0.000000000000000000e+00
0.000000000000000000e+00
0.000000000000000000e+00
0.000000000000000000e+00
0.000000000000000000e+00
0.000000000000000000e+00
0.000000000000000000e+00
0.000000000000000000e+00
0.000000000000000000e+00
0.000000000000000000e+00
0.000000000000000000e+00
0.000000000000000000e+00
0.000000000000000000e+00
0.000000000000000000e+00
0.000000000000000000e+00
0.000000000000000000e+00
0.000000000000000000e+00
0.000000000000000000e+00
2.054065466782544272e-02
4.130982267721343693e-01
1.554537796138543593e+00
2.087403200512582213e+00
1.629688925767021068e+00
9.553155358679726872e-01
5.548874012208644402e-01
3.577968756811269468e-01
2.875504120138535069e-01
2.797332746755891164e-01
2.779658191852548144e-01
2.793590926162306531e-01
2.702356092721102110e-01
2.592597860231139473e-01
2.655303585271360234e-01
2.916708594768846474e-01
3.316062764859888934e-01
4.346494539630483267e-01
5.521499975277516237e-01
7.033055501385694352e-01
8.545228291161069967e-01
1.003903218888916982e+00
1.148177504345774702e+00
1.259526021279808061e+00
1.353958121574213358e+00
1.448075292797380786e+00
1.531598299614971070e+00
1.514371169469240330e+00
1.478803134886076842e+00
1.391735171490295686e+00
1.297778635385589796e+00
1.171863600512701664e+00
1.079537825944002494e+00
9.916439342533446277e-01
9.359722298668248230e-01
9.125745599528458651e-01
8.950903602284051575e-01
8.965266636149835655e-01
8.967317674888578560e-01
9.004678531002364705e-01
9.016091215653443403e-01
9.271407163856166811e-01
9.398579056267547527e-01
9.529374211465621025e-01
9.705478814394663534e-01
9.802357479919824312e-01
9.940615010570099663e-01
1.012410513588542171e+00
1.031238646468135789e+00
1.040330906570652969e+00
1.045761934706149088e+00
1.037440064841637755e+00
1.029488751874321428e+00
1.029579938224198798e+00
1.015900329691673987e+00
1.015252270002929391e+00
1.004552137115088950e+00
9.997106834331984659e-01
9.934595139505647543e-01
9.827921316392743689e-01
9.804316380775192075e-01
9.860781541704445319e-01
9.788571017490818038e-01
9.778538117649111516e-01
9.845939209262316583e-01
9.926249206436946748e-01
9.905876908545957482e-01
1.001995757224102723e+00
1.005841581195134449e+00
1.015547898674535654e+00
1.008445937792683322e+00
1.007407253036475048e+00
1.009665297628733915e+00
1.015042865072178557e+00
1.009031090636914207e+00
1.015603192097084051e+00
1.010837136006995429e+00
1.003279113691648128e+00
1.004112155424576658e+00
9.988742552182352519e-01
1.008883133110372476e+00
1.003966738411171900e+00
9.970952829954882191e-01
9.932564631341719297e-01
9.906874389727804431e-01
9.974606835745839506e-01
1.002432320730485271e+00
9.924858243576497596e-01
9.959369564645008666e-01
1.002779313838592978e+00
1.000155156828806513e+00
9.935956361491439237e-01
1.003129545920059762e+00
1.000069940721949102e+00
1.003873578082937090e+00
1.003481273767439008e+00
1.004403378890807996e+00
1.002585748257482257e+00
9.998552149146107126e-01
9.987653711218085206e-01
1.006204879716586564e+00
9.979960292877649852e-01
9.950541658488212260e-01
1.001664198290193042e+00
9.994033214552831001e-01
1.001037862747466534e+00
1.000910980976415399e+00
1.000575755542115752e+00
1.000096108885135004e+00
1.003923853863148752e+00
1.002208085139531413e+00
1.001679716389620056e+00
9.924390526495782128e-01
1.002308883874115875e+00
1.001006248689790379e+00
9.980017569572107172e-01
1.001697811891336665e+00
1.001249961540350952e+00
1.003046783800132236e+00
9.976053084380287483e-01
1.006315630811857487e+00
1.007768192443670552e+00
9.983008613883972426e-01
1.006617923056653652e+00
9.990176861758912619e-01
9.988224879055157546e-01
9.966345316221459916e-01
9.994006132787067731e-01
9.933271714290533572e-01
9.947232047933831645e-01
9.975517514659232310e-01
9.985794083529192511e-01
9.982431768073715128e-01
9.996934107881630949e-01
9.994958018616991735e-01
9.927860992125916439e-01
9.977503890675563092e-01
9.965387021157925407e-01
9.959691287880187982e-01
9.962928965293512684e-01
9.956602370898254284e-01
9.991696935074300123e-01
9.999297252674320680e-01
9.934899452567771405e-01
9.988654511961461147e-01
9.980281587128412291e-01
1.002323329152647213e+00
9.983456806398727235e-01
9.981183579388587246e-01
9.999358950145106339e-01
9.943847170759569920e-01
9.984226516005241248e-01
9.957830512746310703e-01
9.983535640562816171e-01
9.968331251391793213e-01
9.977630853875668615e-01
9.927090695853111324e-01
9.959456858237661914e-01
1.001440063863586749e+00
9.968687924115563481e-01
9.957921731997156911e-01
9.961994812457797277e-01
9.963530198922014858e-01
9.942795829218010750e-01
1.002361546756731947e+00
1.001005977977870831e+00
9.997203984471604299e-01
9.972889140543246267e-01
9.942432571299330002e-01
9.976294443239583920e-01
9.951835801722316299e-01
9.947574688795566278e-01
9.938229687065778251e-01
9.974699612318531639e-01
9.951892291313048089e-01
9.933085078463994577e-01
9.955127096263034492e-01
9.980027124477192091e-01
9.940076533806668779e-01
9.954104221786242990e-01
9.949088748962034989e-01
9.910706392769784712e-01
9.972747509896271456e-01
9.961653595850665788e-01
9.948892676481813080e-01
9.978957213311668850e-01
9.966703396880742805e-01
9.940974180685753225e-01
9.960690245186801794e-01
9.960421272756592170e-01
9.953112857554794468e-01
9.969705104536285001e-01
9.947122882487591244e-01
9.949844941678405164e-01
9.986820158392031299e-01
9.963351243836480187e-01
9.936905951643933976e-01
9.935339392376164591e-01
9.949600259775825961e-01
9.945068743980893800e-01
9.954135279157008132e-01
9.951890815292012693e-01
9.938744215544612626e-01
9.939255901842168894e-01
9.946526165844904455e-01
9.966759535652481850e-01
9.996550480243724390e-01
9.947138939330394392e-01
9.920126765614416531e-01
9.942636663406176911e-01
9.967379842926886724e-01
9.959857830335955287e-01
9.910559582780312793e-01
9.926679000112914597e-01
9.931733158586132371e-01
9.958591537241069380e-01
9.987089624834287749e-01
9.970988912909588553e-01
9.964668221358711220e-01
9.945987417152862831e-01
9.991060167719303386e-01
9.987334282642921224e-01
9.960655028061927707e-01
9.953510494115161977e-01
9.960113895076821988e-01
9.948613998021381688e-01
9.952667655918899792e-01
9.951335220042011320e-01
9.974430394309229397e-01
9.992651911536269971e-01
9.954447466789246857e-01
9.987796133899526918e-01
9.960355342624049868e-01
9.981168685493218007e-01
9.997758389584497918e-01
9.974094939727571330e-01
9.964611647987126064e-01
9.969842159266216752e-01
1.000951000073860619e+00
9.981350179341168527e-01
9.976954031403846290e-01
1.000650754384737828e+00
1.000409478587629630e+00
9.962451362404793898e-01
9.981567056160528528e-01
9.997718444432550644e-01
9.987948496408104448e-01
9.914700638218127970e-01
9.812354249256463046e-01
9.723753678175924842e-01
9.583159515334721545e-01
9.475875624578381506e-01
9.412764039834724539e-01
9.304068362727975217e-01
