0.000000000000000000e+00
0.000000000000000000e+00
0.000000000000000000e+00
0.000000000000000000e+00
0.000000000000000000e+00
0.000000000000000000e+00
0.000000000000000000e+00
0.000000000000000000e+00
0.000000000000000000e+00
0.000000000000000000e+00
0.000000000000000000e+00
0.000000000000000000e+00
0.000000000000000000e+00
0.000000000000000000e+00
0.000000000000000000e+00
0.000000000000000000e+00
0.000000000000000000e+00
0.000000000000000000e+00
0.000000000000000000e+00
0.000000000000000000e+00
0.000000000000000000e+00
0.000000000000000000e+00
0.000000000000000000e+00
0.000000000000000000e+00
0.000000000000000000e+00
0.000000000000000000e+00
2.588330585778473789e-02
4.355094233832249029e-01
1.567459957674800952e+00
2.111636815560088198e+00
1.632439129460848015e+00
9.786809618274954214e-01
5.838052310617193319e-01
3.610929394063379094e-01
3.070989494732687675e-01
2.818898656478908693e-01
2.915720013370489139e-01
2.942141829309590229e-01
2.781965707174099411e-01
2.788528747667719521e-01
2.728420436967753382e-01
2.964493485897952141e-01
3.382336301976010540e-01
4.278027010923521334e-01
5.430942872718027559e-01
6.903246612331133125e-01
8.350331336455795173e-01
9.998248796870340405e-01
1.128448332510677776e+00
1.250160511632237625e+00
1.351060894943741486e+00
1.448100396080629793e+00
1.493895899947398576e+00
1.506224931806278144e+00
1.449330535552699306e+00
1.376534061186961866e+00
1.279588916913430019e+00
1.168714926941547994e+00
1.052080407267844464e+00
1.007414621805920563e+00
9.316873304973014580e-01
9.108300480565785229e-01
8.940066494285894283e-01
8.878283878904041915e-01
8.929518036473456100e-01
8.997457603052669839e-01
9.100643661535428031e-01
9.233274966785582905e-01
9.282751923822800677e-01
9.341532529947847996e-01
9.718460857346071791e-01
9.768934535660103169e-01
9.990001941278009445e-01
1.013807992930539692e+00
1.019847603843527573e+00
1.028472045796072765e+00
1.036603834053001716e+00
1.040982475848174049e+00
1.033644405680884892e+00
1.033503114443882653e+00
1.015913604533843939e+00
1.015410654240835875e+00
9.969825737437967295e-01
9.845536156323808630e-01
9.792101608831845772e-01
9.786300897111150920e-01
9.871634367527463150e-01
9.687291210100478223e-01
9.809682927609743031e-01
9.774484997879617776e-01
9.972454631410132553e-01
9.921349135375220341e-01
9.953015862645793188e-01
9.903540362933147545e-01
1.003336269768118294e+00
1.006785979610042014e+00
1.001051016230344315e+00
1.005959742716730387e+00
1.007795886360371318e+00
1.018576142931236772e+00
1.006623520330163446e+00
1.005068705962064213e+00
1.008799120683024464e+00
1.012714890178552984e+00
1.002798465348052170e+00
9.943879678598938066e-01
1.004616137914819962e+00
1.003316239426964351e+00
9.986707127416547536e-01
1.002398339689688500e+00
9.934483921630975489e-01
9.968472192495767548e-01
9.933179026895571084e-01
9.942518141626217609e-01
9.913995806694418933e-01
9.912220135319564918e-01
9.958543618233453021e-01
9.960928965236184318e-01
9.996009166830507331e-01
1.002589600094074829e+00
1.000075455129864954e+00
1.002527304485947290e+00
9.995123339416351893e-01
9.946624083207356026e-01
9.995652576102357356e-01
9.983650823820604536e-01
1.002189795980305886e+00
9.967288910640361710e-01
1.002133632473621638e+00
9.909228127034085398e-01
9.961221183616379982e-01
9.918393273881487282e-01
9.916686436138180127e-01
9.985871582852104966e-01
9.928921273033016748e-01
9.948430564100201323e-01
9.942125229207519066e-01
9.967244599638982461e-01
9.988647366537212191e-01
9.938962867841703019e-01
9.977460829925369756e-01
9.998782442157528871e-01
9.940582125114080236e-01
9.962286540572475868e-01
9.879669782027441505e-01
9.999233598853018989e-01
9.989782172092027679e-01
9.960957718817622375e-01
9.965243625336355215e-01
9.984614137338005957e-01
9.997444628928660038e-01
9.982982441904802995e-01
9.965234779247665875e-01
1.003054181317360571e+00
9.959889896111147056e-01
9.986400916803260808e-01
9.967293358919058210e-01
9.929782713337639288e-01
9.938591522433734005e-01
9.926982021568886427e-01
9.949406585576640039e-01
9.959758617854025387e-01
9.926226317446311675e-01
9.926324575060533340e-01
9.977750101282983897e-01
9.930543680506787041e-01
9.895223595474681444e-01
9.956663532384798510e-01
9.994517185571138995e-01
9.979274121680151710e-01
9.885804967339572036e-01
9.980728133301893790e-01
9.909570506592579875e-01
9.909490112958561081e-01
9.992924060254538832e-01
9.947436107545974959e-01
9.966904807081035100e-01
9.958838466072699180e-01
9.948094209087829931e-01
9.935192083689328157e-01
9.979641076053317184e-01
9.939494921957765516e-01
9.961860454553047584e-01
9.959442050515915357e-01
9.946912847713098582e-01
9.943778720914054903e-01
9.964567514509258261e-01
9.931740831472256614e-01
9.937140738314754751e-01
9.946275779371823722e-01
1.000547211978851658e+00
9.957285769148346288e-01
9.950243354560364129e-01
9.967881474354547411e-01
9.955852019717118528e-01
9.986973479527258002e-01
9.937576519537117958e-01
9.990942025225532097e-01
9.908133330448246623e-01
9.995177491897515587e-01
9.956377989626716829e-01
1.001114685437630492e+00
9.941668424574902074e-01
9.963868492845117109e-01
9.896805315502372746e-01
9.971783897133890129e-01
9.928032173007278471e-01
9.984290425080077913e-01
9.962472422661876603e-01
9.938904269473812780e-01
9.981286811461639319e-01
9.984039266782545052e-01
9.973739437319942835e-01
9.934410353490074064e-01
9.971994576922721398e-01
9.967183337438859647e-01
9.943866084067617406e-01
9.982498966586271782e-01
9.965046767605859612e-01
9.974565072506856866e-01
1.000459352206821251e+00
9.967825985677917222e-01
9.964720963869720949e-01
9.958701113260974846e-01
1.001441521595245021e+00
9.944250243755197172e-01
9.967407499175685581e-01
9.953199818137311583e-01
9.970723521231428244e-01
9.979086051291297110e-01
1.000976344646491656e+00
9.961670185707487413e-01
9.921233243250141554e-01
9.975747490117512495e-01
9.993579377473450487e-01
9.965038429166133138e-01
9.973645001481220573e-01
9.944586150486024456e-01
9.973118684680614132e-01
9.989185527422387301e-01
9.947487678430975144e-01
9.985211851748946321e-01
9.987905413831043022e-01
9.966223647467855606e-01
9.941421635347736929e-01
9.992654406563694636e-01
9.978212051856983900e-01
9.944064113847909114e-01
9.978137157503630394e-01
9.979921024856601708e-01
9.988632401495532998e-01
9.994359576181974791e-01
9.958370314225719611e-01
9.980535489230661916e-01
1.000369285546320430e+00
9.949270013837758775e-01
9.965727596178948211e-01
9.941846564143984599e-01
9.990009824651912007e-01
9.991626330604497230e-01
9.997233074945982567e-01
9.989516776411641041e-01
9.962357506264205576e-01
9.989450235459020888e-01
9.994977041747553637e-01
9.972302076684199656e-01
9.963846484141924975e-01
9.995029940298982840e-01
9.954868851277502984e-01
9.998902151553547002e-01
9.982305912849100960e-01
9.990076070099384031e-01
1.000355716409450091e+00
9.901613770481667576e-01
9.828999212916511574e-01
9.729242246382603376e-01
9.613869123633002056e-01
9.481813380848991279e-01
9.413665355401945600e-01
9.282912878040731064e-01
