0.000000000000000000e+00
0.000000000000000000e+00
0.000000000000000000e+00
0.000000000000000000e+00
0.000000000000000000e+00
0.000000000000000000e+00
0.000000000000000000e+00
0.000000000000000000e+00
0.000000000000000000e+00
0.000000000000000000e+00
0.000000000000000000e+00
0.000000000000000000e+00
0.000000000000000000e+00
0.000000000000000000e+00
0.000000000000000000e+00
0.000000000000000000e+00
0.000000000000000000e+00
0.000000000000000000e+00
0.000000000000000000e+00
0.000000000000000000e+00
0.000000000000000000e+00
0.000000000000000000e+00
0.000000000000000000e+00
0.000000000000000000e+00
0.000000000000000000e+00
0.000000000000000000e+00
2.532302791179277118e-02
4.444342064397462932e-01
1.606774580978549860e+00
2.115697116434542391e+00
1.628770622653011646e+00
9.821592091353948950e-01
5.232483735106845391e-01
3.561971384877013480e-01
2.979972542991831119e-01
2.701570217546337416e-01
2.760259318563486608e-01
2.825792089705465582e-01
2.716906608027394032e-01
2.608952902012945385e-01
2.584113538187050585e-01
2.824797023258359685e-01
3.355307169377741983e-01
4.111347448624083079e-01
5.311712660596118463e-01
6.818951106883724966e-01
8.526590494299277623e-01
9.824910015105403627e-01
1.129899526784251762e+00
1.239956248705414321e+00
1.344215414784465157e+00
1.423203956842244766e+00
1.470521919788680076e+00
1.496150041931217478e+00
1.452594923795501813e+00
1.364283099330994231e+00
1.267144127149208099e+00
1.143842739441264467e+00
1.057146074785641154e+00
9.904858022691590547e-01
9.358248224601013465e-01
9.053783532505357279e-01
8.894879759572005273e-01
8.747296923859166906e-01
8.865291137075858030e-01
8.941657363879088605e-01
8.969238635790358627e-01
9.024234735449541134e-01
9.170766948337830682e-01
9.339964271046911071e-01
9.657359631506152731e-01
9.774499997386084660e-01
1.002027420043447137e+00
1.012002068836878266e+00
1.010900989109438042e+00
1.027910962315834453e+00
1.024005952904211147e+00
1.023808311752512079e+00
1.030631894531487402e+00
1.025503210773587526e+00
1.010124597049270934e+00
9.975971426115655127e-01
9.926930783032922312e-01
9.787234536947794217e-01
9.718860001726988829e-01
9.776416670738974357e-01
9.696940135278520057e-01
9.751962225834808207e-01
9.714990286181767187e-01
9.782320023357666816e-01
9.776278083410713249e-01
9.772882634776612898e-01
9.860192261978860673e-01
9.907644674481220770e-01
9.927656166301462859e-01
9.968711979440705306e-01
1.002907314412732953e+00
1.007177723787048507e+00
1.008095189970811267e+00
1.011467132890928156e+00
1.012549417890332260e+00
9.980094040983048531e-01
1.001540532395183813e+00
1.003495108245736400e+00
9.951666635597348209e-01
9.986368740283860790e-01
9.980385919692794650e-01
9.862088325178836046e-01
9.912788039278002117e-01
9.837380083486607640e-01
9.916329329460972231e-01
9.883743391380191978e-01
9.897741418833029270e-01
9.915082792249790833e-01
9.900014150925565692e-01
9.803542791854933380e-01
9.888144477372351471e-01
9.906911281079654463e-01
9.944044350085938788e-01
9.949353690545624795e-01
9.922904921572177628e-01
9.925425285180733415e-01
9.937207812241104499e-01
9.983715899475062994e-01
9.966258473339023594e-01
9.994259044998219377e-01
9.985554822950164500e-01
1.000616167613868512e+00
9.921998532185583031e-01
9.851250836172260605e-01
9.968316296260772980e-01
9.904935373682408617e-01
9.986739009528039501e-01
9.918406375806698705e-01
9.949089120788079388e-01
9.984677391372623889e-01
9.981886354568432207e-01
9.943000486412910677e-01
9.926135806996660982e-01
9.941733795189985345e-01
9.966895330218423776e-01
9.990651126431064899e-01
9.977824286045401392e-01
9.971868648907484811e-01
9.981589108547312961e-01
9.968911997509343204e-01
1.001126269788292111e+00
9.942374378918292788e-01
9.945040982528355888e-01
9.942502810084642428e-01
9.955032372701685395e-01
9.985307261137702506e-01
9.963206342197848953e-01
9.936386877088869696e-01
9.986333115270049632e-01
9.950408872200272592e-01
9.966948192053018962e-01
1.001150268378362629e+00
9.975797040471099386e-01
9.947187917768152143e-01
9.963468462942222104e-01
9.931837122691045128e-01
9.912799757173745840e-01
9.925935847403166701e-01
9.899170500164182762e-01
9.953562990251463294e-01
9.984339734547900136e-01
9.939577063036361126e-01
9.955514583076011670e-01
9.971692045671393112e-01
9.977153334575723509e-01
9.921878520932245760e-01
9.937141428257404430e-01
9.998003774120656217e-01
9.964603736928070443e-01
9.936574648491036665e-01
9.984470394438688112e-01
9.982551452328595198e-01
9.966714148566075959e-01
9.956926323357312425e-01
9.998723627254310076e-01
9.952555568711605183e-01
9.973663483494941140e-01
9.955985541149270368e-01
9.996853186325569407e-01
9.974814800941906867e-01
9.946196166064932287e-01
9.947916115172676932e-01
9.925459024443582523e-01
9.965654500704359542e-01
9.979575962342913664e-01
9.949554908934126196e-01
9.955080442388376527e-01
9.962705047744767617e-01
9.984325480564149036e-01
9.997589719404293973e-01
9.972655753425085923e-01
9.947459576576230811e-01
9.966046976869799012e-01
9.981329855616446478e-01
9.993207451591482604e-01
9.930817128099930224e-01
9.974755128867440757e-01
9.974643950706372220e-01
9.966497441096812127e-01
9.938149193513577950e-01
9.936620663062339931e-01
9.998914962051302924e-01
9.910005433810182840e-01
9.993876578558974488e-01
9.975098298545934661e-01
9.990464560149312501e-01
9.922871546234682816e-01
9.983344854919107281e-01
9.934071238416024574e-01
9.940853199579208210e-01
9.942912438108716389e-01
9.971164879999837583e-01
9.990578969604619886e-01
9.987241931178734156e-01
9.964532847296098117e-01
9.937435503572675799e-01
9.974448187908300234e-01
9.955808713226070861e-01
9.951376780955113466e-01
9.952616429360086059e-01
9.934379190576250185e-01
9.948111578610938643e-01
9.944381189216329187e-01
9.952869245218745053e-01
1.000929987480750238e+00
9.995985895379877473e-01
9.977448737745712171e-01
9.928633874595056419e-01
9.968438090206931390e-01
9.957681852697812808e-01
9.950319118399618690e-01
9.942727057166276250e-01
9.980492047037958780e-01
9.961952271780486479e-01
9.975422183333163551e-01
9.992766505435592972e-01
9.949737967708734976e-01
9.966869361653296622e-01
9.971223358575298512e-01
9.969765826717871260e-01
9.970638004998834125e-01
9.938297587171830427e-01
9.981836042806677689e-01
9.947186598822701509e-01
9.995563681668723222e-01
9.976718884148050304e-01
9.947785063158406382e-01
9.949378425754864530e-01
9.939564542860105378e-01
9.991110883227457551e-01
9.985836146022710746e-01
9.973487112837075008e-01
9.970788996343443733e-01
9.993425431914206847e-01
9.979893948581834984e-01
9.997024575809561053e-01
9.996397863962405150e-01
9.968312147198665762e-01
9.996801083507680374e-01
9.962090748063773260e-01
9.967323925812742180e-01
9.983136682473651158e-01
9.984512924447549453e-01
9.987362402184666310e-01
9.993299831286927004e-01
9.963866761699873287e-01
9.975152978435325446e-01
9.918219233695171333e-01
9.825893067852302654e-01
9.722953485482223046e-01
9.600978570477732843e-01
9.533934376665202937e-01
9.414303816423187365e-01
9.313643024327399322e-01
