0.000000000000000000e+00
0.000000000000000000e+00
0.000000000000000000e+00
0.000000000000000000e+00
0.000000000000000000e+00
0.000000000000000000e+00
0.000000000000000000e+00
0.000000000000000000e+00
0.000000000000000000e+00
0.000000000000000000e+00
0.000000000000000000e+00
0.000000000000000000e+00
0.000000000000000000e+00
0.000000000000000000e+00
0.000000000000000000e+00
0.000000000000000000e+00
0.000000000000000000e+00
0.000000000000000000e+00
0.000000000000000000e+00
0.000000000000000000e+00
0.000000000000000000e+00
0.000000000000000000e+00
0.000000000000000000e+00
0.000000000000000000e+00
0.000000000000000000e+00
0.000000000000000000e+00
2.053990404611750337e-02
4.115154529159669727e-01
1.542074332543108106e+00
2.018983027661725327e+00
1.575039336682155344e+00
9.658351123548670758e-01
5.430813420527949020e-01
3.600727717958419061e-01
2.915242906556918534e-01
2.679633948517465836e-01
2.726160649345287235e-01
2.678264450602562130e-01
2.695591682941337885e-01
2.649495126326905647e-01
2.563647705304384350e-01
2.785802390818239438e-01
3.265617166593722809e-01
4.305608387923735014e-01
5.355649276969760564e-01
6.791308531837724205e-01
8.476373913864559961e-01
1.013938479575483775e+00
1.146791420335369960e+00
1.251576489022658611e+00
1.345307724481521472e+00
1.422839377626083923e+00
1.471103692110747652e+00
1.482902785680834334e+00
1.465975448810549642e+00
1.382510346434672410e+00
1.270432056405050858e+00
1.167816288824405468e+00
1.054726789987532554e+00
9.835698968795526520e-01
9.321048699953119465e-01
9.012036732976922426e-01
8.801341212692869176e-01
8.802234170114288103e-01
8.799316102517132920e-01
8.841756225176002904e-01
8.915219193466504821e-01
9.000864596178991262e-01
9.247466272926204711e-01
9.326515765386669266e-01
9.515077060072135717e-01
9.675985713835932867e-01
9.829345006190061129e-01
9.905355709884920978e-01
1.006349314022372932e+00
1.011657794660808074e+00
1.020331093123026056e+00
1.025656488259224508e+00
1.019958964357287945e+00
1.014002878618238679e+00
1.009611833369894462e+00
9.998637736974874679e-01
9.877338240654618406e-01
9.869482940258166304e-01
9.823805614399763186e-01
9.791609325033063804e-01
9.724197442529283197e-01
9.802089254704016152e-01
9.715296862356509466e-01
9.810498410862669161e-01
9.810594134800967314e-01
9.753582540393083145e-01
9.829991975795465686e-01
9.943640891506301260e-01
1.000250581417552187e+00
9.990651807370914961e-01
9.968225673908709394e-01
9.943157830052810064e-01
1.007204641275131873e+00
9.992171039524946341e-01
9.931464479826039859e-01
9.958282848419336419e-01
1.001000663777800392e+00
9.882816234212198347e-01
9.934169093757625468e-01
9.900314762394391011e-01
9.919113631932714448e-01
9.846924323789173483e-01
9.835458339680934747e-01
9.886384059840479521e-01
9.879322899953509873e-01
9.840404689350642498e-01
9.851891893187254556e-01
9.853471530767786701e-01
9.890271882852011975e-01
9.919289517965620417e-01
9.911350271435669379e-01
9.911260620262827281e-01
9.868388403533189246e-01
9.933080160666346581e-01
9.970593611375897503e-01
9.902054529455049936e-01
9.910662467763062811e-01
9.980662147677342722e-01
9.866489092707291242e-01
1.001576971083203205e+00
9.921271762234777913e-01
9.917234516910393705e-01
9.994697845864261021e-01
9.920828970533952518e-01
9.982876579487610647e-01
9.923389573093441829e-01
9.870182388313082367e-01
9.923894915415781837e-01
9.924784707556640884e-01
9.906485269903725355e-01
9.955002877910833492e-01
9.927691161480329818e-01
9.989444932500010088e-01
9.887867693848672035e-01
1.002110888240274944e+00
9.877205336305278083e-01
9.975641740592544604e-01
9.990733511502692954e-01
1.003577977962477608e+00
9.959446494451498211e-01
9.952666825358958969e-01
1.000982637096421213e+00
1.000038690146881848e+00
9.989419258792526790e-01
9.965644718363750876e-01
9.947221721676343664e-01
9.984335139689459737e-01
9.981479940619788493e-01
9.966520103413543108e-01
9.984952535950409880e-01
9.954659182164681264e-01
9.976825574387625517e-01
9.948557438587671831e-01
9.959827263009786158e-01
9.938822626928515147e-01
9.966669040468814078e-01
9.915100213150289665e-01
9.962213764411900208e-01
9.926976201605257621e-01
1.000332824655434827e+00
1.001119810745969119e+00
9.948014341162387808e-01
9.917011041574165242e-01
9.970303316590238829e-01
9.951717293569908307e-01
9.967218412531974048e-01
9.972261898625750520e-01
1.001020442610928152e+00
9.999119879757488727e-01
9.964411376256839814e-01
9.986175477300953673e-01
9.980850996782391071e-01
9.986430594602121458e-01
9.976240267269688156e-01
9.946859196797026570e-01
9.957830123020674495e-01
9.987246988659902458e-01
9.946592469816305515e-01
9.951221282192701523e-01
9.995946902290244740e-01
9.978636062058505729e-01
1.001306311711726460e+00
9.988582339473474070e-01
9.985300845768000366e-01
9.971953730322606901e-01
9.974775502918988845e-01
9.977747182485503519e-01
9.998174984053548320e-01
9.969075798888232809e-01
9.960056741330731711e-01
9.956948295041146979e-01
9.950453550612782250e-01
9.973224375027659461e-01
9.945735857215071141e-01
9.972961256954278042e-01
9.951557663115442320e-01
9.986473124597400330e-01
9.996984331226388409e-01
9.949494706409909295e-01
9.975921034747585736e-01
9.995391904051106335e-01
9.946786230939015372e-01
9.968655555712759853e-01
1.002301830414855210e+00
9.990317286904949468e-01
1.001733587349078691e+00
9.983100143171417251e-01
9.979498826074951756e-01
1.002724239313495191e+00
9.980695174405234127e-01
9.972817375237742477e-01
1.004319610279803987e+00
9.994028913685860660e-01
9.991235219413723279e-01
9.984382342533111299e-01
9.968464993373028493e-01
1.000224623363055398e+00
9.974853424571518135e-01
9.966841496393935573e-01
1.002048619811583885e+00
9.959780579810555423e-01
9.975848887895897299e-01
9.995758958965837992e-01
1.004270812330739782e+00
9.983245396367229629e-01
9.987007690206261001e-01
9.981306416888824362e-01
9.917199771236538952e-01
9.950633471284046072e-01
9.974698160428060456e-01
9.970690026447638354e-01
9.992706191561387952e-01
9.956090186265914577e-01
9.984918117772219048e-01
9.992287344474077848e-01
1.002419813588750097e+00
9.993781565395285504e-01
9.991521727917510587e-01
9.999972341901899320e-01
9.995330602362768602e-01
9.992678936816076218e-01
9.968742267601089502e-01
9.987812014614606548e-01
9.967717776781058747e-01
9.990612261721905085e-01
9.960809827442569375e-01
9.983640176739280170e-01
1.000272586829868970e+00
9.956461606562161393e-01
9.974547545644107949e-01
9.945913879991302720e-01
9.979563086153170337e-01
9.967325493736127751e-01
9.968185316696098752e-01
9.978522780823660954e-01
9.974828596185302265e-01
9.975374850450272612e-01
9.979723952263028774e-01
9.975643693130514800e-01
1.000590789554523408e+00
9.997819365032384331e-01
1.001434401427485632e+00
9.979442785710386232e-01
9.975500975277561411e-01
9.982876760274034256e-01
9.985476761701820303e-01
9.971669242187245485e-01
9.923294102443397380e-01
9.800141478639493586e-01
9.713114099924594624e-01
9.595810893980866174e-01
9.478069894580504196e-01
9.370253721534630431e-01
9.277622716318570939e-01
