0.000000000000000000e+00
0.000000000000000000e+00
0.000000000000000000e+00
0.000000000000000000e+00
0.000000000000000000e+00
0.000000000000000000e+00
0.000000000000000000e+00
0.000000000000000000e+00
0.000000000000000000e+00
0.000000000000000000e+00
0.000000000000000000e+00
0.000000000000000000e+00
0.000000000000000000e+00
0.000000000000000000e+00
0.000000000000000000e+00
0.000000000000000000e+00
0.000000000000000000e+00
0.000000000000000000e+00
0.000000000000000000e+00
0.000000000000000000e+00
0.000000000000000000e+00
0.000000000000000000e+00
0.000000000000000000e+00
0.000000000000000000e+00
0.000000000000000000e+00
0.000000000000000000e+00
2.137995725522818385e-02
4.135273086329485093e-01
1.520378591423473980e+00
2.052879391532649755e+00
1.580899652120936194e+00
9.626655262462305851e-01
5.366190486314011965e-01
3.612368245597494254e-01
2.959506300654886068e-01
2.774753225548650115e-01
2.949567985338582554e-01
2.843536181934289697e-01
2.815039935451735809e-01
2.797144165954065231e-01
2.586047247944799343e-01
2.857544760588047184e-01
3.472820644448657013e-01
4.258852381541115006e-01
5.584104415703488034e-01
6.904540511581763740e-01
8.736091944322197378e-01
9.925554681039000515e-01
1.133303366490868491e+00
1.247227036389414678e+00
1.370695703504866136e+00
1.447077537804537295e+00
1.509245986943314577e+00
1.505400533166604715e+00
1.491040534913293136e+00
1.412394833675415740e+00
1.282074393200957729e+00
1.161439991949248629e+00
1.080679363169578799e+00
1.013240501404765181e+00
9.464482806081921940e-01
9.159726183609725458e-01
9.002493670922301350e-01
8.995578900261068656e-01
8.952943088736052824e-01
8.965341215144566611e-01
9.124405636646587547e-01
9.159602594559965727e-01
9.298767815394390901e-01
9.474454765437968495e-01
9.646838145147563770e-01
9.738306291172548201e-01
9.939495644668420171e-01
1.008487837456780500e+00
1.010893048200260935e+00
1.031811858838340479e+00
1.035633751855032481e+00
1.029672651207820699e+00
1.032237812996738224e+00
1.019812741699101410e+00
1.004450842878693129e+00
1.007140319065213729e+00
1.001306108989559629e+00
9.834457962017026933e-01
9.859852601337929512e-01
9.780023985105229523e-01
9.676408524482135176e-01
9.654687519587143996e-01
9.603218887532843917e-01
9.773367904036271980e-01
9.848779465139355649e-01
9.737338889422947341e-01
9.902021350904467445e-01
9.873052380017935947e-01
9.959459128426084717e-01
9.940882476105719068e-01
1.006690381534983914e+00
1.004747838215461542e+00
1.004142462376528266e+00
1.008766568715407486e+00
9.997851814288265526e-01
1.004077841167521967e+00
1.007505731447798203e+00
1.005616028607080326e+00
9.982583878058838289e-01
9.908556774281813695e-01
9.901382194850308904e-01
9.920797363034415950e-01
9.864978969845871193e-01
9.872151991156480344e-01
9.905929490117216796e-01
9.866827962366212512e-01
9.934948310830103990e-01
9.889946859776738153e-01
9.963749253532674377e-01
9.943772432481229329e-01
9.869730457027442450e-01
9.967912756716911238e-01
1.001678695541623254e+00
9.979068960191780358e-01
1.000421817578501349e+00
1.001233479291034900e+00
1.004597659276368349e+00
1.002734782502408217e+00
1.002255009953931353e+00
1.002177455954189167e+00
1.001063420275065452e+00
1.002960132763852208e+00
1.000967501978889951e+00
9.967016778402559840e-01
1.000337560173238938e+00
9.961041945008505261e-01
1.002991778606484141e+00
1.000371753150708365e+00
1.005079690471700316e+00
1.003169629761811787e+00
9.977823622018967553e-01
9.963221899561414130e-01
9.937082103116982035e-01
1.002325985301022460e+00
9.978173721439496102e-01
1.000272726547497104e+00
9.964897138313503211e-01
9.912274560893599151e-01
9.972278010420698724e-01
9.954852609193867163e-01
1.000988168802095180e+00
9.931918460735258414e-01
1.000386742785992045e+00
1.000131659391998218e+00
1.004601329301039403e+00
9.975551241822441240e-01
9.970209331902472050e-01
9.948814348200557545e-01
9.965210766900879369e-01
9.986655541514949386e-01
9.976812041253595442e-01
1.002081203799863873e+00
9.991893549836708965e-01
9.955532247494940368e-01
1.002491195179536332e+00
9.998186601477176971e-01
9.936640462186828726e-01
9.974738179430473473e-01
9.958170093818219382e-01
9.958657155793264604e-01
9.975804008784406873e-01
9.935072930774784261e-01
9.934059673761309606e-01
9.984437159468443346e-01
9.963220507161270056e-01
1.002189081444531116e+00
9.979269452406556162e-01
9.990389023356367471e-01
9.959980964736644404e-01
9.966628495526826947e-01
9.963860852705300752e-01
9.966480204314605018e-01
9.981933684828497855e-01
9.977231760770290947e-01
9.936848021406960996e-01
9.951924601373520751e-01
9.966846122893383564e-01
9.937842376557044499e-01
9.982825708993994240e-01
9.992674561720158444e-01
9.990718780970503365e-01
9.940016915316868262e-01
9.934587666363515757e-01
9.987039844102242325e-01
1.000643218571072524e+00
9.966635551267010174e-01
9.969671430347315511e-01
9.956809516901973245e-01
1.000374558844910888e+00
9.961012415414671750e-01
9.963248482506509296e-01
9.992027757914683228e-01
9.956993332329584501e-01
9.982075450367402514e-01
9.978197779707489445e-01
9.962956355949568188e-01
9.973932369411474541e-01
9.957542279201231361e-01
9.977373082006256721e-01
9.949842375379384096e-01
9.982655649023752797e-01
9.966285062547746154e-01
9.951631927287714063e-01
9.988347160175893302e-01
9.962918914364885525e-01
9.950421131163332822e-01
9.969788471504603677e-01
9.935519545060170765e-01
9.999577019297768432e-01
9.969912000005841657e-01
9.989305795131881993e-01
9.973966922782177003e-01
9.973056925022486530e-01
9.965106178654361546e-01
9.970096026241953568e-01
9.982925763470525959e-01
9.949745545400112690e-01
9.924273221904632569e-01
9.951271365232464694e-01
9.956730675501043182e-01
9.945838775278814659e-01
9.964643815964778772e-01
9.938541038921124837e-01
9.967018807932984670e-01
9.961012071632030507e-01
9.963843008524878586e-01
9.936468378722665973e-01
9.956486550341988595e-01
9.983204059429395816e-01
9.964471643209559248e-01
9.977313659604730711e-01
9.989376369921055820e-01
9.971709539588361482e-01
9.999628336902274262e-01
9.966516554882292045e-01
9.959965267758009722e-01
9.968839491224371629e-01
9.969468125410553272e-01
9.985881630300648126e-01
9.980782630625669727e-01
9.980445040044458871e-01
9.960660317495578786e-01
1.000287663673067096e+00
9.978587941542678141e-01
9.969764260151577906e-01
9.999748056584396583e-01
9.971397738960859902e-01
9.995203867045853174e-01
9.953842677369524328e-01
9.948656401161207752e-01
9.949584677212709449e-01
9.989859105762534108e-01
1.001206458529735555e+00
9.974511489583696155e-01
9.977534345698491069e-01
9.983542018585960243e-01
9.959520551599422289e-01
9.985316660396437172e-01
9.989257703365047592e-01
9.985288353835738429e-01
9.988218836036113490e-01
9.963215090056911638e-01
9.986951900120227821e-01
9.996216320607909100e-01
9.984360220437824562e-01
9.990821461868227837e-01
9.962435880851068237e-01
9.924820866409281850e-01
9.809297148462858829e-01
9.688287910944000103e-01
9.590865389461312729e-01
9.460699776723140442e-01
9.396396750793892805e-01
9.286385746271350605e-01
