0.000000000000000000e+00
0.000000000000000000e+00
0.000000000000000000e+00
0.000000000000000000e+00
0.000000000000000000e+00
0.000000000000000000e+00
0.000000000000000000e+00
0.000000000000000000e+00
0.000000000000000000e+00
0.000000000000000000e+00
0.000000000000000000e+00
0.000000000000000000e+00
0.000000000000000000e+00
0.000000000000000000e+00
0.000000000000000000e+00
0.000000000000000000e+00
0.000000000000000000e+00
0.000000000000000000e+00
0.000000000000000000e+00
0.000000000000000000e+00
0.000000000000000000e+00
3.082138102996995546e-02
9.603772252987339275e-01
3.290582121933433690e+00
3.412563896473504776e+00
1.964949987385535835e+00
9.228323777630875746e-01
4.335778146202230454e-01
2.271841200054779408e-01
1.406241112632928836e-01
1.829296999545901858e-01
6.545420586054536694e-01
1.398696752254695364e+00
1.711965644039075141e+00
1.470421999019796866e+00
1.112753526021005079e+00
8.514224198343069983e-01
7.238400698860952831e-01
7.002644784303684311e-01
7.400750246014239364e-01
8.115372494294994521e-01
8.968664561086905351e-01
9.851192699764761418e-01
1.057808944714795585e+00
1.117605441847569603e+00
1.163627972448363579e+00
1.191293488025523484e+00
1.199540461444718487e+00
1.188718059853741460e+00
1.164393969694609732e+00
1.129862008007024965e+00
1.096133861589281722e+00
1.059206597612300182e+00
1.032118864369775180e+00
1.006855655603159372e+00
9.876761735451394797e-01
9.660790374596841534e-01
9.543163490190408327e-01
9.451824059878584094e-01
9.390133107872616902e-01
9.357405064265927885e-01
9.342692702614252553e-01
9.403767796697563019e-01
9.460116634832215210e-01
9.552480832705391167e-01
9.662128582041331626e-01
9.747390757546242623e-01
9.837362473848756395e-01
9.925503154352856017e-01
9.980515477106840505e-01
1.006035518353014524e+00
1.008418376388021898e+00
1.012810629304453203e+00
1.017270680859664767e+00
1.017321753483688029e+00
1.015442412171110753e+00
1.016747651131870267e+00
1.015111844383198791e+00
1.011655702771222076e+00
1.009184063310950341e+00
1.006044462597195155e+00
1.006572162754098887e+00
1.003878933686519703e+00
1.001436619797336114e+00
9.988549621430735659e-01
9.992282849489337870e-01
9.995723957732133291e-01
9.988459193796108693e-01
9.975933218226270549e-01
9.976442474713519415e-01
9.965298837944208676e-01
9.975193603121784713e-01
9.950256552593975679e-01
9.947383872242268055e-01
9.966737100355451684e-01
9.968617876532074318e-01
9.971574843287422940e-01
9.973264761479365692e-01
9.958364053175930986e-01
9.978164229093960946e-01
9.982904223246817921e-01
9.990958560810307976e-01
9.994774114618556471e-01
9.991979641504348253e-01
1.000127906895854846e+00
9.993141883283039872e-01
1.000680195207060752e+00
1.002259966166446636e+00
9.994012041886535247e-01
1.001140357531723701e+00
9.998020367389698349e-01
1.000931949738063764e+00
1.001280679115883920e+00
1.001698255564333229e+00
1.000932772716308872e+00
1.001336838707960419e+00
1.000141603791032230e+00
9.992650904060524919e-01
9.983840643348377286e-01
9.999907751161346559e-01
9.994014799800402526e-01
9.997885939896544727e-01
1.000257594046390919e+00
9.999844320919419882e-01
9.995831420060119488e-01
9.995317247569930341e-01
9.989847038105406085e-01
9.998296741194991899e-01
1.000424423074405711e+00
1.000475459260842914e+00
9.993283134255785960e-01
9.990111164481747519e-01
1.000444025748782995e+00
9.998278286706476781e-01
1.000723405482069950e+00
1.000896797530075322e+00
1.000888947191902467e+00
9.995236661437227887e-01
9.998328376725184041e-01
9.991844551348275649e-01
9.998236915481432119e-01
1.000379597228779671e+00
1.000323391606691592e+00
1.000739145580311851e+00
9.998954300224115466e-01
1.000424998629373396e+00
1.000787285546158589e+00
9.999240270751579285e-01
1.000599910700097350e+00
1.000341563297797443e+00
1.000721957502614945e+00
1.001425994471070169e+00
1.000038950877125021e+00
1.000485204909230763e+00
1.000329538503398341e+00
1.000123075849388421e+00
1.000022982950512285e+00
1.000507031118336609e+00
1.000428122174067180e+00
9.999630913828072565e-01
1.000495171013845441e+00
9.997634380621182038e-01
9.992733517578656910e-01
1.000496376528807296e+00
1.000539303675113123e+00
9.996090127314288809e-01
1.001298269185166179e+00
1.000193728694857453e+00
1.000078404949141797e+00
1.000149114634058867e+00
9.998327802296050892e-01
1.000440487863387684e+00
1.000981295355257705e+00
1.001179793756575398e+00
1.000591099404305684e+00
1.001751685333866826e+00
1.000411316281586638e+00
1.000828758325784662e+00
1.000675467605887548e+00
1.000627594570966838e+00
1.000287338354606703e+00
1.000156547696138709e+00
1.000386772269062918e+00
9.995066637839381540e-01
1.000435441409293524e+00
9.998679923578260853e-01
9.999820268617110042e-01
1.001029416221965729e+00
9.998315156350314759e-01
1.000639681614015952e+00
9.996057141541974111e-01
1.000148309593823726e+00
1.000279389880375458e+00
9.993517608508023509e-01
1.001199725819218678e+00
1.000427381451300723e+00
1.000750517004035389e+00
1.000071145624849667e+00
1.000421872538187928e+00
1.000105139922421449e+00
1.000193247382587636e+00
1.000534148841694781e+00
1.000684507765367437e+00
1.000531628687526320e+00
9.994964995920708750e-01
1.000224550694795100e+00
9.995896974678906144e-01
1.000906658279819395e+00
1.000250857856219477e+00
1.000621405296722166e+00
1.000662365284360256e+00
1.000570935375125092e+00
9.999129576886697235e-01
9.998720309612535440e-01
1.000345472480550058e+00
1.000149114658930083e+00
1.000657018521020625e+00
1.000151873388836599e+00
9.995809382214915217e-01
1.001001755523571068e+00
9.996667615480988589e-01
1.000424273371325778e+00
9.997109125657540618e-01
9.997637675084619646e-01
9.999355956100730580e-01
9.993985013741187862e-01
1.000373028824118382e+00
1.000807341615992607e+00
1.000023640963716209e+00
1.000561675711654441e+00
1.000056698536587296e+00
1.000138543485105780e+00
1.000508005123926569e+00
1.000840860750906058e+00
1.000385460660437431e+00
9.998221164713697595e-01
1.000826015921216783e+00
1.000409470713415683e+00
1.000345982543325407e+00
1.000444730767267254e+00
1.000556965843476309e+00
1.000334646356319412e+00
1.000054240008499518e+00
1.000397013445096572e+00
1.000002415500686581e+00
9.994191254777786693e-01
9.999929127985256461e-01
9.997917324751938173e-01
1.000040314431132060e+00
9.994983762923326243e-01
1.000157902565205870e+00
9.998582406642373410e-01
1.000069265493387372e+00
9.997400037610949530e-01
9.997675613678530526e-01
1.000571999186263161e+00
9.999405321098844279e-01
1.000656699710390951e+00
9.997237815125925575e-01
1.000143655124957398e+00
1.000068953027385632e+00
1.000256440420870918e+00
9.996187350551213324e-01
9.997876264494272025e-01
1.000260014393694608e+00
1.000023025292156920e+00
1.000183539798474630e+00
1.000194840446984035e+00
9.997235688708037138e-01
1.000220358978843427e+00
1.000393676398746878e+00
1.000132038820769065e+00
9.998289823181832903e-01
9.946500776913007602e-01
9.834990380290051792e-01
9.723423559039768849e-01
9.623593098741295426e-01
9.512715136279893402e-01
9.407626670171860273e-01
9.300093099371350425e-01
