0.000000000000000000e+00
0.000000000000000000e+00
0.000000000000000000e+00
0.000000000000000000e+00
0.000000000000000000e+00
0.000000000000000000e+00
0.000000000000000000e+00
0.000000000000000000e+00
0.000000000000000000e+00
0.000000000000000000e+00
0.000000000000000000e+00
0.000000000000000000e+00
0.000000000000000000e+00
0.000000000000000000e+00
0.000000000000000000e+00
0.000000000000000000e+00
0.000000000000000000e+00
0.000000000000000000e+00
0.000000000000000000e+00
0.000000000000000000e+00
0.000000000000000000e+00
2.900492075496905603e-02
9.489123798594534254e-01
3.284056571228484156e+00
3.387829408511489504e+00
1.955889206572882566e+00
9.219970856239586565e-01
4.303526230046811341e-01
2.220246469814482482e-01
1.393083078479782633e-01
1.835888336089123163e-01
6.461397079484695327e-01
1.395356758390981389e+00
1.695804516004796092e+00
1.471435940480122051e+00
1.108863792775176105e+00
8.527367155886352856e-01
7.262285241448724893e-01
7.074283529741163257e-01
7.429216852256727011e-01
8.178039396885246060e-01
9.000914985122790979e-01
9.854131927752680653e-01
1.054742620160312727e+00
1.115452411991447290e+00
1.156491215327021482e+00
1.185560302598127613e+00
1.195311481765979789e+00
1.187736171479604419e+00
1.159768173947974601e+00
1.125900494093601045e+00
1.088369128960454901e+00
1.059487066046551851e+00
1.027644373831388069e+00
1.004310005123024041e+00
9.791813007366269028e-01
9.668811717463362543e-01
9.538208240588897935e-01
9.438885389918273416e-01
9.368700724390335299e-01
9.331932298325187336e-01
9.361928255329706738e-01
9.374163539862998551e-01
9.447785251011080465e-01
9.570471569150960089e-01
9.653728996476714785e-01
9.750011907303474112e-01
9.836909551551131781e-01
9.919195328929873989e-01
9.994798873316446119e-01
1.003986917283664182e+00
1.007973694112936913e+00
1.012513746922216962e+00
1.013854178624035374e+00
1.015999649985922515e+00
1.014886974572486000e+00
1.015244775142658318e+00
1.014831521647979073e+00
1.009822145333216126e+00
1.008212964698804948e+00
1.006525360011376158e+00
1.004017487224672101e+00
1.001080588332313281e+00
1.001515473406975776e+00
9.983040817999413452e-01
9.985657364661369995e-01
9.977599064225265435e-01
9.973992131978453024e-01
9.977268976876395579e-01
9.969601707511390742e-01
9.958957355105620968e-01
9.967231588124126906e-01
9.951002005228704039e-01
9.958544396145917466e-01
9.957467220200935110e-01
9.951496187148896055e-01
9.950167939119666238e-01
9.965945613670901260e-01
9.967428908707107738e-01
9.974553908224760290e-01
9.972805831078218608e-01
9.990186154824478582e-01
9.980048380912222017e-01
9.985219326447928312e-01
1.000325246367296472e+00
9.998756296078327166e-01
9.994703840653819116e-01
1.001745889331205674e+00
1.000897350384900575e+00
1.000779865513195865e+00
1.001363080311055809e+00
1.000092701535506556e+00
9.985656420719002391e-01
1.001475884401330951e+00
9.998288795427328068e-01
9.997521489114257198e-01
9.997525440097914107e-01
9.994158018120187226e-01
9.990346639738437728e-01
9.989544142920411263e-01
1.000157348368216903e+00
9.990987170475377210e-01
9.992797448963743889e-01
9.986341859957514888e-01
9.988837070885765446e-01
9.994264620355026718e-01
9.991640868442327461e-01
9.987987741947127462e-01
9.989669097544329190e-01
9.992845132869624392e-01
9.994207696876223901e-01
9.991668899443810758e-01
1.000524179334980168e+00
9.994783471273571696e-01
9.991421663774647799e-01
9.993722461326747242e-01
1.000102255888829950e+00
9.994072946761776155e-01
9.995063585997779887e-01
1.000222986625680432e+00
1.000090746819269460e+00
9.997578062818482936e-01
9.996367760791332602e-01
1.000888613789688630e+00
9.995162509559795128e-01
9.987459139748262604e-01
1.000778398171110695e+00
1.000349808927101014e+00
9.998129121294925259e-01
1.000350157858472588e+00
1.000184049106117357e+00
9.996386764854974238e-01
1.000434314879968589e+00
1.000919926212121336e+00
1.000770957363833480e+00
9.998218300832101280e-01
1.000498977692069413e+00
9.995995097325129919e-01
9.995493784464881681e-01
1.000829790710525691e+00
1.000837252329844551e+00
1.000318050756480170e+00
9.995233826535231403e-01
1.000748502606515711e+00
9.997384171076423298e-01
1.000175903319370008e+00
1.000053224486376013e+00
9.996165902986138274e-01
9.993326849057029282e-01
9.996233219291774663e-01
1.001188008122759765e+00
1.000538572039119334e+00
9.992637288919495875e-01
1.000617966524494307e+00
1.000057734662546771e+00
9.995790647285084374e-01
1.000047995243936949e+00
1.000215211602132115e+00
1.000471399384115667e+00
1.001136974444491345e+00
1.000968991998932633e+00
1.000995640161155942e+00
1.000226873654506354e+00
1.000949380262979638e+00
1.000038455125236592e+00
1.000775396539747009e+00
9.999613776002542753e-01
1.000592800174309183e+00
1.000340077565554431e+00
1.000252601065451552e+00
1.000158114533254983e+00
1.000728215280719535e+00
1.000241000004762570e+00
1.000278396010122250e+00
1.000195539209875140e+00
1.000240253495126908e+00
1.000416224307124624e+00
9.991722351186008710e-01
1.000193762166550204e+00
1.000543039297015158e+00
1.000330811957549804e+00
9.998494619543156769e-01
1.000965475883945466e+00
1.000369384436707643e+00
1.000701575208005289e+00
1.000535817096848579e+00
9.997035536398269917e-01
1.000820616799784846e+00
1.000393283710266479e+00
1.000848164758530778e+00
1.000396616440903275e+00
9.999858535502840207e-01
9.997615368336171260e-01
1.000713029345043692e+00
9.999593636405305075e-01
1.000578191077215573e+00
1.000378505641651428e+00
9.997291199873558076e-01
1.000699792475248096e+00
1.000167674558298803e+00
1.000270416654943650e+00
1.000055180595006199e+00
1.000485323184485464e+00
9.996819266430633233e-01
9.999214806589959981e-01
1.000332198705651043e+00
1.000225945350701418e+00
9.999002670751120370e-01
1.000005193244504875e+00
9.996108545912142374e-01
1.000827085713290154e+00
1.000263244626683257e+00
1.000621027274616770e+00
1.000338482112671734e+00
1.000842138811587123e+00
1.000323872559337746e+00
1.000125469438005066e+00
1.000628589449370720e+00
1.000386634059657442e+00
1.001399511226132910e+00
1.000063710881820445e+00
9.999706126247912552e-01
1.000459544871130424e+00
1.000853911487030734e+00
9.997807673120222560e-01
1.000521906378107007e+00
1.000361712325720021e+00
1.000183984587385444e+00
1.000388895793041133e+00
9.999027593819187487e-01
1.000193078054935958e+00
1.000338130355669986e+00
1.000465478486047832e+00
1.000114093986581132e+00
9.997617249014428831e-01
1.000313739413319025e+00
1.000139682153811327e+00
1.000719853722382924e+00
1.000545221157795650e+00
1.000597548582154772e+00
1.000369110724981914e+00
1.000641062204968401e+00
1.000318217260147247e+00
1.000418300000040839e+00
1.000230973464375950e+00
1.000021209546202883e+00
1.000052804192712808e+00
9.999541180407992558e-01
1.000160598209766549e+00
1.000792871960183517e+00
1.000624168649812074e+00
1.000108178915019019e+00
9.997296168511133896e-01
9.944060544173757288e-01
9.833591622108714958e-01
9.730021777248338832e-01
9.623672024150025095e-01
9.511613804192313726e-01
9.400330343890687113e-01
9.303747608949585191e-01
