0.000000000000000000e+00
0.000000000000000000e+00
0.000000000000000000e+00
0.000000000000000000e+00
0.000000000000000000e+00
0.000000000000000000e+00
0.000000000000000000e+00
0.000000000000000000e+00
0.000000000000000000e+00
0.000000000000000000e+00
0.000000000000000000e+00
0.000000000000000000e+00
0.000000000000000000e+00
0.000000000000000000e+00
0.000000000000000000e+00
0.000000000000000000e+00
0.000000000000000000e+00
0.000000000000000000e+00
0.000000000000000000e+00
0.000000000000000000e+00
1.693256059028353398e-05
3.038844043055651326e-02
9.510688212430211674e-01
3.293536439517193770e+00
3.409401602351763927e+00
1.964227001657854244e+00
9.159959968504828298e-01
4.323183534705270503e-01
2.260749263885435956e-01
1.402474512483948277e-01
1.832244413325409271e-01
6.505497912331287269e-01
1.400611693670317015e+00
1.697122435990931821e+00
1.474863690625330070e+00
1.114413004544815289e+00
8.524276793409134578e-01
7.269180529194215756e-01
7.013592743500672855e-01
7.432817140490093344e-01
8.154920992065431973e-01
9.001914797298568027e-01
9.833327684082979747e-01
1.056938890869140169e+00
1.116325408409618580e+00
1.162363377379223461e+00
1.186059021364662014e+00
1.198264741738828576e+00
1.187746207664820197e+00
1.163628024572103792e+00
1.130565432965219719e+00
1.093852509239008119e+00
1.062598865227191824e+00
1.034173812040216411e+00
1.003693025008757900e+00
9.856652038746445132e-01
9.663071237761795551e-01
9.533319221746802130e-01
9.435249084750542137e-01
9.413075715829607448e-01
9.348584108794990577e-01
9.337732679141763636e-01
9.369262888763096875e-01
9.438706065981316007e-01
9.522467287248329582e-01
9.662263227507448260e-01
9.748705415667433538e-01
9.845785173229160137e-01
9.917125645265614242e-01
1.001897683290251750e+00
1.007438432274627704e+00
1.010377702475792727e+00
1.014098214843244028e+00
1.016152727517867893e+00
1.016425566859502361e+00
1.017738418000992295e+00
1.016273950817347504e+00
1.013291994574865962e+00
1.010940816204943582e+00
1.008284070452865056e+00
1.006570068643180216e+00
1.005242553212574830e+00
1.002608266687314842e+00
1.001989440044549706e+00
1.000400227578766454e+00
1.000990270397162263e+00
9.984207183577192835e-01
9.981885079953777273e-01
9.983978611860517827e-01
9.969270573086720377e-01
9.964024447870171164e-01
9.969163899718462840e-01
9.959392439149126197e-01
9.965617926189507259e-01
9.952526532318801689e-01
9.942399468662530548e-01
9.977884963014453934e-01
9.970142193621115423e-01
9.981305386030197013e-01
9.974903938113319768e-01
9.992457451671495905e-01
1.000317893003421776e+00
9.994537702719132888e-01
9.990606619383821663e-01
9.990169730959822525e-01
1.001261780838407889e+00
1.002172862452392677e+00
1.002288135932601243e+00
1.000245292676671838e+00
1.000588967518834194e+00
1.000829283793548186e+00
1.001288769036608794e+00
1.001094710787460818e+00
1.001534331327881056e+00
1.000492719309911571e+00
1.001326898134524468e+00
1.000027021213618639e+00
1.000344352454118679e+00
9.996357958697780210e-01
9.983203306027708113e-01
9.993041254661281236e-01
9.992063003008684330e-01
9.989248775419877768e-01
1.000772571463499405e+00
9.997947655082988216e-01
9.998754837854887390e-01
9.999785903711057022e-01
9.994935630195240783e-01
9.993330554696119306e-01
9.997602453285564517e-01
9.996395300484625102e-01
9.994796933788212545e-01
9.987684955088501626e-01
9.994028227257484298e-01
9.993469009600256525e-01
1.000097441376574858e+00
9.993925375889292084e-01
1.000595581747785623e+00
9.998194729965318439e-01
9.996817384956782071e-01
1.000397737378482477e+00
1.000204214206439568e+00
1.000483276578029157e+00
1.000667467241601827e+00
9.997629275523562953e-01
1.000688125421421937e+00
9.998199757411522226e-01
1.000030898194993689e+00
9.990981680530718334e-01
1.000783073531140044e+00
9.990401551370158284e-01
9.991685403461585402e-01
1.000881986995401096e+00
1.000222089154272354e+00
9.990162081726866594e-01
1.000535645815799901e+00
1.000266495457393878e+00
9.997642531225905405e-01
9.997443452419859655e-01
1.000032973752725374e+00
1.000480776535279004e+00
9.995714069579915151e-01
9.996540869949036567e-01
9.994475041691314177e-01
9.986980898992119382e-01
9.996297990508303810e-01
9.995074630216327360e-01
1.000128809382111239e+00
1.000577556182888461e+00
9.996423279621436953e-01
9.995466709356762847e-01
1.000176552400633190e+00
1.000301566882985549e+00
1.000138551075691051e+00
9.993640489378721181e-01
1.000367501005844817e+00
9.999679109227654905e-01
1.000168233548010877e+00
1.001236815531720392e+00
1.000187773639156896e+00
9.999159426630432890e-01
1.000658181029701721e+00
1.000675594893278397e+00
1.000515884835906810e+00
1.000008951892018327e+00
1.000544177440991112e+00
1.000674255303711790e+00
1.000387932978924921e+00
1.000380046840825488e+00
1.000366754680021009e+00
9.997649618686013095e-01
9.997979017739164753e-01
9.997180033262165200e-01
1.000493255050154184e+00
9.998359399262367608e-01
9.996782281810635551e-01
1.000583241494545694e+00
9.997922149981135487e-01
9.996135045934750885e-01
9.998430603726046195e-01
9.999636090108190434e-01
9.996041030607620836e-01
1.000893272425334546e+00
9.997402487330850906e-01
1.000314282558293133e+00
1.000312587037393008e+00
1.000132651692110297e+00
1.000450250503497562e+00
1.001120967204077061e+00
9.997526799853763135e-01
1.000480728525278806e+00
1.000031486142075599e+00
1.000578904773880451e+00
9.996288360819581831e-01
1.000760440283018804e+00
1.000180063332913205e+00
1.000570162264879492e+00
1.000029622442957233e+00
9.999248459774833231e-01
1.000159223090826721e+00
1.000224823039622679e+00
1.000396438272828092e+00
9.997420498012816736e-01
1.000355596007621806e+00
1.000156139055145443e+00
9.996693482276455267e-01
1.000063064473059038e+00
1.000102657906214887e+00
1.000432043782209179e+00
1.000538543492967447e+00
1.000350078512610263e+00
1.000282374447948097e+00
1.000008315289858896e+00
1.000876712430637694e+00
1.000717160762671254e+00
1.000214427160744046e+00
1.000134092417869880e+00
9.997569376194479496e-01
9.998122605207035996e-01
9.998693990544409438e-01
1.000488185019954290e+00
1.000339768907230420e+00
1.000241101334355509e+00
9.999253304112392104e-01
9.998822293335669631e-01
1.000143676407919902e+00
1.000159831628596230e+00
1.000535326385023849e+00
1.000544839296728661e+00
1.000764099200313728e+00
1.000293071883757490e+00
1.000433855575104003e+00
1.000535341532728051e+00
9.998806473015637852e-01
1.000527470048328205e+00
1.000056693009659270e+00
9.999836430738509030e-01
1.000321118113217667e+00
9.997525103932508594e-01
1.000562300176324637e+00
1.000513184565285707e+00
1.000760288582420499e+00
1.000131130279521940e+00
1.000539527765518466e+00
9.999530072830572491e-01
9.998448964135618899e-01
1.000022107381724812e+00
1.000625170643750117e+00
1.000198645762897298e+00
1.000193621639767327e+00
1.000048304365297458e+00
1.000038461325046590e+00
9.994900951028379277e-01
9.941597737822976955e-01
9.834986138167630676e-01
9.725239130185696634e-01
9.620635584009366026e-01
9.511756589018760533e-01
9.408816253095479976e-01
9.298653696052877615e-01
