0.000000000000000000e+00
0.000000000000000000e+00
0.000000000000000000e+00
0.000000000000000000e+00
0.000000000000000000e+00
0.000000000000000000e+00
0.000000000000000000e+00
0.000000000000000000e+00
0.000000000000000000e+00
0.000000000000000000e+00
0.000000000000000000e+00
0.000000000000000000e+00
0.000000000000000000e+00
0.000000000000000000e+00
0.000000000000000000e+00
0.000000000000000000e+00
0.000000000000000000e+00
0.000000000000000000e+00
0.000000000000000000e+00
0.000000000000000000e+00
0.000000000000000000e+00
3.070569856377296583e-02
9.566022084845570150e-01
3.286500355204013069e+00
3.406480829696371337e+00
1.965592493899248616e+00
9.203756774466924639e-01
4.309446101370399962e-01
2.296221301796101399e-01
1.395576827754663463e-01
1.857432032429215951e-01
6.486007973697165419e-01
1.398120719261082279e+00
1.702476842380951982e+00
1.474951061916009998e+00
1.111563380889992514e+00
8.489597959849429776e-01
7.235067870185528660e-01
7.053837479052516013e-01
7.421326291525864871e-01
8.189110951848366238e-01
9.051876485288509189e-01
9.850938756027129983e-01
1.062424845636550375e+00
1.117784545159101084e+00
1.161795143998670676e+00
1.190167049545121314e+00
1.193027883102041553e+00
1.192332171418445164e+00
1.166800473619445500e+00
1.131920167152332013e+00
1.090362173036145688e+00
1.061561755720961564e+00
1.030328917555551893e+00
1.009509301183174390e+00
9.873685006316331725e-01
9.707072609697839916e-01
9.535000704580481878e-01
9.463610314906515386e-01
9.394466578536390111e-01
9.335144610523786746e-01
9.382483802406121898e-01
9.398411455654245295e-01
9.454660943724456645e-01
9.558246130131061724e-01
9.658195516468885966e-01
9.767631201105512195e-01
9.835748666554963160e-01
9.930451865485661056e-01
9.970002924911302022e-01
1.004411856119802549e+00
1.010413389751666946e+00
1.013738231123929356e+00
1.015683415925727306e+00
1.017324961848037113e+00
1.017305381713689671e+00
1.015816866927949924e+00
1.014844309807448886e+00
1.010220606887082706e+00
1.007625842854507070e+00
1.008864204563768352e+00
1.002233246809784317e+00
1.002951106886218025e+00
1.001884784503043413e+00
1.002804111243384311e+00
9.995256090437022456e-01
9.976381236843638867e-01
9.989481847313850249e-01
9.985999934545428669e-01
9.987694000206942535e-01
9.979107871058260359e-01
9.971101452533699394e-01
9.960275160521296911e-01
9.980097365615597793e-01
9.948391350270543443e-01
9.956748503670346251e-01
9.966070709155455676e-01
9.954555845661575697e-01
9.965684175271988243e-01
9.983340882769744518e-01
9.983790677041157746e-01
9.982954747764187786e-01
9.992225390123841144e-01
9.981267189572678999e-01
1.000614960963393862e+00
9.979263184274371756e-01
1.000327569596560107e+00
1.000840960468799112e+00
1.001180677877737235e+00
1.002428341160816583e+00
1.001011225753551503e+00
1.001748336129464345e+00
1.002415868735684779e+00
1.000490562954144513e+00
9.999029940069706912e-01
1.000309594522656331e+00
1.000125551556606762e+00
9.995796687042617368e-01
1.000240916960974946e+00
1.000671862815732727e+00
1.000276460768577680e+00
9.983494705995181739e-01
9.979840096501446656e-01
1.001451542448571486e+00
1.000539345882281772e+00
9.997769770886050233e-01
9.997740267790204971e-01
9.988611242757001740e-01
1.000427750639009350e+00
1.000053410042119451e+00
1.000073999720903162e+00
9.997746049312415950e-01
1.000229564176767560e+00
9.999330931879205631e-01
9.996665986391194414e-01
9.997303848070557830e-01
1.000653152706322491e+00
9.994742094927762111e-01
1.000175381541090536e+00
1.000320125006594063e+00
1.000672322656410040e+00
1.000582736004596018e+00
1.000765047802696595e+00
1.000913191018659276e+00
1.000627410802385375e+00
1.001665627609033216e+00
1.000095362059755244e+00
1.001034806567812296e+00
9.997028037845147042e-01
1.000999104621359326e+00
9.984904756307987350e-01
1.000779752437337411e+00
1.000296491281942091e+00
9.994198042913406965e-01
1.000233311481553811e+00
9.999536134863170611e-01
1.000794051461546319e+00
9.999789628019986054e-01
1.000905048379139739e+00
1.000037960142951876e+00
1.000451685982847172e+00
1.000508961809215780e+00
1.000585262112785978e+00
1.000312001175527987e+00
1.001087699421692845e+00
1.001230767974281122e+00
1.000404921414346449e+00
1.000384633660700295e+00
1.000916666215673212e+00
1.000383004324807867e+00
1.000643095289310835e+00
1.000501772568336278e+00
9.996486318461550447e-01
1.000355853079659907e+00
1.000562947543877979e+00
1.000213127219966580e+00
1.000015526185239034e+00
1.000987986172099387e+00
9.997982736369572798e-01
1.000327754633987709e+00
1.000422033683550316e+00
1.000432987539545016e+00
1.000221467052293534e+00
1.000817554750560889e+00
1.000317463230192772e+00
1.001027070347651371e+00
1.000399443785356723e+00
1.000891260148935924e+00
1.000648871456095046e+00
1.001213073707334367e+00
9.999620358670222586e-01
1.000797501097672848e+00
1.000166008034919507e+00
1.000236603479120134e+00
9.995463670374992171e-01
1.000049095473244609e+00
1.000444691477454739e+00
1.000768614232178777e+00
1.000372455861539445e+00
9.996065656218341422e-01
1.000594672313212197e+00
9.998253534871995862e-01
9.997359564351977479e-01
1.000580665570459660e+00
9.997886826735268295e-01
1.000206387293799182e+00
9.998525688718525872e-01
9.998587172982160709e-01
1.001021695815855317e+00
1.000527766149259534e+00
1.000382155849414811e+00
9.999775767090365308e-01
1.001101098656240307e+00
1.000816874056936756e+00
9.998224265043020864e-01
1.000186322330851585e+00
1.000594822422561814e+00
1.000321317037171198e+00
9.997454352865223770e-01
1.000566844175667658e+00
1.000088373720471546e+00
9.995986222530114373e-01
1.000389721506131258e+00
1.000068806481448025e+00
1.000041596251347809e+00
1.000166689909635531e+00
1.000032547794522664e+00
9.997167841620276940e-01
1.000317067940986071e+00
9.997813710592852177e-01
1.000280458012512197e+00
1.000188970968987068e+00
1.000721952196904185e+00
1.000740980089046328e+00
9.999077890014906878e-01
1.000256788112468209e+00
1.000274199750437409e+00
9.997840340809883708e-01
1.000434326025684717e+00
1.000776912676653252e+00
1.000160823611748073e+00
9.999009049762032086e-01
1.000396820862889058e+00
9.997611499772752763e-01
1.000013597555075684e+00
1.000448486686658756e+00
1.001031380331720344e+00
1.000093875398784915e+00
9.999520958703199680e-01
1.000493642373053715e+00
1.000408633720136331e+00
1.000379402347281621e+00
1.000650959499512105e+00
1.000024943309640424e+00
9.997126039110252327e-01
1.000279144642774787e+00
9.997679509395873687e-01
1.000602720084830644e+00
1.000089849490353844e+00
1.000119857486410080e+00
1.000288128194921633e+00
9.997699322586168780e-01
1.000185724087277128e+00
9.999383762564456601e-01
9.998584079002452718e-01
9.999002717558151954e-01
1.000349691753436243e+00
1.000012552710180636e+00
1.000163970456561913e+00
9.995930258854343053e-01
1.000570183764259324e+00
9.999145441507670817e-01
9.992956095081960699e-01
9.938160174409417236e-01
9.836666726651188686e-01
9.727766369069439367e-01
9.614228995849602999e-01
9.510400316663973896e-01
9.403251681419833030e-01
9.298529780354155561e-01
