0.000000000000000000e+00
0.000000000000000000e+00
0.000000000000000000e+00
0.000000000000000000e+00
0.000000000000000000e+00
0.000000000000000000e+00
0.000000000000000000e+00
0.000000000000000000e+00
0.000000000000000000e+00
0.000000000000000000e+00
0.000000000000000000e+00
0.000000000000000000e+00
0.000000000000000000e+00
0.000000000000000000e+00
0.000000000000000000e+00
0.000000000000000000e+00
0.000000000000000000e+00
0.000000000000000000e+00
0.000000000000000000e+00
0.000000000000000000e+00
5.078214877688612465e-05
3.005596577835776065e-02
9.499208121983205855e-01
3.294036527717446816e+00
3.409378341181996674e+00
1.959282894110394579e+00
9.237900870832259637e-01
4.316593431243078705e-01
2.257693066511937685e-01
1.393298204753265768e-01
1.827477774005580868e-01
6.500497203134514290e-01
1.396606756327890775e+00
1.706131904571868807e+00
1.477269919716699853e+00
1.110730133802927178e+00
8.503566397136049781e-01
7.218843256766033223e-01
7.035879921496909217e-01
7.456080405716266624e-01
8.178453089923596320e-01
8.974829957591590190e-01
9.829375474376431665e-01
1.054574027075763087e+00
1.117902666279772417e+00
1.163853463451972603e+00
1.186959895813733956e+00
1.198122226571128879e+00
1.185625656044507981e+00
1.165171257852216646e+00
1.127764625842827551e+00
1.093281960723919033e+00
1.059914560926449090e+00
1.030606174889677762e+00
1.006641465919668299e+00
9.839270718029372587e-01
9.662612729666874012e-01
9.552096006279856555e-01
9.456127304671166911e-01
9.365661571484459325e-01
9.365513889307739426e-01
9.368832163369701371e-01
9.381078729885028444e-01
9.433137809443483679e-01
9.548475548435597648e-01
9.663305460271347513e-01
9.747703402634072534e-01
9.837043463381052177e-01
9.919263869203157613e-01
9.962487036897063053e-01
1.004914379578319528e+00
1.007953271745038126e+00
1.014222638329006720e+00
1.014780464434065443e+00
1.018481206942212225e+00
1.014734849802889860e+00
1.013679960247063194e+00
1.015267255087022535e+00
1.012719239172416241e+00
1.010718093592204880e+00
1.005874698395987199e+00
1.005021934270347694e+00
1.004162447905044386e+00
1.001923883999445763e+00
9.997993678890358948e-01
9.997196463005619815e-01
9.996017166375580354e-01
9.983720999085416992e-01
9.974130623018903075e-01
9.961096976982304341e-01
9.963331876426219091e-01
9.966090018111812832e-01
9.949303689121014038e-01
9.948466216416951280e-01
9.951761906350912179e-01
9.950523079832780393e-01
9.953868215782328832e-01
9.971606742828236225e-01
9.985308051652503902e-01
9.959219452306575793e-01
9.983674793426093874e-01
9.990188823289321007e-01
9.992544799479350370e-01
1.000466813782755038e+00
1.000348837310067518e+00
1.000540735676219040e+00
1.001470584750105752e+00
1.000755811713760490e+00
1.000907677437445464e+00
1.000306148730088829e+00
1.001974791502848072e+00
1.002358997908254112e+00
1.000921269081661125e+00
1.001019304439691338e+00
1.000312153707658691e+00
1.000589226052069902e+00
1.000174697932448842e+00
1.000955279621805971e+00
9.994294373911615237e-01
1.000533206556702970e+00
9.990441278524165858e-01
9.997201267417525905e-01
9.977664420390781608e-01
9.994439957638229233e-01
9.992934992385568149e-01
9.994974610173559260e-01
9.998897955932691817e-01
9.975326139751125032e-01
1.000139196553432086e+00
9.996250934845879454e-01
9.989110528452989080e-01
9.996349087059464011e-01
9.994276450687191726e-01
9.998545559744961286e-01
1.000128039880453068e+00
9.992138257781660871e-01
9.993806004022401934e-01
9.998549494219938216e-01
1.001486308136109171e+00
1.000239655525553495e+00
1.000038129117261088e+00
1.000131841956559686e+00
1.001047716884083005e+00
9.996148044461753424e-01
9.999857343487074113e-01
1.000857701201811389e+00
9.999147226136901878e-01
1.000792558559250756e+00
9.996386455638284207e-01
1.000530534688432782e+00
1.000199139929437875e+00
9.992762383906059753e-01
9.993561357096202302e-01
9.983556531401376333e-01
1.000778173810191962e+00
9.992645495935053024e-01
1.000401328376904653e+00
1.000815238631894921e+00
1.000261678726887649e+00
9.995149052706626680e-01
9.994260551190489172e-01
9.988770228675103446e-01
1.000394679210390159e+00
1.000134677492564572e+00
1.000057356014451448e+00
9.987754998214647406e-01
9.996058108995578007e-01
1.000349212669878307e+00
1.000353795108654964e+00
1.000090015152110601e+00
1.000010541384888318e+00
9.999224856439860032e-01
9.996580647473479742e-01
9.995913983136411884e-01
9.999697510128409128e-01
1.000254961315355517e+00
9.998798028644425573e-01
1.000896486011047193e+00
9.999702041135419828e-01
1.000217813657259258e+00
1.001008086330327895e+00
1.000436001498562932e+00
9.994591270473394129e-01
9.999096806711809116e-01
9.999771940866641895e-01
9.998286112880604426e-01
9.996201843831057365e-01
1.000297168929125347e+00
1.000192293149430256e+00
1.000352121453300436e+00
1.000320158971720330e+00
9.997500337728086883e-01
1.000474308854720107e+00
1.000781354503551990e+00
9.999530132244836000e-01
1.000077165180090377e+00
1.000043994183827056e+00
9.998843330826889808e-01
1.000399607947439096e+00
1.000182689929424384e+00
9.994116425107315571e-01
9.998849700551896147e-01
9.997743080227174950e-01
1.000745817169940377e+00
1.000598946882385709e+00
1.001126961247553293e+00
1.000016044657249248e+00
1.000316854315084880e+00
1.000473098648615666e+00
9.999949121243910666e-01
9.998385553813120552e-01
1.000239301026875527e+00
9.999321290069801416e-01
9.997219890107291729e-01
9.998726619092191958e-01
1.000306586545343546e+00
9.998341616163994860e-01
1.000505941595114301e+00
1.000496141696209484e+00
1.000166764159123423e+00
1.000712579436275007e+00
1.000607105718939627e+00
9.996888664686468529e-01
1.000562342448705122e+00
9.996326216955141453e-01
1.000410993218858513e+00
1.000780937790206382e+00
1.000394856285269807e+00
1.000608264805721070e+00
1.000259614914913664e+00
1.000663161980946070e+00
9.999960228886362046e-01
1.000139524869592567e+00
9.996537725295090437e-01
1.001086570406074516e+00
9.994949651095982324e-01
1.000328840591520274e+00
1.000967191224362285e+00
1.000014883003846222e+00
1.000837206106657939e+00
9.998205944266270739e-01
1.000916530960109352e+00
1.000421879124481217e+00
1.000227137096268981e+00
1.000011983361027923e+00
1.000486084466916559e+00
1.000443706364897434e+00
1.000092784513311850e+00
1.000495487505481451e+00
1.000669651225188250e+00
1.000439732764101253e+00
9.995372656400597355e-01
1.000485404398123945e+00
1.000350608499906757e+00
1.000465178689528445e+00
9.999416330494392824e-01
1.000211564453983515e+00
1.000302928823631810e+00
1.000212704527839502e+00
1.000059503108503334e+00
1.000120220745867039e+00
9.999913586027233681e-01
9.997610820359557060e-01
1.000036724964515900e+00
1.000273727719817707e+00
1.000379268085557660e+00
1.000635386657087622e+00
1.000167958581769545e+00
1.000441843016977694e+00
9.998091159523049276e-01
9.998360537126690373e-01
1.000490299159793484e+00
1.000139494179936861e+00
9.941647254505763254e-01
9.828094033663304918e-01
9.721803177290551101e-01
9.620657935909799896e-01
9.511676337168464279e-01
9.398670167426784738e-01
9.299174807698067369e-01
