0.000000000000000000e+00
0.000000000000000000e+00
0.000000000000000000e+00
0.000000000000000000e+00
0.000000000000000000e+00
0.000000000000000000e+00
0.000000000000000000e+00
0.000000000000000000e+00
0.000000000000000000e+00
0.000000000000000000e+00
0.000000000000000000e+00
0.000000000000000000e+00
0.000000000000000000e+00
0.000000000000000000e+00
0.000000000000000000e+00
0.000000000000000000e+00
0.000000000000000000e+00
0.000000000000000000e+00
0.000000000000000000e+00
0.000000000000000000e+00
3.386187362242346690e-05
3.057024072055566227e-02
9.499656393840525404e-01
3.297549851558936318e+00
3.411706345185458567e+00
1.971020311184942253e+00
9.238827073216909769e-01
4.347139281335085648e-01
2.270607310481067564e-01
1.395144339041435033e-01
1.838723820757114935e-01
6.460338298396245404e-01
1.405698642062607417e+00
1.705323373983916202e+00
1.478160004108532544e+00
1.112719432583603840e+00
8.508396357473866356e-01
7.223901138924724297e-01
7.015800743805615802e-01
7.417919732964619595e-01
8.173141726921615557e-01
9.008241177425267976e-01
9.830454184803084638e-01
1.058379450914818554e+00
1.114511369647561256e+00
1.159721957942889459e+00
1.188634179468731178e+00
1.202193351851254643e+00
1.192811709726553371e+00
1.162369216218208656e+00
1.130976043347824422e+00
1.093390751838448693e+00
1.063204411924394410e+00
1.031426721938064173e+00
1.006598843245350761e+00
9.857901646056739242e-01
9.671886577506333404e-01
9.552056653926495056e-01
9.442059105277347264e-01
9.376693704348357805e-01
9.356845070390181762e-01
9.343234479128976755e-01
9.395017636068220268e-01
9.456914715700656116e-01
9.563378111734659459e-01
9.648962290802749475e-01
9.751600559101099019e-01
9.849229994250620068e-01
9.902524755530933698e-01
9.997139069765678121e-01
1.006150545455419376e+00
1.008746768438050001e+00
1.013585313622878292e+00
1.016312160357580874e+00
1.018951475950198748e+00
1.016642052248613926e+00
1.015699807974644431e+00
1.015738707839684674e+00
1.013009234144683024e+00
1.009575725836411531e+00
1.007931938041105591e+00
1.005100083160676006e+00
1.002482843189220096e+00
1.002661936981588120e+00
1.002471077624276230e+00
9.993025999179733221e-01
9.976420649446803290e-01
9.970814781740358068e-01
9.974171193203269503e-01
9.982893721966852318e-01
9.960583855681375276e-01
9.974753029816755268e-01
9.960200651797073146e-01
9.966274060470691198e-01
9.977168740388319135e-01
9.956864840804612315e-01
9.959305287037408805e-01
9.974890577565981298e-01
9.982115939314700759e-01
9.973760481047897475e-01
9.978527625847872784e-01
1.000184663603091995e+00
9.995855209203636793e-01
9.996737065126265476e-01
9.997370824001401424e-01
1.001291723061525696e+00
1.000242749223949845e+00
1.002309641549530728e+00
1.001324563512630439e+00
1.001600543444010283e+00
1.001190834668338026e+00
1.002329594033355420e+00
1.001297289464606832e+00
1.001416189994956518e+00
1.002214158531928412e+00
1.000043908387972413e+00
1.000401462681983933e+00
1.000852028330965426e+00
1.001990812753092541e+00
1.000330631699366313e+00
1.000784506068684854e+00
9.992223223130854981e-01
9.995807577492231699e-01
9.993440099649318897e-01
1.000596024468593637e+00
9.994759621281043005e-01
1.000431041463051285e+00
1.000742125694980889e+00
1.000660348879393036e+00
9.995837433233216718e-01
9.989540389782557428e-01
1.000030800972007139e+00
1.000158766906531493e+00
1.000228191475224460e+00
1.000782158029026592e+00
1.000038745690026598e+00
1.000528490761495304e+00
1.000212422758081976e+00
1.000135773971635889e+00
1.000517309185714243e+00
1.000647894404676386e+00
9.996867519276736447e-01
9.999629215895875500e-01
9.999587639031205510e-01
1.001128190238371518e+00
9.998452131974833179e-01
1.000333885203796180e+00
1.000477013789551561e+00
1.000240618343458898e+00
1.001269479007053098e+00
1.000960544083610904e+00
1.000619310480522106e+00
1.000510903877885438e+00
1.000446931633784287e+00
1.000052731199406297e+00
1.000676326944509364e+00
9.997013091167052945e-01
1.000872160556142365e+00
9.999629129450532394e-01
1.000479766166590290e+00
1.000655571714964331e+00
1.000116482393127448e+00
1.000430880300146042e+00
9.998116855829243255e-01
9.994341599577117874e-01
1.000720289283587583e+00
1.000186368212210297e+00
1.000135123266741477e+00
9.997481918785774413e-01
1.001279159433711374e+00
1.000652088219553315e+00
9.998139976247077954e-01
1.000747586244078446e+00
1.000001977602459569e+00
1.000560178247317689e+00
9.999677287760084798e-01
9.995697826267477826e-01
9.998423751690094230e-01
9.998723624681628008e-01
9.997428777141896816e-01
1.000140495866263413e+00
1.000289371161756646e+00
9.998219516873471102e-01
9.998450673748157103e-01
1.000480038059639476e+00
1.000948518400403220e+00
9.996806919468451680e-01
9.996565764744472782e-01
9.999640561580319664e-01
1.000103758636240459e+00
1.000422710746662114e+00
1.001226366491550390e+00
9.997738523517090137e-01
1.000064499609048640e+00
9.998403267047426546e-01
9.993952309066100881e-01
1.000068905142999842e+00
1.000224708203888202e+00
9.992481678165281433e-01
9.996488339175582105e-01
1.000044567936110296e+00
9.998670352927769844e-01
1.000038704156039016e+00
9.999146941021849200e-01
1.000302080053607767e+00
1.000552688218810493e+00
1.000513216969842745e+00
9.997989473401761584e-01
9.999387803773069905e-01
9.999434807928443414e-01
1.000711624842833158e+00
9.996164441092141306e-01
1.000851736364453126e+00
1.000138747947586504e+00
1.000331301092558745e+00
1.000635209589273655e+00
9.998863241001528790e-01
9.998427081940928218e-01
9.998103234117049487e-01
9.999102851394736646e-01
9.998734861564024801e-01
9.993570789054991854e-01
1.000353725306972530e+00
9.996776809896146254e-01
1.000327805378211421e+00
1.000297038112827996e+00
9.999094542473527802e-01
9.998344603004158948e-01
1.000211525627707099e+00
1.000414220518307529e+00
9.998347607298180284e-01
1.000128287599548305e+00
1.000196654827028242e+00
1.000321798551159658e+00
9.999959857381232053e-01
1.000027916255179949e+00
9.998889342450417717e-01
1.000333914518179323e+00
1.000417381719122201e+00
9.998534151501258238e-01
9.994377020742214457e-01
9.993806522956982796e-01
9.997112100768809073e-01
1.000168874998304203e+00
1.000602407274835182e+00
1.000048828496216569e+00
1.000120372510895139e+00
1.000270455424037808e+00
1.000099928864543575e+00
1.000002312657745307e+00
1.000449942154673311e+00
1.000475856658039175e+00
1.000155537504566539e+00
9.997271752747557416e-01
9.998824775017264299e-01
9.996387558258585937e-01
1.000236806525660604e+00
9.999639500526870117e-01
9.999199074537140630e-01
1.000028087636493757e+00
9.999530758071706327e-01
1.000040203353034007e+00
1.000026338794707481e+00
1.000150436478767446e+00
9.999657560607326801e-01
9.999585044757410834e-01
1.000007773504914876e+00
9.996642534757926857e-01
9.999813096985586958e-01
1.000130726962069616e+00
1.000048788777516462e+00
1.000579185671808480e+00
9.997250826617152253e-01
9.940649126966725202e-01
9.835107415370687445e-01
9.726946874384790886e-01
9.615504580222927755e-01
9.508867657867648981e-01
9.405779784464591842e-01
9.302745977813677847e-01
