0.000000000000000000e+00
0.000000000000000000e+00
0.000000000000000000e+00
0.000000000000000000e+00
0.000000000000000000e+00
0.000000000000000000e+00
0.000000000000000000e+00
0.000000000000000000e+00
0.000000000000000000e+00
0.000000000000000000e+00
0.000000000000000000e+00
0.000000000000000000e+00
0.000000000000000000e+00
0.000000000000000000e+00
0.000000000000000000e+00
0.000000000000000000e+00
0.000000000000000000e+00
0.000000000000000000e+00
0.000000000000000000e+00
0.000000000000000000e+00
0.000000000000000000e+00
3.124930904467167897e-02
9.540960676347768343e-01
3.306564416191660971e+00
3.413702895478910815e+00
1.957102913255223120e+00
9.275631622532864995e-01
4.352562656532805163e-01
2.249972675429117996e-01
1.378705603488875331e-01
1.855964664921140872e-01
6.525613584939270462e-01
1.401695884699527550e+00
1.703797256703748486e+00
1.481825743628800929e+00
1.114183334496189337e+00
8.515024642093821372e-01
7.237470954783022936e-01
7.012551905018020726e-01
7.399003146234292005e-01
8.118765675401895532e-01
9.004540056825995897e-01
9.820376674615910462e-01
1.056773691854496766e+00
1.116957659355322763e+00
1.163315105918407033e+00
1.190058011610671151e+00
1.200258962332028556e+00
1.188728714828418909e+00
1.165249985497305962e+00
1.132770734224531228e+00
1.095326060251246014e+00
1.058648306270226547e+00
1.034446903023823916e+00
1.006708961779566369e+00
9.854859489186387211e-01
9.691967853300498259e-01
9.558757689701603555e-01
9.454056108455157759e-01
9.363980739418139576e-01
9.353217732412412166e-01
9.360081258029656626e-01
9.380413237691472839e-01
9.467214452004170111e-01
9.540435722963276355e-01
9.666134296149898608e-01
9.743707644942145585e-01
9.832062863517438966e-01
9.951048763121723706e-01
9.989546529259453189e-01
1.006249450735151596e+00
1.009881806734741705e+00
1.013346593018578545e+00
1.015649501200446725e+00
1.018841608253455933e+00
1.019255773607160132e+00
1.016442398871923558e+00
1.012369837160228991e+00
1.012041430477400361e+00
1.010817911081400178e+00
1.006993304567637804e+00
1.005878500794032071e+00
1.004296706196914357e+00
1.002156682162010037e+00
9.991682433767981042e-01
1.000025503989512288e+00
9.992103841728890989e-01
9.974125620571239192e-01
9.976648229889722996e-01
9.964867095379654760e-01
9.981085761591740324e-01
9.960309702420090394e-01
9.955994220148537410e-01
9.963602353215117446e-01
9.969879788949707056e-01
9.958400306455588158e-01
9.975808078071718432e-01
9.952894726344502230e-01
9.976545488182135824e-01
9.971367537109807611e-01
9.985093133443911917e-01
9.993014993756323960e-01
9.997380406773070938e-01
1.000089481530799240e+00
9.998703483965827310e-01
1.001917916628431104e+00
1.000961779628215087e+00
1.000498293941594508e+00
1.001344790379272709e+00
1.000060380423015705e+00
1.000808447518232169e+00
1.001899590700701115e+00
1.001721032257039345e+00
9.996534791393731911e-01
1.000651427267861715e+00
9.997797743006250348e-01
1.001423896111646394e+00
1.000381243246797336e+00
1.000245676410292939e+00
1.000809309939615810e+00
1.000532789864994054e+00
9.991804750539141633e-01
9.997302456367697099e-01
9.992292857002837980e-01
1.000045626755204475e+00
9.987552998324487064e-01
1.000146082330806818e+00
9.994385110365051617e-01
9.995015259931350204e-01
9.988144753332450776e-01
1.001390135598644981e+00
9.992934977481015002e-01
9.998319073364912990e-01
9.992884990096000397e-01
1.000115738231646123e+00
9.993984281750103449e-01
1.000402967229128803e+00
1.000174225603545075e+00
9.989213230224370799e-01
9.999270426772924880e-01
1.000783196315925272e+00
9.999008745582778079e-01
1.001294308232761221e+00
9.998350335913692710e-01
1.000128310784843988e+00
1.001720631353815172e+00
1.000579949069650754e+00
9.998919236861187887e-01
9.997861275870628672e-01
1.000890011546331948e+00
9.999973765632924616e-01
1.000545521630056056e+00
9.996006140740973933e-01
1.000545971595290684e+00
9.995155419365032712e-01
1.000315737863867405e+00
9.997958065087926283e-01
1.000941863369012585e+00
9.990788326001386332e-01
1.000442265855950197e+00
1.000031886565688088e+00
9.993401784162855295e-01
1.000536447813779484e+00
9.992651527601235095e-01
9.995135125251709551e-01
9.998411641844870967e-01
9.998770601653117485e-01
1.000877575913923234e+00
1.000428868223307122e+00
1.000020379539634741e+00
9.993415817275400626e-01
9.994497382069646996e-01
9.999534257355375821e-01
1.000390952309865966e+00
9.996951893278138712e-01
1.000274774311064929e+00
9.998451945515876016e-01
1.000848821451536530e+00
9.998759993936693347e-01
1.000394298434993390e+00
9.999142087241165155e-01
1.000424193331621137e+00
1.000273004803906129e+00
9.996486650991482925e-01
9.989859541611648686e-01
9.999588419568226083e-01
1.000256201500464126e+00
9.996939495097616479e-01
9.999579896338515184e-01
1.000526056675411724e+00
1.000101460205575332e+00
9.994077677725629050e-01
9.999756820538601154e-01
9.995478707916932715e-01
1.000885220617664384e+00
9.992200207014280133e-01
1.000031197643501901e+00
1.000247630537371535e+00
1.000159690681684088e+00
1.000394116266046574e+00
1.000173654800579959e+00
1.000004513522980476e+00
1.000296370551485570e+00
9.994968747240167151e-01
9.993616933695809168e-01
1.000721315334070605e+00
1.000550915022432319e+00
1.000085065522424932e+00
9.997944375736030898e-01
1.000311033940982419e+00
9.997184127482009464e-01
9.995425098531685038e-01
1.000455530841111385e+00
9.997408048575446848e-01
1.000061038822668280e+00
1.000212751681851975e+00
1.000073928347110286e+00
9.994298860258979955e-01
1.000579160465672190e+00
9.998260920823128783e-01
1.000698563933339225e+00
1.000141263527928537e+00
9.998180512463419323e-01
1.000310582663274994e+00
1.000182216670383095e+00
9.998621228438423492e-01
1.000105622023355290e+00
1.000837827897508303e+00
1.000085503166565193e+00
9.998324056434807483e-01
1.000292438261548567e+00
1.000047345368469287e+00
1.000265808024768166e+00
9.995187546779525922e-01
9.994047323421627604e-01
9.999625234375318916e-01
9.998701198890426189e-01
1.000568364245665531e+00
1.000245467607867811e+00
1.000323609287076199e+00
9.998707289948516319e-01
1.000000568169531201e+00
9.995110445348349693e-01
1.000469341055439498e+00
9.999361033696237966e-01
9.998241089396019410e-01
1.000338344170743632e+00
9.999974196681057359e-01
1.000512744926154385e+00
1.000061057016847332e+00
1.000229121999093751e+00
1.000178030466341683e+00
1.000407367916513968e+00
1.000391541109952875e+00
1.000495828680491472e+00
1.000205445974469365e+00
1.000419007041028152e+00
9.999532483967930041e-01
9.998822474931912119e-01
1.000453017305727998e+00
1.000366896717856280e+00
1.001296100397699451e+00
1.000104439877983920e+00
1.000324123094322948e+00
1.000408338915999895e+00
1.000655244418351408e+00
1.000012895220771636e+00
9.998654816288874425e-01
1.000197970128632319e+00
1.000236072750539051e+00
1.000377584238987039e+00
1.000029035041081649e+00
1.000319782541394753e+00
9.942648913749927431e-01
9.834566041435439665e-01
9.725302729286949832e-01
9.618569201963462767e-01
9.511134527508929848e-01
9.407157619499442180e-01
9.298944530984893930e-01
