0.000000000000000000e+00
0.000000000000000000e+00
0.000000000000000000e+00
0.000000000000000000e+00
0.000000000000000000e+00
0.000000000000000000e+00
0.000000000000000000e+00
0.000000000000000000e+00
0.000000000000000000e+00
0.000000000000000000e+00
0.000000000000000000e+00
0.000000000000000000e+00
0.000000000000000000e+00
0.000000000000000000e+00
0.000000000000000000e+00
0.000000000000000000e+00
0.000000000000000000e+00
0.000000000000000000e+00
0.000000000000000000e+00
0.000000000000000000e+00
0.000000000000000000e+00
3.085606187580458917e-02
9.575179766099660705e-01
3.308266283293106014e+00
3.408400087258784072e+00
1.969720780773580371e+00
9.258416680957567424e-01
4.326353989121607957e-01
2.252162907606715392e-01
1.410458561559519153e-01
1.843528602880234457e-01
6.498526489982072718e-01
1.397515331402454430e+00
1.709146745364294562e+00
1.483370921494457262e+00
1.113750131482241779e+00
8.498500969288336204e-01
7.222953270321285091e-01
7.010018607313898142e-01
7.399040616953320715e-01
8.156070690919128285e-01
8.997544199239710938e-01
9.856580584385024046e-01
1.056328045817966466e+00
1.115061898531801265e+00
1.161603071997070025e+00
1.188045980753873243e+00
1.202013407303806680e+00
1.190380189728287963e+00
1.163274693581576313e+00
1.130746543299500084e+00
1.094960771474062788e+00
1.062740646457221771e+00
1.031338932752365878e+00
1.006001299849232034e+00
9.876337330373292644e-01
9.664455501048058172e-01
9.531278442760584557e-01
9.478966721259387551e-01
9.400701285435121290e-01
9.355433543722155854e-01
9.368988944050585799e-01
9.397858514845766065e-01
9.466136651717327322e-01
9.554649660255534194e-01
9.698644076854282536e-01
9.752252692360264819e-01
9.848249845714831530e-01
9.932766729167148423e-01
9.964952553127203183e-01
1.007401268047503740e+00
1.009565093840037786e+00
1.011863255687457164e+00
1.015898470676650289e+00
1.016581072121043317e+00
1.018563861616378574e+00
1.014484239118621289e+00
1.014162511836412595e+00
1.013418132221070023e+00
1.010245498322976720e+00
1.008710818515467844e+00
1.006526912635744120e+00
1.003133660610712630e+00
1.002022610035440131e+00
1.001007713230220419e+00
1.001215115182114923e+00
9.981871020677128836e-01
9.984280907529333726e-01
9.989084456900868547e-01
9.976694465680495671e-01
9.977125944095444066e-01
9.966954498714828414e-01
9.976168037042035808e-01
9.967587698829144527e-01
9.969929960824031046e-01
9.972945554983149163e-01
9.971968810754071599e-01
9.974726839829515246e-01
9.984829270202064677e-01
9.992900672060992529e-01
1.000489552460094966e+00
1.000260123248101429e+00
9.999114533583572939e-01
9.994120268944144403e-01
1.000737668776997547e+00
1.000853728742847615e+00
1.001273896466839286e+00
1.000455540412665378e+00
1.001504294793905681e+00
1.002183663937021851e+00
1.001028931790159726e+00
1.000729999422651950e+00
1.001469094450068598e+00
1.000617936857496559e+00
1.002063551057587043e+00
1.000619605229264186e+00
9.999449716940632671e-01
1.001739955004153027e+00
1.000864100167898174e+00
9.992314178049822582e-01
9.994547989518107745e-01
1.000488830997738665e+00
9.999857672872932701e-01
9.998664204168981051e-01
9.993317584794396691e-01
1.000317446131679944e+00
9.989236000970476148e-01
9.993147683384709934e-01
1.000958579231254086e+00
1.001136074757372540e+00
9.996284832895678818e-01
1.000258680841281889e+00
9.998097366625938731e-01
9.995150538587516120e-01
9.998996802320595512e-01
9.996638206389613091e-01
1.000051540901546021e+00
9.995786370575042712e-01
1.000111512359177945e+00
1.000390422068675678e+00
1.001215723965581006e+00
1.000356405851739794e+00
1.000186359915344214e+00
1.000074526873769187e+00
1.001045927074755593e+00
1.000636239404717465e+00
1.000938064661710980e+00
1.000780661284266682e+00
1.001460441555336978e+00
1.000989325786303397e+00
9.997678289058123946e-01
1.000050837003541027e+00
1.000342347105874996e+00
9.999030366217528387e-01
1.000075326185719371e+00
1.001053842592713794e+00
1.000171414817011550e+00
9.998785574314463798e-01
9.999190119872428673e-01
9.991538049559167689e-01
1.000014268116353744e+00
1.000304118095105332e+00
9.999878488738330740e-01
9.997455202634156768e-01
1.000554997800305435e+00
1.000030283866784719e+00
9.990625095683445256e-01
1.000757481197546150e+00
9.995344936503119948e-01
1.000400913104264822e+00
1.000649383793630109e+00
1.001475994699317917e+00
1.000007796026156859e+00
9.998323393827784900e-01
1.000629870055014248e+00
9.997540967458253824e-01
1.000830293410605476e+00
9.998852778466420510e-01
1.000281055701218502e+00
9.992878593940827114e-01
1.000108435874783819e+00
1.000127401554199880e+00
1.000515072559181373e+00
1.000481611896662626e+00
1.000423742802202698e+00
9.997343477863264161e-01
9.999904079055930151e-01
1.000588915817586244e+00
9.997594207517777054e-01
9.999687250755260326e-01
9.998703355234043189e-01
1.000162016246223917e+00
1.000456473496713627e+00
1.000831676318989061e+00
1.000628696557610109e+00
9.996838545813190313e-01
1.000131329583648254e+00
1.000026915066885902e+00
1.000258460545644823e+00
9.993507042040131738e-01
9.996818686449874258e-01
1.000365205144357450e+00
1.000059243077963789e+00
1.000251486017477820e+00
1.000034017129709074e+00
1.000296034816351431e+00
1.000370432583719049e+00
1.000450145955894321e+00
9.995097848547463970e-01
1.000354958001733463e+00
1.000337568125060361e+00
9.999108974699314478e-01
1.000760616610189446e+00
9.998436982824367991e-01
9.994355513171998551e-01
9.999807180950157637e-01
1.000249592991358405e+00
1.000719876946197129e+00
1.000383782207032501e+00
1.000918991634984767e+00
9.998701578482369623e-01
9.997100114457602160e-01
9.995323212135402979e-01
1.000539324827837362e+00
1.000337788962254448e+00
9.999173092203670343e-01
1.000245925334916075e+00
1.000397062882033339e+00
1.000397137762655708e+00
1.000620213330691399e+00
9.997806435611776843e-01
9.999970432453769709e-01
1.000651190474997065e+00
1.000295305179853989e+00
1.000540498613621043e+00
1.000151857699206781e+00
1.000208616646836468e+00
9.999403505339078402e-01
1.000529507388979056e+00
9.995414377143377882e-01
9.998934792579434738e-01
1.000306438395036190e+00
9.997670386472143900e-01
1.000213263538312747e+00
1.000353338678027004e+00
1.000235769180660261e+00
9.999344819937964202e-01
9.998042507574371740e-01
9.999563181793343913e-01
1.000322772107766323e+00
1.000669997382609644e+00
1.000248911972285715e+00
1.000227055900383188e+00
1.000264096783276324e+00
1.000446531880590850e+00
1.000052140703809878e+00
1.000390165481829019e+00
1.000377410978368742e+00
9.998670475424328297e-01
1.000454492031022546e+00
9.998060867424760634e-01
1.000018677685287516e+00
1.000116203416105076e+00
9.996828536657492714e-01
9.999658105187625434e-01
9.999150526948942241e-01
9.998759667734106182e-01
9.996730936629187880e-01
9.998876491191591720e-01
9.998282554802827571e-01
1.000136911984641497e+00
1.000024808110728358e+00
9.999588897071364224e-01
9.935929721536898018e-01
9.834191460526098272e-01
9.724901836654736842e-01
9.613746555658714277e-01
9.509836634100846675e-01
9.402791926374916009e-01
9.297275225446715030e-01
