0.000000000000000000e+00
0.000000000000000000e+00
0.000000000000000000e+00
0.000000000000000000e+00
0.000000000000000000e+00
0.000000000000000000e+00
0.000000000000000000e+00
0.000000000000000000e+00
0.000000000000000000e+00
0.000000000000000000e+00
0.000000000000000000e+00
0.000000000000000000e+00
0.000000000000000000e+00
0.000000000000000000e+00
0.000000000000000000e+00
0.000000000000000000e+00
0.000000000000000000e+00
0.000000000000000000e+00
0.000000000000000000e+00
0.000000000000000000e+00
1.693084617252900336e-05
3.070861215717389514e-02
9.531651316324403211e-01
3.284042012771125396e+00
3.410277405739838397e+00
1.958906799173396163e+00
9.221247880075762460e-01
4.320393477892172651e-01
2.265689169566212358e-01
1.378456063665865483e-01
1.864186863002983696e-01
6.527286281142902213e-01
1.398058008500441041e+00
1.702023319591240424e+00
1.470738551722616139e+00
1.112764295117361302e+00
8.496439362895764624e-01
7.209946386164103327e-01
7.016771383362365722e-01
7.442098654847502104e-01
8.163162789605310499e-01
9.032488831327740719e-01
9.860186475148792207e-01
1.057049999753360003e+00
1.117398280914218889e+00
1.163720340257734964e+00
1.187801733402895188e+00
1.201903051053268445e+00
1.191365264090893605e+00
1.168035167891129378e+00
1.132147562174273148e+00
1.092300907238885399e+00
1.063650554023030992e+00
1.032878167893336974e+00
1.005105605313349582e+00
9.844864795011402103e-01
9.680172300034461941e-01
9.548626227219919604e-01
9.484990958178532994e-01
9.394915765077561653e-01
9.356367244366047276e-01
9.365687639748765392e-01
9.394275052462079945e-01
9.459617307145899989e-01
9.561034732446090922e-01
9.636768571044939113e-01
9.772758147612212731e-01
9.840977220620805710e-01
9.919791817022798330e-01
9.987818403992844152e-01
1.003656664208320892e+00
1.008920942006061194e+00
1.017491331659719389e+00
1.016572818133301359e+00
1.017453548310411460e+00
1.018066088557712634e+00
1.017787154034707653e+00
1.014080405568817067e+00
1.012225439063198396e+00
1.009208880029832001e+00
1.007904578460282030e+00
1.004755068475210456e+00
1.002120932028336853e+00
1.001675685089179479e+00
1.002178668266003214e+00
9.999348917756027966e-01
1.001197718476697140e+00
9.987827112768902227e-01
9.981641154115289405e-01
9.949542023082198483e-01
9.988517873596676200e-01
9.960206895049487086e-01
9.985814662153538190e-01
9.961100402271061416e-01
9.974087101288688917e-01
9.964216587393939228e-01
9.952832587818066790e-01
9.961159952214619917e-01
9.985810652784975483e-01
9.982455177454258033e-01
9.997124717223427881e-01
9.984482258855994496e-01
9.992326826044910515e-01
9.995979351054268269e-01
9.999317971490341295e-01
1.001795954763182506e+00
1.002274682258218252e+00
1.000274539356799774e+00
1.002935082235094866e+00
1.000303070903005409e+00
1.000057690815564504e+00
1.001922957039745432e+00
1.001273373333090966e+00
1.001145109714416170e+00
1.001161143596075442e+00
1.002200154315839864e+00
1.000636781921624197e+00
1.001590993154410691e+00
1.000957666278649683e+00
1.000643223565335971e+00
1.001385907890314675e+00
9.999907085435967291e-01
1.000019294916401513e+00
9.998747729150605501e-01
1.000164599335177984e+00
9.995126324311195409e-01
9.991537791334527130e-01
1.000032390025285656e+00
9.997503504495296456e-01
1.000635888372891857e+00
1.000068603768914599e+00
1.000564984813717917e+00
1.000095446436258140e+00
9.998790326912403437e-01
9.999719196278890054e-01
1.000370997994575850e+00
1.000193512605662027e+00
1.000391887211171893e+00
1.000621991586099657e+00
9.999454872538803274e-01
1.000689043365190711e+00
1.000361343593801244e+00
1.000709659890465231e+00
1.000487008735994277e+00
1.001190314676170701e+00
1.001846057763075004e+00
1.000272160441805003e+00
9.997196440821654040e-01
1.001563877588537599e+00
1.000445164875273907e+00
1.000930992567030664e+00
1.001298566068335782e+00
1.000734440885566068e+00
9.993672449098587318e-01
1.000310333186120948e+00
1.000603866405604059e+00
1.000510409163636982e+00
1.000529997848922381e+00
9.994997828029476006e-01
9.999233285448294595e-01
1.000453792548340992e+00
9.999512374618487742e-01
1.000139850857628021e+00
1.000401061718081186e+00
1.000618576636219670e+00
9.993111161283125821e-01
1.001424773522128664e+00
9.998276672856086789e-01
9.999298262846137986e-01
1.000189106303156050e+00
9.996792570311719972e-01
1.001174749585282076e+00
1.000952691804291694e+00
1.000449828900964455e+00
1.000469750755795584e+00
1.001405088607178806e+00
1.000424527429081278e+00
9.997281492059497676e-01
9.999302190700787296e-01
1.000357515932736252e+00
1.000509971603287029e+00
9.999357725511077710e-01
1.000220864819581834e+00
1.001104635872698490e+00
9.996217020415213428e-01
9.997525215953521061e-01
1.000773039828810607e+00
1.000460528923862391e+00
1.000065655189239289e+00
1.000065110923607836e+00
1.000700133816462056e+00
1.000553831397866578e+00
9.998405181701607303e-01
9.990829552637129352e-01
1.000667964415694389e+00
9.997079090992222472e-01
9.994540416069451760e-01
1.001126663836124031e+00
1.000613134123137682e+00
1.000525539871446989e+00
9.991315898694161923e-01
1.000154392848443097e+00
1.000514254174717621e+00
1.000144428273688435e+00
1.000540749908267690e+00
1.000638331898399125e+00
9.996488755428256656e-01
1.000602668802082373e+00
9.998363507406383688e-01
1.000694534181317819e+00
1.000320486910824647e+00
1.000376329831068611e+00
1.000743150936489467e+00
1.000729327685241588e+00
9.998275864855921125e-01
1.000558595328614686e+00
1.000779194099422176e+00
1.000210588546037505e+00
9.996031401552026852e-01
1.000095474923835548e+00
9.996020312116655759e-01
1.000021289831082516e+00
1.000139786863739388e+00
1.000383243598661043e+00
9.998817605326570934e-01
1.000506789104053995e+00
1.000423741986148363e+00
1.000010747884222395e+00
1.000271050388080729e+00
1.000788540518225522e+00
1.000104667339348552e+00
1.000735632827446153e+00
9.995506839918503195e-01
9.998768307790221188e-01
9.999871381065597031e-01
1.000873059148960742e+00
1.000345447606443283e+00
9.993843279678160663e-01
9.996239525905512568e-01
1.000598551641966871e+00
1.000437085614563459e+00
1.000300593863883813e+00
1.000823576376835167e+00
1.000180444270746927e+00
1.000003726230036527e+00
1.000282110389717039e+00
9.998748014448931576e-01
1.000388364717941014e+00
1.000275277818575059e+00
9.993516100323593943e-01
1.001176429648014787e+00
9.998773413715446035e-01
1.000563630518108038e+00
1.000307431907277333e+00
1.000142141654623895e+00
1.000099120557485621e+00
1.000535294619647741e+00
1.000614806920567368e+00
1.000091131955557211e+00
1.000422948292087444e+00
1.000327461473591972e+00
9.997002623211327377e-01
1.000234360285784163e+00
9.995888315549824599e-01
1.000199147495105301e+00
1.000044619671984325e+00
9.999840830121538016e-01
1.000183623753935658e+00
1.000704670935491869e+00
1.000350735659962575e+00
1.000345721385798470e+00
9.999830668116557186e-01
1.000299743947237419e+00
9.935181565205561949e-01
9.829129170568990936e-01
9.717655452834372820e-01
9.614784750785035916e-01
9.511585528998163230e-01
9.405471604491014714e-01
9.301413517603546177e-01
