0.000000000000000000e+00
0.000000000000000000e+00
0.000000000000000000e+00
0.000000000000000000e+00
0.000000000000000000e+00
0.000000000000000000e+00
0.000000000000000000e+00
0.000000000000000000e+00
0.000000000000000000e+00
0.000000000000000000e+00
0.000000000000000000e+00
0.000000000000000000e+00
0.000000000000000000e+00
0.000000000000000000e+00
0.000000000000000000e+00
0.000000000000000000e+00
0.000000000000000000e+00
0.000000000000000000e+00
0.000000000000000000e+00
0.000000000000000000e+00
0.000000000000000000e+00
2.954709233381351552e-02
9.580663229115518043e-01
3.299977656157856654e+00
3.413646271532891685e+00
1.965670397190767638e+00
9.261592418954054384e-01
4.350875066948052816e-01
2.262082370292620437e-01
1.401261741880177880e-01
1.861064803396015044e-01
6.507085204856305483e-01
1.406217425912156926e+00
1.711493448686137508e+00
1.476448094218711482e+00
1.108275798757128339e+00
8.503434399580472869e-01
7.237415363681640734e-01
6.995703842378709902e-01
7.396135652643165415e-01
8.139395065020704756e-01
9.014220134998387479e-01
9.822971865072251951e-01
1.055417595434996691e+00
1.118934900422404732e+00
1.161528134462462170e+00
1.191061697703389211e+00
1.205008859138578137e+00
1.191960800039157720e+00
1.165497079077954634e+00
1.132203488843836592e+00
1.094950466442149883e+00
1.064573508293703785e+00
1.032743261622127262e+00
1.008015323456384005e+00
9.849419027828884010e-01
9.720317233943031043e-01
9.575782977680866725e-01
9.455220260277975575e-01
9.398479189716592019e-01
9.346259607831682859e-01
9.366403410173427257e-01
9.396383773048210264e-01
9.469937943949081616e-01
9.540041209578142833e-01
9.639988595733856025e-01
9.749942618233409242e-01
9.849307070397438357e-01
9.915966270348351985e-01
1.001305027832489092e+00
1.005751615469040239e+00
1.010175993916484716e+00
1.014986402900519780e+00
1.016614423919696142e+00
1.020034467177468596e+00
1.018330863589716140e+00
1.018819304900622669e+00
1.014565457360491196e+00
1.013600020618385722e+00
1.010403059672408288e+00
1.010212058465574714e+00
1.005878591528087451e+00
1.003344986522839655e+00
1.003727281098037771e+00
9.995866500000741839e-01
9.994886938066045445e-01
9.983397649925255246e-01
9.990812196806398982e-01
9.972706890879864394e-01
9.972816650478243394e-01
9.966281865197078593e-01
9.965101703197227767e-01
9.976377547573517246e-01
9.955375716631515992e-01
9.971226186531996216e-01
9.955641953291528568e-01
9.978487025733733251e-01
9.954970604541407697e-01
9.967790617429902467e-01
9.977741856431902034e-01
9.995180111439087023e-01
9.990929794811802545e-01
9.984711589295638401e-01
9.985142885607672936e-01
9.995612969954446037e-01
1.000426450320408112e+00
9.998773635045639097e-01
1.002104220312488359e+00
1.001718199486522298e+00
1.001133966016836130e+00
1.000960268447157020e+00
1.000798829576883264e+00
1.001872343508090513e+00
1.001536101338875717e+00
1.000378721661093762e+00
1.000421509055003710e+00
1.000396673479546417e+00
1.001187313042817495e+00
1.000749943464313452e+00
9.994336088509042648e-01
9.997560615314105004e-01
9.995199786810893272e-01
9.994622436241200614e-01
1.000058525270804077e+00
1.000280012384721751e+00
9.994473053362520343e-01
9.996153441613668811e-01
1.000107283340568642e+00
1.000194022342308031e+00
9.996467456374170668e-01
9.997315016778548502e-01
1.000915135736480055e+00
1.000252050589571118e+00
9.998054277107094601e-01
9.997633024434214866e-01
1.000237793001001796e+00
9.995360425344125277e-01
1.000701941801929840e+00
1.000512382336803618e+00
1.000334345337222430e+00
1.000518091100111917e+00
1.001234944406422134e+00
1.000664692063623740e+00
1.000809441558582202e+00
9.990981434095237423e-01
1.000015376057911798e+00
9.999602561653155863e-01
1.000448801803583532e+00
1.000081475714380774e+00
1.000254537610481664e+00
1.001120320517344453e+00
9.999564182710463101e-01
9.995598119450229690e-01
1.001546589541241872e+00
1.000542591139730098e+00
1.000715257926867885e+00
9.999303383000208711e-01
9.996748786524554120e-01
1.000170948525064052e+00
1.001166410484896074e+00
1.000384084360328441e+00
9.995778576806796378e-01
9.996743112912341855e-01
1.000010084497275020e+00
1.000350073133989603e+00
9.996469608137419360e-01
1.000173559726604822e+00
1.000578575327884856e+00
1.000681025175472971e+00
9.992245559147902023e-01
9.999565988043780385e-01
9.999205407618448893e-01
1.000038561898854317e+00
1.000267775614722687e+00
1.001264190525296138e+00
1.000083837737385739e+00
1.000885535198376974e+00
1.000586135391852372e+00
1.001150154925875002e+00
1.000194705602291734e+00
1.000323134759799615e+00
1.000576352273602865e+00
9.996057193717678979e-01
1.000077533622722781e+00
9.999415783896914434e-01
9.999284461362640819e-01
1.000162884578095657e+00
1.000167475874876200e+00
1.000181151671629465e+00
9.994124929637113741e-01
9.999971927139610361e-01
1.000481448133287099e+00
1.000383865505954484e+00
9.996005574175318431e-01
9.997057527723068882e-01
9.999070932758528096e-01
1.000549157981403203e+00
1.000061927737072587e+00
1.000402609910268970e+00
1.000353722013863633e+00
1.001241494549657052e+00
9.997535321169803701e-01
1.000566021706997377e+00
1.001060367691749997e+00
1.000133113890490755e+00
9.999325863723231844e-01
1.000981283637715213e+00
1.000243317661547948e+00
9.996182674225075893e-01
1.000151997421497851e+00
1.000098522868283268e+00
9.999642802749179049e-01
1.000014679560797370e+00
1.000661319069916289e+00
9.996450076673213392e-01
1.000109203319869966e+00
9.999043903925809440e-01
9.996178882606580052e-01
9.994078429965439492e-01
9.994641790462307496e-01
9.996790112294531294e-01
1.000495428111543017e+00
1.000751793608001261e+00
9.994676837971796513e-01
1.000317944821819127e+00
9.993809571515231971e-01
1.000177105170293901e+00
9.999614073965227279e-01
1.000718326166104344e+00
9.998861837334538372e-01
1.000432860521235812e+00
1.000266875036117664e+00
9.995307676579218148e-01
1.000673953147634521e+00
1.000495299625391743e+00
9.999066776646516885e-01
1.000620748926501546e+00
1.000534456449837295e+00
9.998291720916990810e-01
1.000009835796667579e+00
9.997205512283797724e-01
1.000017208839215632e+00
9.994427018732034984e-01
1.000136368329713976e+00
1.000466067888947430e+00
1.000364820737557503e+00
1.000581573852196149e+00
9.998491173425038125e-01
1.000218461754423638e+00
9.998508595678929911e-01
1.000080396026706619e+00
1.000292334443702025e+00
9.996081470086792820e-01
1.000031692722480381e+00
1.000213410894312371e+00
1.000097569070511394e+00
1.000211043157409829e+00
1.000615790003597905e+00
9.998753073603566799e-01
9.999815028081832091e-01
1.000408780545325005e+00
1.000116394761829453e+00
9.997402542059339314e-01
9.999332948976693558e-01
1.000171726053773691e+00
1.000195711626617801e+00
1.000741452445382373e+00
9.998691046580370223e-01
9.999234824371630026e-01
1.000060706613259409e+00
1.000168379483957759e+00
9.994219708791394208e-01
9.997379624524412867e-01
9.937098654951634913e-01
9.834576580443158411e-01
9.723375784836278957e-01
9.611727376710529347e-01
9.504771062889459943e-01
9.403019085058941240e-01
9.299021024336396879e-01
