0.000000000000000000e+00
0.000000000000000000e+00
0.000000000000000000e+00
0.000000000000000000e+00
0.000000000000000000e+00
0.000000000000000000e+00
0.000000000000000000e+00
0.000000000000000000e+00
0.000000000000000000e+00
0.000000000000000000e+00
0.000000000000000000e+00
0.000000000000000000e+00
0.000000000000000000e+00
0.000000000000000000e+00
0.000000000000000000e+00
0.000000000000000000e+00
0.000000000000000000e+00
0.000000000000000000e+00
0.000000000000000000e+00
0.000000000000000000e+00
1.692953267737262941e-05
2.984430052578041989e-02
9.564360550477128964e-01
3.292019863150124959e+00
3.406883514271869196e+00
1.966666003865443324e+00
9.219316654653681997e-01
4.283646973164689231e-01
2.237568970281583747e-01
1.396173307922268791e-01
1.854863533230187156e-01
6.502326699804071852e-01
1.399404642888657513e+00
1.699069796773107210e+00
1.477493399917951589e+00
1.117211835405964582e+00
8.478475236373114177e-01
7.242681839577836955e-01
7.007585993798058910e-01
7.394227936579657046e-01
8.144959897832821927e-01
9.001255332933882913e-01
9.847721212185530648e-01
1.055975231935653458e+00
1.119047185129635080e+00
1.162141772732810052e+00
1.192514314032810274e+00
1.200617667181160142e+00
1.189188543089005679e+00
1.166083014755236347e+00
1.132176920318435309e+00
1.092862754677465409e+00
1.059416650076077993e+00
1.032007457398113948e+00
1.008249854469220219e+00
9.848120699726002902e-01
9.696696877670869519e-01
9.540309534332167551e-01
9.462172980025798097e-01
9.405081072089976901e-01
9.366217270735740508e-01
9.356062071449047224e-01
9.388828121457658549e-01
9.451806795747595968e-01
9.545942302225951526e-01
9.665494686809920077e-01
9.738820007018849090e-01
9.867295238255373580e-01
9.938403445605815678e-01
1.000100948465292516e+00
1.007815213122530862e+00
1.010238782915890088e+00
1.013418671859726672e+00
1.015807682196556261e+00
1.019172109499234757e+00
1.016715031936880731e+00
1.016287984022361535e+00
1.014628469784265352e+00
1.010342012899260622e+00
1.012229055258349941e+00
1.007547468096032572e+00
1.003134422595649777e+00
1.001779720539406782e+00
1.000700857155924828e+00
1.002449728782629723e+00
9.988731861260099487e-01
9.981756055981169107e-01
9.990584101505148862e-01
9.975951536331804093e-01
9.980777690692876902e-01
9.980297049787602015e-01
9.975855175024672672e-01
9.973621131627635750e-01
9.969680200839708961e-01
9.961751163002232623e-01
9.994185010861417195e-01
9.964584913700205160e-01
9.969482151495483446e-01
9.972435511803017238e-01
9.986381483953352678e-01
9.982321831504875620e-01
9.983548796628168853e-01
1.000036342717813165e+00
1.000015943218226955e+00
1.001250019796188884e+00
1.000585967534220133e+00
1.000787811724588527e+00
1.001984519247111960e+00
1.000743435635692347e+00
1.000563158637251648e+00
1.000588537959538282e+00
1.003159417491773286e+00
1.001472322451230967e+00
1.001349711160365086e+00
1.000588999526101697e+00
1.001848223957587658e+00
1.000738989246677813e+00
1.000646870333159466e+00
1.000224268769556613e+00
9.999995123839345856e-01
1.000312388728617163e+00
1.000094858637781137e+00
9.996078745658963927e-01
1.000328608359710936e+00
1.000748555144185037e+00
1.000312039740639980e+00
9.993430776253777736e-01
1.001055285796163208e+00
1.000070559838722284e+00
9.990200862675637783e-01
9.996291643004160399e-01
9.994807963677145857e-01
9.999566547255785975e-01
1.000813629138592509e+00
1.000103216939702611e+00
1.000091073898602634e+00
1.000673901620853012e+00
9.991060832219953447e-01
1.001022542090139522e+00
1.001245022144308772e+00
9.995169846956838411e-01
1.000783791058494243e+00
1.001710312865972341e+00
9.996588177305454348e-01
1.000274952475643353e+00
1.001116572721288067e+00
1.000282754227317383e+00
1.000410068089496507e+00
1.000116361160515721e+00
1.000065719824901445e+00
9.999912588621967524e-01
1.000259464049906954e+00
1.000970436663865426e+00
9.998571897148537113e-01
9.998815524725456205e-01
9.999673815370265784e-01
1.000115227359270165e+00
1.000054209331089128e+00
9.996159885779963838e-01
1.000730773251889305e+00
1.000490817136716837e+00
9.996076518425909274e-01
9.997620564045337499e-01
9.999340054826260094e-01
1.000182258011890202e+00
1.000348137564456952e+00
9.991552067147659866e-01
9.995139671672490511e-01
1.000452266384004307e+00
9.997072911661831762e-01
9.996731797843841916e-01
1.000408756532407573e+00
1.000511539093584146e+00
9.998526173622160895e-01
1.000294917783657533e+00
9.999885344799503972e-01
9.998978261944103663e-01
9.992293598236088314e-01
1.000856545556543464e+00
1.000333355289282355e+00
1.000998047948181258e+00
1.000900039155919741e+00
1.000137712662225953e+00
1.000690952035707904e+00
1.000189899139862337e+00
9.990936468076738741e-01
1.000485697182569300e+00
1.000432301600629348e+00
1.001492094937016519e+00
1.000172608742763147e+00
1.000143656095369815e+00
1.000554408164280984e+00
9.998324665608188111e-01
1.000165533031377896e+00
9.997831772037500953e-01
1.000520687689986365e+00
1.000527424117060749e+00
9.998989380648769520e-01
9.991643941431218590e-01
9.996034766805400595e-01
1.000395494057170431e+00
1.000418036014448786e+00
1.000852598418326966e+00
9.997456793157022403e-01
9.999604824458235841e-01
1.000017608878872588e+00
9.999391208341621429e-01
1.000297957017560968e+00
1.000105481805365848e+00
1.000017334524129442e+00
1.000076023157800309e+00
1.000111323669548025e+00
1.000062428183180474e+00
1.000775021270411402e+00
9.996361886752578307e-01
9.998708105871132457e-01
9.995434887055931750e-01
1.000619315660534525e+00
9.996579483064770288e-01
9.999388701016274084e-01
9.998341787478670639e-01
1.000550849544056042e+00
1.000137372101741029e+00
1.000611488495498413e+00
1.000159566119670052e+00
9.999267815622401301e-01
1.000072735528229950e+00
1.000921867169590751e+00
1.000065608830594588e+00
9.999468782515328336e-01
1.000289861001332659e+00
1.000138954581580641e+00
9.999463893772149170e-01
1.000408248843599246e+00
1.000134724519845975e+00
1.000127820903817577e+00
1.000743666030831980e+00
9.999701285886671842e-01
1.000240963497531999e+00
1.000342776943733858e+00
1.000309521865051732e+00
9.998419458635826595e-01
1.000706241796824436e+00
9.996791927003456646e-01
1.000298611417902883e+00
9.999269287104468606e-01
1.000062374527161291e+00
9.998939425580055662e-01
1.000469170755835746e+00
1.000458367093292278e+00
1.000067929326589722e+00
1.000372521210703747e+00
9.996744673768942491e-01
9.996676298191647936e-01
1.000217044402891942e+00
1.000806168952735664e+00
1.000347458848361404e+00
9.998566582001403580e-01
9.996820351441638719e-01
1.000085591536443719e+00
9.999773167898162729e-01
1.000327521904860850e+00
1.000239482412157210e+00
1.000435221326321233e+00
1.000238931669921838e+00
1.000032452242847425e+00
9.999632143252863425e-01
9.998313574969392992e-01
1.000390632033654637e+00
1.000481719856342488e+00
1.000135266727334438e+00
9.994561033709588038e-01
9.999195068894675131e-01
9.937689020052467015e-01
9.834457029246240767e-01
9.719604517946395239e-01
9.615705866594903561e-01
9.513385160089866677e-01
9.404197873163546717e-01
9.294965943585189461e-01
