0.000000000000000000e+00
0.000000000000000000e+00
0.000000000000000000e+00
0.000000000000000000e+00
0.000000000000000000e+00
0.000000000000000000e+00
0.000000000000000000e+00
0.000000000000000000e+00
0.000000000000000000e+00
0.000000000000000000e+00
0.000000000000000000e+00
0.000000000000000000e+00
0.000000000000000000e+00
0.000000000000000000e+00
0.000000000000000000e+00
0.000000000000000000e+00
0.000000000000000000e+00
0.000000000000000000e+00
0.000000000000000000e+00
0.000000000000000000e+00
1.693155948578675481e-05
3.160272526190888165e-02
9.586870350682173969e-01
3.293741155328223424e+00
3.409140753596459295e+00
1.958923669071416240e+00
9.192351371844849073e-01
4.357932161924485404e-01
2.262017370670538485e-01
1.393314890313139820e-01
1.849118724750411225e-01
6.526485499664149703e-01
1.398063011177293147e+00
1.701568710967342968e+00
1.479362318078829119e+00
1.114392291765861076e+00
8.451980627814108527e-01
7.244409238496757331e-01
7.022972416514402516e-01
7.412263062165913574e-01
8.156564806727170103e-01
9.007043589718475296e-01
9.846181604955992483e-01
1.059509039713833811e+00
1.115655651414569460e+00
1.163078419016748688e+00
1.186726150300640548e+00
1.196812362471086022e+00
1.192368478514117758e+00
1.165229292707595343e+00
1.128014977911277361e+00
1.094383520978480906e+00
1.059076138703543446e+00
1.031255797652866901e+00
1.006542419519067755e+00
9.839295551570439446e-01
9.683143913150686899e-01
9.542527955343734769e-01
9.426477038292867539e-01
9.382305367440751942e-01
9.341809533501804763e-01
9.362093199536641874e-01
9.400136504247127434e-01
9.454456232566352814e-01
9.534169692943178509e-01
9.675991009778123209e-01
9.751074077187905642e-01
9.842594554846090249e-01
9.921832625049213927e-01
9.982404630341029650e-01
1.006057248305402663e+00
1.010821907460237812e+00
1.014650251094378008e+00
1.016219117476458544e+00
1.018455535465516260e+00
1.019577223426771040e+00
1.015973081995616978e+00
1.014361294492024612e+00
1.010930707148308905e+00
1.007750398075596632e+00
1.006871874948230383e+00
1.003432378100824085e+00
1.001257637744658702e+00
1.001872017533100623e+00
9.999124921290610812e-01
9.998368303199909324e-01
9.960712945500145299e-01
9.982512623200937574e-01
9.974365371851967588e-01
9.965358301299246380e-01
9.964738752707541503e-01
9.981784263641356736e-01
9.964542820520336797e-01
9.952776927627622339e-01
9.952017802211982067e-01
9.967734312450937662e-01
9.961467538049851855e-01
9.960142221271021112e-01
9.978162595761906895e-01
9.989295118528711548e-01
9.992500825361447792e-01
9.994366937408132312e-01
9.990695316983998486e-01
1.000867795587025988e+00
9.988770960377914010e-01
9.995535326640604401e-01
9.998861159364299533e-01
9.995136213013483539e-01
1.000565204505062811e+00
9.998887723684432016e-01
1.001876960365344349e+00
1.001940553659416144e+00
1.000436090788784371e+00
9.998194124079227141e-01
1.001163695707046442e+00
1.000861712782318946e+00
9.991441142660697494e-01
1.000451709329613692e+00
1.000806233367033338e+00
1.000343001023396461e+00
1.000144928297649782e+00
1.000054533571752113e+00
9.997303934598892328e-01
1.000089077899383394e+00
9.989803612566398039e-01
9.995366686035213055e-01
9.999310318688631183e-01
1.000002724426687584e+00
9.991282921565941555e-01
9.985582964122288185e-01
9.998951035931628040e-01
9.990921731668209738e-01
1.000724969836891409e+00
9.994331837347741887e-01
9.995860205064094339e-01
9.995254865263808464e-01
9.995515524654410289e-01
1.000409566800644967e+00
1.000107628980923202e+00
1.000302129210373758e+00
9.997747285194139577e-01
1.000209059734811667e+00
1.000623896742012908e+00
9.998023441967993641e-01
9.999393404895393633e-01
1.000170085268275111e+00
9.999206942976845980e-01
1.000090517336543527e+00
1.000492341167141808e+00
1.001145816957176971e+00
1.001438189500277298e+00
1.000665102699637377e+00
1.000626959125345605e+00
1.001014721540802732e+00
9.991923822883861384e-01
1.000017342670345144e+00
1.001278131413646522e+00
1.000207216323714565e+00
1.000513293173437734e+00
1.000226182040748757e+00
9.991783940758421911e-01
9.995892565685755571e-01
1.000011654354465929e+00
9.998599037919215782e-01
1.001282468407399096e+00
1.000363187026611200e+00
1.000342527551240313e+00
9.997952136167549408e-01
1.000679324444907259e+00
9.999438972980353446e-01
9.999314271083572514e-01
1.000232354614104313e+00
9.996607583110350692e-01
1.000221510361938293e+00
1.000241251988998270e+00
9.999104611978667512e-01
1.000259010924807512e+00
1.000636096982779444e+00
1.000113289813176820e+00
1.001051485420776821e+00
9.997978453692364376e-01
1.000284247150863726e+00
1.000605320545318921e+00
9.999431326656886831e-01
9.995164209520095433e-01
1.000563201873595487e+00
1.000242083880177324e+00
9.994969784886702513e-01
1.001295730263370487e+00
9.999954681656274547e-01
9.996666307137894725e-01
9.993848120184171124e-01
9.999435242556217185e-01
1.001235274298027500e+00
1.000052996698248764e+00
1.000720166962692392e+00
1.000224569290534937e+00
9.996626766275835685e-01
9.998231688271115303e-01
9.998792550339015150e-01
1.001326262762722186e+00
1.000136758836668083e+00
1.000319329210059394e+00
1.000464282334464050e+00
9.997817058615952046e-01
9.999608848021090957e-01
9.997894612616072818e-01
1.000870119169601447e+00
1.000511381529886279e+00
9.997887547024980615e-01
1.000486947316649999e+00
1.000496117305121668e+00
1.000059696252480812e+00
1.001063770062743608e+00
1.000480852646925989e+00
1.000439226216295774e+00
1.000122153995806062e+00
1.001161252677740032e+00
1.000087989162206537e+00
9.996918097652314206e-01
1.000099670675228092e+00
1.000293484184201498e+00
1.000544911025711636e+00
9.999040790912897547e-01
1.000626252027946750e+00
9.997753948932959212e-01
1.000716427564752875e+00
1.000533469037940382e+00
9.998692413748005992e-01
1.000749091290721315e+00
9.999782914886972129e-01
1.000583778451656025e+00
9.997552608815447606e-01
1.000059408803849026e+00
1.000361750862605259e+00
1.000295806359465134e+00
1.000654672487143682e+00
1.000740892717487451e+00
1.000834777738534020e+00
1.000544426789851116e+00
1.000186144502217100e+00
1.000244627814407705e+00
1.000580733699396596e+00
1.000116475742540700e+00
1.000072762863500886e+00
1.000056677294476781e+00
9.994685656927031481e-01
9.999992435426490189e-01
1.001111486478754475e+00
1.000431689260970369e+00
1.000318199685372722e+00
1.000344777628842330e+00
1.000061940752676737e+00
1.000042583514446637e+00
1.000360744288708137e+00
9.999648604458879486e-01
1.000312534538083220e+00
9.998169708936470723e-01
1.000016431023035057e+00
9.994182819208156099e-01
9.999353160515854766e-01
9.999971565480862967e-01
1.001181575926888945e+00
1.000437834818571625e+00
1.000891428149479623e+00
9.998024413973529700e-01
1.000186142888760621e+00
1.000507727849837769e+00
1.000052045748042850e+00
1.000010630357348829e+00
1.000049482651521826e+00
1.000040065728815319e+00
9.996675410392844574e-01
9.943020326382797647e-01
9.829405383321256906e-01
9.725874668314288263e-01
9.619289486602160544e-01
9.506222971734445970e-01
9.401873677449363864e-01
9.300154631679987682e-01
