0.000000000000000000e+00
0.000000000000000000e+00
0.000000000000000000e+00
0.000000000000000000e+00
0.000000000000000000e+00
0.000000000000000000e+00
0.000000000000000000e+00
0.000000000000000000e+00
0.000000000000000000e+00
0.000000000000000000e+00
0.000000000000000000e+00
0.000000000000000000e+00
0.000000000000000000e+00
0.000000000000000000e+00
0.000000000000000000e+00
0.000000000000000000e+00
0.000000000000000000e+00
0.000000000000000000e+00
0.000000000000000000e+00
0.000000000000000000e+00
1.692993852561763460e-05
2.995275971711904711e-02
9.525659112517685934e-01
3.301104640904691134e+00
3.414184137025819243e+00
1.964404300696490635e+00
9.247705324741147814e-01
4.322325898261979993e-01
2.240250676617143166e-01
1.379526865783688439e-01
1.843204868613143310e-01
6.479606461388986993e-01
1.406767737360027803e+00
1.702959245797219134e+00
1.481863116136036940e+00
1.110909118116413241e+00
8.531662885585965528e-01
7.246144545872426068e-01
7.003097319411317745e-01
7.421176525691908221e-01
8.146716934388749110e-01
8.975978339834017605e-01
9.800642782076013360e-01
1.054436157072836666e+00
1.117133551907884437e+00
1.165964337454248989e+00
1.189393424454263215e+00
1.198199034020854148e+00
1.189918891617807617e+00
1.163296815271156026e+00
1.131991998298238045e+00
1.096049530834239727e+00
1.062070288666790985e+00
1.031460380795195197e+00
1.007608002662320867e+00
9.817838909947047554e-01
9.703483061072277760e-01
9.573941920678652462e-01
9.442812368941765344e-01
9.402351776944836148e-01
9.358451370617042464e-01
9.337697776319981990e-01
9.378487263597513612e-01
9.463557454132129898e-01
9.542168593537145860e-01
9.634676222923215239e-01
9.755772588813925728e-01
9.840074815819169762e-01
9.920109301298818405e-01
9.982745401670022334e-01
1.005090435389429215e+00
1.010551139070793969e+00
1.014643819580078654e+00
1.016482754890745133e+00
1.018491373514858855e+00
1.014016675127922706e+00
1.016956807378422534e+00
1.015802035338902787e+00
1.013515353291621901e+00
1.010850419421742030e+00
1.009173786528537731e+00
1.004002688837775104e+00
1.002233448336040889e+00
1.001158617242452475e+00
1.002300347975673134e+00
1.000006860778919204e+00
9.981129873530655283e-01
9.981463991639846212e-01
9.991845336563884850e-01
9.971946601148502509e-01
9.972169225390824510e-01
9.965741710914038931e-01
9.963538953414867727e-01
9.952402024948346915e-01
9.972811320784227274e-01
9.971282132682880439e-01
9.973359585638762459e-01
9.973576316708743228e-01
9.977610725988128593e-01
9.977650440580535518e-01
9.991783731002700231e-01
9.980520937466673681e-01
1.000046769856678841e+00
1.000108339436161842e+00
1.000649091765754894e+00
1.001418736546690003e+00
1.001446735558582768e+00
1.001757915096096241e+00
1.001168200855936830e+00
1.000514144899540492e+00
1.001317133553110583e+00
1.000284280442159224e+00
1.001538500443690083e+00
1.001472596143515803e+00
1.000607558497253358e+00
9.995747310982394662e-01
1.001530056866347440e+00
1.001163611039946666e+00
1.000799611480761797e+00
9.997010702356960987e-01
9.993341423819894764e-01
9.993475499464662404e-01
9.996356316764537508e-01
9.996779348502863316e-01
1.000522335877409130e+00
1.000660874118954879e+00
1.000111460366993610e+00
1.000244056001707182e+00
9.997825165544381720e-01
1.001700364497670526e+00
1.000091040712277168e+00
9.997335642967141167e-01
1.000959918749842803e+00
9.998150486569781226e-01
1.000152367972413581e+00
1.000766581799568344e+00
1.000301066952130835e+00
1.000780519278937852e+00
9.995570640197222190e-01
1.000334717271719853e+00
9.998030230539206586e-01
9.996057725113335346e-01
9.993625267327562733e-01
9.995490444115349149e-01
1.000948174100845467e+00
1.001383938385652650e+00
1.000480143733734506e+00
1.000472974089867240e+00
1.000806382950748086e+00
1.001749164998860797e+00
9.995914064549102918e-01
1.000269181074230573e+00
9.996171694011574127e-01
1.000285559411550507e+00
1.001160606522167873e+00
9.999642781595285967e-01
9.996929199969573077e-01
1.000676022578221636e+00
9.999699530995109775e-01
9.996658063456879129e-01
1.000316732525763364e+00
1.000838644750070783e+00
1.000447080119019283e+00
1.000116633465936378e+00
9.994530719905579952e-01
1.000612440761536215e+00
9.994540808846499313e-01
1.001218295462816377e+00
9.997225794543281863e-01
9.999549210544959044e-01
9.998604217549721396e-01
1.000305233208203415e+00
9.998692531542812123e-01
1.000435201858355772e+00
1.000221445098282036e+00
9.995901594434793980e-01
9.995389430202237246e-01
9.992122064876384213e-01
9.995905118255145050e-01
1.000191911131405931e+00
1.000920260649267535e+00
1.000791180955626691e+00
1.000172371739731725e+00
1.000781723959626834e+00
9.996120142814689524e-01
9.997138157287640547e-01
9.997052224475844184e-01
1.000623278268815586e+00
1.000464662791895387e+00
1.000374142672320499e+00
1.000616093066708734e+00
1.000140814501794484e+00
1.000340754724878378e+00
9.998517766114788374e-01
9.996711421614732362e-01
1.000463308240524540e+00
1.000204374390745166e+00
1.000482079341453945e+00
1.000888191393945359e+00
9.995403653761218976e-01
9.996963542598223951e-01
1.000251854983746247e+00
1.000369509312853067e+00
1.000062458171637081e+00
9.999757760503265036e-01
1.000542729712590173e+00
1.000579886277184194e+00
1.000504237382811246e+00
1.000204756977715492e+00
1.000402385339457911e+00
1.000542770605664877e+00
9.997127709041793153e-01
9.998451311380058826e-01
9.998491914314920903e-01
1.000009233092106209e+00
9.998773116612078571e-01
1.000061628814442827e+00
1.000777335035863524e+00
9.995586446954143334e-01
1.000086022925792850e+00
1.000325045516131883e+00
1.000917865590364109e+00
9.998267131417342135e-01
1.000188008582776122e+00
1.000343797770120169e+00
9.998371177811364863e-01
9.997054052634345434e-01
1.000430394727719330e+00
1.000955730320627346e+00
9.999911160718569780e-01
1.000246201610952568e+00
9.998235341804179166e-01
1.000015778231767571e+00
9.996617759221122501e-01
1.000297297068118985e+00
9.998886291780642033e-01
9.993981631881548866e-01
1.000252476148850045e+00
9.999929655901466097e-01
1.000523820004348696e+00
1.000679591370343458e+00
9.996808176482959718e-01
1.000016750237928687e+00
1.000160910976064077e+00
9.999998754471998152e-01
1.000228250053117884e+00
1.000103213466419172e+00
1.000116913958752241e+00
1.001069690684401214e+00
1.000232798756167441e+00
1.000032479398616170e+00
1.000044811629126063e+00
1.001166292445131223e+00
1.000114277746561475e+00
1.000126978929783750e+00
1.000244013617211492e+00
9.999903859374695836e-01
1.000117597506476663e+00
9.998886385530960652e-01
9.997846144919931843e-01
9.998720945704746565e-01
1.000427990435389214e+00
9.993320347301459794e-01
1.000206255765470287e+00
1.000141662469541393e+00
1.000151725541549963e+00
1.000044599062718476e+00
1.000085749962645876e+00
9.998698349856294243e-01
1.000397829776008551e+00
1.000079493255180418e+00
1.000852577870106508e+00
9.996543491769811496e-01
9.937355501135367586e-01
9.835656094555577100e-01
9.724857294949986741e-01
9.616394337764498923e-01
9.508640596953311652e-01
9.407390460305016244e-01
9.300117813508048670e-01
