0.000000000000000000e+00
0.000000000000000000e+00
0.000000000000000000e+00
0.000000000000000000e+00
0.000000000000000000e+00
0.000000000000000000e+00
0.000000000000000000e+00
0.000000000000000000e+00
0.000000000000000000e+00
0.000000000000000000e+00
0.000000000000000000e+00
0.000000000000000000e+00
0.000000000000000000e+00
0.000000000000000000e+00
0.000000000000000000e+00
0.000000000000000000e+00
0.000000000000000000e+00
0.000000000000000000e+00
0.000000000000000000e+00
0.000000000000000000e+00
0.000000000000000000e+00
0.000000000000000000e+00
0.000000000000000000e+00
0.000000000000000000e+00
0.000000000000000000e+00
0.000000000000000000e+00
0.000000000000000000e+00
0.000000000000000000e+00
0.000000000000000000e+00
0.000000000000000000e+00
3.670739689137615474e-04
4.129674627766099365e-03
5.592903009537000814e-02
2.498120968763442862e-01
5.689135636722385536e-01
9.456538034545654003e-01
1.264417189198543179e+00
1.417160966599374294e+00
1.519591800760937028e+00
1.564879224044839034e+00
1.512084644846950932e+00
1.513457482634032791e+00
1.489963400569312091e+00
1.457440521383931875e+00
1.421647267973842332e+00
1.376176503028372133e+00
1.318572418836539528e+00
1.306018650645502710e+00
1.282915823047318327e+00
1.271465780051024508e+00
1.220807466798018215e+00
1.204502921819076366e+00
1.151869458093428555e+00
1.113507706192514934e+00
1.040484367355702489e+00
1.009980132490097660e+00
9.850295230416985515e-01
9.981652700989129823e-01
9.757080653643867008e-01
9.723184962020677835e-01
9.977269706553553164e-01
9.947082469572972041e-01
1.011215238007123762e+00
1.011376388106130397e+00
1.018757494084984394e+00
1.013120960022467321e+00
1.016472365719290893e+00
1.036720439110418113e+00
1.022975097988322091e+00
1.028533306909318989e+00
1.018594568124746358e+00
1.025906236075236455e+00
1.037627278574612122e+00
1.019825637952465724e+00
1.024257335065527741e+00
1.023065631746013171e+00
1.021002267832129551e+00
1.013871217667657421e+00
1.021122979326718694e+00
1.019100233023663815e+00
1.017547300176152358e+00
1.016791522860039487e+00
1.013966901671918830e+00
1.009270833952902180e+00
9.986290079051335367e-01
9.989971373485569961e-01
1.007022945599236108e+00
1.004922402641781787e+00
1.007280871519739218e+00
9.940211550001409879e-01
9.949412420333124674e-01
9.978272815141460139e-01
9.914562364270824713e-01
9.936046701473147946e-01
1.004924268970004864e+00
9.979182549010831016e-01
9.957159895269521721e-01
1.012684602463198802e+00
1.000674511457210203e+00
1.012051147839197585e+00
1.008375657913441525e+00
1.003852279294817684e+00
1.001945453888797966e+00
1.010699732123199635e+00
1.008679792761869809e+00
9.927782349222847857e-01
1.009358849302525396e+00
1.005088443493302286e+00
1.002195687492965392e+00
1.006474738497877830e+00
9.994439323813466558e-01
9.921177442516316836e-01
1.002134847650205662e+00
9.975965463418162704e-01
1.000278581205621631e+00
1.003768138468857485e+00
9.953915163874398342e-01
9.989520804501857976e-01
9.957579140971950515e-01
1.002359001680488637e+00
1.000490728989634759e+00
9.955637174644454968e-01
9.953288005478131417e-01
9.983742096806205168e-01
9.934164950425845575e-01
9.947988965892933244e-01
9.922149535671423992e-01
9.890641863247964238e-01
1.000926445606162840e+00
9.940194246485071217e-01
9.997586339856407989e-01
9.990078721205336576e-01
9.943921609726649180e-01
9.968152006327525294e-01
9.969044709920196201e-01
1.005754704934862298e+00
9.985870675686437936e-01
1.004544063095455186e+00
1.003656252133158677e+00
1.002006172108398374e+00
9.999898222617673582e-01
9.961051879669713394e-01
9.950896924291365853e-01
9.975711973991260306e-01
9.937066848758002724e-01
1.000839096856513066e+00
1.001320172312832657e+00
1.000409117747883103e+00
1.001259048696888865e+00
9.975657494041032525e-01
9.964751340653477119e-01
1.003331040577831290e+00
9.984976910276851525e-01
9.924872615896132011e-01
9.966057538376440483e-01
1.003375296853447063e+00
9.903844721115051541e-01
1.001072537562018860e+00
9.908186841157627933e-01
9.944748284902292790e-01
1.002722425204268131e+00
1.000254844936819820e+00
9.951336328165371059e-01
9.945720086947296146e-01
9.945814498078405785e-01
9.944557015878472406e-01
9.952713397883072854e-01
9.973721021600218117e-01
9.931225639735137278e-01
9.910788008873722132e-01
9.998808741063480721e-01
9.904140955933979917e-01
9.956627840415699371e-01
9.952455337827879056e-01
9.958714968403952206e-01
9.998224949374442394e-01
9.825178474124692807e-01
1.000722402546333045e+00
9.973225466744619627e-01
9.915407661061951261e-01
9.922613727383027271e-01
9.972080970143978318e-01
9.923592273492792826e-01
9.960452998675654035e-01
9.951290179484066911e-01
9.941249267164062875e-01
9.956280158571624295e-01
9.993933067125583269e-01
9.965546679615027159e-01
9.989695548968742234e-01
9.985217439580534871e-01
9.954586064234016707e-01
9.957319393334227442e-01
9.926994862981921575e-01
9.952283093031984995e-01
9.937846949894604265e-01
9.934509199520905609e-01
9.925476316663018883e-01
1.001535821503949153e+00
9.968317894017464376e-01
9.960962240182086314e-01
9.935850708556158706e-01
9.952471485352546443e-01
9.920375146113580289e-01
9.939956011436787975e-01
9.920598811576651910e-01
9.932863121743049639e-01
9.944192817235363302e-01
9.943379531892747591e-01
9.973096114802419976e-01
9.922726401553253472e-01
9.955846259670374510e-01
9.961132919929661655e-01
9.918384891042326679e-01
9.943616059183677525e-01
9.952436858486857219e-01
9.900198868169086674e-01
9.981182549831545403e-01
9.918213673900289074e-01
9.983700718640451388e-01
9.968857320537324318e-01
9.984083204696485581e-01
9.980008297665504680e-01
9.962685350413692520e-01
9.915867486273172160e-01
9.967201435482041516e-01
9.997607174509602901e-01
9.953655818369301356e-01
9.976607335278674382e-01
9.957934127193519558e-01
9.918318972617735652e-01
9.979186224071815436e-01
9.930043679572245763e-01
9.962988642667376382e-01
9.915769493855919325e-01
9.931552341016651742e-01
9.956605341662190245e-01
9.964175260844491122e-01
9.908050063084886672e-01
9.952116778947480702e-01
9.934709490467990012e-01
9.936337279550305768e-01
9.917507423571634284e-01
9.923705422975943602e-01
9.904734873562798247e-01
9.925803207596344269e-01
9.914112558184972057e-01
9.991652880945227633e-01
9.934570503259053664e-01
9.967665707062819402e-01
9.949249789393633803e-01
9.974165213552521614e-01
9.925260458820274190e-01
9.977944143376521469e-01
9.923254205774511005e-01
9.913108350032558969e-01
9.917611938593858811e-01
9.944923292100423806e-01
9.934413175495788728e-01
1.000272909467945448e+00
9.955419167474834907e-01
9.948041486829805047e-01
9.977458965940251279e-01
9.956172475060235394e-01
9.987933560123288812e-01
1.000803408633032410e+00
1.000389507548468115e+00
9.998488170474694181e-01
1.001060050296531001e+00
9.979987915522664510e-01
9.940452492588257583e-01
9.955617819588666872e-01
9.973834402877892469e-01
9.971476844686163465e-01
9.970157855712735717e-01
9.991496853962674729e-01
9.955225207103401974e-01
9.976069001685557991e-01
1.001035856123312584e+00
1.000831905613259742e+00
