0.000000000000000000e+00
0.000000000000000000e+00
0.000000000000000000e+00
0.000000000000000000e+00
0.000000000000000000e+00
0.000000000000000000e+00
0.000000000000000000e+00
0.000000000000000000e+00
0.000000000000000000e+00
0.000000000000000000e+00
0.000000000000000000e+00
0.000000000000000000e+00
0.000000000000000000e+00
0.000000000000000000e+00
0.000000000000000000e+00
0.000000000000000000e+00
0.000000000000000000e+00
0.000000000000000000e+00
0.000000000000000000e+00
0.000000000000000000e+00
0.000000000000000000e+00
0.000000000000000000e+00
0.000000000000000000e+00
0.000000000000000000e+00
0.000000000000000000e+00
0.000000000000000000e+00
0.000000000000000000e+00
0.000000000000000000e+00
0.000000000000000000e+00
0.000000000000000000e+00
0.000000000000000000e+00
6.195571815522809417e-03
4.688495332820837719e-02
2.392032932997028571e-01
6.063136865480653892e-01
1.001643115014008378e+00
1.287962467533048772e+00
1.439504831402218521e+00
1.544045924749912979e+00
1.585504828815293532e+00
1.589386874972295027e+00
1.572416821823975353e+00
1.515745482307194747e+00
1.515268277356410120e+00
1.459317759181949059e+00
1.386805583106899942e+00
1.355444466769238465e+00
1.333338798876413822e+00
1.300704568568016084e+00
1.294265009917955789e+00
1.276060517760663648e+00
1.250939960634232850e+00
1.189861561016242630e+00
1.107612443425071813e+00
1.056301076510538950e+00
1.030001169014317597e+00
9.993212298767818469e-01
1.003294677819284164e+00
9.939393744739174474e-01
1.007988274258493133e+00
9.979909943842806275e-01
1.028019984157014566e+00
1.029138045339146101e+00
1.017563502257536445e+00
1.030097278521129534e+00
1.037416567687426738e+00
1.025914501004915991e+00
1.038472058368178130e+00
1.037198788543041816e+00
1.039386707521273490e+00
1.038628828060504494e+00
1.052271639366236800e+00
1.039559291022449150e+00
1.053951661163236686e+00
1.044001849760360479e+00
1.037741130566889991e+00
1.047498661525558594e+00
1.038212982442522359e+00
1.048512343706831995e+00
1.043268975723074643e+00
1.048555055075414577e+00
1.029409528180162958e+00
1.034665078234381586e+00
1.030067401470375676e+00
1.025013585301078667e+00
1.022436041986124033e+00
1.025363470684166778e+00
1.009243201853027072e+00
1.008674265814044846e+00
1.007366950998294319e+00
1.007038467287784567e+00
1.010930411375714488e+00
1.011904684435991797e+00
1.003815565290202549e+00
1.005057963231958285e+00
9.996244614863690758e-01
9.914116155770160699e-01
1.015337020025786963e+00
1.013343095840148589e+00
1.006014343543805589e+00
1.013248706138105248e+00
1.011384139507263358e+00
1.004230027455623731e+00
1.013487207429434545e+00
1.011041794367251390e+00
1.017098982126307671e+00
1.005616768943180528e+00
1.009871156955968630e+00
1.007850761468138900e+00
1.013198781644859103e+00
1.010132781786129641e+00
1.008084750930986484e+00
1.006624271110737379e+00
1.010812022418577927e+00
1.004123158402931981e+00
1.007498772242968466e+00
1.005728838309200235e+00
1.013669732137965074e+00
1.010789984126285068e+00
1.007314140103309441e+00
1.001579302836856478e+00
1.003554442795042023e+00
1.005809846037499566e+00
9.926106407429059475e-01
1.002885502487947056e+00
1.010929901109938411e+00
9.997912136728448473e-01
1.005831995207808083e+00
1.003290325581821740e+00
9.968982969586286380e-01
9.954171019206274895e-01
1.006882113054067496e+00
1.014348099891011046e+00
1.003367597947077083e+00
1.003475624166620284e+00
1.014223782243752758e+00
1.011095058880733699e+00
1.006775449932757249e+00
1.001139278812462230e+00
1.006863885828682248e+00
1.009746573466453690e+00
1.008387460605010499e+00
1.004914830495514444e+00
1.005769860506767532e+00
1.005883446848392149e+00
1.012449258922172302e+00
1.007523044435479909e+00
1.002464204669984538e+00
1.011405015805153296e+00
1.000288539098662888e+00
1.005075166023621902e+00
1.008234949208793640e+00
1.002090541837492799e+00
1.011182962777116501e+00
1.011271245644677963e+00
1.005976561212579945e+00
1.003509361445937831e+00
1.003859938928988171e+00
9.975822013093619267e-01
1.001277380633877501e+00
1.000242164083728680e+00
1.008178486697865583e+00
1.009596808644331656e+00
1.015134304049035041e+00
1.008257321779948201e+00
1.012657583886555024e+00
1.004830031206076058e+00
1.002801946750127016e+00
1.000594692030796873e+00
1.000236053325348040e+00
1.011084658718960139e+00
1.007387277628745803e+00
1.007656047976292157e+00
1.005990864100593019e+00
1.005284648343924170e+00
1.003287138003669199e+00
1.004603337396033469e+00
1.006411684626915548e+00
1.003185430191601890e+00
9.996821788131271536e-01
1.006405802561706864e+00
1.009841545577094823e+00
1.004527478866750423e+00
1.000070300220513575e+00
1.009025750163220270e+00
1.011060162500819981e+00
1.007002890425971131e+00
1.005140969746041613e+00
1.002954168966986526e+00
1.002041471724159027e+00
1.005440894347350955e+00
1.000239270063178809e+00
1.009967917537148097e+00
9.996745595296661069e-01
9.963646650243052072e-01
1.003382836471008677e+00
9.937978156100994998e-01
1.002472214180737620e+00
9.979710546764312129e-01
1.004974863559163101e+00
1.001406999021117183e+00
9.997446397293811016e-01
9.985576310948487411e-01
1.000488016510494571e+00
1.004203295254354700e+00
9.997110355588816333e-01
1.001666379864813994e+00
1.001586202403334847e+00
1.001170769655706616e+00
9.981183833603288758e-01
1.002070146621992119e+00
9.981525574050751359e-01
9.960341159705190517e-01
9.990368550968453665e-01
1.004724261350188552e+00
1.003585158865283322e+00
1.002249294384006228e+00
9.979352437353962157e-01
1.002164380341551198e+00
9.967756833074259415e-01
1.002022998327475545e+00
9.966646664058679272e-01
9.984751562360650867e-01
9.964936971243328889e-01
9.988315239061591466e-01
9.980930167935970765e-01
1.004851873782600657e+00
1.001884488859033251e+00
9.995126596576466849e-01
9.960091858267339227e-01
9.979417278921414169e-01
9.965215353493404038e-01
9.992401122194526364e-01
9.977285106606677001e-01
9.979019715196920659e-01
9.957824545206517275e-01
9.970094753563396583e-01
9.950681214018961551e-01
9.978859058427296258e-01
9.934824303996984129e-01
9.992745054907277158e-01
9.956543635556178717e-01
9.971420112656643742e-01
9.958584429513056557e-01
9.978877727573389755e-01
9.992050067480121589e-01
9.911817771973258084e-01
9.970222429813778708e-01
1.000784299250111919e+00
9.976558964867850987e-01
9.930866865061310778e-01
9.977869764088446169e-01
9.930387309141984753e-01
9.951321970398457895e-01
9.965926345623185023e-01
9.973248114587095481e-01
1.002370949244433262e+00
9.976862613095052179e-01
9.981298234760127563e-01
9.952248232400752181e-01
1.000549228121526246e+00
9.953090135596875943e-01
9.956761055598976062e-01
9.980258851954333377e-01
9.962448690573907362e-01
9.980770472343301059e-01
9.976174514839027951e-01
9.985640346662614242e-01
9.950058517941318126e-01
9.982824130994886191e-01
9.969834570151361319e-01
9.989942342071349568e-01
9.939340986875302431e-01
1.000761181515533504e+00
9.995707075231200500e-01
9.975340964987312598e-01
9.976094602390670474e-01
1.000877985799619951e+00
9.972350142028220121e-01
9.987645682238298628e-01
