0.000000000000000000e+00
0.000000000000000000e+00
0.000000000000000000e+00
0.000000000000000000e+00
0.000000000000000000e+00
0.000000000000000000e+00
0.000000000000000000e+00
0.000000000000000000e+00
0.000000000000000000e+00
0.000000000000000000e+00
0.000000000000000000e+00
0.000000000000000000e+00
0.000000000000000000e+00
0.000000000000000000e+00
0.000000000000000000e+00
0.000000000000000000e+00
0.000000000000000000e+00
0.000000000000000000e+00
0.000000000000000000e+00
0.000000000000000000e+00
0.000000000000000000e+00
0.000000000000000000e+00
0.000000000000000000e+00
0.000000000000000000e+00
0.000000000000000000e+00
0.000000000000000000e+00
0.000000000000000000e+00
0.000000000000000000e+00
0.000000000000000000e+00
0.000000000000000000e+00
0.000000000000000000e+00
5.161856612956488774e-03
5.334027090706425916e-02
2.461494769557101003e-01
5.737644781768499458e-01
9.377529390878315274e-01
1.255644802319132447e+00
1.430936717658122914e+00
1.504087324128343450e+00
1.544235183323498628e+00
1.526587957108251015e+00
1.493164644694235044e+00
1.452652437706244415e+00
1.408830668742587999e+00
1.383990519213687431e+00
1.371495024335911195e+00
1.315669323225355791e+00
1.268122442103796654e+00
1.228709028063236008e+00
1.253011586693079327e+00
1.201871824159461921e+00
1.184234091274135370e+00
1.134719659174347806e+00
1.087448559075129495e+00
1.013189868824051265e+00
9.749020937183465740e-01
9.575999134619641584e-01
9.532950167853104784e-01
9.406400308973383861e-01
9.562622635279339756e-01
9.730517295724524507e-01
9.923152485547170887e-01
9.706067284442555509e-01
9.842302357254306688e-01
9.812817216574732937e-01
1.001931327571954355e+00
9.989744047054720522e-01
9.879570754111354214e-01
1.000513435326341849e+00
1.004944365694602215e+00
1.023151085600356058e+00
9.986730631452047646e-01
1.006850558799691875e+00
1.007326365033998750e+00
1.014673965446060144e+00
9.968996090014777822e-01
9.945227643262276596e-01
1.006092557605151594e+00
9.990764213730476406e-01
9.975497026746527052e-01
1.005169861406023379e+00
1.017618883007158415e+00
9.930489752293362171e-01
9.960986663723691015e-01
9.970528269997104287e-01
9.904963345283005483e-01
9.716979028793816253e-01
9.900685641286183225e-01
9.914952851777366627e-01
9.764543954829204564e-01
9.747575575830065286e-01
9.791009157627655890e-01
9.840672921977848819e-01
9.723098560732990059e-01
9.884354985838647023e-01
9.820718871152006590e-01
9.981272439555237685e-01
9.880675978447994723e-01
9.946452745276878060e-01
9.907229842081370919e-01
9.949071223034948730e-01
1.001055101600793584e+00
9.923436867345051260e-01
1.007114959064880244e+00
9.864939544452855369e-01
9.980404647143996666e-01
9.916095596569503012e-01
9.906812370463534689e-01
9.842521357944581384e-01
9.984256949094097999e-01
9.926301137022978116e-01
9.922919978604269886e-01
9.865206385240141707e-01
9.968350912589926116e-01
9.918976648028197118e-01
9.870066413460391042e-01
9.883009644331736121e-01
9.921539055301734633e-01
9.763549041299541820e-01
9.824174364432591844e-01
9.903792637507843333e-01
9.865427728062132751e-01
9.886156319330391407e-01
9.804395727668046012e-01
9.864532625048620940e-01
9.876201854976094374e-01
9.874533818815669495e-01
9.880735559779371124e-01
9.842533268470934349e-01
9.849939993865506338e-01
9.857969841852085580e-01
9.867974265081755902e-01
9.871108562835981814e-01
9.886837516691424632e-01
9.876658201619762378e-01
9.828131132953052962e-01
9.919067020760875542e-01
9.876642572834928302e-01
9.901518616634874537e-01
9.963975883936697642e-01
9.953943714751892768e-01
9.891862609925756722e-01
9.928915320882489848e-01
9.843418665463198325e-01
9.950348956705129533e-01
9.910020705513860051e-01
9.931278721719161151e-01
9.925466868302824652e-01
9.894288816038764312e-01
9.853275584757784644e-01
9.919065275688586647e-01
9.940457835311912183e-01
9.859708958992612349e-01
9.955867076553627237e-01
9.935701380542557581e-01
9.871167241687885952e-01
9.971987977336865816e-01
9.817679213644067149e-01
9.895227097762052670e-01
9.924023613971919566e-01
9.948817756970870230e-01
9.999209480888814339e-01
9.967950258585652756e-01
9.952034447543393059e-01
9.883270995739218412e-01
9.923155891632957637e-01
9.963712885736488722e-01
9.883803789530805073e-01
9.913210332264734692e-01
9.920080046115365979e-01
9.904257868768493456e-01
9.915877667064095791e-01
9.949056191027652041e-01
9.922958004345729943e-01
9.877962507260285019e-01
9.938450719077365214e-01
9.993758888132575624e-01
9.908567225612582297e-01
9.881454864247191106e-01
9.890682615862230742e-01
9.894383249003174674e-01
9.928085898773640894e-01
9.855365828507018922e-01
9.898133630286914952e-01
9.856133830395040762e-01
9.900303875506372142e-01
9.878361354330768007e-01
9.935486212877440160e-01
9.940102332517981587e-01
9.931895898152635072e-01
9.966222292418759343e-01
9.930663926170033573e-01
9.908943273008512520e-01
9.895804302801111119e-01
9.918247238400159649e-01
9.941143874394273716e-01
9.911147895039710276e-01
9.923095237591766926e-01
9.966452562225305289e-01
9.958851902481034024e-01
9.949292686320048151e-01
9.920676813128085358e-01
9.945686186928186512e-01
9.950430462177173307e-01
9.916718435064340031e-01
9.963486330032700344e-01
9.954109761039391380e-01
9.900115666011702897e-01
9.976465510675046611e-01
9.959878969412934158e-01
9.950477907407051514e-01
9.928136514881733543e-01
9.939199305292647502e-01
9.967225008284116283e-01
9.967875192335310386e-01
9.887051720669641774e-01
9.897195060262106159e-01
9.925141713339827865e-01
9.978342118061267474e-01
9.936535351397984828e-01
9.942904919817484588e-01
9.950981940420685623e-01
9.907813465771921901e-01
9.983831058477889986e-01
9.927134410889085769e-01
9.911610191378411594e-01
9.940836214051571584e-01
9.953925237026757245e-01
9.964246540874034386e-01
9.914557134217154566e-01
9.959834617016369851e-01
9.916793738893910914e-01
9.932557497896324916e-01
9.961905537148286749e-01
9.940527144846273977e-01
9.930789134393256390e-01
9.970313222407289899e-01
9.937141242519511586e-01
9.923204551405229168e-01
9.992440864161248326e-01
9.980954119113252254e-01
9.937872466149372253e-01
9.938364235408710945e-01
9.981995843760983478e-01
9.937983557478471397e-01
9.910050207680463075e-01
9.937655498588111591e-01
9.912647304043227248e-01
9.957617184862438409e-01
9.910431907474672730e-01
9.963976734987185502e-01
9.952436720912640755e-01
9.955388753750618047e-01
9.978283763789116412e-01
9.935083590396565079e-01
9.993212213378240838e-01
9.947936034181671383e-01
9.972174976055442341e-01
9.965897388033657656e-01
9.947097579338729512e-01
9.974588237809869362e-01
9.971155972687498759e-01
9.991868896798483668e-01
9.937666031082414975e-01
9.988939972198628281e-01
9.948327857779553085e-01
9.986367511208842362e-01
9.953361397546793832e-01
9.951452837849208422e-01
9.943750473087119568e-01
9.971358940861677622e-01
9.922825283027645327e-01
9.932678282675254655e-01
9.974032685518954278e-01
9.969202226964685165e-01
9.984020120306488222e-01
9.972501363488736059e-01
9.932330783758633874e-01
9.941569340555520551e-01
9.953044400919622836e-01
