0.000000000000000000e+00
0.000000000000000000e+00
0.000000000000000000e+00
0.000000000000000000e+00
0.000000000000000000e+00
0.000000000000000000e+00
0.000000000000000000e+00
0.000000000000000000e+00
0.000000000000000000e+00
0.000000000000000000e+00
0.000000000000000000e+00
0.000000000000000000e+00
0.000000000000000000e+00
0.000000000000000000e+00
0.000000000000000000e+00
0.000000000000000000e+00
0.000000000000000000e+00
0.000000000000000000e+00
0.000000000000000000e+00
0.000000000000000000e+00
0.000000000000000000e+00
0.000000000000000000e+00
0.000000000000000000e+00
0.000000000000000000e+00
0.000000000000000000e+00
0.000000000000000000e+00
0.000000000000000000e+00
0.000000000000000000e+00
0.000000000000000000e+00
0.000000000000000000e+00
0.000000000000000000e+00
2.409186282758358621e-03
5.108413267258357648e-02
2.404003808129153430e-01
6.303639715808415644e-01
9.901774737605967269e-01
1.256580555331092253e+00
1.483339901788411908e+00
1.564652064170814816e+00
1.621268257846507188e+00
1.600704574281548886e+00
1.601037336666553346e+00
1.532634596576409214e+00
1.509545842205040067e+00
1.443328515189958194e+00
1.388338521441274009e+00
1.355014511431587243e+00
1.291752470489997418e+00
1.278090953336743274e+00
1.264886004649078854e+00
1.266311170585069590e+00
1.221862299729425505e+00
1.167705865988011515e+00
1.123507984835445228e+00
1.062306159989837351e+00
1.013505045533672488e+00
9.904643885708009909e-01
1.007548677675304205e+00
9.826787218475179220e-01
9.673866567514785020e-01
9.817650834038688101e-01
9.980453867273678670e-01
1.009467114104168450e+00
1.023914924579120145e+00
1.023853679482645607e+00
1.024035275984309878e+00
1.009378464918275098e+00
1.024067807408300501e+00
1.026193776084759257e+00
1.033642805236530515e+00
1.032013607023459123e+00
1.023724040529778279e+00
1.028036189938625000e+00
1.032621339162495655e+00
1.024530975718299208e+00
1.033699465509553050e+00
1.036205763613451181e+00
1.028686557650994704e+00
1.036009507913539629e+00
1.020485709326867996e+00
1.033868178139785599e+00
1.020530542521199013e+00
1.023639119734009340e+00
1.017489869447726125e+00
1.015695902663547034e+00
1.012632467054139562e+00
9.969773058308807334e-01
1.006392598634507918e+00
9.926734676722313022e-01
9.999487377205418248e-01
1.010289663046794573e+00
9.922030337655104448e-01
9.977293372441234931e-01
1.005137479196906325e+00
1.000957774660971467e+00
9.978926641120547947e-01
1.012673098813463790e+00
1.003216144478918270e+00
1.009244918016266590e+00
1.005343237365732723e+00
1.012182837784418421e+00
1.007022572531841353e+00
1.014677831763922011e+00
1.008683380627611648e+00
1.006421871834417558e+00
1.001210774752416599e+00
1.002280138073978977e+00
1.001333854269605528e+00
1.004806794264319736e+00
1.010322101085315172e+00
1.005152914399977560e+00
9.946763967574681065e-01
1.002491814728992736e+00
9.958009479310089285e-01
1.001381506958822776e+00
9.955349518817980803e-01
1.006600426097884027e+00
1.011506499372690104e+00
1.006910766899227427e+00
9.989304619527188400e-01
1.003212040553926654e+00
9.998840212982437192e-01
9.986698793788675310e-01
1.004820339047854505e+00
1.004211268471817631e+00
9.994173402656159055e-01
9.979783307849792173e-01
1.003247269526564622e+00
9.898444336251410736e-01
9.983417936753835598e-01
1.003916560765270027e+00
1.001622771305517468e+00
1.000372993382909748e+00
1.001271038229373245e+00
1.008356405890564966e+00
1.005525910431237291e+00
1.005016059573945242e+00
1.010664886540652896e+00
9.984021676345522511e-01
1.002286329375752238e+00
1.004332840611440458e+00
9.997567974338722463e-01
1.003165189938769020e+00
9.992335252419720648e-01
1.004032288424874464e+00
1.005927182898395777e+00
1.002282435682789741e+00
9.918464891926065397e-01
9.994101788985687573e-01
1.002083899754379059e+00
1.002562963469849189e+00
1.006394262909527049e+00
1.005457305232143828e+00
9.999078988846689109e-01
1.002701646827360626e+00
1.003970997643607532e+00
1.002783471122179471e+00
1.005234857599073051e+00
9.982595558263459568e-01
1.000092288605705537e+00
1.004559651340982018e+00
1.003982024243866844e+00
1.001428303757775140e+00
9.996538633032451271e-01
9.976338660846474360e-01
1.003070966586425250e+00
1.004499078033528114e+00
9.976535740787978446e-01
1.001448749791067350e+00
9.954682194823218921e-01
9.902753390386748178e-01
9.992671210942135618e-01
9.989286297078643351e-01
1.002502509273703213e+00
1.000489332329704828e+00
9.932784622305805833e-01
1.001723168408044096e+00
9.942294750322432373e-01
9.964766967989777680e-01
9.958351046015285757e-01
9.943288677130605047e-01
9.996896869373198546e-01
9.919020206241292437e-01
9.966390264775354391e-01
9.942824458517253161e-01
9.910551212298167600e-01
9.917869318254273203e-01
9.963520742527629537e-01
9.969969379998275816e-01
9.919424261835418921e-01
9.921807869677427005e-01
9.954520129959690822e-01
9.986571915249694564e-01
1.002545805338925788e+00
9.935634014822154469e-01
9.921822124047936509e-01
9.885309427744158883e-01
9.938334572938205547e-01
9.933191515859803866e-01
9.960603352357172424e-01
9.963952094382657609e-01
9.983567095591960872e-01
9.960166232815421683e-01
9.932536041574748786e-01
9.968668288715536452e-01
9.938606375911727131e-01
9.941255247781305426e-01
9.926495968465375297e-01
9.964041753601473594e-01
9.918948177181774462e-01
9.927674083428177365e-01
9.966331823863614492e-01
9.962528289499426037e-01
9.960681269871608512e-01
1.000297305262434877e+00
9.981395030646865729e-01
9.971009004365334327e-01
9.976418975887924034e-01
9.977735621473584615e-01
1.002426474725587102e+00
9.986301619875102009e-01
1.002205413039924498e+00
1.000226194078651432e+00
9.946663701085338705e-01
9.950136948017128669e-01
9.985194704518839393e-01
1.001452018023645696e+00
9.965673116387929742e-01
9.965177180385381694e-01
9.964052079912895099e-01
9.930944741230798289e-01
9.906512133806409937e-01
9.954978701566961075e-01
9.984588761157762171e-01
9.963708922115083189e-01
9.971027058234076534e-01
9.977865404993688792e-01
9.939005689103986851e-01
9.952921906489656800e-01
9.958400191404535029e-01
9.946201623842028106e-01
9.976787072397825806e-01
9.963147106482760362e-01
9.947666181171914701e-01
9.955185590437906074e-01
9.954602655557470703e-01
9.974666940550203087e-01
9.959682147963512255e-01
9.970277257799935455e-01
9.982632286714929748e-01
9.950223548906010906e-01
9.958941781610876065e-01
9.943693629840897330e-01
9.989121935079400272e-01
9.975369941664232742e-01
9.964142662802583095e-01
9.950970023553620258e-01
9.983285664805211512e-01
9.961445256231594714e-01
9.952932237630105483e-01
9.950396175658799969e-01
9.971031616172360001e-01
9.976492437136379454e-01
9.958267707977209726e-01
9.930806302536344665e-01
9.955705196668753754e-01
9.988943842542969964e-01
9.978356620290262935e-01
9.973002984499318435e-01
9.947139881851331245e-01
9.940196406222367997e-01
9.919138937416779322e-01
9.942460005066808826e-01
9.951523735585409147e-01
9.977959414602172172e-01
9.967301948629672115e-01
9.954080374699094680e-01
9.965138871129808340e-01
9.943461870334837638e-01
9.920265548757219998e-01
