0.000000000000000000e+00
0.000000000000000000e+00
0.000000000000000000e+00
0.000000000000000000e+00
0.000000000000000000e+00
0.000000000000000000e+00
0.000000000000000000e+00
0.000000000000000000e+00
0.000000000000000000e+00
0.000000000000000000e+00
0.000000000000000000e+00
0.000000000000000000e+00
0.000000000000000000e+00
0.000000000000000000e+00
0.000000000000000000e+00
0.000000000000000000e+00
0.000000000000000000e+00
0.000000000000000000e+00
0.000000000000000000e+00
0.000000000000000000e+00
0.000000000000000000e+00
0.000000000000000000e+00
0.000000000000000000e+00
0.000000000000000000e+00
0.000000000000000000e+00
0.000000000000000000e+00
0.000000000000000000e+00
0.000000000000000000e+00
0.000000000000000000e+00
0.000000000000000000e+00
0.000000000000000000e+00
6.193458345384595699e-03
5.494981476834086276e-02
2.512907378513256074e-01
5.914776808404266228e-01
9.966958754767815121e-01
1.315969580140220030e+00
1.468634106482262780e+00
1.558952099353037246e+00
1.609691423193148729e+00
1.572608628652222729e+00
1.547892848405395316e+00
1.499917356590556139e+00
1.462425245440392096e+00
1.432440152292881574e+00
1.373963374051982544e+00
1.338875788032529268e+00
1.327133554802303772e+00
1.271375855366500440e+00
1.259405149841061888e+00
1.272947585638392276e+00
1.251543097305724439e+00
1.183014125513668136e+00
1.120117751579464693e+00
1.043640977829723093e+00
1.020006194602077088e+00
1.003365581086537395e+00
9.894241363938326428e-01
9.859180964567308969e-01
9.676202621818876803e-01
9.944789671744747039e-01
9.995040836632933523e-01
1.023018080724716006e+00
1.000789182883117912e+00
1.019979426693206515e+00
1.034038475583654693e+00
1.034675173772465762e+00
1.045236930252725793e+00
1.010285325793889077e+00
1.031185859075501643e+00
1.032229258325331189e+00
1.047103938544490687e+00
1.021146231949399130e+00
1.045691770022910916e+00
1.036202086709748782e+00
1.044215592137438753e+00
1.035356033428422418e+00
1.032287798217187413e+00
1.044774776025263918e+00
1.029137236856644932e+00
1.018480701733107896e+00
1.027310631030444510e+00
1.022573401880533250e+00
1.025602443587205759e+00
1.005871089042182476e+00
1.003264378722229511e+00
1.015658879742979082e+00
1.001629748791743379e+00
1.008068616627441516e+00
9.956423501443887325e-01
9.866844396442097098e-01
9.908877027352458455e-01
9.959166191796365863e-01
9.954665992984840228e-01
1.004868048222713028e+00
1.019237685391359172e+00
9.989565412848537829e-01
1.002347726792116589e+00
1.019859829102208071e+00
1.006222974570760709e+00
1.007561850461345498e+00
1.021478955966547586e+00
1.010712203344602100e+00
1.019293129378977536e+00
1.008664564647011819e+00
1.015555627906758795e+00
1.002865453110945992e+00
1.008197095129696796e+00
1.009508223536464966e+00
1.005164490677089573e+00
1.011997311984478731e+00
1.006175412389251678e+00
1.006172973320418107e+00
1.002197725261225081e+00
1.007296540669869511e+00
1.006182486178641922e+00
1.008882620819451681e+00
1.008649802802997764e+00
1.013703423053589070e+00
1.012374183804126915e+00
1.009538370608546121e+00
9.972678633231378820e-01
9.996874091600970180e-01
1.003689040332510052e+00
9.980056013618292532e-01
1.005425571823244546e+00
9.989167319776656173e-01
9.987466937958970892e-01
1.006194533096763655e+00
1.000304458993985124e+00
1.001112322133695276e+00
1.004603595785771519e+00
1.004802973558506451e+00
1.003561751654917789e+00
1.007210169614857209e+00
9.991491551103739432e-01
1.001404246060306757e+00
1.004969175502917755e+00
1.003058347910520398e+00
1.000449643700535240e+00
9.995602877216203108e-01
1.002688796777455149e+00
9.988382461707374649e-01
9.957765795205851811e-01
1.000978000987170935e+00
9.984270246440910546e-01
1.003758929193502958e+00
9.992188552084955155e-01
1.007514321852006622e+00
1.011603564099295305e+00
1.007762288788921712e+00
1.006567034026011331e+00
1.003657326884822787e+00
1.006693580371346597e+00
1.000098089196937323e+00
1.000818240204108145e+00
1.005132693172723579e+00
1.000888505352552915e+00
9.974457684062796314e-01
1.006290928941488749e+00
1.007230752585807299e+00
9.974796129612615303e-01
9.986883151424109650e-01
9.973022408107594661e-01
9.997622518461620755e-01
9.965179415873607338e-01
1.002122483083529136e+00
1.002532884475828112e+00
9.942283925813981682e-01
1.002747105313894327e+00
9.960110039056032649e-01
9.965260228916110741e-01
1.002401166588376080e+00
9.926489097684627616e-01
1.007610440869529000e+00
1.003144433243908118e+00
9.940345570965922750e-01
9.986990187707271982e-01
1.000410640749597402e+00
1.000697593964554821e+00
9.967771796012471208e-01
9.993083933839870259e-01
9.911652819240255319e-01
1.006786706166966860e+00
1.001178698338014650e+00
1.000365898176728052e+00
1.001220998171138410e+00
1.000544174862083802e+00
9.967311055694282329e-01
9.980294795471782443e-01
1.002115370172196984e+00
1.006266543472463582e+00
9.987691082670359100e-01
1.000956757179413570e+00
9.956457022254285860e-01
1.003612303452273258e+00
1.002363555180116661e+00
9.999156021213986278e-01
1.002795291330260019e+00
9.993217017159483628e-01
9.966402597620118708e-01
9.958464059374304567e-01
1.000581749730926839e+00
1.002323393764502635e+00
9.968065877878685699e-01
9.933950038747207945e-01
9.928771544867956989e-01
9.995554140173157354e-01
9.980881071666135584e-01
9.952729133923876592e-01
9.935602502938001290e-01
9.916827417932524424e-01
1.000344576211992020e+00
9.902765237425592559e-01
9.960403105531872026e-01
9.881926605842873412e-01
9.971578855749123615e-01
9.972628078181690059e-01
9.977889074492628518e-01
9.918363418866869008e-01
9.982330664028470357e-01
9.987674180826691117e-01
9.942170787601730675e-01
9.923122850342882550e-01
9.964855093069264758e-01
9.895136447554777614e-01
9.964559286768720492e-01
9.962650190987825116e-01
9.949014000923186440e-01
9.946905419053175823e-01
9.964252512346671864e-01
9.952131861294879478e-01
9.899488637044218109e-01
9.952714534982831651e-01
9.898870555662906412e-01
9.906529889560254931e-01
9.914926908766514835e-01
9.926766175441157358e-01
9.928574544215919007e-01
9.931256699940910204e-01
9.939277133236994466e-01
9.947234242651703529e-01
9.931032921167853855e-01
9.942287949836149386e-01
9.922983806409468865e-01
9.940034165089470797e-01
9.953503549620292823e-01
9.927022937889395937e-01
9.980321600174353325e-01
9.937283803439664887e-01
9.916270121599588538e-01
9.967880359657074196e-01
9.928338656030588627e-01
9.965142308149196326e-01
9.945130441263230203e-01
9.920837016990002866e-01
9.916807347773679560e-01
9.943025826329893180e-01
9.935687111075409694e-01
9.932171615363660777e-01
9.964443109862137771e-01
9.917039695062730420e-01
9.943255985635417460e-01
9.905155168312488323e-01
9.924398522843350667e-01
9.932899429916747236e-01
9.940849284212763814e-01
9.910086366013671766e-01
9.933639769652925500e-01
9.924744841100593407e-01
9.905816883855105281e-01
9.914875892066715712e-01
9.897187867314514165e-01
9.905556856880096683e-01
9.935428116477389437e-01
9.924928047050157742e-01
9.935176334978725876e-01
9.938412795408805289e-01
9.912996654275846309e-01
9.916754530596989525e-01
