0.000000000000000000e+00
0.000000000000000000e+00
0.000000000000000000e+00
0.000000000000000000e+00
0.000000000000000000e+00
0.000000000000000000e+00
0.000000000000000000e+00
0.000000000000000000e+00
0.000000000000000000e+00
0.000000000000000000e+00
0.000000000000000000e+00
0.000000000000000000e+00
0.000000000000000000e+00
0.000000000000000000e+00
0.000000000000000000e+00
0.000000000000000000e+00
0.000000000000000000e+00
0.000000000000000000e+00
0.000000000000000000e+00
0.000000000000000000e+00
0.000000000000000000e+00
0.000000000000000000e+00
0.000000000000000000e+00
0.000000000000000000e+00
0.000000000000000000e+00
0.000000000000000000e+00
0.000000000000000000e+00
0.000000000000000000e+00
0.000000000000000000e+00
0.000000000000000000e+00
0.000000000000000000e+00
4.817791407067900308e-03
4.687535337267212388e-02
2.361116393275222713e-01
5.924190255612069578e-01
9.808456827030875846e-01
1.263349350903680168e+00
1.436781857862104772e+00
1.534054104861437562e+00
1.525651123788286601e+00
1.525149234012113331e+00
1.541561047049829769e+00
1.507116868296755730e+00
1.432487998182656819e+00
1.412977345857891365e+00
1.396748172361790719e+00
1.321212743592956596e+00
1.274343092022911295e+00
1.250644725979438654e+00
1.251075715394766918e+00
1.235227536071937360e+00
1.230212470197198815e+00
1.162609316524761960e+00
1.111799925224015606e+00
1.055509959103358320e+00
1.013271942370246981e+00
9.939819668780273121e-01
9.748928550749874633e-01
9.818617191375751396e-01
9.667876927370654405e-01
9.711043704132951149e-01
1.006863268391373634e+00
1.022283442823791466e+00
9.985544476030415728e-01
1.004933347406188782e+00
1.013325611590101039e+00
1.015897583627874079e+00
1.019597287482183479e+00
1.021994543072213713e+00
1.013864393343659520e+00
1.021720706646049193e+00
1.030413882304433315e+00
1.023494420820344253e+00
1.022003681057672253e+00
1.026253183053228657e+00
1.033335160057435642e+00
1.049093062082464556e+00
1.024014090501091045e+00
1.002579752261720802e+00
1.024198778308680113e+00
1.028526545657347802e+00
1.015214932457241037e+00
1.016692217828620404e+00
1.018052836317814958e+00
1.012990822304129290e+00
1.004335506507698650e+00
9.996410643728347312e-01
9.862448072763156937e-01
9.899377390207486638e-01
9.973981558962762284e-01
9.909884630773120318e-01
9.952240271521434201e-01
9.905447961204406626e-01
9.962273835592689863e-01
9.915831369371612691e-01
9.958252863593772819e-01
1.008480511209276065e+00
9.851339785423774975e-01
9.956076758363446855e-01
1.007291544404996353e+00
9.986382886031810457e-01
1.006006148218455687e+00
1.001489154751411315e+00
9.990939021232759787e-01
1.009333770365321126e+00
1.014927142094034451e+00
1.008511938914312234e+00
1.004611330306495409e+00
9.980138045078048581e-01
1.009630634832656471e+00
1.002067149652872358e+00
1.001780474113495245e+00
1.018910695579659409e+00
1.009173601106138740e+00
1.003448706011320191e+00
1.013948035132109737e+00
1.002654587941188558e+00
9.896183366568035433e-01
1.002241745405052287e+00
9.980686661832212092e-01
1.004455085897122846e+00
9.992776398167497742e-01
1.000893332693961746e+00
1.002818440260343502e+00
1.005257796675190107e+00
9.980175935539924437e-01
9.970683819551826588e-01
9.918457420691773052e-01
9.991348475313626132e-01
9.959814811892354625e-01
9.961757733903783274e-01
9.945704014769765067e-01
9.900794205645911950e-01
9.975288862367592824e-01
9.938505774946492233e-01
9.974627229449540833e-01
9.932017063732244688e-01
9.934922869085658359e-01
9.962344828939460051e-01
9.937950516092993736e-01
9.939879475880993853e-01
9.995850474401781760e-01
9.890861654505412881e-01
9.956802535111776153e-01
9.950142829163629576e-01
9.856910283329236577e-01
9.969745240449637835e-01
9.885719429445366524e-01
9.937148858279295505e-01
9.928720596681771537e-01
9.931247126827813521e-01
9.805335747602208496e-01
9.930017035443018392e-01
9.870334291041189534e-01
9.891330421779704896e-01
9.856034814793507293e-01
9.917872040475531614e-01
9.883188148933366168e-01
9.886783757957614549e-01
9.924546953310358077e-01
9.934621775838387014e-01
9.929153863807358427e-01
9.883754071083156179e-01
9.919197468626340664e-01
9.921376036407733023e-01
9.905946667028947550e-01
9.870585130432691923e-01
9.886358259279138805e-01
9.894207072540720516e-01
9.920081782424182704e-01
9.929281944959187367e-01
9.893009574258725403e-01
9.912338536753049212e-01
9.918540919366474196e-01
9.864737165691519483e-01
9.966511298375516636e-01
9.899388558806103688e-01
9.943696883004071729e-01
9.959063670349361796e-01
9.916557394161574779e-01
9.891463908208277811e-01
9.939298518562095230e-01
9.876606806512940873e-01
9.954235314666428636e-01
9.927680866182108099e-01
9.906378657786646391e-01
9.920992972307314250e-01
9.917928499293542366e-01
9.926672123351483190e-01
9.938673294821256388e-01
9.936608058387417231e-01
9.972222672293222789e-01
9.942792168280640830e-01
9.876315710637346701e-01
9.916472169251935309e-01
9.928845405672532820e-01
9.967251258377847201e-01
9.979246098024597833e-01
9.936760148783891911e-01
9.941040624288728367e-01
9.947799645681574265e-01
9.931899397905439297e-01
1.001900783532696071e+00
9.924493797440425702e-01
9.937824676809540181e-01
9.945008828240946563e-01
9.957434063638642696e-01
9.922760710537472661e-01
9.988212685220289044e-01
9.949963178270246900e-01
9.951369550786829388e-01
9.926119670600340728e-01
9.950966209476672653e-01
9.984427277882295115e-01
1.001045032801239687e+00
9.996589000614031217e-01
1.001351953202999523e+00
9.962943920930441566e-01
9.964014839678386748e-01
9.948917937098642472e-01
1.000026811214431488e+00
9.961473792650931136e-01
9.948907428065970615e-01
9.984225882515906925e-01
9.986541097574297421e-01
9.978282114362863053e-01
9.994075258151711161e-01
9.991589014172376215e-01
9.990136857843958662e-01
9.988978908149033220e-01
1.002699342765961843e+00
9.970948744060506019e-01
9.959400391458080870e-01
9.991965208603086346e-01
9.956048775306960419e-01
1.000824639458100851e+00
9.980691512980272018e-01
9.958814646381172198e-01
9.946318359062505943e-01
9.951305201762968844e-01
9.941400539138077752e-01
9.979565286377730660e-01
9.917812057689953109e-01
9.957466861561210525e-01
1.001230854926523639e+00
9.925582109162321975e-01
9.973351464129478483e-01
9.928878880223618308e-01
9.989369767417290991e-01
9.920317018295791156e-01
9.936887679652772754e-01
9.960817946152276114e-01
9.954545669343934922e-01
9.952472778057566138e-01
9.964465721376226659e-01
9.958546711734235224e-01
9.940582769010321007e-01
9.979609463546149639e-01
1.000562423339341089e+00
9.932360177973866833e-01
9.936061875828310352e-01
9.950602740349262509e-01
1.000700660005515052e+00
9.956328864979264726e-01
9.922677228967733409e-01
9.889442921981560497e-01
9.941628399771442748e-01
9.987986264545518633e-01
9.921163321313816175e-01
9.959998358717913058e-01
9.985854676519274609e-01
9.949954753070269220e-01
9.904930335661880081e-01
9.949684320489268208e-01
9.961120454332528240e-01
9.961105666896822308e-01
9.961187845186654233e-01
9.954491320764202733e-01
9.929934784310100460e-01
9.930390776547015630e-01
