0.000000000000000000e+00
0.000000000000000000e+00
0.000000000000000000e+00
0.000000000000000000e+00
0.000000000000000000e+00
0.000000000000000000e+00
0.000000000000000000e+00
0.000000000000000000e+00
0.000000000000000000e+00
0.000000000000000000e+00
0.000000000000000000e+00
0.000000000000000000e+00
0.000000000000000000e+00
0.000000000000000000e+00
0.000000000000000000e+00
0.000000000000000000e+00
0.000000000000000000e+00
0.000000000000000000e+00
0.000000000000000000e+00
0.000000000000000000e+00
0.000000000000000000e+00
0.000000000000000000e+00
0.000000000000000000e+00
0.000000000000000000e+00
0.000000000000000000e+00
0.000000000000000000e+00
1.765331459796377732e-05
1.876989258144845475e-03
2.593919154350343009e-02
1.813976753656426077e-01
6.958203568693125396e-01
1.477182457077550026e+00
1.999433070178016525e+00
2.060789444329557352e+00
1.871156172240138638e+00
1.608645355068271332e+00
1.391426573864259497e+00
1.229780093238604710e+00
1.137424704408027010e+00
1.069310016405202735e+00
1.004630885881586444e+00
9.422268688074248999e-01
9.110983900100171340e-01
9.019704021517139791e-01
9.115535339746062560e-01
9.245045459424687806e-01
9.369495920074788486e-01
9.557312472800336689e-01
9.600711755022010019e-01
9.703627139255565082e-01
9.771472387013985239e-01
9.833607244546090920e-01
9.882411173960718997e-01
9.918736835278259001e-01
9.941404901661551330e-01
9.952653033449505582e-01
9.883401355843759450e-01
9.830754474129368425e-01
9.750703957814228495e-01
9.667984612293495372e-01
9.600756333744043802e-01
9.554322080488497626e-01
9.568447138046154432e-01
9.600211257986139834e-01
9.680822381169201796e-01
9.775582189326411653e-01
9.861905029966619995e-01
9.979010154977542291e-01
1.007285020454910418e+00
1.012586870193590727e+00
1.021361770535309521e+00
1.026556233375388594e+00
1.028399074983149752e+00
1.030870766853427156e+00
1.029599897995126412e+00
1.027076115547382651e+00
1.023645158595706706e+00
1.018982993034192042e+00
1.014856409970940065e+00
1.009844718185229029e+00
1.004969141541569577e+00
9.993618834791292427e-01
9.946567388315434854e-01
9.906909611361219836e-01
9.884173534851610210e-01
9.853102176639120247e-01
9.855283712118935169e-01
9.842080116470449669e-01
9.867747023535068385e-01
9.876079025667258149e-01
9.898794094497377349e-01
9.960278907070896359e-01
9.947917925992347810e-01
9.954758424083869350e-01
1.000328143611521003e+00
1.000634765712383523e+00
9.998518182210993643e-01
1.001036428962901015e+00
1.000874477208035573e+00
1.001782888903613999e+00
1.001035653290334615e+00
1.002217876340459890e+00
1.003485207675848923e+00
1.001535206217045948e+00
1.002126771320100751e+00
1.002490428287854174e+00
1.001661396013571403e+00
1.002531162918313346e+00
1.000904464755409728e+00
1.001345836293747737e+00
1.002390749017222138e+00
1.000768491651110370e+00
1.000240893572306611e+00
9.991510367432772100e-01
1.000870619528519967e+00
1.000763027707686437e+00
9.999493596289301678e-01
1.000018707473662616e+00
9.989884075254545914e-01
9.989237816946087145e-01
9.987663872735966786e-01
9.986829086458671734e-01
9.987297040206555288e-01
9.994573343321664360e-01
9.983590523681287188e-01
9.986218767180696787e-01
9.992211717657555337e-01
9.986439121094670135e-01
9.990620379193075884e-01
1.000150355774815925e+00
9.996731989256728568e-01
9.991507511012067688e-01
1.000271655241920410e+00
1.000812181276963697e+00
1.000380020566898231e+00
9.996877939593754592e-01
1.000496445310447902e+00
9.996849764934918614e-01
1.000684089349329620e+00
1.001034258176082270e+00
1.000555212984764575e+00
1.000237363665665402e+00
1.000809829614443647e+00
9.993217757902803644e-01
1.000738947526248479e+00
1.000495204467249044e+00
9.997789434704024147e-01
9.998964628252392517e-01
9.988243653062015559e-01
1.000031253833603362e+00
9.983386166924466121e-01
9.992235505746240865e-01
9.999251232494819064e-01
9.995157211504818173e-01
1.000390325060471541e+00
9.997697614116001219e-01
1.000209404606590358e+00
1.000332895998277793e+00
9.990500183171197035e-01
9.996081023093128515e-01
1.000074274746153735e+00
9.998098369644581318e-01
1.000441727548131654e+00
9.992172465726019137e-01
9.999667922146032728e-01
1.000442667075423619e+00
9.999029559942839152e-01
9.994340384196990223e-01
1.000368461661922170e+00
9.999389066912932611e-01
1.000070494120485876e+00
1.000401867123291710e+00
1.000298151619877673e+00
1.000194812645750275e+00
1.000011237748788862e+00
1.000391637342971096e+00
1.001143601851297804e+00
9.992485980859527883e-01
1.000597100283039609e+00
1.000161049972063898e+00
1.000424802869971375e+00
9.999978272170030325e-01
1.000511802416288898e+00
9.997796960813553069e-01
1.000553887405441822e+00
9.996387550754681772e-01
1.000101702712199225e+00
1.000636707119618052e+00
1.001147538837404705e+00
9.999465354921481808e-01
1.000239600162564635e+00
1.001127917859773842e+00
1.000755225242858648e+00
9.998239768416474771e-01
1.000067792027526048e+00
9.999500293259313555e-01
1.000494259566006683e+00
1.000170769664393333e+00
1.000940982290107417e+00
1.000541045104159643e+00
9.998269359540767898e-01
1.000134854464323375e+00
1.000327772305322105e+00
1.000435373684752216e+00
1.000013494581560414e+00
1.000961524746547315e+00
1.000340688957748636e+00
9.996916319137419960e-01
1.000610826847398771e+00
9.998430746394900703e-01
1.000315613901556766e+00
9.996927863381798174e-01
1.000466617280757919e+00
9.998932369075546056e-01
1.000472443957045821e+00
1.000865309420002625e+00
1.000272913146075249e+00
1.001153468149803771e+00
1.000289698630479229e+00
1.000590252103033650e+00
1.000516280130903324e+00
1.000038192827848338e+00
1.000384150016499829e+00
1.000467081057379692e+00
9.999918700361665191e-01
9.996001954742617102e-01
9.992679124915051503e-01
1.000092104822536632e+00
1.000440345515176244e+00
1.000275287672832025e+00
1.000387547521700782e+00
1.000325435241443239e+00
1.000037120049151129e+00
1.000466671260497487e+00
1.000145925718803896e+00
1.000503435147780840e+00
9.997892699188523080e-01
1.000071976988436084e+00
1.000006920320023918e+00
1.000176321890419828e+00
1.000412511408078631e+00
1.000039811657230659e+00
1.000369138236941291e+00
1.000291512263928206e+00
9.999821655490601646e-01
1.000080051124790037e+00
1.000684779756215503e+00
1.000595969605940994e+00
1.000031453181768892e+00
1.000223977444917978e+00
1.000225369490751692e+00
1.000658496362443417e+00
9.999270452837341061e-01
1.000277730607378013e+00
1.000818300548339979e+00
1.000061985601209180e+00
1.000135510913634951e+00
1.000401743436353463e+00
1.000415637097744170e+00
1.000147180563381921e+00
1.000789723589872393e+00
9.998235905720456174e-01
1.000437578429240304e+00
1.000208917736362668e+00
1.000102645699723070e+00
9.996650404054487904e-01
1.000612965582383440e+00
1.000604113740905410e+00
1.000041630442744411e+00
1.000482462192898936e+00
1.000333411481631796e+00
1.000162602915595222e+00
1.000728315877507546e+00
1.000504616193416352e+00
1.000306066760416002e+00
1.000572046876290422e+00
1.000634168488547582e+00
1.000340795491478474e+00
1.000342493727033322e+00
1.000488933088975463e+00
