0.000000000000000000e+00
0.000000000000000000e+00
0.000000000000000000e+00
0.000000000000000000e+00
0.000000000000000000e+00
0.000000000000000000e+00
0.000000000000000000e+00
0.000000000000000000e+00
0.000000000000000000e+00
0.000000000000000000e+00
0.000000000000000000e+00
0.000000000000000000e+00
0.000000000000000000e+00
0.000000000000000000e+00
0.000000000000000000e+00
0.000000000000000000e+00
0.000000000000000000e+00
0.000000000000000000e+00
0.000000000000000000e+00
0.000000000000000000e+00
0.000000000000000000e+00
0.000000000000000000e+00
0.000000000000000000e+00
0.000000000000000000e+00
0.000000000000000000e+00
0.000000000000000000e+00
1.765153331513154945e-05
1.688300313610912413e-03
2.625706142212441002e-02
1.800973876740739332e-01
7.034656749474941240e-01
1.482449136992934458e+00
1.999002465760689962e+00
2.064475207668881929e+00
1.873373218941156715e+00
1.612570099889887976e+00
1.390658091565641241e+00
1.237629449291861583e+00
1.135311095496467582e+00
1.072598719536753231e+00
1.003853094702361393e+00
9.431251111131127018e-01
9.127119666918057650e-01
9.011947783180205285e-01
9.113394812714036286e-01
9.236477836950517384e-01
9.417742037877134820e-01
9.560798592041935828e-01
9.647912609915341164e-01
9.713146300494782670e-01
9.774593985148801734e-01
9.861360687755003074e-01
9.911616301817067765e-01
9.938677219525456907e-01
9.959892925762592331e-01
9.956659462929374760e-01
9.893568997917301377e-01
9.830156218391858935e-01
9.752618043515728363e-01
9.662894555539270902e-01
9.609660457987648785e-01
9.585495620592364707e-01
9.544234800917983375e-01
9.603669789130254708e-01
9.680873607221154309e-01
9.781935330493730651e-01
9.886294082568877206e-01
9.954902921115772463e-01
1.006433046784914742e+00
1.014339024163143144e+00
1.021198849434676870e+00
1.026937644371398672e+00
1.028481630300537297e+00
1.031317499656058789e+00
1.030995874387261146e+00
1.027757593780890488e+00
1.025339284736640710e+00
1.020766698634965053e+00
1.016268877811244753e+00
1.009534903461420052e+00
1.005391914722085112e+00
9.992050522345946595e-01
9.939015702831457411e-01
9.896619580209338185e-01
9.878905060695166718e-01
9.862325485418056426e-01
9.847355273961732047e-01
9.864436115233764513e-01
9.872172528702696237e-01
9.882797571304122730e-01
9.912099219494011626e-01
9.927815529008064965e-01
9.965163024461928254e-01
9.964396585390828953e-01
9.977075890545632486e-01
1.000362526393975493e+00
1.000091735533558568e+00
1.001021491746315162e+00
1.000285380791957168e+00
1.001277342763041034e+00
1.001908595826492165e+00
1.001725060194398109e+00
1.003252974666523967e+00
1.001724627133270484e+00
1.002278245273688917e+00
1.002735673445722231e+00
1.003321707054566803e+00
1.002841410307222736e+00
1.000032612142047528e+00
1.002508269033830945e+00
1.000901676910827875e+00
1.001432346717872734e+00
1.001354583074524074e+00
1.000847880894183639e+00
9.998164533683785438e-01
1.000352123363094314e+00
1.000423459943220239e+00
9.991514101261985692e-01
9.990818327925343745e-01
9.987461567316906486e-01
9.989460769257407780e-01
9.977897960687689416e-01
9.985116174084961438e-01
9.979125272316976547e-01
9.970302121794742956e-01
9.985309510720619119e-01
9.991168605405008618e-01
9.980020727779626011e-01
9.996891178509547116e-01
1.000130013906227910e+00
9.993746894216636312e-01
9.995908511149439457e-01
1.000598646150587578e+00
1.000308441866879283e+00
1.000994529222065665e+00
1.000391783848903149e+00
1.000587781456427017e+00
1.000582766196406626e+00
1.000979935911388230e+00
1.000802017343974004e+00
1.001208187494435187e+00
1.000078543579124402e+00
1.000292780379072433e+00
1.000881046099024507e+00
9.997218454667372578e-01
9.994871628718896561e-01
1.000008465815521053e+00
9.996414325465152739e-01
9.998066095823586741e-01
9.997389828389978694e-01
1.000890526988323259e+00
1.000066333690802001e+00
1.001003112148697305e+00
1.000840199709970291e+00
9.997248394078639411e-01
1.000707867881932334e+00
1.000450650140080944e+00
1.000159493341864048e+00
9.996459982265766264e-01
9.995798470506013222e-01
9.998003528928034456e-01
1.000397205126711819e+00
1.000558618366532704e+00
1.000436733193527328e+00
9.995616909622772051e-01
1.000444914908998673e+00
1.000532106347527428e+00
1.000907133920280190e+00
9.999155881491519349e-01
1.000256568363718124e+00
1.000771749880535522e+00
9.999525543080267642e-01
1.000358660494783170e+00
1.000067325899214321e+00
1.000529374989094444e+00
1.000244205011831200e+00
1.000503949322452790e+00
1.000353407445998544e+00
1.000046544943918647e+00
1.000198453189278913e+00
9.997437634175404542e-01
1.000184817965805717e+00
1.000032114040383391e+00
1.000830829547178391e+00
1.000414323439046127e+00
1.000267089087635064e+00
9.999341375612668115e-01
1.000305822994473459e+00
1.000267249474663389e+00
1.000861126086853181e+00
9.995157405576060583e-01
1.000413668955795643e+00
1.000975080551221863e+00
1.000528995151141132e+00
9.997243785104467095e-01
9.999024884833355165e-01
9.994320226491744119e-01
1.000520368408687633e+00
1.000488381773562807e+00
1.000214259322187438e+00
1.000548363763960724e+00
9.999470698316250683e-01
9.999219403742963808e-01
1.000760567327417805e+00
1.000645391710071053e+00
9.997790383139973924e-01
1.000194688368510665e+00
9.999164095863944945e-01
1.000186757367732548e+00
1.000976677982270413e+00
9.994697572938090468e-01
1.000440803246631871e+00
9.995799305611028363e-01
1.000560401806956712e+00
1.000177088033902262e+00
9.999382408586003912e-01
1.000110091373405341e+00
1.000631050165742275e+00
1.000455187411480207e+00
1.000126096513821894e+00
9.995969629909207121e-01
1.000664762243458128e+00
1.000184042269571583e+00
1.000093378533158939e+00
9.999846840297962336e-01
9.998312645587421610e-01
9.997831719994186850e-01
1.000098741478079534e+00
9.999488098323040530e-01
9.990999888049116873e-01
1.000351122442167062e+00
9.999659928394147856e-01
9.994210012030267931e-01
9.999775837950838353e-01
9.998620593094745823e-01
1.000865866369801349e+00
1.000165483772860631e+00
9.997994141293881087e-01
1.000137256423794030e+00
9.998816404103002542e-01
1.000091764722101706e+00
9.995981630841277443e-01
1.000242477962411503e+00
9.998602216883990534e-01
9.995915535541938235e-01
1.000185039387842645e+00
9.999798820995108306e-01
1.000490857021580027e+00
1.000185308017084829e+00
9.996220851315279488e-01
1.000184799221239595e+00
9.996488847733273619e-01
9.998307185708130707e-01
9.997443768042129086e-01
9.999302637207683198e-01
1.000026499076042796e+00
1.000133990561395070e+00
1.000170762039406469e+00
9.998383543304584231e-01
9.997536374171123175e-01
1.000247914465850041e+00
9.999642781303534900e-01
9.996051875937972397e-01
1.000131829715206866e+00
9.998548295251348250e-01
9.999048342466281269e-01
1.000224334502728629e+00
9.999108014472913863e-01
1.000287401354445604e+00
1.000650858493022932e+00
9.999687562267728369e-01
1.000002734305943886e+00
1.000359213520194190e+00
1.000208096033258443e+00
1.000207517946355873e+00
9.999243998225914032e-01
1.000251696827839210e+00
1.000311578619689890e+00
1.000009873162321039e+00
1.000142083174306640e+00
