0.000000000000000000e+00
0.000000000000000000e+00
0.000000000000000000e+00
0.000000000000000000e+00
0.000000000000000000e+00
0.000000000000000000e+00
0.000000000000000000e+00
0.000000000000000000e+00
0.000000000000000000e+00
0.000000000000000000e+00
0.000000000000000000e+00
0.000000000000000000e+00
0.000000000000000000e+00
0.000000000000000000e+00
0.000000000000000000e+00
0.000000000000000000e+00
0.000000000000000000e+00
0.000000000000000000e+00
0.000000000000000000e+00
0.000000000000000000e+00
0.000000000000000000e+00
0.000000000000000000e+00
0.000000000000000000e+00
0.000000000000000000e+00
0.000000000000000000e+00
0.000000000000000000e+00
1.877105674959966830e-02
3.965520171879668432e-01
1.394901721096597047e+00
1.782125637543459540e+00
1.310796142191006819e+00
8.090804666438196069e-01
4.804981817605401551e-01
2.778057861341739487e-01
2.237251343439962403e-01
2.254207318470810850e-01
2.295657504269779936e-01
2.437345415635382151e-01
2.201209264992829706e-01
2.158765762442713121e-01
2.174038159432122308e-01
2.480046403935701194e-01
3.043477968310849824e-01
3.887483538285156359e-01
5.329114385694467826e-01
6.851789314254298491e-01
8.520423409671736836e-01
1.048216961576357020e+00
1.188424010764736138e+00
1.289658929692032441e+00
1.423636100348363298e+00
1.538383288783502723e+00
1.510471001723325601e+00
1.577971496141126639e+00
1.533468524904152863e+00
1.433768699428761284e+00
1.289307976776977283e+00
1.192419788857671081e+00
1.060898003678321544e+00
9.726599235901882690e-01
9.434736372716435726e-01
9.187928552236503954e-01
9.017770072429209804e-01
8.879844143832346104e-01
9.020177074794406558e-01
9.256952250902178436e-01
9.293664518079411963e-01
9.755278642950998558e-01
9.406511634657130916e-01
9.715024476290230471e-01
9.902905705140354620e-01
1.005720836072797608e+00
9.934681478809146427e-01
1.044954279994831925e+00
1.037517825859728404e+00
1.044445263063396689e+00
1.053248890924481929e+00
1.069594064889638041e+00
1.059525226212421956e+00
1.034498617614524552e+00
1.022790621947157863e+00
1.002013789134066801e+00
1.001307176482125749e+00
9.933506915804689585e-01
9.755178687037305840e-01
9.760964488292255270e-01
9.821140320266404933e-01
9.783908892800368129e-01
9.867876309736124396e-01
9.995043670182330864e-01
9.799526013866867169e-01
9.991975054897503927e-01
1.007755688516435377e+00
1.003204624018308788e+00
1.025044627537456288e+00
1.026312553112057158e+00
1.017468881049137686e+00
1.017923228844364258e+00
1.013393679834915240e+00
1.013300618834780398e+00
1.016208459511844797e+00
1.002233891957341916e+00
9.993372580814207096e-01
1.001410732307103979e+00
1.000686977688068913e+00
9.963164064879350690e-01
9.930950950307020353e-01
1.000430159574688727e+00
9.890733798416114775e-01
9.923113467986487413e-01
9.887924068710716163e-01
1.003319727298070507e+00
9.945205607614168164e-01
9.971827253649347966e-01
1.004477661213240669e+00
9.947195999587725712e-01
1.000300241796652889e+00
9.914629804218183518e-01
9.890705380866603447e-01
9.906810448583465156e-01
9.923744613885617794e-01
1.007943716967010461e+00
9.801338407758891647e-01
9.864964637748586673e-01
9.923589145327720296e-01
9.901255918883540286e-01
9.989605708263136208e-01
1.017413234219647356e+00
1.000961059320758295e+00
9.916937211510316041e-01
9.941649083366702611e-01
9.898137034650598132e-01
9.947916099217848362e-01
1.001470107640203944e+00
1.000662446135105910e+00
9.933070466050956115e-01
9.857405849411361443e-01
9.980919097565635889e-01
9.986449929463260267e-01
1.000637848046388445e+00
9.921547420422220931e-01
9.988889551609471118e-01
1.002383073514386602e+00
1.004466708802759456e+00
9.929483429546508422e-01
9.979040721268871428e-01
9.978411649777266801e-01
9.917497833825044129e-01
9.995412938398522407e-01
9.904022722139851354e-01
9.910208430384457312e-01
9.883489831740971399e-01
9.842445501885450643e-01
9.886674987151155003e-01
9.967875436465650774e-01
9.948582189085581895e-01
9.882136854178207308e-01
9.901073472168414602e-01
9.944460891745052766e-01
1.004039774205003122e+00
9.933586103324218985e-01
9.959808353435745110e-01
9.968159285836744044e-01
1.003005648377451875e+00
9.895083798838937295e-01
9.941682409638483708e-01
9.975751004826635127e-01
9.955436538275406200e-01
9.999674832096902000e-01
1.004768567200529317e+00
9.928129455931385960e-01
1.000677170525569926e+00
9.886435755779190426e-01
9.922800222112970747e-01
9.914605417403259402e-01
9.962666811049395443e-01
9.877603240901225989e-01
9.938390103444555423e-01
1.001436987119326938e+00
9.985956825746274967e-01
1.002189583311020371e+00
9.968394597315300976e-01
9.878253256698148466e-01
9.990527169214915570e-01
1.001749368815142427e+00
1.007586543975568683e+00
9.879031216202988075e-01
9.943435028372522577e-01
1.000851695651550965e+00
1.000338992804004734e+00
1.000054328779901747e+00
9.982111585830109046e-01
9.984512577861052174e-01
1.000604860564445975e+00
1.006390357523825996e+00
1.001070978044287907e+00
1.005879761649491888e+00
9.999611532158234617e-01
1.000216680725868112e+00
1.000731528669817960e+00
1.003400004914565713e+00
9.913386542166096049e-01
1.000411754161899980e+00
1.005789080513087796e+00
9.989083358957746572e-01
1.004023296730835790e+00
1.000768765324325793e+00
1.004358282147390646e+00
1.005634404116141578e+00
1.006885508646620853e+00
9.963002960258661167e-01
1.000871061771085868e+00
1.005049107523257934e+00
9.996474954167245963e-01
1.005864348900580296e+00
9.985238314989327568e-01
1.002034082630803846e+00
9.955862158732656786e-01
9.950821028569624138e-01
1.002440026078025959e+00
1.002912810913574093e+00
1.008804461421188847e+00
9.963349931002889459e-01
1.004409413546242025e+00
1.001563040727840193e+00
9.962515930286327537e-01
9.983827924758117422e-01
9.972922734117465327e-01
1.000512909678897167e+00
1.002638454285330827e+00
9.966747435648334319e-01
9.975290478606145816e-01
1.001246238629135643e+00
1.010146641979806414e+00
1.007039812501530296e+00
1.001322505061074120e+00
1.003785724785404954e+00
9.969048680232346360e-01
9.966976946777508228e-01
1.004285171748144911e+00
1.002230370538016224e+00
1.001214905947437783e+00
1.003869925655796136e+00
1.005491551624937641e+00
9.941188539184119266e-01
9.973673687938798826e-01
1.004446844187977028e+00
1.001597858892652848e+00
1.000171146270038447e+00
9.976444007417845095e-01
1.001103250249653076e+00
9.969930980552458299e-01
1.000019419413526123e+00
1.002864477623825579e+00
9.950498000720696679e-01
9.948088485042559936e-01
9.980180106879470436e-01
9.993877866594470527e-01
9.998976382424498155e-01
1.003042290023169469e+00
1.002952316673552335e+00
9.964144206682288285e-01
1.002067319853257477e+00
9.966974872735652191e-01
9.986445413798509252e-01
9.978782656569121778e-01
9.944873128232676329e-01
9.988203122880431328e-01
9.944846795481182555e-01
9.950685436500149583e-01
9.936436798102331602e-01
9.886446897289464797e-01
9.935723351030271155e-01
9.957931845230716394e-01
9.953396582286797578e-01
9.951009540475498349e-01
9.983747050783301491e-01
1.000214461693410106e+00
9.978292495173642918e-01
9.945158900882100639e-01
