0.000000000000000000e+00
0.000000000000000000e+00
0.000000000000000000e+00
0.000000000000000000e+00
0.000000000000000000e+00
0.000000000000000000e+00
0.000000000000000000e+00
0.000000000000000000e+00
0.000000000000000000e+00
0.000000000000000000e+00
0.000000000000000000e+00
0.000000000000000000e+00
0.000000000000000000e+00
0.000000000000000000e+00
0.000000000000000000e+00
0.000000000000000000e+00
0.000000000000000000e+00
0.000000000000000000e+00
0.000000000000000000e+00
0.000000000000000000e+00
0.000000000000000000e+00
0.000000000000000000e+00
0.000000000000000000e+00
0.000000000000000000e+00
0.000000000000000000e+00
0.000000000000000000e+00
2.627630482512591584e-02
4.775478105216907632e-01
1.558628565068651772e+00
2.010612828659852802e+00
1.437450857178818264e+00
9.278726360472752122e-01
4.860556704868024269e-01
3.294507802996426982e-01
2.646725136957059354e-01
2.724594286551897393e-01
2.636719046790986232e-01
2.797921988718088948e-01
2.458831665761573859e-01
2.445742431434582420e-01
2.346552513401718443e-01
2.862423784965879570e-01
3.342313001090797542e-01
4.607992309483936455e-01
5.744497366006706685e-01
7.605458766863225639e-01
9.214357220361122369e-01
1.133970646132107518e+00
1.312964435580719069e+00
1.386067930483131594e+00
1.486780880909151836e+00
1.614983072219636329e+00
1.631044661956324804e+00
1.605643028334297950e+00
1.577661954867581651e+00
1.424608778682832755e+00
1.302159366559278331e+00
1.214004224515843111e+00
1.076947162540500047e+00
1.015733435102439630e+00
9.527230347361821394e-01
9.268719325552636779e-01
9.244459876097840256e-01
9.107605752700260737e-01
9.347025426436440521e-01
9.532356829968875456e-01
9.626387750152992639e-01
9.803282950062818246e-01
9.801479820982476054e-01
1.002904957902619909e+00
9.986577416512253391e-01
1.017460257899978293e+00
1.033347889010444609e+00
1.045682063390855232e+00
1.075748463585602277e+00
1.058656510447263832e+00
1.063708056915585010e+00
1.050480921435291481e+00
1.049450343297786414e+00
1.036355006631801023e+00
1.031108773641471910e+00
1.029279333257142603e+00
1.005059651571750479e+00
1.003912625258104541e+00
9.779845984814539150e-01
1.002755958936894398e+00
9.977629876042974910e-01
9.909272279751984991e-01
9.785057946171369370e-01
9.846553461417211217e-01
9.935950331531558932e-01
9.930938328229712564e-01
1.005323038841482663e+00
1.004365089382874832e+00
1.011931236727327432e+00
1.027272574100363656e+00
1.026051516859403767e+00
1.009064373469352960e+00
1.018569942616286417e+00
1.019635814410208008e+00
1.009494943475905293e+00
1.013436489833862364e+00
9.995302024048889900e-01
1.004119999677647979e+00
9.938666812533180073e-01
9.951893717334848732e-01
9.959387112274644682e-01
9.912980234778867583e-01
9.916972590933826881e-01
9.866395984762797999e-01
1.000602240080476379e+00
9.877712253131962772e-01
9.978895445677885556e-01
9.874436412956023590e-01
1.000334468590406312e+00
9.927714001148362222e-01
9.990139192573693760e-01
1.005282928904957407e+00
1.007021590232784591e+00
9.972537267180136000e-01
9.893495347357796899e-01
1.014474392424357552e+00
9.977157126028795009e-01
9.971373007724168014e-01
1.000148032855892488e+00
1.016955168768505890e+00
1.001970149726768566e+00
1.002248492066737162e+00
9.905818686557041897e-01
1.014211519436495568e+00
9.894780486027990873e-01
9.892367515701860903e-01
9.971867409589243447e-01
9.903656106022354910e-01
9.954408493028482630e-01
1.001084589559669613e+00
9.915643114410587211e-01
1.002259264445921172e+00
9.840933219604235394e-01
9.991960870412089912e-01
9.898980324633959160e-01
9.948181141232323998e-01
1.002781306773138592e+00
9.935590323617551345e-01
9.974053840103224156e-01
9.941409545923294289e-01
9.969835956033830104e-01
9.965376871638089717e-01
9.842076200753904214e-01
9.919045447438440410e-01
9.941019923326164243e-01
9.919913734456012877e-01
9.861945113400096830e-01
9.985622194457653977e-01
9.912828737120673583e-01
9.867243098231972542e-01
9.803172150837278220e-01
9.926181420756960971e-01
9.920959390568871994e-01
9.912755877835365270e-01
9.944411402255678434e-01
9.875972692175097878e-01
9.961963144331149600e-01
9.916909152946511430e-01
9.809858230194414830e-01
9.889226951079435057e-01
9.923192000677307778e-01
9.854393211162024713e-01
9.873343826487674946e-01
9.928326681056142133e-01
9.867074697653792636e-01
1.001004463824840096e+00
9.943495467045567748e-01
9.969771015427709715e-01
9.777477140637091946e-01
9.976442619206289386e-01
9.953845491654302879e-01
9.913132076122815883e-01
9.963100516409308938e-01
1.000336540657686291e+00
9.939158614126661906e-01
9.960988032600899267e-01
9.961162970773630443e-01
9.868353876157712756e-01
9.944449617643712491e-01
9.848247356789406881e-01
9.920473500422933855e-01
9.965105924705375262e-01
9.949619807991573195e-01
9.939594444245672955e-01
1.001513595301552151e+00
9.970481612616574063e-01
1.007739627309268693e+00
9.971570184997808894e-01
9.962334485727153410e-01
9.992945572468538984e-01
9.999545829509818295e-01
9.981675339802307256e-01
9.999787605725699580e-01
9.902936985270273107e-01
9.947696209128807920e-01
1.004594882729925587e+00
9.950671570672492416e-01
9.999380046714498871e-01
1.002018508794559670e+00
1.001186355278427254e+00
9.953772348378904233e-01
9.992006903121595229e-01
9.927774247078300363e-01
1.002093614544810274e+00
1.004539450895740371e+00
9.952690137197574005e-01
9.955133398598887684e-01
9.951599694849222466e-01
9.942398754999016708e-01
1.002334487461725709e+00
9.995085107165548877e-01
9.990187439937866509e-01
9.922284448211371455e-01
1.000540554942555671e+00
1.002791656634240525e+00
9.956248677377460554e-01
9.963477673754554953e-01
9.995776330364052331e-01
9.982119709416241715e-01
9.971033569982439282e-01
1.004184798332686368e+00
9.979104061510231105e-01
9.985616519132289870e-01
9.998143880462069255e-01
1.000883789856631623e+00
9.971379802363650180e-01
9.927244560144348196e-01
1.002493431645313349e+00
9.926192266329028069e-01
1.000845019264153146e+00
9.933889620969541534e-01
9.945643255339754463e-01
9.944221035870535186e-01
9.924665510353466447e-01
9.985654175968557977e-01
9.912056324332053636e-01
9.904784657258517422e-01
9.963327266092573131e-01
9.921465081877760550e-01
9.991934361479929416e-01
9.971121589419315034e-01
9.919330451413880256e-01
9.935930145729262586e-01
9.916370372191076754e-01
9.950583478810657301e-01
9.998528150611621923e-01
9.938717038727685749e-01
9.946510649789738201e-01
9.976262127544814895e-01
9.905794324475438728e-01
9.938101674782776618e-01
9.974977050326879757e-01
9.941152401956029339e-01
9.925854605095157934e-01
9.929534877948879013e-01
9.953494867323798845e-01
9.910037710023349433e-01
9.995482854056175759e-01
1.000229106336908425e+00
9.974117628986738371e-01
9.966686514902477478e-01
9.952547805904671252e-01
9.861089516426123636e-01
9.945036774685308556e-01
9.959377121647845499e-01
9.986827797125265027e-01
9.952718839248515525e-01
9.935670167284447185e-01
9.937149166639488440e-01
9.945378736921930418e-01
9.948143108954516922e-01
9.959082817099624840e-01
9.966634987895843789e-01
9.976861605092650631e-01
