0.000000000000000000e+00
0.000000000000000000e+00
0.000000000000000000e+00
0.000000000000000000e+00
0.000000000000000000e+00
0.000000000000000000e+00
0.000000000000000000e+00
0.000000000000000000e+00
0.000000000000000000e+00
0.000000000000000000e+00
0.000000000000000000e+00
0.000000000000000000e+00
0.000000000000000000e+00
0.000000000000000000e+00
0.000000000000000000e+00
0.000000000000000000e+00
0.000000000000000000e+00
0.000000000000000000e+00
0.000000000000000000e+00
0.000000000000000000e+00
0.000000000000000000e+00
3.457164215820351938e-02
1.026769714469645933e+00
3.407808200592641779e+00
3.395195544232928242e+00
1.878375108370023749e+00
8.489651986612032353e-01
3.906092826700612863e-01
1.973735647450630126e-01
1.202217327714749096e-01
1.815210424886684881e-01
6.922003870909559931e-01
1.457526083795501082e+00
1.706978309574976427e+00
1.437028889054169145e+00
1.046959880724506409e+00
7.828499972480174041e-01
6.655901650698102801e-01
6.536769876916087574e-01
7.051715267309994761e-01
7.877960258385807713e-01
8.849656390120161920e-01
9.754611825594072805e-01
1.059934518347110499e+00
1.130574271510327522e+00
1.185528153908280924e+00
1.212737810721716603e+00
1.227605519681304491e+00
1.215735166402132972e+00
1.188511422954054764e+00
1.143430810556647970e+00
1.107117052877287344e+00
1.067370059800529347e+00
1.031492165936750860e+00
1.008394225171274083e+00
9.861994150740313048e-01
9.607164305577555741e-01
9.494405404822160444e-01
9.378110289790788645e-01
9.300629108895831498e-01
9.299675009698872286e-01
9.243285545597316188e-01
9.297381433182223542e-01
9.340489980053012786e-01
9.474557379696092463e-01
9.571244923094033297e-01
9.670930983718714069e-01
9.840553416377887386e-01
9.917606041226004754e-01
1.002534585819477186e+00
1.010034111505751175e+00
1.017331141827799934e+00
1.020834728915826606e+00
1.022964218499499145e+00
1.026703371801060971e+00
1.024963774652055903e+00
1.021867975230874803e+00
1.020064972070053200e+00
1.016234194847893235e+00
1.013138842228242353e+00
1.008515274678686291e+00
1.002907359085293715e+00
1.003268492255332767e+00
9.989604666067486427e-01
9.977073822071409470e-01
9.994404489448497353e-01
9.960567179530570581e-01
9.948387749608326169e-01
9.949317515633057107e-01
9.925818727621701365e-01
9.943723892673410614e-01
9.929397874788309375e-01
9.957679674546500159e-01
9.962430639191800497e-01
9.941766111150542873e-01
9.978204095921449079e-01
9.983968943508270133e-01
9.988681094618030443e-01
9.982816353330674630e-01
9.999845218192009444e-01
9.994860661688733661e-01
1.000388601849496961e+00
9.989994710136643752e-01
1.000337451233104469e+00
1.000848887813689636e+00
9.998187733807516464e-01
1.000244512180094691e+00
1.000412857239680653e+00
1.000576944818114544e+00
9.970140739509897321e-01
1.002067275975994320e+00
1.001684604426070546e+00
1.000611213360129703e+00
1.000712140587074028e+00
1.000560354360481741e+00
1.001211823185492733e+00
1.000177698571574458e+00
1.000094461554116965e+00
9.988521205048885854e-01
9.979469038455472951e-01
9.999405896538902105e-01
9.995385953583321159e-01
9.999884988192220270e-01
1.000472005093698380e+00
9.983601479432925307e-01
1.000502179755975884e+00
1.000704940934603826e+00
9.999551614144532863e-01
1.000008770521791934e+00
1.000377457364262312e+00
9.992870995495933828e-01
9.999620331013715502e-01
9.993538558844583530e-01
9.999560396122664230e-01
9.984411027245889692e-01
9.980210285854901331e-01
9.993487266661893464e-01
9.990893477435277559e-01
9.997971546041984903e-01
9.984360034902034498e-01
9.986621241661597370e-01
1.000013553736219585e+00
9.981490716737911884e-01
9.982753969016678885e-01
9.988278760267431666e-01
9.994424758096639438e-01
1.000504581233784718e+00
9.999827567279844232e-01
1.001636942242395634e+00
1.002314293369432230e+00
1.001302597235028014e+00
1.001577076471775074e+00
1.001979054167252636e+00
1.001333067338501248e+00
1.001416283450430100e+00
1.001552031456898861e+00
1.001046076556766140e+00
1.000640538082981923e+00
1.000042123317029352e+00
1.000011537194706257e+00
9.999104987334861416e-01
9.998504883771378582e-01
9.988900418179147422e-01
9.982220936153011204e-01
9.992676350111261430e-01
9.976757241601242887e-01
9.987709130140306479e-01
9.986063190972995773e-01
9.987152893817392574e-01
9.978754720855991245e-01
9.995892069862276630e-01
9.994454691449730088e-01
9.994024738676134945e-01
9.999999359225034690e-01
1.000126459194017992e+00
1.000109117282371507e+00
1.000852455561808352e+00
1.000271537509063835e+00
1.000324739087442349e+00
1.001896152621438496e+00
1.001243842965434672e+00
9.999524590057139450e-01
9.997204032702572407e-01
1.000504930368240952e+00
1.000799121958045657e+00
9.999444275775603019e-01
9.995589821846876388e-01
9.991696098050968367e-01
1.000100028611705216e+00
9.994476107078207328e-01
9.991645099695009025e-01
9.996525588214308922e-01
1.000117113200068797e+00
9.997818314159417907e-01
9.999343959173225826e-01
9.990385061090157892e-01
1.000075817785773147e+00
1.000289653997967765e+00
1.001038141012365656e+00
9.996450477767320208e-01
9.989576788964706910e-01
9.994637470934393253e-01
9.998438973903023275e-01
1.001196797385022208e+00
9.998705436060281171e-01
9.995465855242423592e-01
9.997979225172000106e-01
1.000506061966102145e+00
9.999721637610513580e-01
9.994993452763425434e-01
9.993174328679728102e-01
9.998374629133670588e-01
1.000410624840573304e+00
9.992371886876481035e-01
1.000004823734107706e+00
1.000653814044424994e+00
9.991345067301474758e-01
1.000698166115763454e+00
1.000151202919459692e+00
9.997744915520232478e-01
9.989639035341942863e-01
9.997782600759289595e-01
1.000821798025149922e+00
1.000088599100352971e+00
1.000739270421858285e+00
9.994905887524925259e-01
9.994512937447751488e-01
9.993658359661707902e-01
1.000119142689435137e+00
1.000845210564386578e+00
1.000070533611708834e+00
1.000414066625550769e+00
9.998226135560017713e-01
9.994721255184261244e-01
9.989193378730737427e-01
9.999534507680307716e-01
9.999935386773429746e-01
1.000824942232833470e+00
9.995768726717018104e-01
1.000876417094966886e+00
9.993961065779130015e-01
9.999904760516912239e-01
1.000477497832785279e+00
1.000063602701937837e+00
1.000454401242678815e+00
1.001036506098163192e+00
1.000018389574029554e+00
1.000492229266350952e+00
1.000190757401210995e+00
9.999689655940765531e-01
1.000168309576254355e+00
9.995315753431721628e-01
1.000096593522139976e+00
9.992778304067017059e-01
1.000469104543463272e+00
9.996995034755338239e-01
9.997167138026508137e-01
9.999388508694768696e-01
1.000696500292030944e+00
1.000804911573478728e+00
1.000081063651610425e+00
9.998163357322682465e-01
1.001305207921615814e+00
9.999613561670904760e-01
1.000468691952738798e+00
1.000475115809669413e+00
1.000143929538856780e+00
1.000257793953994501e+00
1.000192223963703331e+00
9.993330194830339908e-01
9.999061275736351728e-01
9.997270530299706692e-01
9.997957997042504763e-01
1.000082439987102667e+00
1.000334762421145829e+00
1.000898441533884187e+00
1.000813301986490655e+00
1.000038915881270141e+00
1.000603114299007723e+00
1.000258296456762785e+00
