0.000000000000000000e+00
0.000000000000000000e+00
0.000000000000000000e+00
0.000000000000000000e+00
0.000000000000000000e+00
0.000000000000000000e+00
0.000000000000000000e+00
0.000000000000000000e+00
0.000000000000000000e+00
0.000000000000000000e+00
0.000000000000000000e+00
0.000000000000000000e+00
0.000000000000000000e+00
0.000000000000000000e+00
0.000000000000000000e+00
0.000000000000000000e+00
0.000000000000000000e+00
0.000000000000000000e+00
0.000000000000000000e+00
0.000000000000000000e+00
0.000000000000000000e+00
3.346403624842868990e-02
1.030471935905545866e+00
3.423517004842501432e+00
3.404094904649938691e+00
1.896211003070591650e+00
8.543221812378707369e-01
3.920416688423380980e-01
1.983355216737540672e-01
1.192035744163427169e-01
1.840499810365877065e-01
6.905127991363271267e-01
1.460211327080557675e+00
1.721721646860279398e+00
1.443524491204327909e+00
1.053415313978781853e+00
7.790138303104703343e-01
6.641927828098349584e-01
6.499605449025368520e-01
6.971576112237197753e-01
7.841136402834539831e-01
8.823496651526394619e-01
9.736193652664146825e-01
1.054666869288169107e+00
1.131840531062935362e+00
1.180769293829229794e+00
1.220155281119808643e+00
1.228891333078210968e+00
1.219655428781709183e+00
1.193337085232371475e+00
1.150877541979957508e+00
1.102306133282847656e+00
1.071052570610212307e+00
1.034773037215784619e+00
1.005535614882623996e+00
9.859051565233116765e-01
9.652732831430674842e-01
9.519931329938580156e-01
9.404489177412169720e-01
9.315954509752695234e-01
9.282892632843587899e-01
9.256169197705150786e-01
9.273565910884203900e-01
9.362021848266138813e-01
9.439553162544569442e-01
9.584445419522600318e-01
9.689912776991131960e-01
9.827907933504790305e-01
9.936052670538180198e-01
1.001484845230427023e+00
1.010138982229653593e+00
1.018950168995456096e+00
1.021162683794598403e+00
1.026414422708271657e+00
1.024160195825493114e+00
1.024486529460086892e+00
1.022992710253711524e+00
1.018965700521313744e+00
1.015211732814190082e+00
1.011837670822987922e+00
1.005031403760611175e+00
1.005840283322412931e+00
1.003760219072117321e+00
1.000581366498991320e+00
1.001960670538444509e+00
9.969409106627702410e-01
9.967262357049484489e-01
9.954668087578040225e-01
9.920673491755586104e-01
9.972840887510074914e-01
9.943519653886416787e-01
9.956859274878224753e-01
9.939790886806345593e-01
9.966997112128759273e-01
9.952433982124575529e-01
9.960466655678789083e-01
9.969307702578689145e-01
9.973029633508169178e-01
9.995149432361463138e-01
1.002022404397494348e+00
1.000353997884645851e+00
1.001284444935719220e+00
1.002163960714878010e+00
9.998988285631291717e-01
9.997872359769547357e-01
9.998806360206390353e-01
1.000853790871145454e+00
9.993005599858674204e-01
1.000986178159023243e+00
1.002286965888338210e+00
1.000427170052513359e+00
1.001374391721358892e+00
1.000607557431510308e+00
1.000601887590865324e+00
1.002184151629356812e+00
9.999823818827729971e-01
1.001036492217672436e+00
9.999026780005144666e-01
1.001239428121375896e+00
9.986120508531470819e-01
1.000093011934592768e+00
1.001609669995271901e+00
1.000656283316486039e+00
9.989462272013971411e-01
1.000823159104726967e+00
1.001101041191601038e+00
1.002817294470233822e+00
1.000795063405140128e+00
9.995944511711113423e-01
1.000984576902478107e+00
1.000680609148517197e+00
9.999526925409528699e-01
9.997093921628196211e-01
9.995967486556273096e-01
1.001652322213774537e+00
9.990617538982101697e-01
9.990649671273938992e-01
1.000263089305200026e+00
9.999647503075409505e-01
9.982780845952881066e-01
9.980275643849088052e-01
9.999251372647909308e-01
9.988869955016282942e-01
9.997220721882522643e-01
9.994453872677965256e-01
9.988806960767464549e-01
1.001092503636890951e+00
1.002370359553041546e+00
1.002984594839068988e+00
1.001477988327589275e+00
1.003143764676821315e+00
1.003811627508426563e+00
1.002601731452901657e+00
1.003124689567601813e+00
1.000786098714660843e+00
1.001482817407608472e+00
1.000172439409722003e+00
1.000723239867131298e+00
1.001682937283027153e+00
1.000405865942457062e+00
1.000475418440440523e+00
9.985831478376386849e-01
9.996945239610425249e-01
9.995558608272286927e-01
9.985957145746684471e-01
1.000204861433664272e+00
9.989253503402319989e-01
9.979991944771804402e-01
9.993892445395412549e-01
9.991591616025490286e-01
9.995952557000001848e-01
9.997348950905247111e-01
1.000512480547311567e+00
1.000095321393069225e+00
1.000971453787738774e+00
1.000896351661909156e+00
1.000281786447830168e+00
1.001504026519502544e+00
1.000473354931356473e+00
1.002276420776756494e+00
9.999280030622494930e-01
1.000197616682086066e+00
1.001054039223768344e+00
9.999295563593403324e-01
1.000402692344850353e+00
9.998615481184753850e-01
1.000549374209488862e+00
9.994615591289806034e-01
1.002030878340199216e+00
1.000351696198299001e+00
1.001063745217103174e+00
9.996066507176852856e-01
1.000263090954131240e+00
9.999866936732088041e-01
9.996471383448166659e-01
9.991823395797376772e-01
1.000361892247153550e+00
9.996108406004503566e-01
1.000317880215956690e+00
9.991669860617795607e-01
1.000157455130848971e+00
9.992673560781240027e-01
1.000033464367773739e+00
9.994746864032552081e-01
1.000422152144578192e+00
1.000481815093951399e+00
9.993220017481695416e-01
9.988533875277023633e-01
9.996244138742536034e-01
1.000044718491723827e+00
9.999805539598310977e-01
9.994151661959750355e-01
9.996938778836730322e-01
1.000888591490302071e+00
1.000296720943808282e+00
1.000505323800192192e+00
1.000645444966821396e+00
1.000348136025593471e+00
1.000326509861108493e+00
1.000152784585591759e+00
1.000077292406626128e+00
9.999189937009117513e-01
1.000007216488110195e+00
9.991535395925854601e-01
1.000532358759400386e+00
9.997548994895598673e-01
9.996309105083145408e-01
9.996162721559668229e-01
9.997982981537231195e-01
9.996645468772376031e-01
9.997323540173184142e-01
1.000912912119997333e+00
9.997508997532225106e-01
9.993044442171116204e-01
9.996418728786274910e-01
1.000027975017044879e+00
1.000099222346853445e+00
9.996471011243356353e-01
1.000822000929904698e+00
1.000071501922975781e+00
9.998692056015394680e-01
9.998215301723258897e-01
9.998583018024890245e-01
9.998322179971934620e-01
9.994268464370772431e-01
9.999062992797174143e-01
1.000662592633356107e+00
1.000732187812615415e+00
1.000084821037380500e+00
9.990658456412747634e-01
1.000081729177519252e+00
9.988129645301960791e-01
1.000403330177997763e+00
1.000325163073678914e+00
1.000699084342676626e+00
1.000981614328692038e+00
9.998778924161385584e-01
1.000159846593130286e+00
1.000325031963529065e+00
9.993388991500562479e-01
9.999705893653775268e-01
9.997737793161938225e-01
1.000508624212092412e+00
1.000054297626433941e+00
9.997932872848156460e-01
9.998833677536328457e-01
1.000429255664622819e+00
9.999989776826021526e-01
9.994794175904034850e-01
9.995289106707222482e-01
1.000152197771143392e+00
9.998210072604151177e-01
9.997705444270320596e-01
1.000507816101135816e+00
9.998948577998481024e-01
1.000291100580684045e+00
1.000667531971408009e+00
1.000414130862195661e+00
9.998674116348182928e-01
9.998844658846324229e-01
