0.000000000000000000e+00
0.000000000000000000e+00
0.000000000000000000e+00
0.000000000000000000e+00
0.000000000000000000e+00
0.000000000000000000e+00
0.000000000000000000e+00
0.000000000000000000e+00
0.000000000000000000e+00
0.000000000000000000e+00
0.000000000000000000e+00
0.000000000000000000e+00
0.000000000000000000e+00
0.000000000000000000e+00
0.000000000000000000e+00
0.000000000000000000e+00
0.000000000000000000e+00
0.000000000000000000e+00
0.000000000000000000e+00
0.000000000000000000e+00
2.813723707467777899e-05
3.507175754077294927e-02
1.031800318980229392e+00
3.429842546222293009e+00
3.406890598416144833e+00
1.890916593325833617e+00
8.573550078983600553e-01
3.846778212422854448e-01
2.003507636208589349e-01
1.192576587619514072e-01
1.831514056210983010e-01
6.907543029095976062e-01
1.466479402785772157e+00
1.721879733105135424e+00
1.437742861452250942e+00
1.051350326512863642e+00
7.788078465898983227e-01
6.585566554690931440e-01
6.475312657712929409e-01
6.988199003242852037e-01
7.861061914740929968e-01
8.803792801106037347e-01
9.763936127813351851e-01
1.062150441011333823e+00
1.129970999862797809e+00
1.183334061173541896e+00
1.213291308374273569e+00
1.227878315655662522e+00
1.222816859854839455e+00
1.185147391953464968e+00
1.150015639792251632e+00
1.108795260998069132e+00
1.066997608086248661e+00
1.037309557740427879e+00
1.004793562045703359e+00
9.871343494138663521e-01
9.648868845127172023e-01
9.528911717632816414e-01
9.402497106233677071e-01
9.340093166680425441e-01
9.282717934806667959e-01
9.271915669904386981e-01
9.285143166645996038e-01
9.347851847635787470e-01
9.450082605835624650e-01
9.575391740239445060e-01
9.656212033539423034e-01
9.818536674900275596e-01
9.923101373695534244e-01
1.001424707808993064e+00
1.011594387448239818e+00
1.017388105948041632e+00
1.023453747722535390e+00
1.026546834132330055e+00
1.028064182173360042e+00
1.023118376032297050e+00
1.020826578332382883e+00
1.018654244229447947e+00
1.014682965855321584e+00
1.013465904583995103e+00
1.008646793179193590e+00
1.005865768345572286e+00
1.005634847631498463e+00
1.001484482221453254e+00
1.000939785685973638e+00
1.000021856843025025e+00
9.986983871025589821e-01
9.955101637380132651e-01
9.956273922680828337e-01
9.930443432082284305e-01
9.940933839853266507e-01
9.937252528662359197e-01
9.959576222917660981e-01
9.956449407879600644e-01
9.969923768611547166e-01
9.960916453262483872e-01
9.985560694456323549e-01
9.994189480822285310e-01
9.996327651378564827e-01
1.002022960815084129e+00
9.995667204671677686e-01
1.000661750135941164e+00
9.995663780490620098e-01
9.997306696696867112e-01
1.000321880084782178e+00
1.000365797746587182e+00
1.001194128377400183e+00
1.000294775382273960e+00
1.001321873830791631e+00
1.000711564708761436e+00
1.001693043060488009e+00
9.989947824131917287e-01
1.001284575479923999e+00
1.001783703375388468e+00
1.000835329563774190e+00
1.001906080673651722e+00
1.000835565256270820e+00
9.994309048679284047e-01
9.998099514025915457e-01
1.000491073888715388e+00
1.000435292637499973e+00
1.000211343809524145e+00
9.996485461448647580e-01
1.000393323622643660e+00
1.000477878258520859e+00
1.000018968126993979e+00
9.994472528145876833e-01
1.000943512946695924e+00
9.993220750239641959e-01
1.000788490897025262e+00
1.000071177833749880e+00
1.000880803255629781e+00
9.994772762336660010e-01
1.000787820603011191e+00
1.001244266147586881e+00
1.000014246803086371e+00
9.984759012890802587e-01
1.001376001269554950e+00
9.990161212634862675e-01
9.996813799431653047e-01
9.994356995106292718e-01
9.987556633198756417e-01
9.980573681023304777e-01
9.999624901726746895e-01
9.999726237897768044e-01
9.986807472142390507e-01
1.000496123925852743e+00
1.001567764713045650e+00
9.998383188346050554e-01
1.001355715636315535e+00
1.001912837147216129e+00
1.002519536652761278e+00
1.002288848438467550e+00
1.001746655950909171e+00
1.002049609446059808e+00
1.000424814225472803e+00
1.001221344620173204e+00
1.001488907944729556e+00
1.000613608773956775e+00
9.999380800497936761e-01
1.001177230447992450e+00
1.000354742467745917e+00
1.000384921584005715e+00
9.991923175925850886e-01
9.987649987400299967e-01
9.992599423164212347e-01
9.992516045961963300e-01
9.994331696046103719e-01
9.990026902012733023e-01
9.995941869578356398e-01
9.988467910253617799e-01
9.997654163672657912e-01
1.000402897800453106e+00
1.000721206590758694e+00
1.000481416564149795e+00
1.000705857359011297e+00
1.001482863100191967e+00
9.993533579442933634e-01
1.000184044763643643e+00
1.002064071593775418e+00
1.000904757473736417e+00
1.000750530485611467e+00
1.001782770336449691e+00
1.000698756705552084e+00
9.999934724659447216e-01
1.000886042549007371e+00
1.000880849137353978e+00
9.997655205350682861e-01
9.995125000247738756e-01
9.998549776358763852e-01
9.997203281132217567e-01
9.995158943545734420e-01
9.995489876381943306e-01
1.000437091200903739e+00
1.000202122869854771e+00
1.000296190989204081e+00
1.001038891241138096e+00
9.991219636369743640e-01
9.995111944059076325e-01
9.998254958606134224e-01
9.998961152201689684e-01
1.001266794260871285e+00
1.000179930460722399e+00
9.999322211971554131e-01
1.000355596804318958e+00
1.001173731633848263e+00
1.000445849984489932e+00
1.001551410017684773e+00
1.000289801660684930e+00
1.000438265799208137e+00
9.999745114130080825e-01
9.995154939368571245e-01
9.998348317692645759e-01
9.998345017577072724e-01
1.000638214895560818e+00
1.000433297828492885e+00
1.000191480274328359e+00
1.000360320260654801e+00
9.992666034366434191e-01
1.000614578052088088e+00
1.000624839535052990e+00
1.000662105827164083e+00
1.000985810226719286e+00
1.000296953604335126e+00
1.000333885312403304e+00
1.000154056069251229e+00
9.998604769427228423e-01
1.000558511095007264e+00
1.000053530653228107e+00
9.999093790737519916e-01
1.000172837443869645e+00
9.994788164231402927e-01
1.000527095641426056e+00
1.000769596442692588e+00
1.000430452945202164e+00
9.995834971543682279e-01
9.991910420579243057e-01
1.000784511165969670e+00
1.000241338250569711e+00
1.000581613069728482e+00
9.997623467394088914e-01
1.001018723158791923e+00
1.000020184612545160e+00
1.000135641554352084e+00
1.000647644551410753e+00
1.000115776675334800e+00
1.000204051564999252e+00
1.000450551129725030e+00
1.001064045176722983e+00
1.000643256254776015e+00
1.000257202650403077e+00
9.996014392322343234e-01
1.000674148927966911e+00
9.999852332691638868e-01
1.000827771323456350e+00
1.000126397627332242e+00
9.997012262770091917e-01
9.997517357095453416e-01
1.000401635438993964e+00
9.999949434638798484e-01
1.000274513212298544e+00
1.000352110079697487e+00
1.000707071101573087e+00
1.000559577491494823e+00
9.998552133870605152e-01
1.000431518558190680e+00
1.000486778198711457e+00
1.000637212973711110e+00
9.993861656371653135e-01
9.991094800429277667e-01
9.995088024500887736e-01
9.997158189929160610e-01
1.000177661715516031e+00
1.000562078042128267e+00
1.000315708509674550e+00
1.000340582404104284e+00
1.000061555349864406e+00
1.000085394621524459e+00
9.994432817433537286e-01
9.999919609410544696e-01
