0.000000000000000000e+00
0.000000000000000000e+00
0.000000000000000000e+00
0.000000000000000000e+00
0.000000000000000000e+00
0.000000000000000000e+00
0.000000000000000000e+00
0.000000000000000000e+00
0.000000000000000000e+00
0.000000000000000000e+00
0.000000000000000000e+00
0.000000000000000000e+00
0.000000000000000000e+00
0.000000000000000000e+00
0.000000000000000000e+00
0.000000000000000000e+00
0.000000000000000000e+00
0.000000000000000000e+00
0.000000000000000000e+00
0.000000000000000000e+00
0.000000000000000000e+00
3.517199367097584989e-02
1.033607597928488886e+00
3.415528682436451025e+00
3.395735344964319502e+00
1.881329930741392875e+00
8.521683264121965307e-01
3.902684417731477895e-01
1.992178668714808809e-01
1.209355221538601366e-01
1.812464559070240400e-01
6.906060299835203864e-01
1.459966038883141692e+00
1.715254932954425326e+00
1.434299364276334865e+00
1.051447421461536358e+00
7.826672182524524457e-01
6.654384293122227456e-01
6.471896477019808414e-01
7.053800237334628687e-01
7.837091529368535037e-01
8.797776912762530488e-01
9.812787294622895562e-01
1.062206117788386361e+00
1.128315386937229770e+00
1.181441584135646039e+00
1.219016661477498431e+00
1.227705823632472493e+00
1.215610255988956778e+00
1.187089636947330717e+00
1.153068169275879296e+00
1.107142080701933651e+00
1.065020648356011401e+00
1.034161583655812899e+00
1.005343068219345826e+00
9.833093870361672151e-01
9.646332502722101410e-01
9.537109260950141776e-01
9.430516886867653659e-01
9.356808736663178028e-01
9.287368583431966362e-01
9.274273001246534642e-01
9.280958891395669763e-01
9.339583363301943164e-01
9.442983439632918197e-01
9.557677750043229725e-01
9.679145134698983188e-01
9.813670993215793947e-01
9.913539744848107738e-01
1.001573357114718954e+00
1.008562476908668959e+00
1.013055049101879490e+00
1.022013780393314919e+00
1.025516105666644195e+00
1.024323352811220333e+00
1.024175875735106933e+00
1.023631441738494186e+00
1.017426159503337812e+00
1.015190781096143802e+00
1.010198571922686472e+00
1.009479307424997252e+00
1.004180497462393129e+00
1.003187749705943821e+00
1.002393536234397864e+00
1.000350348321155991e+00
9.961834083424975228e-01
9.963109163813990143e-01
9.970528517889698517e-01
9.946215471527258822e-01
9.944927674739606482e-01
9.940820092572145716e-01
9.916858588679462461e-01
9.939924730803137987e-01
9.928261848820476576e-01
9.942634193156597577e-01
9.984845576570681169e-01
9.980624525997598973e-01
9.991120420983855555e-01
9.986397229862059577e-01
1.000156130603539584e+00
1.000412464030622006e+00
1.000659731824543153e+00
1.000379397067740816e+00
1.000533527080657903e+00
1.001309710826720378e+00
1.000134270798235026e+00
9.999950432940012401e-01
1.001150268498872453e+00
1.002574408803172279e+00
1.000637352325442597e+00
1.000483898553019779e+00
1.001927163037633184e+00
9.996823983688859494e-01
1.002041859129003898e+00
1.000278869201698839e+00
1.001425500729772988e+00
1.000603612093675432e+00
9.994794932154953404e-01
9.994137112608119100e-01
9.992656284558201207e-01
9.992388970692506200e-01
9.987371880768576293e-01
9.987427848084913240e-01
9.992763100092065809e-01
1.000182716293854579e+00
1.000835846866036105e+00
1.000320575007577206e+00
9.993461682025973625e-01
9.996179806611202867e-01
1.000041505890386873e+00
9.995048668715802442e-01
1.000490365528025283e+00
1.000542879172480859e+00
9.990502369730328569e-01
1.000382028172160043e+00
9.991310370808907937e-01
9.988260109250097774e-01
9.996251343370391451e-01
1.000992557579130304e+00
1.000788834362360769e+00
9.995393112797560375e-01
9.997093373592342846e-01
9.979963609399601365e-01
9.989279441861512732e-01
9.986581399985723362e-01
9.995443017650441631e-01
9.993401762276291622e-01
1.000885896745958847e+00
1.000875117877793707e+00
1.001010527577331111e+00
1.001907649302611558e+00
1.003029884337792943e+00
1.002076781142289486e+00
1.002734174080739615e+00
1.001403016105391064e+00
1.001706493606757231e+00
1.001065325203888134e+00
9.988869586133202194e-01
9.997398010353070186e-01
9.996950867951833741e-01
9.997451055503034922e-01
9.993830600428513788e-01
9.991866177428782025e-01
9.982216514570995125e-01
9.992279537339568973e-01
9.989873166979977848e-01
9.990975687601512112e-01
9.995125081465124905e-01
9.994128057013511590e-01
9.995286612570013496e-01
9.989990292071410094e-01
1.000279431015283382e+00
9.994552232150738513e-01
9.993004924342694384e-01
1.001312180820629560e+00
1.001397095919606794e+00
1.001460982964883284e+00
1.001444476485289892e+00
1.000384105778544530e+00
1.001471257145487126e+00
1.000632979620294849e+00
1.001080626219832626e+00
1.000061883389336215e+00
1.000123401228021125e+00
1.000088699744419607e+00
9.997426320373956621e-01
1.000827201674192590e+00
9.997414803183001242e-01
9.999657157468174740e-01
9.998782725209891531e-01
1.000261893266347624e+00
1.000321777886599595e+00
9.999479302672618086e-01
9.995959509036571600e-01
9.981213692209638388e-01
1.000331791475273624e+00
9.999748447112718486e-01
1.001044894359575999e+00
1.000317759337068457e+00
1.000170539992964569e+00
1.000818439865341247e+00
1.000971122260366331e+00
1.000308005881693996e+00
1.000545663993898771e+00
9.996576635547599343e-01
9.995326027985532713e-01
9.997405292471720495e-01
1.000259769488110351e+00
1.000067999840720923e+00
1.001137100994668572e+00
1.000229009045502826e+00
1.000970249356415209e+00
1.000058315211603377e+00
9.993667626532910520e-01
1.000579058717071756e+00
1.000160240272412349e+00
9.993824832373008338e-01
1.000260924448919564e+00
1.000485462073938292e+00
1.000471219121140454e+00
9.996022043269237045e-01
1.000183751927671505e+00
1.000413012683095237e+00
1.000307639253706693e+00
1.000615667753695703e+00
9.994492868833658727e-01
9.995062722702565683e-01
1.000167549274044276e+00
1.000677515535355333e+00
9.994997350339130948e-01
9.997074464817710115e-01
9.999190729930405031e-01
1.000518664212046271e+00
1.000668095324607876e+00
1.000013404403589767e+00
1.000881840470672524e+00
1.000485774681432183e+00
1.000529683425801064e+00
1.000286318630752014e+00
9.998063606080348498e-01
9.998264823131532975e-01
1.000189958658211031e+00
9.998345134194918105e-01
9.997483496109823564e-01
1.000099393959913208e+00
9.994983414215645734e-01
1.000467169951747115e+00
9.999305013265336051e-01
9.989751534040967051e-01
1.000329649541897625e+00
1.000109044481755749e+00
1.000255753735336262e+00
1.000421821465319994e+00
9.999534636038401869e-01
1.000091308786950295e+00
9.998583161662382146e-01
9.998286312283958255e-01
9.987344101470487789e-01
1.000346306845763422e+00
9.999952792794764012e-01
1.001099563988786967e+00
1.000016868122264979e+00
9.996230294194720090e-01
9.998520683881539917e-01
1.000457312581859659e+00
1.000399464480509204e+00
1.000464839953951079e+00
1.000375340624070741e+00
1.000422804883841721e+00
1.000015081588212507e+00
1.000101622064246243e+00
1.000531814498951455e+00
1.000291076639795662e+00
9.992489291904931292e-01
1.000484207416454829e+00
1.000322010066994061e+00
1.000061422168577741e+00
1.000675640258707810e+00
1.000030890883744084e+00
1.000321799228719222e+00
