0.000000000000000000e+00
0.000000000000000000e+00
0.000000000000000000e+00
0.000000000000000000e+00
0.000000000000000000e+00
0.000000000000000000e+00
0.000000000000000000e+00
0.000000000000000000e+00
0.000000000000000000e+00
0.000000000000000000e+00
0.000000000000000000e+00
0.000000000000000000e+00
0.000000000000000000e+00
0.000000000000000000e+00
0.000000000000000000e+00
0.000000000000000000e+00
0.000000000000000000e+00
0.000000000000000000e+00
0.000000000000000000e+00
0.000000000000000000e+00
5.628478905566935340e-05
3.402916664345147918e-02
1.037736606591642907e+00
3.413851823654591833e+00
3.412933769154419927e+00
1.885606281663747996e+00
8.603585734971698207e-01
3.873133201622207533e-01
1.965576849099694434e-01
1.197959974835193647e-01
1.813285868949434387e-01
6.961498109563660774e-01
1.465113244560143357e+00
1.716777882118280196e+00
1.444972728625104619e+00
1.048182933032605124e+00
7.755767506950232981e-01
6.619914453039746904e-01
6.471551889317552764e-01
6.995089996728330872e-01
7.882334314132737330e-01
8.801422996543810662e-01
9.807310247463560948e-01
1.054156173368847593e+00
1.130805319190313130e+00
1.184579421300105961e+00
1.214285050015042167e+00
1.229985495901988468e+00
1.217599940716735274e+00
1.191418413704819601e+00
1.146719885966075658e+00
1.107838920716476938e+00
1.066583772184961809e+00
1.033193411568399167e+00
1.007303484411474770e+00
9.851109958960333479e-01
9.668868500479246286e-01
9.525184396991580593e-01
9.430662531830311668e-01
9.321991479286555471e-01
9.257854653247639121e-01
9.248470207969989865e-01
9.290721204739371686e-01
9.348890550657039666e-01
9.464097942568866495e-01
9.585638964143979868e-01
9.680210188850537634e-01
9.826515350648108438e-01
9.900794651071335162e-01
1.005673502272239617e+00
1.009811583432445925e+00
1.015966461829827860e+00
1.020605467759772900e+00
1.023638839885679719e+00
1.024772279994736968e+00
1.026512054543612606e+00
1.021270394302421725e+00
1.020249118180475145e+00
1.015053234705233454e+00
1.009189755697428748e+00
1.008866357024699401e+00
1.005581768918867969e+00
1.001159685825122381e+00
9.986667841166739779e-01
9.970809759259552374e-01
9.982908905150399415e-01
9.972356770987584884e-01
9.954037184278333728e-01
9.951891531390794077e-01
9.951387440303167686e-01
9.955350153676235658e-01
9.914235383727942885e-01
9.941673409154775376e-01
9.964674516798147641e-01
9.973022842553950218e-01
9.974117052779072345e-01
9.984240739438219325e-01
9.984884465131704800e-01
9.980176587248255071e-01
9.983150761341312851e-01
9.982930045022581078e-01
1.000335364951709716e+00
9.989006587356122902e-01
1.000016612715473041e+00
9.995270825733140185e-01
9.990644460951452199e-01
9.996088452835110161e-01
1.001007332508270009e+00
1.000369955277633061e+00
1.001466209893488557e+00
1.000281061027300522e+00
1.001612746245453600e+00
1.000037164856310667e+00
1.001577070963068472e+00
1.000813961564991361e+00
1.002123421903428291e+00
1.001725854932079773e+00
1.000651674707285999e+00
9.995315806588810359e-01
1.000005977721038608e+00
1.000363679090343183e+00
1.000896298170595999e+00
9.991215381620397462e-01
1.000167968956976461e+00
1.000390341509339143e+00
1.000455369645991466e+00
9.993621123223243030e-01
1.000388400919728360e+00
9.996205850947192939e-01
9.999061270426922166e-01
9.988534888752512719e-01
1.000232430535422656e+00
1.000077549429657653e+00
1.000292267346510444e+00
9.997623188885610412e-01
9.981706424476400885e-01
9.987420867996947837e-01
9.990612366693910618e-01
9.994502223335928193e-01
1.000103507453112384e+00
9.984815359600388573e-01
9.992548093835690315e-01
9.979437971530000784e-01
9.990238863368109401e-01
9.998199670668552752e-01
1.000254002639877848e+00
1.000442512286858765e+00
1.001532776086179188e+00
1.001058474362356732e+00
1.002401957874164973e+00
1.002834426487990482e+00
1.001629757120453990e+00
1.001852019071852062e+00
1.001767612158102061e+00
1.001568239741500443e+00
1.000062233525528699e+00
1.000560141444807760e+00
1.000709693752571905e+00
9.998821300817994917e-01
1.000329210071980723e+00
9.993370411025167543e-01
9.984187463612073099e-01
1.000235448439527719e+00
9.994639668731957194e-01
9.994516553882721865e-01
9.984990253713366126e-01
9.978303627096203332e-01
9.982469315970955437e-01
9.986695953196180753e-01
9.988086044479389525e-01
9.995108508305446948e-01
9.992629450456204099e-01
1.000814850684741852e+00
1.000424038013277617e+00
9.996291274070490118e-01
1.000898500548996761e+00
1.001418473632984085e+00
1.000687303029621944e+00
1.001010395908558115e+00
1.000654750970883855e+00
1.001340921624417346e+00
1.000145407840613343e+00
9.999281114243573354e-01
9.994565942005869674e-01
9.999342091306735458e-01
1.000011382069636801e+00
9.998379359083512385e-01
9.993609541169526933e-01
9.999513844462472045e-01
9.994858285445679114e-01
1.000192373513462130e+00
1.000379067580595027e+00
9.991537715715885781e-01
9.991150573944661550e-01
9.995830924115675087e-01
9.986788716555066170e-01
1.000952170515623241e+00
9.995328497399258438e-01
9.995337859417114945e-01
1.001317984610343270e+00
1.000214750267327757e+00
1.000142777547663231e+00
1.000230274125620600e+00
1.000084655577177406e+00
1.000355101100770749e+00
1.000138199486265700e+00
1.000795948332267260e+00
9.993821393689283905e-01
9.993697516319653973e-01
1.000043798262781003e+00
9.992060826632330750e-01
1.000379908619738467e+00
9.999429151228563795e-01
9.991870681849926994e-01
1.000209219673092287e+00
1.000368578327928581e+00
9.989363008190285109e-01
9.998525305697619769e-01
9.998025918936747081e-01
1.000023865705464976e+00
1.000710688286210459e+00
9.999717580971944075e-01
1.000516495299680120e+00
9.997649029311995728e-01
9.999030211205292007e-01
9.986622299579323014e-01
1.000670689156869964e+00
1.000378278278619026e+00
1.000415138946930238e+00
1.000951038635579327e+00
1.000063387720072638e+00
1.000140108359609759e+00
9.997099945518411745e-01
9.994028519078169692e-01
9.996967975395087969e-01
1.000411495676206908e+00
1.000630869809370882e+00
1.000020883804548566e+00
9.997513079847188955e-01
1.000428042913607429e+00
1.000522330412021432e+00
9.995745412310316214e-01
1.000173914891749449e+00
1.000254921296219957e+00
9.992800953072453751e-01
9.999518947356090814e-01
9.998171687912231764e-01
9.999178796494458954e-01
9.999968508987165938e-01
1.000292127173558532e+00
1.000675809045181941e+00
1.000185811455670093e+00
1.000033226037651213e+00
1.000028260617189746e+00
1.000357211400956903e+00
9.997887499759701146e-01
1.000434822877626306e+00
1.000833776145821252e+00
9.998549566051385673e-01
1.000305243048417836e+00
9.998071358069577919e-01
9.998770862545829363e-01
9.999020181761727466e-01
9.996667491425863528e-01
1.000743057040939465e+00
1.000189823966271430e+00
9.998415483321214658e-01
1.000221366793601518e+00
9.999096593572914804e-01
1.000548980046011449e+00
1.000152919765222359e+00
9.997392274645001686e-01
9.999088914087874702e-01
1.000010604235059386e+00
9.998320157434215094e-01
1.000126987230598896e+00
1.000224129669556206e+00
9.994021747775005959e-01
1.000663862676512972e+00
1.000176164364051434e+00
