0.000000000000000000e+00
0.000000000000000000e+00
0.000000000000000000e+00
0.000000000000000000e+00
0.000000000000000000e+00
0.000000000000000000e+00
0.000000000000000000e+00
0.000000000000000000e+00
0.000000000000000000e+00
0.000000000000000000e+00
0.000000000000000000e+00
0.000000000000000000e+00
0.000000000000000000e+00
0.000000000000000000e+00
0.000000000000000000e+00
0.000000000000000000e+00
0.000000000000000000e+00
0.000000000000000000e+00
0.000000000000000000e+00
0.000000000000000000e+00
0.000000000000000000e+00
3.561710179639930585e-02
1.031054917867811005e+00
3.424094191514416963e+00
3.397481784878339184e+00
1.880125469875523869e+00
8.614249918714090848e-01
3.879095751052464847e-01
1.979791640150426746e-01
1.241781033796314215e-01
1.819344316145225793e-01
6.919493443028652546e-01
1.457631575286457037e+00
1.714821361962442170e+00
1.446340073284544836e+00
1.044607339853422801e+00
7.879536199354746362e-01
6.616008408373891259e-01
6.434496382051440033e-01
6.976073903721838887e-01
7.811655293456105653e-01
8.833965873564054716e-01
9.751825766740088719e-01
1.059773910809975517e+00
1.128383464652580770e+00
1.182153231386998460e+00
1.214241572845815575e+00
1.227356841442351021e+00
1.214436572420846794e+00
1.192264134901361183e+00
1.145946170196405101e+00
1.107327122031871225e+00
1.063850972199768874e+00
1.035748874111571682e+00
1.007114132417756158e+00
9.851978580396967278e-01
9.677421832808139612e-01
9.544936459543416074e-01
9.415811384365889714e-01
9.310885810365376880e-01
9.277988368863492319e-01
9.235033709183377848e-01
9.290930016551645076e-01
9.354506659136422320e-01
9.446584387519453285e-01
9.564786786379194661e-01
9.724545303539963159e-01
9.807202380321144997e-01
9.919344393922808756e-01
9.995719386985441046e-01
1.011961298383222907e+00
1.016528489576563610e+00
1.020793478709277169e+00
1.025158899720805872e+00
1.024799511862189094e+00
1.023346031735544504e+00
1.023156095081159567e+00
1.019034820858645718e+00
1.014984027620013496e+00
1.014416309597001353e+00
1.009076343908309692e+00
1.006223935001237413e+00
1.004547293389668416e+00
1.000895625186915217e+00
9.997272277855333567e-01
9.977308911602279506e-01
9.982405233918200116e-01
9.972766435055080425e-01
9.937752097672531981e-01
9.939551118753389147e-01
9.946210556396370972e-01
9.938139457067303173e-01
9.974199291675789336e-01
9.957426391869963478e-01
9.944530556592927617e-01
9.982104785131832303e-01
9.975305218797698714e-01
1.000295746630184945e+00
9.992772496414058514e-01
9.995193266548589861e-01
9.990643762554053398e-01
9.996721978786762275e-01
1.000027949588697451e+00
1.001695178009483378e+00
9.989299712390888875e-01
1.002069694871214889e+00
9.998397684276872921e-01
1.000078148667222111e+00
1.000436366467703175e+00
1.001381336508370579e+00
1.002054756350322817e+00
1.002094863035346561e+00
1.002862220566449691e+00
1.001932816588239294e+00
1.001366394601982401e+00
1.001057695323871899e+00
1.002657648095655052e+00
1.001291638399157247e+00
9.988616260523490720e-01
9.982876222359780005e-01
1.000932025319571483e+00
9.993910282174569559e-01
9.996366263588005729e-01
9.993996633636970106e-01
1.000538682099065380e+00
1.000036516386399343e+00
1.000327002286337308e+00
9.994636874152311723e-01
1.001533560031122372e+00
1.000912869292614582e+00
9.997725692512563489e-01
1.000643727769639613e+00
1.000399783003843801e+00
1.000118532395082083e+00
9.997323988030188957e-01
1.000882645310092522e+00
1.000747902009589296e+00
1.000857199178019519e+00
9.988800240751244397e-01
9.996102145620642254e-01
9.993237838132791317e-01
9.997272351498387444e-01
9.986181643267254548e-01
9.997705646986059236e-01
9.994703666447937174e-01
9.983150510161239444e-01
1.000857669715074394e+00
1.001303550411607013e+00
1.001515262751000668e+00
1.002677598207724063e+00
1.000699345220405823e+00
1.003934653723685066e+00
1.002550523054109632e+00
1.001999750869525752e+00
1.001252323103487551e+00
1.000215158803309468e+00
1.001013108300681020e+00
1.000640089119157805e+00
9.991909531414819856e-01
9.998258185619444127e-01
9.998213197576057976e-01
1.000509944687678621e+00
9.989824817419034053e-01
9.992919549463311624e-01
9.984643483415666099e-01
9.992685357888794195e-01
9.995120343695872434e-01
9.986855360369539802e-01
9.985814984862569910e-01
9.995324069795807898e-01
1.000621882256436335e+00
1.000486255670159030e+00
1.000175593230932192e+00
1.000858403009337927e+00
1.000949434640186375e+00
1.001865619869421575e+00
1.001802556164516744e+00
1.000170921234492694e+00
1.001062787978176605e+00
1.000754411010552847e+00
1.001410601714038950e+00
1.001251140473982337e+00
1.000319344929412768e+00
1.000441639322854570e+00
1.000277671017992143e+00
1.000763494564258282e+00
1.000294410243428356e+00
9.994078996798050341e-01
1.000914890784826872e+00
1.000319738148514936e+00
1.000635689118632099e+00
9.998440573046001312e-01
9.991179393158009514e-01
1.000601966929281161e+00
1.001004891590177692e+00
1.000771228440643812e+00
9.994944466424692253e-01
1.000959850481289992e+00
9.995763548262700526e-01
9.997389923771160536e-01
1.000762958217175314e+00
1.000459328255554503e+00
9.997687080344793698e-01
9.995046483331189169e-01
1.000593326659846793e+00
1.000458299273598417e+00
1.000108062439766687e+00
1.000820385320020600e+00
1.000443087195127978e+00
1.000294473485775715e+00
1.000895900738346889e+00
1.001507635227396831e+00
1.000676144658816158e+00
9.994669333764875097e-01
1.000916836876197369e+00
1.000092418470652333e+00
1.000828222085643038e+00
9.998725592500331549e-01
9.999063517211762564e-01
1.000183821406252171e+00
9.997927556586148068e-01
1.000342555718718884e+00
9.997321634553473224e-01
9.998130261868926061e-01
9.995535178913361740e-01
9.991343522461307858e-01
9.995757520235734050e-01
1.000066567858119981e+00
9.997123173208932734e-01
1.000131666300258404e+00
1.000317532828563394e+00
9.994291674694516514e-01
1.000913815795401174e+00
9.999280550337171780e-01
1.001117791731477302e+00
1.000141121489735108e+00
9.993672132074277181e-01
9.998889606245653372e-01
9.999563084379152755e-01
1.000838184506099848e+00
9.998466998878657863e-01
9.997729533053323348e-01
9.996619903129638773e-01
9.997661226892000652e-01
1.000135700071447253e+00
1.000044094987736276e+00
1.000573065280304208e+00
9.997229287587715563e-01
9.998877396451946176e-01
9.991565569549318848e-01
1.000104481261117728e+00
1.000067465685284374e+00
9.998964991370365984e-01
9.995218516500157246e-01
1.000279602208284935e+00
1.000438200555153090e+00
9.999718288294164870e-01
1.000155652849340715e+00
9.996580616872957625e-01
1.000061922004493065e+00
9.994268928992636747e-01
9.993783071294366493e-01
1.000126537946278704e+00
9.996842545426553039e-01
1.000705865933335437e+00
9.999348937686449723e-01
9.994324482249016262e-01
9.998269165939092096e-01
9.994646426229915059e-01
9.999328584248444729e-01
9.995738347252136613e-01
1.000394832089922525e+00
9.996417738646636852e-01
9.999842564419221258e-01
1.000001484256203055e+00
9.997888728038029083e-01
1.000028512124971902e+00
9.992217718037198493e-01
9.994168921103288028e-01
1.000036266137271035e+00
