0.000000000000000000e+00
0.000000000000000000e+00
0.000000000000000000e+00
0.000000000000000000e+00
0.000000000000000000e+00
0.000000000000000000e+00
0.000000000000000000e+00
0.000000000000000000e+00
0.000000000000000000e+00
0.000000000000000000e+00
0.000000000000000000e+00
0.000000000000000000e+00
0.000000000000000000e+00
0.000000000000000000e+00
0.000000000000000000e+00
0.000000000000000000e+00
0.000000000000000000e+00
0.000000000000000000e+00
0.000000000000000000e+00
0.000000000000000000e+00
0.000000000000000000e+00
0.000000000000000000e+00
0.000000000000000000e+00
0.000000000000000000e+00
0.000000000000000000e+00
0.000000000000000000e+00
1.803103010455317859e-02
4.131821826639372475e-01
1.474038219277077344e+00
1.937904017824300329e+00
1.410004489359570234e+00
8.075168481940883103e-01
4.572208271801238566e-01
3.119440297605149959e-01
2.561510905086244461e-01
2.618655970090026930e-01
2.697950266310949474e-01
2.873233650424953933e-01
2.570830468999125706e-01
2.468537594225106435e-01
2.591630597248860135e-01
2.683168462004636989e-01
3.282120477788498247e-01
4.238709861154146830e-01
5.517218325148207647e-01
7.061598373826168951e-01
8.809138429924460167e-01
1.045057620936725273e+00
1.187517931153025508e+00
1.304372185801963235e+00
1.410443796958684937e+00
1.487173341695699813e+00
1.519838994599239879e+00
1.543873101414333870e+00
1.498626693147353972e+00
1.392866539312137331e+00
1.269359638187124162e+00
1.161776631583015584e+00
1.061769577519316554e+00
9.777333093436463285e-01
9.413148065676246734e-01
9.026593957880629793e-01
8.984446389772116071e-01
8.875711823077450102e-01
8.990853948847890020e-01
8.999518026422628214e-01
9.027829232480523158e-01
9.283992998222082571e-01
9.384857698765819434e-01
9.516852595539706527e-01
9.704664049702266260e-01
9.931672179333815853e-01
9.959447134953094416e-01
1.027632300725910053e+00
1.027574847171490946e+00
1.029381453895705345e+00
1.028712323094012504e+00
1.041260979387444330e+00
1.038202271508859242e+00
1.030528119796619180e+00
1.011217435612230320e+00
1.013510204082101129e+00
1.006092394612825514e+00
9.890408687304457214e-01
9.783763080004418411e-01
9.723878783314725549e-01
9.833121373557588418e-01
9.773781591557479942e-01
9.724050165363365972e-01
9.897121682375037421e-01
9.802117025956843532e-01
9.805916188864693961e-01
9.902894699646052068e-01
9.993280449420732792e-01
9.982523375237578600e-01
1.010652556860912599e+00
1.008058617203448692e+00
1.007632811721101529e+00
1.016153034979462522e+00
1.010747258787318748e+00
1.013803033997537906e+00
1.005933681555139181e+00
1.004834169073270722e+00
1.004516684064602927e+00
1.002885451570272313e+00
9.935734576034198628e-01
9.944984651431576506e-01
9.971728987284139700e-01
9.996133347723844542e-01
9.948929938717437915e-01
9.946466871830791368e-01
9.998750309777202361e-01
1.003437271032310507e+00
9.966167092661162297e-01
9.951855415109628344e-01
1.005118764707815693e+00
9.980003563190286142e-01
1.004778654455568354e+00
9.950095367082073539e-01
9.971992962927401782e-01
1.002963373082285337e+00
9.964727235493269220e-01
1.006015612349029587e+00
1.001924852796271193e+00
9.988030214446472765e-01
1.003025435343233962e+00
1.001645227821158501e+00
1.003983905730326365e+00
1.002506480669562494e+00
1.007112000129093854e+00
1.007031870775810800e+00
1.004043546325118053e+00
1.002950204405467671e+00
9.980928588380463262e-01
1.004598281427476314e+00
9.972211438811660056e-01
9.906939656505975300e-01
1.002222206507668689e+00
1.002265014748292327e+00
9.994504293035852971e-01
9.924985546528429792e-01
1.000014639601604749e+00
9.976091214136941776e-01
1.001947495756699835e+00
1.002935531211772924e+00
9.979212149414059541e-01
1.000239234980002001e+00
1.002877484721577117e+00
1.003057151264504565e+00
9.973454880043309823e-01
9.993519204523634292e-01
1.001354460716433969e+00
9.986781549389309731e-01
9.977641161617355481e-01
9.980061149811655374e-01
9.998272377732582150e-01
9.957056289935073412e-01
9.941445771160827283e-01
9.979643813282637055e-01
9.938680793536275315e-01
1.001269266858532125e+00
9.953395003272013097e-01
9.949760691263187518e-01
9.963617687609376272e-01
9.963227845252273784e-01
9.930964904399758320e-01
9.992999009674599087e-01
9.927714485082504980e-01
9.987061315009632123e-01
9.955621910108165551e-01
9.940784613592602570e-01
9.899450557626691127e-01
9.984965921291725222e-01
1.004015680425245360e+00
9.985748520518610283e-01
9.974368947307196143e-01
9.909946522247544687e-01
9.944845901655379183e-01
9.914873112600065541e-01
9.971719623044432712e-01
1.000385795672587896e+00
9.973827424186582080e-01
9.984507055154610011e-01
9.948594981843857932e-01
9.934278392294648707e-01
9.918559072012884670e-01
9.982647879606503238e-01
9.962957214198876477e-01
9.960228682008038792e-01
9.993786861979989666e-01
9.955979673074667469e-01
9.959747580308451198e-01
9.996128122422625051e-01
9.970658928214340966e-01
9.951518247541826234e-01
9.963341104357079647e-01
9.995701447859449695e-01
9.937141211108098116e-01
9.971615254617157698e-01
9.959473716823976641e-01
9.970292042510157104e-01
9.936116019227106966e-01
9.917758440742444614e-01
9.948867211434250235e-01
9.980059353632905195e-01
9.975066290904771593e-01
1.001228356661954422e+00
9.955515134901301577e-01
9.958306183977001513e-01
9.936886350891624975e-01
9.969460856655530945e-01
9.959861413889838921e-01
9.953063992163572182e-01
9.944033232903426445e-01
9.950701647530644234e-01
9.937142724369916191e-01
9.986214743855872378e-01
9.967906707677350875e-01
9.968857783899617298e-01
9.949604021061808634e-01
9.972123021109230434e-01
9.938752614392241114e-01
1.000616692731521873e+00
9.966048155969517985e-01
9.984848050094333738e-01
9.959935003968021228e-01
9.984251083483888234e-01
9.928893108521213984e-01
9.967667025153045257e-01
9.976833312497964679e-01
9.991882867421659764e-01
9.933557009749403033e-01
9.993790829427888767e-01
9.971872834645303385e-01
1.000640351025655628e+00
9.976475766159451641e-01
9.956204660310823407e-01
9.999681385455007065e-01
9.983374220268940169e-01
9.998612115285490098e-01
9.995534274546273856e-01
9.955886260558037826e-01
9.966743456785142063e-01
1.000902561340410335e+00
9.985168022408467126e-01
9.973746932485902938e-01
9.969396507475238867e-01
9.976749402477765871e-01
9.961071614322135614e-01
9.975087996120721723e-01
1.002057407446144577e+00
9.962946097523777134e-01
9.974762413689517437e-01
9.992570529758449949e-01
9.980644015207834618e-01
1.000748543117616629e+00
9.976927347589236161e-01
9.959410907964008075e-01
9.950205013576571833e-01
9.933438417816322641e-01
9.956657382811568979e-01
9.966011545938148197e-01
9.963879212484383352e-01
9.965111864391831276e-01
9.986871590436678936e-01
9.953766188449026941e-01
9.954726449693225288e-01
9.941181592059986638e-01
9.940047403744644017e-01
9.932567098191537047e-01
9.973758658808492550e-01
9.939090789711148011e-01
9.859717972540120723e-01
9.748212241540034073e-01
9.633929703954483559e-01
9.529876650865173326e-01
9.443154250206229339e-01
9.327856201440122286e-01
9.191586778392659696e-01
9.140497489406690379e-01
