0.000000000000000000e+00
0.000000000000000000e+00
0.000000000000000000e+00
0.000000000000000000e+00
0.000000000000000000e+00
0.000000000000000000e+00
0.000000000000000000e+00
0.000000000000000000e+00
0.000000000000000000e+00
0.000000000000000000e+00
0.000000000000000000e+00
0.000000000000000000e+00
0.000000000000000000e+00
0.000000000000000000e+00
0.000000000000000000e+00
0.000000000000000000e+00
0.000000000000000000e+00
0.000000000000000000e+00
0.000000000000000000e+00
0.000000000000000000e+00
0.000000000000000000e+00
0.000000000000000000e+00
0.000000000000000000e+00
0.000000000000000000e+00
0.000000000000000000e+00
2.996373710412403800e-04
2.330601372364624752e-02
4.390240804654416129e-01
1.472156027657891109e+00
1.880502680605653731e+00
1.369425236930758016e+00
7.976536040583561693e-01
4.656079196955780763e-01
3.161695759879889489e-01
2.709326814735132372e-01
2.625332143641056493e-01
2.790599226419780421e-01
2.688100192341387196e-01
2.794791270916358594e-01
2.531444177733940260e-01
2.465006015282526775e-01
2.715351318295937677e-01
3.284894252989378760e-01
4.167422743734736090e-01
5.429694454055292718e-01
6.965037160957672224e-01
8.725180654459585572e-01
1.042749294818180461e+00
1.183019080088386854e+00
1.282668019089870937e+00
1.394357434510616001e+00
1.472905700459028466e+00
1.522174549790705766e+00
1.538172026471128273e+00
1.482769602894710159e+00
1.372694826755847641e+00
1.248294544004893147e+00
1.157869187334429562e+00
1.049556224159597928e+00
9.673489670551901343e-01
9.272240927393424759e-01
8.888155457893714972e-01
8.883870660162195287e-01
8.917005051792779025e-01
8.913384730754605467e-01
8.988490242203310832e-01
9.037015004204435042e-01
9.202338910722610565e-01
9.333463580670785520e-01
9.485559111742500882e-01
9.744907417991318654e-01
9.703694426895308478e-01
9.895699089030821627e-01
1.013902072495163953e+00
1.017024554428771710e+00
1.013610463758795932e+00
1.019748831740510120e+00
1.023774974971223495e+00
1.025305759369768976e+00
1.013086088060282997e+00
9.960715458881203022e-01
9.936341819758334193e-01
9.848375426073392447e-01
9.722340525280563917e-01
9.675072917454158317e-01
9.632941570816170307e-01
9.665165618824342886e-01
9.724968366731151503e-01
9.681092813634730732e-01
9.677364519233894180e-01
9.788968405245889182e-01
9.804731502263396292e-01
9.828232423527395456e-01
9.967517406676899006e-01
9.975887579184370413e-01
1.002274576455095545e+00
9.964878104892560540e-01
1.001242020932777255e+00
1.003590310826776077e+00
1.003497006020001914e+00
9.987906105200643481e-01
9.976109878822178034e-01
1.005560695803601856e+00
9.974290244188565024e-01
9.968996613818823516e-01
9.922718618897941045e-01
9.939292483375600229e-01
9.963315264828673801e-01
9.992713223266478373e-01
9.995977750970485021e-01
1.002828866261530116e+00
9.939655757518292001e-01
9.961891185005175009e-01
1.003277948561347444e+00
1.000158400715956075e+00
1.000121936893180852e+00
9.993650395119223484e-01
9.999144459019739806e-01
9.971668680028750176e-01
9.934838670594013932e-01
9.998637548429357702e-01
1.005081467813557783e+00
9.959070177275524127e-01
9.990594918257829082e-01
1.001567724371697832e+00
1.005762396324146657e+00
1.006497164914474274e+00
1.000120805317976203e+00
1.001951227427311686e+00
9.997018796668376561e-01
1.005767781179432330e+00
9.988793638571269451e-01
1.000330365964681612e+00
9.988488008192526468e-01
9.988839844652627198e-01
9.923139738159056922e-01
9.943626089322994410e-01
9.955975631276516857e-01
9.906591423203713331e-01
9.939404467993022685e-01
9.952119647433232963e-01
9.949761226547064741e-01
9.955221141750231206e-01
1.001416424658802651e+00
9.931754632773270863e-01
9.949329894955221132e-01
9.956331270744533946e-01
1.001131132789087275e+00
9.967683603353614252e-01
9.961551941888572292e-01
1.000718177334520398e+00
9.970682584599680487e-01
9.897241953830573369e-01
9.906406258340499926e-01
1.000854771215881955e+00
9.985321356992127306e-01
9.996955998105444552e-01
9.961929596269685216e-01
9.992376719833523380e-01
9.952649008332185021e-01
1.001041204663936757e+00
9.937482467062731528e-01
1.002520183081027971e+00
9.976568302992192550e-01
9.977268273415983435e-01
9.969325985155573777e-01
9.994664293838899649e-01
1.001285446442252702e+00
9.968346556975379302e-01
1.000083137826697222e+00
1.000934777870084558e+00
1.003070035733214516e+00
1.000353965965503855e+00
9.991031496177620319e-01
9.972840680330063989e-01
9.993070604148963643e-01
9.949776170220433480e-01
1.000274840011758037e+00
9.973978641485200525e-01
1.000903226499403775e+00
9.970328416402784999e-01
1.000699198212137819e+00
9.995625668538619113e-01
9.974131922239702908e-01
9.963048714986301180e-01
9.961590937572437632e-01
1.003292673768921173e+00
1.002568756571456943e+00
1.003311825702408733e+00
1.000396557464984904e+00
9.999087323762758661e-01
1.000439242798811801e+00
9.970765357205220170e-01
9.978724105754878115e-01
1.000644195158556293e+00
9.952363619540102180e-01
1.001599850316221563e+00
9.989163769755393663e-01
9.989758087470483883e-01
1.001828456886097785e+00
1.003130132988120371e+00
1.000584408472266817e+00
9.979163666732059346e-01
1.000673008470335912e+00
9.978811180338024167e-01
9.997426652597150021e-01
9.997803693712532525e-01
1.000802791019283822e+00
1.005672859947785103e+00
9.983771515854580336e-01
9.993409119750944480e-01
9.945047003751708026e-01
9.968525920747279834e-01
1.000079111225499862e+00
1.000529843117582196e+00
9.994269866643353817e-01
1.003984849663788204e+00
9.973650201489846490e-01
1.001268805597290035e+00
1.000364576409975781e+00
9.999765889953491360e-01
1.001775030876419503e+00
1.000040943412572769e+00
9.989803877641759700e-01
9.999906853266036233e-01
9.978857852865393729e-01
1.000675063492843631e+00
9.979326123821399275e-01
1.002738672593093572e+00
1.002498962059244159e+00
9.998270042022816551e-01
9.982981485104547303e-01
1.003247250331060769e+00
9.996761746208401300e-01
1.000293133761522180e+00
1.001903604790063573e+00
1.000061266019419026e+00
9.993924020717301904e-01
1.002234935213210942e+00
1.000677413608343613e+00
1.000903396411570778e+00
1.001716125245793787e+00
1.000045895439286348e+00
1.002615413421760415e+00
1.000627476463489485e+00
9.968280182818910484e-01
9.981177832367597036e-01
9.999363457476687644e-01
1.000494249266522084e+00
1.000284863205671781e+00
1.000360570112557967e+00
1.003779941040176649e+00
9.994423333487734151e-01
9.992809153106836373e-01
1.000017798663310531e+00
9.971633449414499806e-01
1.002832189571790655e+00
9.979883661915918136e-01
9.979543301922907395e-01
9.996505603549233898e-01
9.994765647550011289e-01
9.983612580700721439e-01
9.987977648293477895e-01
9.968470249790568616e-01
9.977243093703144217e-01
9.981178127784645637e-01
9.985129930954221855e-01
9.993781749025075767e-01
9.967970352497644848e-01
9.979505613466875813e-01
9.962448571965175637e-01
1.000331878960197374e+00
9.916651263733630151e-01
9.786643460451028842e-01
9.709985635570903550e-01
9.577467723977481917e-01
9.458283057541436722e-01
9.352002365124426619e-01
9.277375895541518647e-01
9.133084050950848187e-01
