0.000000000000000000e+00
0.000000000000000000e+00
0.000000000000000000e+00
0.000000000000000000e+00
0.000000000000000000e+00
0.000000000000000000e+00
0.000000000000000000e+00
0.000000000000000000e+00
0.000000000000000000e+00
0.000000000000000000e+00
0.000000000000000000e+00
0.000000000000000000e+00
0.000000000000000000e+00
0.000000000000000000e+00
0.000000000000000000e+00
0.000000000000000000e+00
0.000000000000000000e+00
0.000000000000000000e+00
0.000000000000000000e+00
0.000000000000000000e+00
0.000000000000000000e+00
0.000000000000000000e+00
0.000000000000000000e+00
0.000000000000000000e+00
0.000000000000000000e+00
0.000000000000000000e+00
2.109189275539261055e-02
4.576937303196820239e-01
1.600190493485841303e+00
2.062396195700139767e+00
1.517487584302642967e+00
8.748586210535885810e-01
4.771696128618249100e-01
3.311876049032893565e-01
2.657633976617141958e-01
2.527038581765848058e-01
2.757678949907466093e-01
2.842645039078871561e-01
2.666657988715682159e-01
2.482136858879719077e-01
2.601111051453900980e-01
2.759063764243304129e-01
3.327834471834675845e-01
4.312713064607615054e-01
5.498039767072028239e-01
7.197513004988093099e-01
8.903231246658130926e-01
1.060125620151145753e+00
1.191530781963603847e+00
1.299945907713906612e+00
1.401599540058559690e+00
1.488501879032905872e+00
1.547675475185394500e+00
1.557095444157184261e+00
1.494311811402463608e+00
1.403805567750211925e+00
1.280003512387923648e+00
1.155341466221045277e+00
1.067086961695402403e+00
9.863751960193432033e-01
9.356665095017490108e-01
9.074961659320248675e-01
8.870220501334727947e-01
8.959451182873433561e-01
8.826692823522673814e-01
8.903606560054708741e-01
9.128844429526357107e-01
9.285591051986636923e-01
9.324682233275439769e-01
9.581246750592736783e-01
9.858429283902632179e-01
9.871312594242626082e-01
1.000544669452132496e+00
1.019650627169250923e+00
1.027192991049736603e+00
1.044443905940998896e+00
1.040697511383056995e+00
1.027838812716654671e+00
1.013332327415642942e+00
1.021584410831989587e+00
1.009505455865966628e+00
9.933944703163781753e-01
9.858389605372358533e-01
9.760659163620506451e-01
9.804803688726011490e-01
9.811162652820338836e-01
9.662476313661244598e-01
9.773329077332795212e-01
9.775446793078160779e-01
9.770650281774051482e-01
9.832930219382640669e-01
9.872707775171215561e-01
9.915537999122894242e-01
1.000935710131371392e+00
1.004484087957139060e+00
1.002642829661877677e+00
1.007192188002730804e+00
1.005029783584539649e+00
1.014318677465022356e+00
1.019134830040044015e+00
1.010359653699332672e+00
1.006120069255228566e+00
1.009514824979357739e+00
1.002947621752995344e+00
1.001943137391013261e+00
9.986248435525458822e-01
1.000649927996677402e+00
1.005918551399593408e+00
1.001286981110799390e+00
1.001142697677954718e+00
1.006251104001954388e+00
1.000637135167110170e+00
1.001777531109345309e+00
1.008260294139103452e+00
1.005726863454119435e+00
1.006621648490979126e+00
1.009060984819549089e+00
1.004565860615080686e+00
1.004533761707161466e+00
1.006969035926387868e+00
1.008930396508295857e+00
1.009476302274974868e+00
1.009337445333421623e+00
1.005428581122999265e+00
1.004482237700801361e+00
1.009576410898916032e+00
1.004250497405572817e+00
1.009566052690543003e+00
1.004219254014183216e+00
1.008028693690683042e+00
1.001852602463539910e+00
9.954765529478936115e-01
9.975159284907597623e-01
9.944831389391929344e-01
9.977976787117931456e-01
9.931991213274767860e-01
9.992980599306802159e-01
1.002548088144857186e+00
9.952055234586133503e-01
9.977453383845885648e-01
9.975154255042436580e-01
1.000424305504859834e+00
9.939771878797089011e-01
9.939822138616780656e-01
9.999782229876510442e-01
1.000495695332491941e+00
1.005365029100005358e+00
1.000111093392342054e+00
9.990789093880731997e-01
1.004185314742083612e+00
1.001004983420044514e+00
9.936851578716209277e-01
9.986316725229484881e-01
1.002720122468865549e+00
9.962572797679053460e-01
9.999372017714933669e-01
9.953723973782346857e-01
9.971363691384140804e-01
1.003525006857699964e+00
9.995928059484590067e-01
1.001340111209822359e+00
1.003034882241984560e+00
9.999545771655625748e-01
9.997981919623557534e-01
9.963375550896875765e-01
9.982742629894039155e-01
1.000922358332267503e+00
1.002699831523155005e+00
9.972044736899121631e-01
9.938513939804111130e-01
1.000880691846879555e+00
1.003000289935049860e+00
9.999794750043746738e-01
1.000257279249393561e+00
9.932234339461821770e-01
9.987386697199602814e-01
1.001306239164185152e+00
9.988591636791274153e-01
9.945381084550221074e-01
9.978733690053436245e-01
9.917589685516314812e-01
9.939250432385323686e-01
9.976520928822096845e-01
1.002703596104826289e+00
9.938162298049046939e-01
9.960733642979927582e-01
9.938596739812323166e-01
9.946303048102997924e-01
9.963435148772578076e-01
9.995284759749971659e-01
9.964957545121325699e-01
9.942158087395729371e-01
9.959900250137492250e-01
9.905531032322332230e-01
9.970769722099067645e-01
9.956285162683897738e-01
9.962628401015816149e-01
9.946496069880822466e-01
9.972328950858228014e-01
9.973099514775544128e-01
9.931515268582898903e-01
9.959391646431486889e-01
9.965747671568756516e-01
9.967732731483608388e-01
9.994184192500907837e-01
9.969571568775575932e-01
9.998262811313278764e-01
9.952375847733755387e-01
9.965643008583763285e-01
9.948627192753614068e-01
9.955018043612618994e-01
9.981410257247044227e-01
9.997671897136823915e-01
9.968206973802178350e-01
1.000604385355427617e+00
9.999058893292213090e-01
1.001156983203911333e+00
9.992732446069729768e-01
9.978555587464859045e-01
9.985501171306532253e-01
1.000445849299701484e+00
1.000101541293043628e+00
1.001053756712394494e+00
9.988390164198491794e-01
9.990139381890779102e-01
9.970727653151688630e-01
9.998380329876249695e-01
9.994620219773902026e-01
9.963067023552762969e-01
9.963434721066846134e-01
9.977031588402062168e-01
9.948378624737364007e-01
9.989584114052768582e-01
9.984890352323653184e-01
9.965522362900323117e-01
9.962816414307387181e-01
9.967710370381697160e-01
9.976142708143922455e-01
9.978086840876054797e-01
9.964325390410518901e-01
9.968442482704293894e-01
9.960352459702818129e-01
9.974363324065040892e-01
9.998328067355768400e-01
9.971779705981389519e-01
9.964056170610682273e-01
9.956033254860509052e-01
9.974988325956285484e-01
9.996662231867073922e-01
9.953605594263784662e-01
9.961081603349231095e-01
9.962454174220523040e-01
9.958142494905768416e-01
9.955924157795273954e-01
9.966343131879701334e-01
9.979907125715665739e-01
9.955865553937401913e-01
9.987072238631643506e-01
9.957731423691182915e-01
9.989908283998715222e-01
9.989961783773618764e-01
9.971622435507839777e-01
9.982435897694470484e-01
9.992321052382443503e-01
9.975164572580347278e-01
9.971448761727547128e-01
9.978759831034772487e-01
9.952096926968390100e-01
9.953753101773508138e-01
9.971078459253328585e-01
9.985638386048822923e-01
9.984773555988658567e-01
9.902306987024606100e-01
9.781456812283811919e-01
9.688072922024562050e-01
9.559601005849472921e-01
9.453356261245263736e-01
9.343405554472092867e-01
9.254589959745546102e-01
9.162213036236845909e-01
