0.000000000000000000e+00
0.000000000000000000e+00
0.000000000000000000e+00
0.000000000000000000e+00
0.000000000000000000e+00
0.000000000000000000e+00
0.000000000000000000e+00
0.000000000000000000e+00
0.000000000000000000e+00
0.000000000000000000e+00
0.000000000000000000e+00
0.000000000000000000e+00
0.000000000000000000e+00
0.000000000000000000e+00
0.000000000000000000e+00
0.000000000000000000e+00
0.000000000000000000e+00
0.000000000000000000e+00
0.000000000000000000e+00
0.000000000000000000e+00
0.000000000000000000e+00
0.000000000000000000e+00
0.000000000000000000e+00
0.000000000000000000e+00
0.000000000000000000e+00
0.000000000000000000e+00
2.358217085775553973e-02
4.013861186206890141e-01
1.434175884862314065e+00
1.876593363666354541e+00
1.397625062338703428e+00
8.097840408023371239e-01
4.618931024046056821e-01
3.187564283758491102e-01
2.619144889243922858e-01
2.625187937439530383e-01
2.628108678365592699e-01
2.710121219098501899e-01
2.642155169633323419e-01
2.461372673226189245e-01
2.435173379261665050e-01
2.740091520655726920e-01
3.315996806610122527e-01
4.231035200755752790e-01
5.700964412414288862e-01
7.101124163193583971e-01
8.881497305512366935e-01
1.035956058209145381e+00
1.183451103067117316e+00
1.312577059158471116e+00
1.403449220626654226e+00
1.482081376015714769e+00
1.547964575898188588e+00
1.541150913576155856e+00
1.493774533461364129e+00
1.422466152373478510e+00
1.284238364344724603e+00
1.165113328699468154e+00
1.068230468900555730e+00
9.955304128258659624e-01
9.343597250014188393e-01
9.050975294826878459e-01
8.931767660917555585e-01
8.942126313474580979e-01
9.038415670687430792e-01
8.862191814604987172e-01
9.075292498789118145e-01
9.135974705186296063e-01
9.305543796892620234e-01
9.482617708957854497e-01
9.614217187860334413e-01
9.823221743742935885e-01
1.006308365624633661e+00
1.009987062374746669e+00
1.025499600232357311e+00
1.041447968295944326e+00
1.036140550607061561e+00
1.040069172705377687e+00
1.024458938636197081e+00
1.021786052220011287e+00
1.009577696071702446e+00
1.011063318377151576e+00
9.927707306966402356e-01
9.960191545089815968e-01
9.746857665683970051e-01
9.742495635965091605e-01
9.769843616164444189e-01
9.665390252074351762e-01
9.834805180039991601e-01
9.805027090805756851e-01
9.812697186555464635e-01
9.860514801070883184e-01
9.991202784604643616e-01
1.001756479069948913e+00
1.014312989933868980e+00
1.006107903779082990e+00
1.009782737661947483e+00
1.017953755167334773e+00
1.007993645336181965e+00
1.008322898594902650e+00
1.010870281440541474e+00
1.006161845455867621e+00
9.970298087466856751e-01
1.007014745092431163e+00
1.005891394884260492e+00
1.007535567636961948e+00
1.009267315300425238e+00
1.001385738097640754e+00
1.004661980271977839e+00
9.996891263639936520e-01
1.005199410171509822e+00
1.000180226934230587e+00
1.001877005660561037e+00
9.977019831370578240e-01
9.978889378419092404e-01
1.002798387341962805e+00
9.937684722792387015e-01
9.997183884628385586e-01
1.004674594414328270e+00
9.932928474143926101e-01
1.000775026937466006e+00
1.000644069853091844e+00
1.004305385182589605e+00
1.001891837469687463e+00
1.003222354776378777e+00
1.002836989308508509e+00
1.006222701101217698e+00
1.007617245851272880e+00
1.003984876542553195e+00
1.005653958347909604e+00
1.006524885901553201e+00
1.002678220991264579e+00
1.001762652427861333e+00
9.970227720705041596e-01
1.000724837210277274e+00
9.968441714675920773e-01
1.001346098312038135e+00
9.996653776566658545e-01
9.954805497571830308e-01
1.002506917757647109e+00
9.999249096971063455e-01
1.002307910731647045e+00
1.005408575772098523e+00
1.001957551059861062e+00
1.004207222754588402e+00
9.959644206539276512e-01
1.003431649961592287e+00
1.001613512240663750e+00
1.011301773924939473e+00
1.001967788816526150e+00
9.972823576857645644e-01
1.001309169656541931e+00
9.990621429660691000e-01
1.004206409791473353e+00
1.001950778138661846e+00
1.005230180637494808e+00
9.977870114893471198e-01
1.004778727506724589e+00
1.004325135811066971e+00
1.001689944165193635e+00
1.004813648008774152e+00
1.000058703609522537e+00
9.973366810852474229e-01
9.990379742338449942e-01
9.989321467631313567e-01
1.002028338186355949e+00
1.002131657819305577e+00
1.003195904599034849e+00
1.001007441193639158e+00
1.001255773893972245e+00
9.999145904352154668e-01
1.005333649779153404e+00
1.001687257869191550e+00
1.000511176115624012e+00
1.002329338155109273e+00
1.000087246979599609e+00
1.008076933580819068e+00
1.001438258602389331e+00
1.001630029911806608e+00
1.004531194557328089e+00
1.000225600428374273e+00
1.006630197696743334e+00
1.004345895612733575e+00
1.006154269709641058e+00
9.996102475106395380e-01
9.992697939686308040e-01
9.994953737080422007e-01
1.002607908980224449e+00
1.004896381820867379e+00
9.976773862726581177e-01
9.994779580684254316e-01
1.000517124033569738e+00
1.002138097371800152e+00
1.003375572354416656e+00
1.004508929192487576e+00
9.990104148381295790e-01
1.001615483360879688e+00
1.001594008788392332e+00
1.000523189675331048e+00
1.001225100934516776e+00
1.005202892073763898e+00
9.997903907440590654e-01
1.005165052933736147e+00
1.000185164010946037e+00
9.998158266486387724e-01
1.001847132666701556e+00
1.004706190422619771e+00
1.001838475040774279e+00
1.007267084217855047e+00
1.000511011673146378e+00
1.001924502855924937e+00
9.989410961727087646e-01
1.004124852423689651e+00
1.002255602068974127e+00
1.002943886530229811e+00
1.003215424758486352e+00
1.001119495372022383e+00
1.002771993130149086e+00
1.002140275008040149e+00
1.001332823695042062e+00
1.001524723080458923e+00
1.001723976179682118e+00
1.000399285076661648e+00
1.003274893738698825e+00
1.002483526641616107e+00
9.998657123485226172e-01
1.000711253037263493e+00
1.001017660101652718e+00
9.989964334523266931e-01
1.000442470980991816e+00
1.000967677498125541e+00
1.000744775240436812e+00
9.991946006324352592e-01
9.979058260009893155e-01
9.998838476059637159e-01
9.995929787351601759e-01
9.987417378478710139e-01
9.983357130723664596e-01
9.995353565307208976e-01
9.999430462085969751e-01
9.968193135641506553e-01
9.973111525835682833e-01
9.971049252065051771e-01
9.990998480833026552e-01
9.989199512449924434e-01
9.934626806212638606e-01
9.964916192975482589e-01
1.001366925163496457e+00
9.995431590638884645e-01
9.998292584083839918e-01
9.982499672232797439e-01
9.998894905656110499e-01
9.964565189675627099e-01
9.964212810860038072e-01
9.981458102990719006e-01
9.975473482557314364e-01
9.985330694623085757e-01
9.957824300865840694e-01
9.962753056249394890e-01
9.996361606792734111e-01
9.941469217607199482e-01
9.974458791366186405e-01
9.997043547982360501e-01
9.981926527192352960e-01
9.981179227018297517e-01
9.992156829980124444e-01
9.991303162760920564e-01
9.995220649963304504e-01
9.962990179883083330e-01
9.966992114100825528e-01
9.975509337849315372e-01
9.996557257010134645e-01
9.905820218592920057e-01
9.801579067373183962e-01
9.712089964460911551e-01
9.556172770560070751e-01
9.485697192575099912e-01
9.333725569595451299e-01
9.236369351596218635e-01
9.167601980137162210e-01
