0.000000000000000000e+00
0.000000000000000000e+00
0.000000000000000000e+00
0.000000000000000000e+00
0.000000000000000000e+00
0.000000000000000000e+00
0.000000000000000000e+00
0.000000000000000000e+00
0.000000000000000000e+00
0.000000000000000000e+00
0.000000000000000000e+00
0.000000000000000000e+00
0.000000000000000000e+00
0.000000000000000000e+00
0.000000000000000000e+00
0.000000000000000000e+00
0.000000000000000000e+00
0.000000000000000000e+00
0.000000000000000000e+00
0.000000000000000000e+00
0.000000000000000000e+00
0.000000000000000000e+00
0.000000000000000000e+00
0.000000000000000000e+00
0.000000000000000000e+00
2.996781129663661329e-04
2.192173131152969079e-02
4.171811218181392666e-01
1.465398673045227973e+00
1.883669418046251653e+00
1.379457223019258549e+00
7.826395410189979085e-01
4.494354648456990731e-01
2.945065961633375196e-01
2.577075680418583481e-01
2.563835422752872018e-01
2.745632576912392930e-01
2.707866994236738933e-01
2.537479102556656207e-01
2.451850315859978313e-01
2.399994791226804647e-01
2.645564413108345558e-01
3.223841910336541217e-01
4.163869807152739133e-01
5.417639035814799664e-01
6.940567773601501456e-01
8.686709912985896009e-01
1.038658705972600904e+00
1.182682836491795841e+00
1.282762888063249118e+00
1.403182229064524833e+00
1.496619236314925772e+00
1.544017708187641391e+00
1.540287638027894479e+00
1.485923773729709518e+00
1.378828791372591844e+00
1.303531012820389634e+00
1.160973856279355454e+00
1.063593933385395207e+00
9.853713182669358028e-01
9.403949399594320191e-01
9.102683990207220965e-01
8.972387762760016816e-01
8.982015721432506927e-01
8.979711190833608025e-01
9.046494326846259426e-01
9.205708430333052750e-01
9.239519962968640865e-01
9.339301382370851501e-01
9.702303185054060863e-01
9.716824352683017807e-01
1.000045676074750256e+00
9.999748745499005276e-01
1.025151118557311225e+00
1.027802177952657825e+00
1.033236212126028564e+00
1.031975881889642066e+00
1.038061300445585422e+00
1.032308038063983968e+00
1.028487412823489100e+00
1.016236381762561924e+00
1.006063037740139388e+00
9.978852609896980974e-01
9.858950162773952863e-01
9.749264325081006266e-01
9.737157480035522061e-01
9.760508663048540479e-01
9.698035816509990026e-01
9.867039802719341779e-01
9.810791753724756870e-01
9.874534446906718665e-01
9.943870059138976147e-01
9.909517301911410225e-01
9.922503774227864337e-01
1.001696268390118272e+00
9.942693400618431987e-01
1.000557811195915026e+00
1.005437386212797879e+00
1.000191459655776383e+00
1.011724095405319934e+00
1.003962534194052347e+00
1.005445909173351415e+00
1.002914948613627955e+00
1.001221460864516688e+00
9.877014462105737636e-01
9.980099395841863785e-01
9.909027970605261970e-01
9.953370834293853164e-01
9.909641575464727126e-01
9.968079743603452947e-01
9.919680060167332947e-01
9.934109770340854295e-01
9.961859830999398868e-01
9.914174469163372638e-01
1.003089092773091329e+00
1.001631182482247695e+00
1.004196450227765158e+00
9.927382996038655039e-01
1.000119848945180800e+00
1.005273905883409924e+00
1.000469474083252930e+00
9.962408459155775997e-01
1.003419177240243432e+00
9.954386730587561072e-01
1.003904239479588512e+00
1.000392832457118075e+00
9.996920515018742348e-01
1.006047285970861571e+00
1.001473721380305992e+00
1.001162621731521485e+00
9.953648538608715901e-01
9.992969410317096290e-01
1.001887293689998071e+00
9.972459192744611567e-01
9.965850617041910331e-01
9.992635801298286324e-01
9.975311580793443378e-01
9.942382432240622903e-01
9.963716303340353075e-01
9.983318687970659244e-01
9.961371016075352136e-01
9.945176568208158319e-01
9.953311600288416994e-01
9.968583278436560224e-01
9.972213243845785557e-01
1.000960007837161436e+00
9.961862112566861605e-01
9.980155462079883799e-01
9.999970670172531051e-01
9.983921164562009620e-01
9.980148208872913207e-01
9.970849551361350427e-01
9.967723609250023209e-01
9.989142639304730009e-01
9.963778842415389470e-01
9.954358936610849806e-01
1.004581984208289924e+00
9.949613838003853461e-01
9.999320910402216267e-01
9.989011659573326929e-01
9.956317809176065126e-01
1.001176169326223109e+00
9.989662707062768598e-01
9.936952511136493138e-01
9.949168386027339439e-01
1.002895589710635749e+00
9.967129581298600494e-01
9.982957095567374095e-01
9.994344440242824978e-01
1.000843196941060054e+00
9.948494631431930024e-01
9.904245718287448819e-01
1.001845742226944669e+00
9.992066270904759184e-01
9.982261048269367443e-01
1.000221225686603654e+00
9.935614036131872329e-01
9.941199286327769835e-01
9.939858254738225263e-01
9.991944709785750556e-01
9.966300424692723370e-01
9.918072710021441640e-01
9.939874535149791912e-01
9.936420074726772800e-01
9.965262191425129368e-01
9.972856941597577629e-01
9.917801413009417200e-01
9.947611786631013198e-01
9.962795056230281387e-01
9.950240277187842874e-01
9.895027545692726134e-01
9.966798337297054777e-01
9.946140108926084800e-01
9.979560411720612700e-01
9.946085125568736585e-01
9.971614816424058114e-01
9.926457283667508014e-01
9.979979631332139833e-01
1.000061305032426962e+00
9.955744705166926778e-01
9.982343195662316537e-01
9.976916670051155789e-01
9.996679710199807278e-01
9.947099625173139170e-01
9.979981599444976981e-01
9.964635417350727886e-01
9.970004228223809939e-01
9.993591534668887499e-01
9.974486270611490069e-01
9.979933748190870091e-01
9.967806279408425452e-01
9.997635427337664416e-01
1.000013587733489029e+00
1.001339568872919195e+00
9.988063688164453557e-01
9.969735884415593663e-01
1.003680624427665480e+00
9.987983565516680429e-01
9.956205631139953827e-01
1.002126696916158632e+00
9.993709990774897189e-01
1.000505046208876481e+00
9.967638169003285586e-01
1.001160623079029532e+00
1.000362532849666364e+00
9.966723817689571163e-01
9.973997448019416012e-01
9.946868450022723351e-01
9.985675310129008553e-01
9.965114448006162640e-01
9.973072022151756588e-01
9.971501892469759598e-01
9.983614444943850197e-01
9.961518023646699360e-01
9.968318934917931307e-01
9.983465625083188799e-01
9.965699839069398491e-01
1.002713911126444701e+00
9.950151427835011164e-01
9.952718999689074142e-01
9.979328482739713291e-01
1.001999360333375222e+00
9.959364973522564224e-01
9.978804866366391968e-01
9.936988668040731554e-01
9.991171410634828165e-01
9.971790104930489118e-01
9.972661724320178722e-01
1.000128482465598934e+00
9.985236339771403902e-01
9.956981121492503028e-01
1.000252924528407750e+00
9.971083300128872340e-01
9.969178141741377175e-01
9.990946216110367928e-01
9.945672503413846011e-01
9.990762023310003626e-01
9.959578386828233931e-01
9.982154344580053129e-01
9.955118758185153016e-01
9.988312972361312880e-01
1.000164264715468931e+00
9.984414406525693453e-01
9.972323824856862418e-01
9.971886095564908015e-01
9.979936377730391772e-01
9.968568801823448622e-01
9.977001450462300580e-01
9.975732639930116052e-01
9.949574984820616086e-01
9.988866899562238721e-01
9.978821257913976783e-01
9.853986467699605845e-01
9.752670867134041188e-01
9.694390457698601749e-01
9.558895840922229103e-01
9.466477382110310979e-01
9.362638070077238250e-01
9.245670758843771431e-01
9.138317482728101071e-01
