0.000000000000000000e+00
0.000000000000000000e+00
0.000000000000000000e+00
0.000000000000000000e+00
0.000000000000000000e+00
0.000000000000000000e+00
0.000000000000000000e+00
0.000000000000000000e+00
0.000000000000000000e+00
0.000000000000000000e+00
0.000000000000000000e+00
0.000000000000000000e+00
0.000000000000000000e+00
0.000000000000000000e+00
0.000000000000000000e+00
0.000000000000000000e+00
0.000000000000000000e+00
0.000000000000000000e+00
0.000000000000000000e+00
0.000000000000000000e+00
0.000000000000000000e+00
0.000000000000000000e+00
0.000000000000000000e+00
0.000000000000000000e+00
0.000000000000000000e+00
0.000000000000000000e+00
1.969668942497616176e-02
4.049649811616687356e-01
1.451825996609353187e+00
1.833257300911530052e+00
1.361716038317317023e+00
7.594637593572634016e-01
4.360383192723357171e-01
2.942564628027206086e-01
2.551853210333798749e-01
2.507515327977369313e-01
2.595754604605002847e-01
2.575545866140483420e-01
2.454011606577597704e-01
2.388777792004430356e-01
2.375614976826812275e-01
2.586051613509337543e-01
3.197116576495609985e-01
4.089684161302792331e-01
5.404424705116906980e-01
6.978290584982576039e-01
8.714187681642499017e-01
1.032689534334745529e+00
1.166555277899866017e+00
1.281793422470080213e+00
1.398157327205300060e+00
1.480730294228643551e+00
1.533013260454844540e+00
1.533965257466169074e+00
1.479830845863334243e+00
1.383720478627337158e+00
1.261384168774344783e+00
1.150713107187925077e+00
1.036616474568838209e+00
9.703660471641571972e-01
9.192311267933686025e-01
8.945263884341790872e-01
8.784011319706855891e-01
8.848252815709088948e-01
8.772718418783429506e-01
8.873842025516684995e-01
9.091408413560212454e-01
9.036563036505483870e-01
9.233897283897583019e-01
9.559409993498158009e-01
9.593953505459522635e-01
9.797009057918709685e-01
9.914859978381794781e-01
1.006274716783539303e+00
1.014019974715232308e+00
1.017552326559029829e+00
1.036868081441151057e+00
1.032374219998896780e+00
1.020309541791884156e+00
1.017091424826560120e+00
1.006681797126954825e+00
1.010436226261683945e+00
9.932747547403709687e-01
9.896908076563848411e-01
9.694339363693887934e-01
9.707707960992150165e-01
9.643656653003251922e-01
9.683046051236615659e-01
9.763477683539637519e-01
9.785378143602236900e-01
9.829386092437456535e-01
9.781175432566563410e-01
9.894873343932746312e-01
9.952910003021370189e-01
1.002003228972609961e+00
9.951432210108299703e-01
1.011951801056767408e+00
1.003761901387579369e+00
1.006317551779024821e+00
1.002191838406667257e+00
1.007193215943315234e+00
1.003671655356711767e+00
1.003729940691992173e+00
9.931948430788164472e-01
9.971864850140687020e-01
9.952298301394818525e-01
9.983411003147009133e-01
9.912006295014498258e-01
9.943477925087907954e-01
9.970526855308304848e-01
9.930825325073608933e-01
9.982148972620381588e-01
1.003224184966638344e+00
1.001096672588891678e+00
9.998561169641061452e-01
1.000071023064108999e+00
1.003935498907537749e+00
1.002133183783776138e+00
9.997073299006676850e-01
9.945068402083530046e-01
9.908971034538209821e-01
1.001300940115259497e+00
1.002561170678262892e+00
9.966362837365490002e-01
1.004146166239719529e+00
1.000949324740489033e+00
9.999192997275656580e-01
1.001578948836779004e+00
9.995025259901887393e-01
9.984045594386999900e-01
1.000609204930785756e+00
9.887388389481404083e-01
9.952455978544391124e-01
9.937835949853165429e-01
9.930949700178316464e-01
9.850809549251596797e-01
9.956301753816367839e-01
9.898576626518094113e-01
9.971385960308160046e-01
9.908336478883340570e-01
9.934995388048371012e-01
9.934028807906101211e-01
9.945255953356022527e-01
9.970912957062988413e-01
9.990430587686056629e-01
9.941746542589623425e-01
9.954461952361317589e-01
9.948277348493703709e-01
9.942062796018236170e-01
9.911760730774971107e-01
9.971619322814491149e-01
9.915966905085782379e-01
9.946283037240990499e-01
9.961739459348404324e-01
9.981269234376449750e-01
9.929129801836774627e-01
9.952043384686972693e-01
9.957003470363707809e-01
9.989509724203909924e-01
9.904927279860497036e-01
9.950856396519324187e-01
9.993099117116114316e-01
9.996880234934200082e-01
1.000331999547055872e+00
9.949247063766706312e-01
9.926263391824518001e-01
1.000783365306922690e+00
9.974251667789549858e-01
9.974248139110355460e-01
9.960258258244484297e-01
9.992289781997850673e-01
9.963676682545283825e-01
9.963536692252080718e-01
9.986492333509832120e-01
9.932125325062890475e-01
9.979433432720946628e-01
9.969057663756351051e-01
9.972010390407554103e-01
9.927858085372085473e-01
9.971751093669539712e-01
9.955816583525358698e-01
9.953585278001222392e-01
9.972976179647865536e-01
9.954090225412881576e-01
9.966164127463352784e-01
9.941387895178189771e-01
9.996672809795926762e-01
9.982380566462557558e-01
1.000467695227634346e+00
9.947383312672146705e-01
9.975083947562463083e-01
9.921438725564708516e-01
9.973368023322984888e-01
9.950948434390538555e-01
1.002173457078369578e+00
9.920186558480371675e-01
9.972118087913415252e-01
9.979334309431029393e-01
9.948169838204955484e-01
9.926673283313477425e-01
9.909617042956530009e-01
9.940205022225580000e-01
9.965810767714285978e-01
9.926024588763761036e-01
9.968722493702825149e-01
9.932241201289466748e-01
9.961747645288615560e-01
9.978912214559160221e-01
9.982650928043199645e-01
9.951104405779577222e-01
9.959851490910199834e-01
9.962718239484935623e-01
9.955554342960083458e-01
1.000369798997400306e+00
9.982927360849253029e-01
9.934881811310204425e-01
9.999322321446644235e-01
9.978303936694027376e-01
9.943701392144304041e-01
9.958933336504190992e-01
9.946150243362903431e-01
9.981204219727024540e-01
9.960758102536352299e-01
9.949287661720268572e-01
9.959815839761022582e-01
9.978004382748851819e-01
9.971177724090367622e-01
9.947332945280997762e-01
9.975281201008883158e-01
9.961045210506238590e-01
9.993840530951103585e-01
9.941680082829291720e-01
9.994464463427740197e-01
9.985695543507975280e-01
9.984436489455702501e-01
9.987511151667888276e-01
9.951475269680104541e-01
9.968091456126585426e-01
9.990484994893348292e-01
9.964602930145025628e-01
9.957972233280115715e-01
9.974928935305840128e-01
9.987987729733102116e-01
9.961490076782861802e-01
9.958492411389141541e-01
9.982109560012083493e-01
9.995268421564990069e-01
1.001046552531247302e+00
9.924507488551435053e-01
9.982422471956432508e-01
1.000956960916703498e+00
9.976396021608728848e-01
9.953639995329305323e-01
9.990570247685023331e-01
9.972918060496276382e-01
9.987589389713770194e-01
9.960535584105367768e-01
9.960310768142217608e-01
9.975594896641424292e-01
9.982564919621246258e-01
9.968490251256305612e-01
9.980323880185056895e-01
9.979359830359948447e-01
9.978038718243245064e-01
9.968013689751521467e-01
9.970266971052427207e-01
9.954620839620305084e-01
9.981706163708015112e-01
9.963843237206861936e-01
9.975961840997458197e-01
9.975433473868878798e-01
9.955769409024762817e-01
9.895612012983658889e-01
9.791734098000142161e-01
9.649438476900596973e-01
9.576049797997921997e-01
9.447579484993838816e-01
9.342595022002286864e-01
9.244473952483205359e-01
9.169663041003027759e-01
