0.000000000000000000e+00
0.000000000000000000e+00
0.000000000000000000e+00
0.000000000000000000e+00
0.000000000000000000e+00
0.000000000000000000e+00
0.000000000000000000e+00
0.000000000000000000e+00
0.000000000000000000e+00
0.000000000000000000e+00
0.000000000000000000e+00
0.000000000000000000e+00
0.000000000000000000e+00
0.000000000000000000e+00
0.000000000000000000e+00
0.000000000000000000e+00
0.000000000000000000e+00
0.000000000000000000e+00
0.000000000000000000e+00
0.000000000000000000e+00
0.000000000000000000e+00
0.000000000000000000e+00
0.000000000000000000e+00
0.000000000000000000e+00
0.000000000000000000e+00
0.000000000000000000e+00
2.247885671038497846e-02
4.303637775833398238e-01
1.536320085013791470e+00
1.971636719225069223e+00
1.423794363714747435e+00
8.265147952474762860e-01
4.605492479911405534e-01
3.174583909561280448e-01
2.578959034362206526e-01
2.446546854560394668e-01
2.574733331364413846e-01
2.624969036666912059e-01
2.533776599235476601e-01
2.458330042982298513e-01
2.321800658490031366e-01
2.600550540395711874e-01
3.320183453741396007e-01
4.245636701438900706e-01
5.435872060099989911e-01
7.003365060186794722e-01
8.749734344639866768e-01
1.063808945024143915e+00
1.189672895894837490e+00
1.315498328280291007e+00
1.398119227887842708e+00
1.491397577328161805e+00
1.541477944224735053e+00
1.553576866970227899e+00
1.516315766973475476e+00
1.391678718762270117e+00
1.274593021770774826e+00
1.151063096214585801e+00
1.053444039562427825e+00
9.906954715182452187e-01
9.368637427116136562e-01
9.197855244097318250e-01
8.904387884720142976e-01
8.892966770981828306e-01
8.931376181242667300e-01
8.970126825910509361e-01
9.054532104329392483e-01
9.176235166764175055e-01
9.306962342874564031e-01
9.601947774383918777e-01
9.687556404189653358e-01
9.890847680516385854e-01
1.004964969093250948e+00
1.025068550881038654e+00
1.031692857980798239e+00
1.041506842906646524e+00
1.046362006295774583e+00
1.032319246033374993e+00
1.028579421780644765e+00
1.031299340433687428e+00
1.016333356982608738e+00
1.004075654135069495e+00
1.008633246600415312e+00
9.986246060972029381e-01
9.900054867629687338e-01
9.726088685375432474e-01
9.839066869582804298e-01
9.816319225662718528e-01
9.758735299260928864e-01
9.795182041252132876e-01
9.906889401517494642e-01
9.915718760764860029e-01
9.987457742112513248e-01
1.006190183609569688e+00
9.953533245704199173e-01
1.011653235654765393e+00
1.007769567936020350e+00
1.012442874238927537e+00
1.011275535437886619e+00
1.011308774356270090e+00
1.013494722776446144e+00
1.004539150690227700e+00
1.008910060524844221e+00
1.012888925830021769e+00
1.003412951209370574e+00
1.002728221766973737e+00
1.006171029814128426e+00
1.004489113088376628e+00
9.965886099293985723e-01
1.004413152029767442e+00
1.001065599376209647e+00
9.992751343148481569e-01
1.008708955328780466e+00
1.006188120668406683e+00
1.001148055948583471e+00
1.000820911484919806e+00
1.013741668344354085e+00
1.002503438279062964e+00
9.993824790656037349e-01
1.009873935536808709e+00
1.003088505366087846e+00
1.003914519682243212e+00
1.004774810656633433e+00
1.012146337735228663e+00
1.005068872161565263e+00
1.012355853131048589e+00
1.007509601393467014e+00
1.011550663118137461e+00
1.005004210994054681e+00
1.004640237737409514e+00
1.006835998061398119e+00
1.001646585086141128e+00
1.003903534314607660e+00
1.000151695258737039e+00
1.003015404097770347e+00
9.962166647557876287e-01
1.006193750183940416e+00
1.005920665530854574e+00
1.005133935096832243e+00
1.002002747759968448e+00
1.004516156351653811e+00
1.008114439853728728e+00
1.008671997174700907e+00
1.006361800440825904e+00
1.003757349301992230e+00
1.005796984452584919e+00
1.005117531125750530e+00
1.005376318221950172e+00
1.003548341043850378e+00
1.003431993093059527e+00
1.010174461992348949e+00
1.002436598200606044e+00
1.005910481923659283e+00
9.973055398135317606e-01
1.003454325711818251e+00
9.988841154066594452e-01
1.000730693978213015e+00
1.000886399396756055e+00
1.006048033529492569e+00
1.003087689115683911e+00
9.957494886926105959e-01
9.960407151209399457e-01
9.969136815371406612e-01
9.982303813841477691e-01
9.954439453802070847e-01
9.963591917243778129e-01
9.967588549422835564e-01
9.961401226457118341e-01
9.974840889861029680e-01
9.996090209538353033e-01
9.970698026630381294e-01
9.981796495326632490e-01
9.932558089028201698e-01
9.993861507873190719e-01
1.001861054108742488e+00
9.980132244589438040e-01
9.942631101583283559e-01
9.922722788882387679e-01
9.986747181450823518e-01
9.957207549095853372e-01
9.968866720992823893e-01
1.001788688294943386e+00
9.950888527161987351e-01
9.977713482252883459e-01
9.940733178210462428e-01
1.000450892892132959e+00
9.971590583738815239e-01
9.947840316500740077e-01
1.002117796207314226e+00
9.964758950123362435e-01
9.966007429261428685e-01
9.980452004560921297e-01
9.975387004304749894e-01
9.953495731525064949e-01
9.999998806370498095e-01
9.953238797765697754e-01
9.977226803000073252e-01
9.946903349330500355e-01
1.001452757114073000e+00
9.987155179431956853e-01
9.948774812753389263e-01
9.992510082727126264e-01
1.001507771328941088e+00
9.987677996016869342e-01
9.988857025317549043e-01
9.975647841314159159e-01
9.998654627800500627e-01
9.966071338783363265e-01
9.974362048600666775e-01
1.000899651037816751e+00
1.002066249875041004e+00
1.000403600325155962e+00
9.987321082412217166e-01
1.002033760114525052e+00
1.002172032023079362e+00
9.992553533470329707e-01
9.963164097714101164e-01
1.001580006559542380e+00
9.994429162689513202e-01
9.969228369362073128e-01
1.001583012080240032e+00
1.003734969812078992e+00
9.988983295392818151e-01
1.003722163699497960e+00
9.997928311584306504e-01
1.000040871004072685e+00
9.978026599918110584e-01
1.002343694455164691e+00
1.000066432657231497e+00
1.001879823171721640e+00
1.000190440198473807e+00
1.004140881021057252e+00
9.999638837675318692e-01
1.002499276868100031e+00
9.980257896262049178e-01
1.000775385811054852e+00
9.972365787031957085e-01
9.996374928658857684e-01
1.002785529682701293e+00
9.981566161908482782e-01
1.000282460438833398e+00
9.987463612528673096e-01
9.983085463760030809e-01
1.000230769988940116e+00
9.976279505809365622e-01
9.969487406704661270e-01
9.967096063653283489e-01
1.001628215756576346e+00
9.973643072879417870e-01
1.001258398935246818e+00
9.992968164373073892e-01
9.976274491212741014e-01
9.988023413939269846e-01
9.971069696785481717e-01
9.963251677315093646e-01
9.971492684839630138e-01
9.967630339984838717e-01
9.981987335887232415e-01
9.973102179541640799e-01
9.965475505034261383e-01
9.977490046411053859e-01
9.993647161771479492e-01
9.996200760734021973e-01
9.974594818325740464e-01
9.987965633809144927e-01
9.960593258015697504e-01
9.969465174216791681e-01
9.927725579806500056e-01
9.983497669769462179e-01
9.980043804470859481e-01
9.970880659399599111e-01
9.938365512075908459e-01
9.884587221428182691e-01
9.765483322411763201e-01
9.670664231758990814e-01
9.548277851858767429e-01
9.451370358334583166e-01
9.347813495036255693e-01
9.251930720189696089e-01
9.127113774405692936e-01
