0.000000000000000000e+00
0.000000000000000000e+00
0.000000000000000000e+00
0.000000000000000000e+00
0.000000000000000000e+00
0.000000000000000000e+00
0.000000000000000000e+00
0.000000000000000000e+00
0.000000000000000000e+00
0.000000000000000000e+00
0.000000000000000000e+00
0.000000000000000000e+00
0.000000000000000000e+00
0.000000000000000000e+00
0.000000000000000000e+00
0.000000000000000000e+00
0.000000000000000000e+00
0.000000000000000000e+00
0.000000000000000000e+00
0.000000000000000000e+00
0.000000000000000000e+00
3.643939967665291851e-02
1.041089356758063245e+00
3.448644674738751803e+00
3.426910839845383361e+00
1.917431630257339537e+00
8.784522788666089266e-01
3.991924068086895594e-01
2.010346949985494236e-01
1.226488577797418128e-01
1.881165273220166412e-01
7.073124301471138686e-01
1.482492280000406559e+00
1.750358459677921807e+00
1.469703573696454768e+00
1.077160518244455023e+00
8.111239151241126377e-01
6.927046163900153486e-01
6.795932560902671060e-01
7.328524503502336085e-01
8.141422064305282591e-01
9.009853784005417143e-01
9.902240241951418831e-01
1.066090581597172626e+00
1.128917434594682412e+00
1.176857102913835718e+00
1.208546236471263802e+00
1.213921901533355108e+00
1.201338940336131644e+00
1.174339221647976439e+00
1.137647128612529590e+00
1.095886377462123473e+00
1.062301476626357211e+00
1.030992343354169671e+00
1.002177803828005809e+00
9.836857825461173821e-01
9.646545507031589750e-01
9.499950935215957237e-01
9.383162013316255212e-01
9.317725641755170152e-01
9.303613395368479644e-01
9.298730195613800209e-01
9.362177410234809871e-01
9.428271156393454033e-01
9.525516119271677518e-01
9.634551660674249840e-01
9.763456121587740233e-01
9.846315394449908220e-01
9.940651676541256698e-01
1.002130817022118814e+00
1.009329389201161886e+00
1.014635270428561942e+00
1.018087669897653536e+00
1.020985629151736296e+00
1.022311634687566473e+00
1.021172442711553829e+00
1.020066776848058909e+00
1.017222173995596668e+00
1.015515913775472345e+00
1.010442359369973842e+00
1.008361505122458590e+00
1.005546556577184614e+00
1.001943135998604184e+00
1.000537502301210857e+00
9.997811527371327500e-01
9.975566981866784699e-01
9.971984889536421592e-01
9.970147999818688156e-01
9.961663605029934532e-01
9.957943233576307396e-01
9.947713143362472143e-01
9.945036163492492198e-01
9.969072668522356295e-01
9.949367502913407657e-01
9.965188102263600189e-01
9.981275906040740775e-01
9.973183680693635811e-01
9.986343475285420768e-01
9.990370792526420685e-01
9.987386068341154166e-01
1.001594954068006915e+00
1.000472336439624410e+00
9.997709950283912850e-01
1.000726845733600046e+00
1.001243433771338287e+00
1.000284750120234545e+00
1.000180731919553478e+00
1.000230468915500825e+00
1.000760522402441399e+00
1.000648592855978958e+00
1.000468146484449594e+00
1.000982580722027171e+00
9.990504233666583911e-01
1.000967586943877441e+00
9.998387065238810711e-01
1.000202918585734624e+00
9.997125137098190617e-01
9.992966235968718802e-01
9.986643828344777818e-01
9.987972107630849194e-01
9.993602431734649461e-01
1.000800451789795043e+00
1.000571846043145863e+00
1.000553372943302710e+00
1.000276467968866267e+00
1.001449004690860178e+00
1.000376810010584983e+00
1.001165449641712835e+00
1.001131117047410424e+00
1.000292266211525227e+00
1.000226273960783674e+00
1.000181305307494162e+00
1.001038503828306947e+00
1.000212981678992641e+00
9.994521298502904161e-01
9.998306951160091938e-01
9.998890746830675358e-01
9.984000080275925448e-01
1.000779231427852078e+00
9.990133576402930871e-01
9.994646728356766374e-01
9.990938345926763109e-01
9.989846206017024555e-01
9.984689421732081405e-01
1.000302076526354167e+00
1.000943970148641338e+00
1.000439135634227261e+00
9.998914075940705803e-01
1.001336170991891761e+00
1.001032675757981050e+00
1.003442749374970910e+00
1.002049875192778661e+00
1.002502779734846694e+00
1.001947020184027037e+00
1.001619967744512563e+00
1.001568969334227344e+00
9.993687610240183927e-01
1.001050366020169724e+00
1.000466462825646108e+00
1.000990655547708608e+00
1.000033353545104475e+00
9.990920707645624121e-01
9.995341019356341894e-01
9.994323128347868401e-01
1.000286719422480264e+00
9.990455526052524071e-01
9.986847780995913304e-01
9.983088941145877859e-01
1.000142475644605566e+00
9.990184196655169657e-01
9.999117047519938684e-01
9.990375096873109761e-01
1.000197072463608894e+00
1.000016075116025194e+00
1.000778664175953292e+00
1.000404894871608885e+00
1.000739782922745791e+00
1.001376676873381388e+00
1.000859426394241858e+00
1.001071793205773997e+00
1.001150617587098779e+00
1.000735394060396022e+00
1.000729658281239942e+00
1.001010105597959443e+00
1.000324081478858984e+00
1.000947797758777513e+00
1.000231958804531196e+00
9.994512556402448400e-01
9.993391155519436575e-01
9.997553653315953692e-01
1.000043437825280712e+00
9.990387841027614790e-01
1.000364101207647183e+00
9.992725903889950745e-01
1.000371133705699966e+00
1.000611055228033619e+00
9.997755539581414386e-01
1.000583609737955015e+00
9.995588465231655118e-01
9.996495304817483163e-01
1.000604338067830890e+00
1.000194361324793890e+00
1.000579719173920301e+00
1.000027813093787854e+00
1.000326897470653176e+00
1.000535595383410969e+00
1.000031201231458500e+00
9.998156374656574918e-01
1.000310507779234692e+00
1.000358712281496310e+00
1.001019764052180960e+00
1.000507713497982287e+00
1.000435185219151757e+00
1.000494522162215683e+00
1.000699439214070008e+00
1.000133143408467040e+00
1.000501789760359417e+00
1.000077686136842781e+00
1.000130726977054518e+00
9.997654066976053855e-01
1.001052330647149713e+00
9.994016820526367972e-01
1.000830280705854891e+00
1.000038008265704326e+00
1.000154130657236129e+00
9.993135926123045687e-01
9.995805265063223422e-01
1.000866912047562840e+00
1.000334338152982783e+00
9.998321709076626318e-01
1.000146002899521713e+00
9.997794935411387085e-01
9.997564968957052267e-01
1.000705926343664176e+00
1.000025197866565962e+00
9.999531416360427638e-01
1.000658958572419932e+00
1.000517218338340397e+00
1.000526589187934245e+00
9.995993679757253503e-01
1.000424821971420020e+00
1.000124261677897142e+00
1.000845945509533319e+00
9.999803148954028442e-01
1.000362983767106195e+00
1.000110289051860279e+00
1.000289170843460251e+00
1.000267681214995985e+00
9.996339614040241628e-01
1.000788266857881137e+00
9.995070909580938689e-01
1.000513898913572897e+00
1.000469290592575833e+00
1.000446001789603301e+00
9.996520589210631247e-01
9.998939857742689119e-01
9.997042763251575703e-01
9.999683128841051483e-01
1.000072658666440129e+00
9.998856222179228759e-01
1.000520473744334948e+00
9.998687520770325188e-01
1.000518126514716499e+00
1.000321201865596032e+00
1.000392914844978831e+00
1.000373949545614982e+00
1.000541780837874928e+00
1.000047648637686137e+00
1.000280209284275967e+00
9.994814035349542936e-01
1.000268026134626842e+00
9.994373213323535232e-01
9.909342090175755624e-01
9.796009931725638831e-01
9.688708104216373629e-01
9.587399523895581144e-01
9.484166165251118885e-01
9.370401181126318813e-01
9.265178500958679564e-01
9.161172392831465894e-01
