0.000000000000000000e+00
0.000000000000000000e+00
0.000000000000000000e+00
0.000000000000000000e+00
0.000000000000000000e+00
0.000000000000000000e+00
0.000000000000000000e+00
0.000000000000000000e+00
0.000000000000000000e+00
0.000000000000000000e+00
0.000000000000000000e+00
0.000000000000000000e+00
0.000000000000000000e+00
0.000000000000000000e+00
0.000000000000000000e+00
0.000000000000000000e+00
0.000000000000000000e+00
0.000000000000000000e+00
0.000000000000000000e+00
0.000000000000000000e+00
0.000000000000000000e+00
3.644414184875932605e-02
1.039395360466363494e+00
3.445370784192689495e+00
3.436416225364010035e+00
1.918447310876743916e+00
8.744099746085439717e-01
3.998196238297172522e-01
2.028663793773420321e-01
1.240355559498104859e-01
1.877487652394723150e-01
7.047808215071442728e-01
1.489228949234710386e+00
1.749235661552585697e+00
1.468827749575019936e+00
1.078870896542147628e+00
8.083799310979047359e-01
6.925302927997382119e-01
6.795491403178560708e-01
7.314456500694506147e-01
8.116641393428639661e-01
9.034617627700008979e-01
9.940553113696298793e-01
1.062780457006415880e+00
1.130439291761414777e+00
1.172258015815926369e+00
1.206396036108264846e+00
1.213187253866319093e+00
1.200606267760687462e+00
1.173120215896086505e+00
1.137957527993521456e+00
1.099931600423940559e+00
1.061556259744958375e+00
1.030989219020286729e+00
1.002180646790061802e+00
9.803623153982979899e-01
9.637930628273666533e-01
9.493758556330532672e-01
9.395763627606248392e-01
9.319413964502775150e-01
9.275279917635407267e-01
9.293427963889349108e-01
9.319741418429529078e-01
9.399459852856403286e-01
9.529572706374456192e-01
9.637146749555951519e-01
9.762552722364128410e-01
9.821598313798087787e-01
9.944861668028794899e-01
1.002678194042658344e+00
1.005940864499239362e+00
1.014639653714589196e+00
1.016676807828932549e+00
1.019216761704334173e+00
1.020964108047282659e+00
1.020926160306186992e+00
1.021195993494925069e+00
1.018971581461085574e+00
1.016181027689707417e+00
1.010701544487002890e+00
1.009866948026942879e+00
1.005143883742662503e+00
1.002874649319725808e+00
1.001525246577956718e+00
9.991702194634162204e-01
9.982788147529647604e-01
9.954046425192305536e-01
9.962756331127994303e-01
9.964259176768736070e-01
9.938169595955491653e-01
9.934227593268315504e-01
9.916172196077844836e-01
9.942189040319162618e-01
9.945532926694979903e-01
9.955585633715833271e-01
9.962161362732165903e-01
9.982296253501463656e-01
9.995490216716818033e-01
9.984539251039822316e-01
9.977245326317063512e-01
9.992435017210247183e-01
1.000073948987326267e+00
1.000039368079834068e+00
1.001241621815182059e+00
1.000554392469522602e+00
1.000220732879658847e+00
1.001750636287088492e+00
9.999993210940132382e-01
1.001087477088941302e+00
9.998189658604923480e-01
1.000383972011096967e+00
1.000137449170131587e+00
9.998557903309220896e-01
9.994091303302673479e-01
1.000876650692225533e+00
1.000448287755921983e+00
1.000762971759668440e+00
9.992101386847472844e-01
9.990347266365292578e-01
9.986549463935295856e-01
1.000860445782636887e+00
9.996771323236675055e-01
9.995371556521901457e-01
9.989485374465177925e-01
1.001005618758782578e+00
1.000642330327271345e+00
1.001430997694554126e+00
1.001245232615068925e+00
1.000472614831649842e+00
1.001218344830223206e+00
1.000985668003309570e+00
9.991804374398557398e-01
1.000399314658264815e+00
9.997513340430099760e-01
1.000291706144953663e+00
9.994616360256934895e-01
9.994116825907616297e-01
9.999530389016975107e-01
9.987887059667799328e-01
9.996972682770496332e-01
9.995179543449294046e-01
9.990251272172773200e-01
9.993848772474561715e-01
9.993888297734552228e-01
9.990637030182821787e-01
9.994870843386772785e-01
1.000516034535115839e+00
1.000194099490772981e+00
1.002755618676544724e+00
1.002229864534158521e+00
1.003378146376332047e+00
1.002460040168935196e+00
1.002273857919581790e+00
1.002257303149216572e+00
1.000556130510120934e+00
1.001356271156955025e+00
1.000823130197680433e+00
9.998233019431578272e-01
1.000489116797251388e+00
9.994385333226512014e-01
9.995930485919357622e-01
9.994865742525539387e-01
9.995820613672194987e-01
9.997918155424397879e-01
9.985665550161815229e-01
9.984745806530223033e-01
9.991443339740082585e-01
9.986906901026649797e-01
9.991047708442027941e-01
9.986279151425491163e-01
9.996913162291030108e-01
9.993817813093205382e-01
9.996770349632224661e-01
9.996414981221992679e-01
1.001288013564202606e+00
1.000386532632062453e+00
1.000921378973005593e+00
1.001149501288698840e+00
1.000632874063133837e+00
1.001449058110031487e+00
1.000456589947640529e+00
1.000608929775100631e+00
9.999498797544329465e-01
1.000487428601854800e+00
1.000764115419991773e+00
1.000918782744876889e+00
1.000268511589924803e+00
9.996108654315126740e-01
1.000574378000946618e+00
9.996009390394789973e-01
1.000680997473424982e+00
9.997300578631206358e-01
9.995578155492711447e-01
1.000062183421528639e+00
1.000001390390738765e+00
1.000472651926523238e+00
9.998671331992198263e-01
9.996325643236610992e-01
9.999852894560111727e-01
9.998471544093576746e-01
1.000080454305176669e+00
1.000354771897346007e+00
1.000144673004428775e+00
1.000073057041712454e+00
9.996949111229790352e-01
1.000567095594051770e+00
1.000514016697797048e+00
1.000614977865590394e+00
1.000225503771212665e+00
1.000911807181526170e+00
1.000160035212219078e+00
9.997185978867042522e-01
1.000604698553168026e+00
1.000213356947460053e+00
1.000372099769315737e+00
1.000834800294567728e+00
1.000671219785534971e+00
9.999129259453973795e-01
1.000283078036486861e+00
1.000220030793127490e+00
1.000383421108635762e+00
9.998535717180850879e-01
9.994921156145578633e-01
1.000296556582325858e+00
1.000150899428029705e+00
9.996126988361055954e-01
1.000575669086473107e+00
1.000480294837597040e+00
1.000230116720579376e+00
1.000452999372391627e+00
1.000031145786680176e+00
1.000411252792866135e+00
1.000361747825983860e+00
1.000467527924006728e+00
1.000018790837951421e+00
1.000474265144351893e+00
9.996461829607649063e-01
1.000582854316563131e+00
9.998464950449974520e-01
1.000098807930457134e+00
1.000053689764857090e+00
9.999504754799670714e-01
1.000391812261445912e+00
1.000263840990072817e+00
1.000439522200143649e+00
1.000536305805522108e+00
1.000028287165462437e+00
1.000579205948923356e+00
1.000143956282298241e+00
1.000513798398950049e+00
1.000333780797487693e+00
1.000111449478166881e+00
1.000008746639267976e+00
1.000354953289296134e+00
1.000325292930171583e+00
9.997947055960286766e-01
1.000518195586283632e+00
1.000249476138011628e+00
1.000225700920867489e+00
1.000332236150947685e+00
1.000699284139091594e+00
1.000106217777011697e+00
1.000770238730626094e+00
1.000251159475403995e+00
9.998414061685287901e-01
1.000072169512532083e+00
1.000511030320519579e+00
1.000229673237903016e+00
1.000302918419416764e+00
1.000153423333933755e+00
1.000170321721836730e+00
9.991671533011662332e-01
9.909221655310064270e-01
9.803704580568352034e-01
9.695471302062018681e-01
9.586912692103869427e-01
9.478536291412461567e-01
9.370554403661149889e-01
9.273769924937671494e-01
9.160802452174304777e-01
