0.000000000000000000e+00
0.000000000000000000e+00
0.000000000000000000e+00
0.000000000000000000e+00
0.000000000000000000e+00
0.000000000000000000e+00
0.000000000000000000e+00
0.000000000000000000e+00
0.000000000000000000e+00
0.000000000000000000e+00
0.000000000000000000e+00
0.000000000000000000e+00
0.000000000000000000e+00
0.000000000000000000e+00
0.000000000000000000e+00
0.000000000000000000e+00
0.000000000000000000e+00
0.000000000000000000e+00
0.000000000000000000e+00
0.000000000000000000e+00
1.669224873383146670e-05
3.481343579582629050e-02
1.047277586638640567e+00
3.443118981029972048e+00
3.431419000973103373e+00
1.910036262811609653e+00
8.744145294319273232e-01
3.961539537686843415e-01
2.012733338121804050e-01
1.256969930245925016e-01
1.846664254920127035e-01
7.064081669807461550e-01
1.487306857778697422e+00
1.744410177468668888e+00
1.471326387017124260e+00
1.075911297645308240e+00
8.104757958227745140e-01
6.940008898044992547e-01
6.809732144869473647e-01
7.294727545645265376e-01
8.095260254630929353e-01
9.024966205092632698e-01
9.933197378635915120e-01
1.067006636911641326e+00
1.132617144422699118e+00
1.178261991069463832e+00
1.205155637997829210e+00
1.207114994896255622e+00
1.202538813177181476e+00
1.171566994966462660e+00
1.133712027652337362e+00
1.096250374649222481e+00
1.059352285243663427e+00
1.031431674583026314e+00
1.007617810998278518e+00
9.808102355088658131e-01
9.649933483726493844e-01
9.472929039025432818e-01
9.387447713468041188e-01
9.315353558145194057e-01
9.296337276538753081e-01
9.284677952161670689e-01
9.338545627953112049e-01
9.422095598572021169e-01
9.509979152494133503e-01
9.630991453713756423e-01
9.721281389825510155e-01
9.831229572556041685e-01
9.925965776029647136e-01
1.000523372143950374e+00
1.007560447445767338e+00
1.014281809526731859e+00
1.015492864075412394e+00
1.021837219929843998e+00
1.021047975336486280e+00
1.021182455313213833e+00
1.019793293028899095e+00
1.017477661244386100e+00
1.016742695788743100e+00
1.011772711283989601e+00
1.007802984922842926e+00
1.006217235083417538e+00
1.001968651909061148e+00
1.000898201366107187e+00
9.992948220679126470e-01
9.980152639432766648e-01
9.968678167940244750e-01
9.962064564959778323e-01
9.939926717078106932e-01
9.946258973229036293e-01
9.955745201726348137e-01
9.936220903526535864e-01
9.935971962821897874e-01
9.955089668655747737e-01
9.958637912454328944e-01
9.968748418034881764e-01
9.974080548679316038e-01
9.980633103016981478e-01
1.000230744247723180e+00
9.999752747407554265e-01
1.000520366276239193e+00
1.000218631634163025e+00
9.997722127131635217e-01
9.993494392806629989e-01
1.001677258301374440e+00
9.999093846475746172e-01
1.001749344885684456e+00
9.995783805330855643e-01
1.000996002181276712e+00
1.001470326776738640e+00
1.000818349409972274e+00
9.998750430921785615e-01
1.000251666028449948e+00
1.000894469825112099e+00
1.000700851011162573e+00
9.996406759985143609e-01
9.998082013555399383e-01
9.999660090165726212e-01
1.000764567260957749e+00
9.984008408496258813e-01
9.995057775486267948e-01
9.991474010167158415e-01
1.000507769902270638e+00
9.998508794368393682e-01
1.000452027809606070e+00
1.000313763327491223e+00
9.999215248484912832e-01
9.998720924496603546e-01
1.000702901508283782e+00
1.000266401379943160e+00
1.000781224778537926e+00
9.996456428253006621e-01
1.000426434034717760e+00
9.999934480733332354e-01
9.990566102879956389e-01
1.000420305719579517e+00
1.000419508114975820e+00
9.991680335553395631e-01
9.999046206643450452e-01
9.985377274242350776e-01
9.990468206320628486e-01
9.987413332140139266e-01
9.991137456701973951e-01
9.988493266480166222e-01
9.993997373021274999e-01
9.994237767926689164e-01
1.000253041405272159e+00
1.001052513207892014e+00
1.002161058840859598e+00
1.001350424530689676e+00
1.001905752538634342e+00
1.002475374443348333e+00
1.001092443185437775e+00
1.001426750408693556e+00
1.001953081282287439e+00
1.001916790197935558e+00
1.001389381578650983e+00
1.000231687347458598e+00
9.994939924753862837e-01
1.000487944223015235e+00
9.989963762338704978e-01
9.991478215305779065e-01
9.993256378303791987e-01
9.978361879638756315e-01
9.999545179743841716e-01
9.985197297525685300e-01
9.988593073093551267e-01
9.988905475007795465e-01
9.989117256868317307e-01
9.994956247338019351e-01
9.991972868608089975e-01
9.994049556725975725e-01
9.997939050409504480e-01
1.000139677945868666e+00
1.000804282424956781e+00
1.001689306872053820e+00
1.001047958032109220e+00
1.000611530036303209e+00
1.000874465985463813e+00
1.000565115620473788e+00
1.001588472400402052e+00
1.001131605911586897e+00
1.000690307336592921e+00
1.000926767459806133e+00
1.000879187097764689e+00
1.000214541299524473e+00
1.000417127570222942e+00
9.997568117067682225e-01
9.997598919061017053e-01
9.993524089829635138e-01
9.998109182046318599e-01
1.000399759019378276e+00
9.992698600968400457e-01
1.000073290563932904e+00
1.000089465684864454e+00
9.998864759189137752e-01
9.995760230677270819e-01
9.991270384425900986e-01
1.000749122656099388e+00
9.995668529488240805e-01
1.000379945289971317e+00
9.999002621850922035e-01
1.000194149975324631e+00
9.994677512549243747e-01
9.998002287033574964e-01
1.000316335720742078e+00
1.000159380409772147e+00
9.997596822030165864e-01
1.000398461513844817e+00
1.000831805885178172e+00
1.000750522825714528e+00
1.000184176719357332e+00
9.999216237161069332e-01
1.000089414009067035e+00
1.000269937795741138e+00
1.000532166430158298e+00
9.997420133884737936e-01
1.000055119759151401e+00
1.000603234513004036e+00
1.000554501293789755e+00
9.999455481197965234e-01
1.000088318912539576e+00
9.999463484813623237e-01
9.995740198288831646e-01
9.998130404279712558e-01
1.000155050580022520e+00
1.000063784080006402e+00
1.000799556665344481e+00
1.000112415829486512e+00
9.997514347235915144e-01
1.000183893793123779e+00
1.000383847936327397e+00
1.000164488957483222e+00
9.997818235839845968e-01
1.000097844057710184e+00
9.998406046513259593e-01
1.000026746822210821e+00
9.998836128999830652e-01
9.996819335859589151e-01
1.000241507412992004e+00
1.000317860921140500e+00
1.000330862110275998e+00
9.999601633245175369e-01
1.000143766606263585e+00
9.998440971764458451e-01
9.999058657599592115e-01
1.000008203070733348e+00
1.000841027643345926e+00
1.000111825150814093e+00
1.000063761571019949e+00
1.000027636074669823e+00
1.000061515894132835e+00
1.000272472455838058e+00
9.998734827020369087e-01
1.000385042845535200e+00
1.000306713463329888e+00
1.000087430695072666e+00
1.000392573856387246e+00
9.998625558342303377e-01
1.000485325797440872e+00
9.998881241207571158e-01
1.000073142619326116e+00
1.000254530709064449e+00
1.000207816329350186e+00
1.000521634599303544e+00
1.000131484249821900e+00
9.998828968725003152e-01
1.000234467149947681e+00
9.997984210054410292e-01
9.994521918647630843e-01
1.000080905983319779e+00
9.989146186238351266e-01
9.909906461779257603e-01
9.802167648942053946e-01
9.695041053084429983e-01
9.585903950764810277e-01
9.481506855631117725e-01
9.370405973548953105e-01
9.266590348023299173e-01
9.160202596233343320e-01
