0.000000000000000000e+00
0.000000000000000000e+00
0.000000000000000000e+00
0.000000000000000000e+00
0.000000000000000000e+00
0.000000000000000000e+00
0.000000000000000000e+00
0.000000000000000000e+00
0.000000000000000000e+00
0.000000000000000000e+00
0.000000000000000000e+00
0.000000000000000000e+00
0.000000000000000000e+00
0.000000000000000000e+00
0.000000000000000000e+00
0.000000000000000000e+00
0.000000000000000000e+00
0.000000000000000000e+00
0.000000000000000000e+00
0.000000000000000000e+00
3.339090074272330544e-05
3.535137032205504237e-02
1.040008052312322295e+00
3.440272674923050999e+00
3.410381269625557543e+00
1.909096921362118948e+00
8.632913826184509531e-01
3.971670681874275299e-01
2.012341888463600736e-01
1.254388908922980939e-01
1.855994814061092679e-01
7.002072614808009243e-01
1.480370743442930292e+00
1.740511659618165119e+00
1.460088713621660039e+00
1.082515401427099011e+00
8.115161363073493117e-01
6.957108532987831273e-01
6.865197462715428856e-01
7.325495608213500320e-01
8.147466702061398891e-01
9.087651810346418779e-01
9.908023963856137373e-01
1.067452343196329201e+00
1.131349585647090761e+00
1.171339266433870208e+00
1.202345844013454901e+00
1.210422514789943671e+00
1.198410901786177485e+00
1.175153993939068942e+00
1.135332825398283951e+00
1.094915468098544675e+00
1.057256425377658182e+00
1.031359817392223155e+00
1.005616237844057625e+00
9.826158896533231379e-01
9.627603257484562693e-01
9.492256512960132175e-01
9.394272101460391378e-01
9.313631782012132820e-01
9.278449700534233680e-01
9.278146700116277623e-01
9.314018347685057986e-01
9.411285285843554727e-01
9.512714075609309816e-01
9.614257279240699949e-01
9.721511496110424311e-01
9.835379330892383143e-01
9.937501004751193578e-01
1.002746333043098126e+00
1.006137066546496817e+00
1.011928638057003615e+00
1.016181621141055702e+00
1.018729844269416818e+00
1.020894851173499651e+00
1.020832946762409321e+00
1.019216659546414494e+00
1.017545464416096390e+00
1.011546640118555107e+00
1.011451580165851682e+00
1.008640620217457373e+00
1.004821248822566071e+00
1.003303234199457661e+00
9.996448433260406441e-01
1.000442773415698872e+00
9.985964323546803190e-01
9.965262946600859095e-01
9.958796641195769572e-01
9.939109438429646337e-01
9.924810539372306284e-01
9.943354399874489991e-01
9.931412760883027158e-01
9.946768371375985796e-01
9.929786852223926319e-01
9.942536972391217143e-01
9.959626527602305490e-01
9.961720675958010141e-01
9.989648990830890529e-01
9.987792649144053847e-01
9.982645738467518237e-01
1.000101545718076634e+00
9.988369715972413854e-01
9.990809493929585505e-01
9.997317525768368851e-01
9.990598373231588392e-01
1.002179292937285027e+00
1.001651926364756306e+00
9.991883521357154407e-01
9.999480796642679081e-01
1.000780986985801535e+00
1.000620068025656506e+00
1.000739104357957876e+00
1.001485936179212777e+00
9.981017586146658793e-01
9.999041334530253122e-01
9.999470893679875960e-01
1.000073907401405338e+00
9.993663950775466542e-01
9.996216858434260333e-01
9.992901556549110831e-01
9.984549263382711537e-01
9.990604711815901373e-01
9.988482599557245711e-01
9.992310318359060028e-01
1.000027736285718838e+00
1.000013288061051941e+00
1.001251762031572845e+00
9.999015573007463686e-01
9.994579330625786850e-01
1.000239403596073107e+00
9.990055540735225392e-01
9.996640916003217692e-01
9.999639746075773550e-01
9.995430342966512560e-01
9.995764159508180313e-01
9.990733795460846611e-01
9.994543589161430930e-01
9.994298308634403938e-01
9.989352317984818708e-01
9.992261758788810733e-01
9.993333596935759511e-01
9.984190753497171888e-01
9.987234069186186058e-01
9.987958820253010073e-01
9.993047419382816710e-01
9.988898487955836236e-01
9.997173735967584962e-01
1.000827130370016693e+00
1.001219433348417009e+00
1.002648968153076137e+00
1.001242493290013913e+00
1.001024251887951966e+00
1.002315242752542801e+00
1.000618107052746897e+00
1.001406755278747562e+00
1.001596430400309767e+00
1.001263123161614699e+00
1.001577475295961195e+00
1.000348012682756638e+00
1.000106354547649623e+00
9.992225850422449263e-01
9.986684318616620981e-01
9.998832590112785024e-01
9.997063639936548674e-01
9.978558785323333735e-01
9.988004104663315008e-01
9.992936544179009672e-01
9.983415116788593169e-01
9.994886545064421979e-01
9.991682805911757947e-01
9.996218902623336122e-01
1.000184067838103319e+00
9.988321889607970627e-01
1.000572328351069684e+00
1.000941160043662403e+00
1.000683661701663674e+00
1.001047583174378364e+00
1.000659117022862032e+00
1.001475220125300547e+00
1.001130776158695168e+00
1.000527410418718732e+00
1.001034121137891475e+00
1.000871076471962162e+00
1.000122965614303583e+00
1.000728114264814117e+00
1.000459614719721557e+00
1.000600335780553962e+00
1.000525250303103686e+00
1.000353365757370216e+00
1.000204613581829882e+00
1.000170535550931161e+00
9.999301045720453418e-01
9.998667928213724743e-01
9.997026440415888171e-01
9.993237182983734090e-01
1.000044106440044267e+00
9.995067577001632841e-01
9.996856925536811156e-01
1.001250256138475292e+00
1.000467386130087455e+00
9.997345983562599958e-01
1.000249848630980321e+00
1.000159407176879123e+00
9.998175573994282361e-01
1.000259307342616477e+00
9.999574940432032211e-01
1.000413422335862279e+00
1.001167328469883877e+00
1.000568226143955020e+00
9.998372206982029109e-01
9.998965613417475362e-01
1.000091747475251536e+00
1.000933345004980657e+00
1.000163766903306550e+00
9.996644008750792398e-01
9.996061517222378789e-01
1.000548661533432471e+00
1.000148878185679990e+00
1.000516460676507569e+00
9.997466430056545228e-01
1.000207488717976156e+00
9.997965367483940824e-01
1.000647175830846836e+00
1.000092655260464980e+00
9.997864828369784629e-01
9.998380558124777551e-01
9.999863971296634180e-01
9.996425264485597761e-01
1.000173867354990476e+00
1.000131854947112764e+00
1.000533044672749394e+00
9.995204387173127758e-01
9.996684021838515566e-01
9.997984091580166544e-01
1.000266950998392801e+00
1.000106527235698595e+00
9.996666270771628060e-01
9.998867850374070221e-01
1.000023449332444248e+00
1.000354935506691190e+00
9.999461569873703271e-01
1.000165844474270926e+00
1.000459843853882091e+00
1.000200197782611156e+00
1.000076018735582828e+00
1.000707661301139861e+00
9.993472045166025275e-01
9.998096986782455398e-01
9.996766879221828939e-01
9.994552875091654576e-01
9.997958160068878275e-01
1.000133065032358104e+00
1.000330263405905695e+00
1.000080223125388468e+00
1.000522313789990569e+00
9.998967895555295193e-01
9.997753719501306646e-01
1.000081939576298984e+00
9.997826476301233667e-01
1.000345725140224795e+00
1.000080837228820574e+00
9.996387501211930759e-01
1.000516349782718084e+00
1.000657494323439645e+00
1.000033242547207823e+00
1.000032015835983001e+00
9.996920893438304700e-01
9.994164712352815449e-01
1.000024450780288676e+00
9.994994414454624332e-01
1.000033529638782115e+00
9.994057237414231132e-01
9.906789906959420078e-01
9.800873947762943628e-01
9.696530858525305163e-01
9.587827626126973479e-01
9.477083640958410271e-01
9.373279509065403081e-01
9.270284936195389847e-01
9.160430628910405382e-01
