0.000000000000000000e+00
0.000000000000000000e+00
0.000000000000000000e+00
0.000000000000000000e+00
0.000000000000000000e+00
0.000000000000000000e+00
0.000000000000000000e+00
0.000000000000000000e+00
0.000000000000000000e+00
0.000000000000000000e+00
0.000000000000000000e+00
0.000000000000000000e+00
0.000000000000000000e+00
0.000000000000000000e+00
0.000000000000000000e+00
0.000000000000000000e+00
0.000000000000000000e+00
0.000000000000000000e+00
0.000000000000000000e+00
0.000000000000000000e+00
0.000000000000000000e+00
3.542917246029167466e-02
1.043501474939747764e+00
3.435159515802017172e+00
3.415194296056248469e+00
1.910451559950586686e+00
8.669751356149845156e-01
3.980792471582848546e-01
2.032493574274364945e-01
1.240667694954974559e-01
1.871031049131690605e-01
7.012987431658734838e-01
1.477447499628522953e+00
1.748665621776080537e+00
1.467525386507693597e+00
1.077361693507987939e+00
8.102482466218936530e-01
6.935126704524680052e-01
6.825419118337813229e-01
7.337449477516007068e-01
8.159371718938495111e-01
9.038959394081628185e-01
9.894920469864022516e-01
1.065395900882913915e+00
1.132583543755298683e+00
1.173843021208386128e+00
1.201917278618318097e+00
1.216391195982003293e+00
1.201563307711115192e+00
1.171290593153320625e+00
1.131387343931463230e+00
1.093881653176137503e+00
1.061369387085643323e+00
1.027698355249168749e+00
1.002402778326729971e+00
9.814407945775279751e-01
9.631463410413283466e-01
9.487737235797267799e-01
9.407984347053672813e-01
9.305728464595418581e-01
9.275728376927032670e-01
9.285771490181619070e-01
9.312400076493775325e-01
9.402776739084870439e-01
9.493523572387011500e-01
9.621187391343829498e-01
9.719559490448372863e-01
9.828377131656919063e-01
9.910202454611344303e-01
9.983355572379872811e-01
1.008639641829288669e+00
1.013171959131483391e+00
1.015838479899314750e+00
1.019508301564182595e+00
1.020331532294852295e+00
1.020507503985101039e+00
1.017637069076195333e+00
1.016676038528469883e+00
1.012749096569845575e+00
1.010849820803200627e+00
1.007937950885902101e+00
1.004357657533651027e+00
1.001329096118980910e+00
9.992719092134350056e-01
9.998450173125366103e-01
9.968271516327478210e-01
9.954047239807446434e-01
9.961157157994589006e-01
9.927888840878219545e-01
9.940370628715947676e-01
9.938423173149647516e-01
9.925962666938707990e-01
9.946254269534411385e-01
9.938782845558794543e-01
9.949288706252460424e-01
9.955707629211096865e-01
9.964435238651140336e-01
9.978810670946587358e-01
9.977502314868704758e-01
9.984367254265698044e-01
1.000017143722503166e+00
1.000385343446678954e+00
1.000822752232403801e+00
9.981136958014680260e-01
1.000704227637015054e+00
1.000474089853577109e+00
9.998768638956755384e-01
1.001441165372882525e+00
9.998242893401770859e-01
1.001714025006141595e+00
1.001660831368123894e+00
1.000149480043723837e+00
1.000123113497717320e+00
1.000095480550433624e+00
1.000613206159388202e+00
9.995911371859939054e-01
1.000851692612436228e+00
9.986125048739805665e-01
9.983401259310952236e-01
1.000046259769554746e+00
9.989862317368130018e-01
9.990467776450278059e-01
1.000261582612701261e+00
9.990916005258030363e-01
1.001162355566126871e+00
9.998185192334706484e-01
1.000747841295121399e+00
1.000589167292640358e+00
1.000806796549257971e+00
1.000030894212382337e+00
9.995567573509405168e-01
1.000489045838394375e+00
9.989077486775157499e-01
1.000730165129315674e+00
1.000815813381739527e+00
1.000511662725017681e+00
9.995413395534625822e-01
9.992798753653806543e-01
9.989319644706390333e-01
9.985785676742171546e-01
9.998742466994884337e-01
9.975226210628367340e-01
9.994411152773229334e-01
9.995923018908356994e-01
9.983428523040085434e-01
9.997482112104184582e-01
1.000234244484523360e+00
1.000785557006209414e+00
1.001266679952362182e+00
1.002125212615271321e+00
1.001159164112060074e+00
1.002383178382410200e+00
1.001587047174457901e+00
1.001026743311259848e+00
1.001634158919639361e+00
1.002260459043859964e+00
1.000500989435201049e+00
1.000094924226505810e+00
1.000259704133458660e+00
1.000750294078613267e+00
9.992254617605510481e-01
9.996674750312692925e-01
9.995647718873128529e-01
9.999067038210815994e-01
9.980094759178206321e-01
9.982900069451828839e-01
9.988945870969887508e-01
9.990086315221302637e-01
9.986766175825910752e-01
9.986646698444200387e-01
9.989493143734622382e-01
9.994622256204807043e-01
1.000627035081259386e+00
9.991795948274559969e-01
1.000890900214512991e+00
1.000939214897157203e+00
1.001201303187625458e+00
1.001157625360756365e+00
1.000250107483946715e+00
1.001128287353603374e+00
1.000403592094365690e+00
1.000834310339584254e+00
1.000301280974113638e+00
1.000948620454993554e+00
1.000262267649272729e+00
9.994841613057362517e-01
1.000665934831991288e+00
1.000241379590446344e+00
9.994977099615981464e-01
9.993354627890164155e-01
9.996266535240400097e-01
1.000145864985042765e+00
9.993985064295588527e-01
9.997606156649739839e-01
9.998982819303868785e-01
1.001142589237068670e+00
9.998644916093384349e-01
9.999444689313284895e-01
9.993754116129490717e-01
9.999443203491303889e-01
1.000031109408020091e+00
1.000111000616932477e+00
1.000973506273502345e+00
9.997016054881895375e-01
1.000912448720804315e+00
1.000085972705780479e+00
9.997877619932312721e-01
1.000354765923702205e+00
1.001268513560269469e+00
1.000280110910076514e+00
1.000442359438977968e+00
9.998385837673926524e-01
9.998836478623316371e-01
1.000213020861849822e+00
9.995292601308053415e-01
9.998797220749325865e-01
9.997801072541471212e-01
1.000180497321467854e+00
9.997827367269989107e-01
9.991962884184258931e-01
1.000685445345193436e+00
1.000142770107660395e+00
1.000412025506883795e+00
1.000185300809916633e+00
1.000214349478786291e+00
9.996069132724805240e-01
1.000081846898426940e+00
9.994440241953487236e-01
1.000468206176934771e+00
9.999831944605770406e-01
1.000011285397765404e+00
1.000358942337773449e+00
1.000491220349947863e+00
1.001051146349554610e+00
1.000179040257768381e+00
1.000227210925142218e+00
1.000082840986606270e+00
1.000109106623890964e+00
1.000467189339103724e+00
1.000856374692791428e+00
1.000609724383641597e+00
1.000448708907296869e+00
1.000361333661709207e+00
9.999859798952070999e-01
1.000156418607603070e+00
1.000253408111245301e+00
1.000166912031346556e+00
1.000166241857870952e+00
1.000021700866410068e+00
1.000543952319943974e+00
9.999972985988987428e-01
9.997387973310640774e-01
1.000619927709956114e+00
9.998503662291001737e-01
9.999549123206804557e-01
1.000400775978828927e+00
1.000615804461466363e+00
9.998326749410422210e-01
1.000376224738987130e+00
1.000154905435541641e+00
1.000431000416728278e+00
1.000196196784816971e+00
1.000222631449581456e+00
9.997373119187623614e-01
1.000522573415242311e+00
1.000372714575456401e+00
1.000500582712733344e+00
1.000346916308429090e+00
1.000613631875184595e+00
1.000022401357466784e+00
1.000873215871851185e+00
9.996770117389556232e-01
9.914887233512622577e-01
9.799255237288535536e-01
9.694966846037627040e-01
9.588020442129403520e-01
9.480594014325689489e-01
9.376554919626021167e-01
9.269672241634172583e-01
9.173298980591925167e-01
