0.000000000000000000e+00
0.000000000000000000e+00
0.000000000000000000e+00
0.000000000000000000e+00
0.000000000000000000e+00
0.000000000000000000e+00
0.000000000000000000e+00
0.000000000000000000e+00
0.000000000000000000e+00
0.000000000000000000e+00
0.000000000000000000e+00
0.000000000000000000e+00
0.000000000000000000e+00
0.000000000000000000e+00
0.000000000000000000e+00
0.000000000000000000e+00
0.000000000000000000e+00
0.000000000000000000e+00
0.000000000000000000e+00
0.000000000000000000e+00
0.000000000000000000e+00
0.000000000000000000e+00
0.000000000000000000e+00
0.000000000000000000e+00
0.000000000000000000e+00
3.740010029724848833e-02
7.928684865178812213e-01
2.751847246255689772e+00
3.186412942246138247e+00
2.161314879972177749e+00
1.037303045511486221e+00
5.108492811423182012e-01
2.827107617861207012e-01
2.369188879206202136e-01
2.216944782134730452e-01
2.485587641406950266e-01
2.757555003112919234e-01
3.042879310584595820e-01
3.297693016876425687e-01
3.275831588029179398e-01
3.494009024709304190e-01
3.973230100133818832e-01
5.107641592520548723e-01
6.390841162683738030e-01
8.352710208339167997e-01
1.018376819436211278e+00
1.169398305536946348e+00
1.305799141819004028e+00
1.418644406787901158e+00
1.510053221127972023e+00
1.555391666226143554e+00
1.619133339209379630e+00
1.576618692827928880e+00
1.486606363597930525e+00
1.345497485146959216e+00
1.205902270651286523e+00
1.074457228410486520e+00
9.900092971680486409e-01
9.097497687318788495e-01
8.789110808945261866e-01
8.653352421964786156e-01
8.684644237739871375e-01
8.808767462090631994e-01
8.794292798808353018e-01
9.196704023592785493e-01
9.415473387302528696e-01
9.521085008451336540e-01
9.629596829623954246e-01
9.921068471571434788e-01
1.006809656767218675e+00
1.025031350447362710e+00
1.025535083984310480e+00
1.035432427395358346e+00
1.039540556705064178e+00
1.038740214932349692e+00
1.047594661760751000e+00
1.035478948287405609e+00
1.026345491945144905e+00
1.010868930716001923e+00
9.950312127969713760e-01
9.981195820179734612e-01
9.806043394223988852e-01
9.643384539566842717e-01
9.684210410190787766e-01
9.664836630268679452e-01
9.707255403444332575e-01
9.634178174458581934e-01
9.744133939804509037e-01
9.891284332214989039e-01
9.838831307250502922e-01
9.978515081004024623e-01
9.998376693774514434e-01
1.002552451454288285e+00
9.925810871631646215e-01
1.009303676573236164e+00
1.006504080295923087e+00
1.008610865887905605e+00
1.010400671520942595e+00
1.009327984061053618e+00
9.978976990514134560e-01
9.962620615495090259e-01
9.972304878990327914e-01
9.972231868017538137e-01
9.934620280509461887e-01
9.960418863734643580e-01
9.788265274840540764e-01
9.870541195458767403e-01
9.908355795978954772e-01
9.820694737288345744e-01
9.817691766147433885e-01
9.971497056046496610e-01
9.880668040217479575e-01
9.968916789755156715e-01
9.991066983486389663e-01
9.928766309958623193e-01
9.990492656697679275e-01
9.957290664742884934e-01
9.993439906657430871e-01
1.001705825959011920e+00
9.940010402305292647e-01
1.002105712871245169e+00
9.978927156453615277e-01
9.961326722831714831e-01
1.001732380693510116e+00
9.975740060122018082e-01
9.953710769782009304e-01
1.000598253505338597e+00
9.996336191190624554e-01
9.964180515677119043e-01
9.994633401966842579e-01
9.895200962089963914e-01
1.000469515227370598e+00
9.958416825912211889e-01
9.974681886487928306e-01
9.922947569509403820e-01
9.957208072010197419e-01
9.879769706851929678e-01
9.922207178657831417e-01
9.962488694703024450e-01
9.920721849245619506e-01
9.993541988543601651e-01
9.954721304512993418e-01
9.945901702951905898e-01
9.935383361878907804e-01
9.980868707371304271e-01
9.924742185870564226e-01
9.946411228944513905e-01
9.994489043475351941e-01
9.941523629772816006e-01
9.983008572553403459e-01
9.928698226650358727e-01
1.000808663586494340e+00
9.986016055546040882e-01
9.935805882527308786e-01
9.964812222108244688e-01
9.940748891059686398e-01
9.986746289679890864e-01
9.955286858308262099e-01
9.998365127030293120e-01
1.005051023608896532e+00
1.001184433678860231e+00
1.000743833442132358e+00
9.984999241126453207e-01
9.949497621593291763e-01
1.001393565188005264e+00
9.953243777427899230e-01
9.974554598754505896e-01
9.955930528731669060e-01
9.974660315560345270e-01
9.961512117054636128e-01
1.000825126952703537e+00
1.000615834641433333e+00
9.946961322357014135e-01
9.993074401752595204e-01
9.972858607279474485e-01
9.976559508406148691e-01
9.984761152599923584e-01
9.931140670092919454e-01
9.954657554521396667e-01
9.994857408301741630e-01
1.000919700396602829e+00
9.982311449226211053e-01
9.963483889680304628e-01
1.000155306431180557e+00
9.963806854200243368e-01
9.970029995771835241e-01
9.949048131646918147e-01
1.000181104917523989e+00
9.973688757502999769e-01
9.985018020004440276e-01
9.962049327724122882e-01
1.000025202343722830e+00
9.970699036890290357e-01
9.979952993630161195e-01
9.985492848814412348e-01
1.001255098097359131e+00
9.956511312097781063e-01
9.945723663510147583e-01
9.967786016642128377e-01
9.988539758251721024e-01
9.981590265307820342e-01
1.000662566525293729e+00
9.989250262980879924e-01
9.966742222903910431e-01
9.958495024864248979e-01
1.003875339539347600e+00
9.949952605198528754e-01
9.982211509868954558e-01
9.997788311584374643e-01
9.983905243463588874e-01
9.962694097088033995e-01
9.996137324820499881e-01
9.972380401332706645e-01
1.000523820838353117e+00
9.979497915190194135e-01
9.973335259828088883e-01
1.000638339487423867e+00
9.952853644491176377e-01
9.976606984320536275e-01
9.989304971905059727e-01
9.967435722529081055e-01
1.000321657076287174e+00
1.000182566383515104e+00
9.987575026962389746e-01
1.002771676645221932e+00
1.000773892317277980e+00
1.000921717805896227e+00
9.992898412215956983e-01
9.985412780400724220e-01
9.961497938809780184e-01
9.973969153254126363e-01
1.001018370342793062e+00
9.945302584329934747e-01
1.000087301757405234e+00
9.982404863800109496e-01
9.990499281864024805e-01
9.994732455588826170e-01
9.964238606439785872e-01
9.989201535951899302e-01
1.001368793089681297e+00
1.002344761167493603e+00
9.974819196679555189e-01
9.996714235585490993e-01
1.000141279865767840e+00
9.959751977466351214e-01
9.993140290268814896e-01
9.988881587335790568e-01
9.963258346224769246e-01
9.993783373293184669e-01
1.000513893567767099e+00
9.996410603850159893e-01
9.971197999728923511e-01
9.963624799324243275e-01
9.976805441736552593e-01
9.956719581487080140e-01
9.994098568912982428e-01
9.939672492548251581e-01
9.975839105793399275e-01
9.973081442992834944e-01
9.987667663816038877e-01
9.973979038515765616e-01
9.982671566707763677e-01
9.970798671337716135e-01
9.967957667249662812e-01
9.982257592036094529e-01
9.968144521252941814e-01
9.975436536153758915e-01
9.995451822331399283e-01
9.981915724008204593e-01
9.957477932162922540e-01
9.975541487664013607e-01
9.977712188480920563e-01
9.976011391029443454e-01
9.969399093623703134e-01
9.907889059036948387e-01
9.807348633579147101e-01
9.674799498705164424e-01
9.562236432305735168e-01
9.449976686462405739e-01
9.354643186856262949e-01
