0.000000000000000000e+00
0.000000000000000000e+00
0.000000000000000000e+00
0.000000000000000000e+00
0.000000000000000000e+00
0.000000000000000000e+00
0.000000000000000000e+00
0.000000000000000000e+00
0.000000000000000000e+00
0.000000000000000000e+00
0.000000000000000000e+00
0.000000000000000000e+00
0.000000000000000000e+00
0.000000000000000000e+00
0.000000000000000000e+00
0.000000000000000000e+00
0.000000000000000000e+00
0.000000000000000000e+00
0.000000000000000000e+00
0.000000000000000000e+00
0.000000000000000000e+00
0.000000000000000000e+00
0.000000000000000000e+00
0.000000000000000000e+00
0.000000000000000000e+00
3.177319933902959803e-02
7.490574014404379755e-01
2.712435535998087399e+00
3.181627495514430137e+00
2.083174352864089585e+00
1.014410640300256405e+00
4.827944066913303356e-01
2.799158908317928018e-01
2.227230532197742308e-01
2.301239058042519880e-01
2.550656448019461009e-01
2.749074911418628031e-01
3.036107417789582485e-01
3.108659711216787969e-01
3.151315854663666594e-01
3.494813088196170314e-01
3.938902414878605041e-01
5.015065673618928077e-01
6.791295566283139795e-01
8.578195405976605237e-01
1.007952362454308748e+00
1.200076345367589559e+00
1.327564619295190651e+00
1.421161260515558133e+00
1.517605472027578228e+00
1.591533752746976393e+00
1.642016330220858356e+00
1.593860022718913472e+00
1.508322805522699817e+00
1.367663310239488617e+00
1.239394876111277854e+00
1.103002160733138171e+00
9.927418628880938511e-01
9.273012161188317615e-01
8.879750575662026524e-01
8.730016534070159651e-01
8.815372510258352445e-01
8.719042964371287452e-01
9.035671279690129509e-01
9.219181384530151790e-01
9.560401215212011028e-01
9.720781922160250943e-01
9.771213115677743755e-01
1.000475098259757001e+00
1.021862758269058702e+00
1.033733073261085211e+00
1.036210171391665380e+00
1.053569520689402239e+00
1.062769607890508006e+00
1.068760262810700912e+00
1.059049875058533763e+00
1.051259653501280367e+00
1.033408684288612545e+00
1.035437975120104381e+00
1.017741148446662525e+00
1.003420398152930382e+00
9.938414014156257137e-01
9.784648879333986971e-01
9.896046163563948506e-01
9.720830122027870335e-01
9.727653984299758916e-01
9.707860055086214857e-01
9.883941152318526102e-01
9.840676053261255829e-01
9.946617672534278087e-01
1.008412422464769476e+00
1.007764395041799821e+00
1.012571920303634965e+00
1.004080618719642715e+00
1.019103961336548014e+00
1.020409263870615257e+00
1.022011322695727920e+00
1.018524416623403761e+00
1.010877917585348618e+00
1.018347685079131315e+00
1.010240543512780587e+00
1.008749895248526318e+00
1.006585276931935446e+00
1.010631489647885406e+00
9.929392295624734910e-01
1.000606443659310285e+00
9.963170440531733396e-01
9.984850867950446629e-01
9.990063344159965109e-01
1.006692874571913032e+00
1.003964891906791834e+00
1.010100394904692944e+00
1.014444154084756411e+00
1.004965400180516832e+00
1.010571745172413882e+00
1.011913819971286266e+00
1.016685330989407055e+00
1.011241522022728656e+00
1.003934672198729228e+00
1.001762123038220098e+00
1.001638798206723191e+00
1.003563896866713101e+00
1.004074344993159063e+00
1.004748446084635871e+00
1.001649692997064189e+00
1.006880860122338683e+00
1.001983367076724640e+00
1.001805680682526845e+00
1.005598500261097206e+00
1.003539703080451595e+00
1.002746362477764608e+00
1.001300539395052480e+00
1.002439947514760510e+00
9.974000077670026609e-01
1.001536344091409791e+00
9.999148505483467231e-01
1.001383525701334154e+00
9.993573828031288020e-01
9.993060761046609342e-01
9.995012003696709391e-01
9.963474018164522050e-01
9.932282665343421524e-01
1.005019644724425953e+00
1.003937264297815046e+00
1.003471563938885147e+00
1.002526450981727768e+00
1.002459269298330513e+00
1.000108063570814831e+00
9.926625935574017179e-01
1.005804541625845427e+00
9.996195025946645885e-01
1.001994376117560925e+00
9.980488983213181564e-01
1.001315006255733886e+00
1.001379627792593263e+00
9.955518941760134188e-01
1.001109330649600615e+00
9.988236761833819699e-01
1.000540987835216056e+00
9.975582185873926866e-01
1.001812351262120648e+00
9.995190795900058545e-01
9.954749944535242756e-01
9.950733373947945326e-01
9.970067516320340051e-01
9.955095862619113278e-01
9.939169875485834860e-01
9.979290650851551092e-01
9.966044743823264662e-01
9.985194013499958388e-01
9.956598884687447581e-01
9.958577986835063234e-01
9.911233244267684261e-01
9.924636097670053170e-01
9.981640107033125098e-01
9.934410554495315404e-01
9.938381809003333789e-01
9.943954757273288925e-01
9.965766963557782798e-01
9.956965674688849077e-01
9.973396638878148091e-01
9.961495993054324538e-01
9.939483943724852777e-01
9.965527883778000362e-01
9.940842463279315755e-01
9.962341350823438191e-01
9.930288700820035785e-01
9.876141563905390663e-01
9.937755555778851058e-01
9.892828282165802012e-01
9.925337534805965811e-01
9.942069943405006383e-01
9.907833215180066322e-01
9.960849033633589755e-01
9.926939012705995324e-01
9.947215242973584948e-01
9.934646364577834898e-01
9.951121085797838273e-01
9.976227705950294622e-01
9.963760468624592859e-01
9.928528861466068278e-01
9.945431537292823698e-01
9.895251580635564537e-01
9.968946830558971239e-01
9.940556654841187223e-01
9.940261112071994143e-01
9.912660762639807777e-01
9.949853615236432525e-01
9.957780175370847253e-01
9.934896745967707332e-01
9.923387636136826728e-01
9.933480704879996681e-01
9.909455476176058930e-01
9.960180321471762133e-01
9.945703082139252249e-01
9.955005137271342175e-01
9.946233826937959099e-01
9.936970656290488035e-01
9.938146107956050690e-01
9.967238758423871969e-01
9.954250962752677623e-01
9.922753569253220940e-01
9.964627490021604750e-01
9.940928266002221347e-01
9.942942234285628844e-01
9.955317694595745559e-01
9.979776581997800156e-01
1.000338633845228919e+00
9.953880248587863022e-01
9.948009530481943807e-01
9.953842970299338067e-01
9.957805644705746140e-01
9.965966403308140764e-01
9.961313745986292156e-01
9.967650621494583696e-01
9.966333127036419715e-01
1.000178807439233708e+00
9.949282967634835995e-01
9.989052614971130062e-01
9.954936777194548503e-01
9.973427170237300077e-01
9.973022926060145510e-01
9.968461421427428082e-01
9.957100128947254936e-01
9.959539243302083511e-01
1.000092886388492586e+00
9.981703606438975251e-01
9.983029652952558619e-01
9.961654189350724886e-01
9.998462354139769914e-01
9.964807184943437202e-01
9.967969620624074212e-01
9.995119686505183898e-01
9.972702800506635379e-01
9.988216326138915635e-01
1.000452647084240310e+00
9.997849779914406154e-01
9.987224221828733262e-01
9.969813810542590415e-01
9.984444202326661078e-01
9.994325939202641784e-01
9.974135971832526204e-01
9.990000863116960117e-01
9.980055108897504246e-01
9.986022409304686764e-01
9.998698744876142186e-01
9.966542196357891514e-01
9.981785623604678692e-01
9.984959594637939917e-01
9.975072219242830940e-01
9.991423354520893030e-01
9.944972417402542231e-01
1.000578300559898715e+00
9.998336366979513334e-01
9.888078974879224159e-01
9.779878812658988618e-01
9.658870713163235644e-01
9.564306866464893364e-01
9.442935881902134732e-01
9.369096389035745931e-01
