0.000000000000000000e+00
0.000000000000000000e+00
0.000000000000000000e+00
0.000000000000000000e+00
0.000000000000000000e+00
0.000000000000000000e+00
0.000000000000000000e+00
0.000000000000000000e+00
0.000000000000000000e+00
0.000000000000000000e+00
0.000000000000000000e+00
0.000000000000000000e+00
0.000000000000000000e+00
0.000000000000000000e+00
0.000000000000000000e+00
0.000000000000000000e+00
0.000000000000000000e+00
0.000000000000000000e+00
0.000000000000000000e+00
0.000000000000000000e+00
0.000000000000000000e+00
0.000000000000000000e+00
0.000000000000000000e+00
0.000000000000000000e+00
0.000000000000000000e+00
3.571174264403723098e-02
7.657642381097036210e-01
2.705820554249848353e+00
3.214451341493590242e+00
2.065433599527192854e+00
1.017220512572254432e+00
4.809791652938356643e-01
2.674673877926873611e-01
2.367484201280718736e-01
2.307515750623944095e-01
2.437626687717669716e-01
2.820604988021562787e-01
2.901046142657801585e-01
2.964498486746539041e-01
3.095240160709689659e-01
3.204040450909202975e-01
3.943374552362008401e-01
4.937398675628990041e-01
6.468914415824463804e-01
8.141902175529451835e-01
9.881359512456396876e-01
1.152024113687815765e+00
1.272852319404475407e+00
1.404528379189590837e+00
1.488586183074145808e+00
1.553119390910629560e+00
1.572335826460606434e+00
1.566882136366706035e+00
1.460748133939587579e+00
1.327415998294519950e+00
1.216609382570402520e+00
1.073563814805732042e+00
9.632082199538152256e-01
9.138887377066404749e-01
8.803294420431523326e-01
8.550659323606997209e-01
8.531103275827369714e-01
8.727499587372029577e-01
8.743673669618086119e-01
9.047841450665305985e-01
9.352943362287002849e-01
9.437252249848177010e-01
9.625678578380572059e-01
9.796431952825300771e-01
1.018513868287401536e+00
1.014145020688491661e+00
1.032227329843320662e+00
1.039504794445087699e+00
1.051625908080553451e+00
1.049019810381854656e+00
1.040375301075496139e+00
1.048351225006709964e+00
1.030636239470186233e+00
1.024250130927201630e+00
1.001827930574499925e+00
1.001615268704365791e+00
9.770491987440990123e-01
9.769624798000989818e-01
9.656100929936514143e-01
9.724715063467317400e-01
9.676678328287025010e-01
9.695950292338505472e-01
9.685306355690121993e-01
9.847542422704071985e-01
9.888971364658065699e-01
1.000253499610368468e+00
1.000788790959143748e+00
1.009616261901138845e+00
1.013174488706731768e+00
1.008432022230504987e+00
1.012467291891023358e+00
1.017612030031891601e+00
1.007098320422674220e+00
1.007561880518768049e+00
1.014822481767603479e+00
1.004595082054431598e+00
1.006411241350695818e+00
1.003997130631182344e+00
1.005055811199826232e+00
9.983044113331575042e-01
9.916764657586492060e-01
9.990020006187506629e-01
9.922757430158689607e-01
1.001315842420333002e+00
1.000100758219122810e+00
9.965638751088404801e-01
9.952282256417619433e-01
1.000587815935267244e+00
1.001715294664618172e+00
1.011034005608804298e+00
1.011807151682279970e+00
1.007527380248681714e+00
1.008491288102430605e+00
1.008654203939719718e+00
1.006045268807969073e+00
1.002728754972432856e+00
1.004364506345766461e+00
1.002206304086117550e+00
1.001820438693748816e+00
1.010177780267967673e+00
1.000436481286913315e+00
1.006566009889835911e+00
1.004967704491474212e+00
1.014526862363346771e+00
1.004545735709881704e+00
1.001686923515217487e+00
1.009183430249766644e+00
9.990182223113951432e-01
1.002792592942669314e+00
1.000815207205636215e+00
1.000748879661888191e+00
1.002481108552492950e+00
9.959324156552195051e-01
1.005836274761881866e+00
9.979326243400707952e-01
1.000702740989753758e+00
9.986645525532650280e-01
1.003924364813173487e+00
1.000469075723970702e+00
1.003704070553471883e+00
1.000942513969687919e+00
9.975490910681322765e-01
9.989800582325057965e-01
1.005647428052383274e+00
9.972300140134354729e-01
9.957044036670104070e-01
9.977253409870210366e-01
1.003979782533498177e+00
9.982367321155093398e-01
9.982498829366908133e-01
9.955558483983990570e-01
1.000479630035981726e+00
9.966839238814559909e-01
1.005875583073491120e+00
9.970617349827393117e-01
9.970068472073694288e-01
9.991415009936946978e-01
1.000088695880201106e+00
9.947197560793261673e-01
1.002632217925524039e+00
1.001221436074903881e+00
1.001493797558151266e+00
1.001825179489539419e+00
1.001975117998616271e+00
9.971506905695428635e-01
9.983903009962616926e-01
1.000453464561599670e+00
1.002457131420467995e+00
9.943914135289940726e-01
9.965815441296816957e-01
1.000895685969940940e+00
9.979571536657121378e-01
9.968842804575588357e-01
9.972018481936657519e-01
9.986139818316420724e-01
9.944274321086891133e-01
9.953238820167052969e-01
9.939393096675075423e-01
9.975764356665136612e-01
9.994971069311927581e-01
9.965993030575055478e-01
9.978437155631471045e-01
9.997956044832648770e-01
9.942029022079308387e-01
9.972122392013005321e-01
9.937746615036928688e-01
9.969316437160203881e-01
9.939489477905709691e-01
1.000400722294497946e+00
9.983048531047828966e-01
9.958788366615517473e-01
9.983664012414690259e-01
9.978271992017504477e-01
9.953406656410419551e-01
9.964743398422337695e-01
9.964077883797329838e-01
9.971402104014214229e-01
9.953657617659320556e-01
9.980247033032372261e-01
1.000155630785087180e+00
9.932861408983000295e-01
9.949807898799085670e-01
9.973187407554726658e-01
9.981359298848970774e-01
9.956338816407672709e-01
9.972158523647609574e-01
9.955674444396092060e-01
9.971496482928529081e-01
9.936798664004383719e-01
9.974649744013166508e-01
9.973687688741230684e-01
9.971420422830036268e-01
9.986903055808463714e-01
9.975332301722674710e-01
9.938658619727389620e-01
9.989460397053234741e-01
1.000733412769986286e+00
9.961281435946174323e-01
9.958116842689186399e-01
9.936834276273938116e-01
9.944774215668816808e-01
9.994319989101981827e-01
9.958201846694887394e-01
9.957776405665025310e-01
9.963924191207135239e-01
9.945325141530086954e-01
9.958442956678644764e-01
9.971170590706113224e-01
9.996865704286214127e-01
9.962666665697831325e-01
9.912595850398656649e-01
9.935073490836293653e-01
9.957956593433455739e-01
9.962907743078284195e-01
9.939533308984617177e-01
9.934666316392138929e-01
9.927438128287517927e-01
9.921887964841120677e-01
9.954862519006351107e-01
9.942213031606154106e-01
9.953924627921137969e-01
9.930478809337154322e-01
9.933894417602748828e-01
9.941197880378724872e-01
9.941044319385989869e-01
9.962374971147520686e-01
9.927485301335158274e-01
9.920083293278773029e-01
9.967723632818806800e-01
9.968854165966484215e-01
9.963190629344503835e-01
9.938439336195180607e-01
9.944467382397508270e-01
9.956481303580951847e-01
9.941456339476296700e-01
9.916074046310132672e-01
9.942534935931306439e-01
9.950391757147316607e-01
9.927844243282433201e-01
9.927309495826596164e-01
9.919133407018084769e-01
9.941595206730168277e-01
9.946551908881569037e-01
9.919654367601684619e-01
9.946083023951004520e-01
9.942459367081517563e-01
9.947128504779312319e-01
9.926440507447483741e-01
9.938767767519166574e-01
9.854933928902549489e-01
9.743502396411378719e-01
9.660929626897861722e-01
9.561172591874977922e-01
9.434728379101923190e-01
9.337959699026258109e-01
