0.000000000000000000e+00
0.000000000000000000e+00
0.000000000000000000e+00
0.000000000000000000e+00
0.000000000000000000e+00
0.000000000000000000e+00
0.000000000000000000e+00
0.000000000000000000e+00
0.000000000000000000e+00
0.000000000000000000e+00
0.000000000000000000e+00
0.000000000000000000e+00
0.000000000000000000e+00
0.000000000000000000e+00
0.000000000000000000e+00
0.000000000000000000e+00
0.000000000000000000e+00
0.000000000000000000e+00
0.000000000000000000e+00
0.000000000000000000e+00
0.000000000000000000e+00
0.000000000000000000e+00
0.000000000000000000e+00
0.000000000000000000e+00
3.046284989156848458e-04
3.374490578455040246e-02
8.014719420560625363e-01
2.787428365462990332e+00
3.290689921354008174e+00
2.130875883230422652e+00
1.057367484377324640e+00
5.025630405421807056e-01
2.896396040117957815e-01
2.344779026734027383e-01
2.207756444828485598e-01
2.487072145204488327e-01
2.757592135184444571e-01
3.002608092906766668e-01
3.081836169360869238e-01
3.161014941033235548e-01
3.238746934808920397e-01
3.879844543455180372e-01
4.985206315405348310e-01
6.452778019297716883e-01
8.338970571824175781e-01
1.027312159997318952e+00
1.179478438666029527e+00
1.308167211474520197e+00
1.409800749894571270e+00
1.503804282954494864e+00
1.561005814273279002e+00
1.612260132016086311e+00
1.569142539949217596e+00
1.508477259319689345e+00
1.370943348269030304e+00
1.240234228500156188e+00
1.098532163252389005e+00
9.990384217456101945e-01
9.386713436960353318e-01
8.797494082501180479e-01
8.649471961009224108e-01
8.853988796097115310e-01
8.758324868883038405e-01
9.038864194498353877e-01
9.213092207757176411e-01
9.412616370145385769e-01
9.677942706703023257e-01
9.974104012507620798e-01
1.007320036764761895e+00
1.034802094016058494e+00
1.038217419313330447e+00
1.055597415171140252e+00
1.069125080022028662e+00
1.066534429678191565e+00
1.055953646867035411e+00
1.061339905387565175e+00
1.072304027992563080e+00
1.053944869161971054e+00
1.044387706336736166e+00
1.028146214756594290e+00
1.018931575737433093e+00
1.000688582640771429e+00
9.898500188058619864e-01
9.737323773550994321e-01
9.742315192568241633e-01
9.777432197879138975e-01
9.869189681493000244e-01
9.892835634900628561e-01
9.867134366070506868e-01
1.002251973510041916e+00
1.010748544504081581e+00
1.011296975247042207e+00
1.017506015785715201e+00
1.019726065176874030e+00
1.019064970055826969e+00
1.021576497562149521e+00
1.021369721294003385e+00
1.024188368927511750e+00
1.024477269374739263e+00
1.016844903692383673e+00
1.019994597079533882e+00
1.019876679193706392e+00
1.011544769803439880e+00
1.013568895510803758e+00
1.009452592424193718e+00
1.006410343292085230e+00
1.000578943008093580e+00
1.011342259476048833e+00
1.004747698196802430e+00
9.989258395173552518e-01
1.000023809877609970e+00
1.009836082190568751e+00
1.003783100565651232e+00
1.011570114574749102e+00
1.009670886459427264e+00
1.009056361544109937e+00
1.013340001866007700e+00
1.010364870451647690e+00
1.016500850733687678e+00
1.010278462439675451e+00
1.009096647709739170e+00
1.013713487782570422e+00
1.006017364589778307e+00
1.009659406577260832e+00
1.012842729196499647e+00
1.008957852177539305e+00
1.012508533845014824e+00
1.005046928945072304e+00
1.004904054733412933e+00
1.010796074486863150e+00
1.008250463200268676e+00
1.009133915051541042e+00
1.011282189845574608e+00
1.006131817191934008e+00
1.005510722743495178e+00
1.006969692456757270e+00
1.002153496757308027e+00
1.004934566562108555e+00
1.003870178421727211e+00
1.004790974843663642e+00
1.007325614245826451e+00
1.004189982392554414e+00
1.004555182370828081e+00
1.006224772158649694e+00
9.991600788700466529e-01
1.008002220039585062e+00
1.005518678430777246e+00
1.005169877467631423e+00
1.005228529655405545e+00
1.003060073131820662e+00
1.002693094230217019e+00
1.000822140053450715e+00
1.003537669654059883e+00
1.000625870701990605e+00
1.004607995145266663e+00
9.986488332548340008e-01
9.980310008583850312e-01
9.979749357121272535e-01
1.002325014425452743e+00
1.000830512040634890e+00
9.951209706382341258e-01
1.002706531211789098e+00
9.961656046985599700e-01
9.967213231693624609e-01
1.000041896882442272e+00
1.000952934298507069e+00
9.973963264079728219e-01
9.973272813190888764e-01
9.971896122700106835e-01
9.941850014458599727e-01
9.990331145296651449e-01
9.961027838733477191e-01
1.000646439600542337e+00
9.967024716724632860e-01
9.969209242957439709e-01
9.943621672801302713e-01
9.963996752385948508e-01
9.981599449510403232e-01
9.971092205796842078e-01
9.960425905171624850e-01
9.932880536724996157e-01
9.940476692354569543e-01
9.946376920336472693e-01
9.976758878506132300e-01
9.976028946107046158e-01
9.953848293530240809e-01
9.939928368775763357e-01
9.943840852082327375e-01
9.942375968436710787e-01
9.974610695278427475e-01
9.967525152831665514e-01
1.000337877979353696e+00
1.001776659481981469e+00
9.945213657958491549e-01
9.990074754879355590e-01
9.933209412390316961e-01
9.971327835829472130e-01
9.996398913238275785e-01
9.993958015996639022e-01
9.965561901267617761e-01
9.996464023625112327e-01
1.000824677684405639e+00
9.991213277977787355e-01
1.003033496787292922e+00
9.973278537540160027e-01
9.949203827929774535e-01
9.970629287882596392e-01
9.980052315416332309e-01
1.001525488063582214e+00
9.991623109287360860e-01
9.974714653756011629e-01
9.967285969739962948e-01
9.985757858763165684e-01
9.951410849883380871e-01
9.944575178218367784e-01
9.998396634413955208e-01
1.001365812498548058e+00
9.979468658777934653e-01
9.972642653469406815e-01
9.930416170852176538e-01
9.994576514238372456e-01
9.974612434266277861e-01
9.969674387531480830e-01
9.959812214936218933e-01
9.993743702850648170e-01
9.969571917732714672e-01
9.953742268632173040e-01
1.000274997188431048e+00
9.998296684473879647e-01
9.954097537650274941e-01
9.970626961810170608e-01
9.969472031724676553e-01
9.991683647702767068e-01
9.963306511800562593e-01
9.956998285044847963e-01
9.975927105023467689e-01
9.991335828313231415e-01
9.921154720636412572e-01
9.961300948843725411e-01
9.974097271692592415e-01
9.980550702550221587e-01
9.954665833737035285e-01
9.969544398986632805e-01
9.953863335407361346e-01
9.939236644115835295e-01
9.964206200905397770e-01
9.953019639007654185e-01
9.995396692578306652e-01
9.948251838345626430e-01
9.938556363869797128e-01
9.948399567943729815e-01
9.970667278959248758e-01
9.972220744162767492e-01
9.960974769143513541e-01
9.937908010285089189e-01
9.993308671515547248e-01
9.962599339207582894e-01
9.967837079305581494e-01
9.969986325005983918e-01
9.958309248525923918e-01
9.925362115102375205e-01
9.956517078475126681e-01
9.965279875773435103e-01
1.000544076090679191e+00
9.976275170941525383e-01
9.926587077165996975e-01
9.968953251070631350e-01
9.928242940795681815e-01
9.944176786893671460e-01
9.942630287048144222e-01
9.980149659635209058e-01
9.962092336868698661e-01
9.945730119763143140e-01
9.943006982091151524e-01
9.896736715706176968e-01
9.779386418474993459e-01
9.654692939714403233e-01
9.550134705715014327e-01
9.445506171236285331e-01
9.335292145227778171e-01
