0.000000000000000000e+00
0.000000000000000000e+00
0.000000000000000000e+00
0.000000000000000000e+00
0.000000000000000000e+00
0.000000000000000000e+00
0.000000000000000000e+00
0.000000000000000000e+00
0.000000000000000000e+00
0.000000000000000000e+00
0.000000000000000000e+00
0.000000000000000000e+00
0.000000000000000000e+00
0.000000000000000000e+00
0.000000000000000000e+00
0.000000000000000000e+00
0.000000000000000000e+00
0.000000000000000000e+00
0.000000000000000000e+00
0.000000000000000000e+00
0.000000000000000000e+00
0.000000000000000000e+00
0.000000000000000000e+00
0.000000000000000000e+00
3.045588285720473112e-04
3.092575578083461146e-02
7.583345712398217309e-01
2.719586851214364387e+00
3.228041394174794299e+00
2.081020497992454032e+00
1.040027697157541731e+00
4.827334160821740716e-01
2.809190472606983291e-01
2.256272567887397662e-01
2.244115843817736378e-01
2.437179466897320401e-01
2.648549334496966834e-01
2.987620323994962246e-01
2.971355238750041372e-01
2.964604655315934978e-01
3.158867335972169177e-01
3.824817403291100870e-01
4.842358357696074367e-01
6.345986678344613940e-01
8.132099050454002498e-01
1.009679597134546469e+00
1.149022430793812166e+00
1.262975901569692194e+00
1.380331172755617342e+00
1.462047852314010354e+00
1.531183661824054854e+00
1.563016959803412487e+00
1.546893663081700065e+00
1.448790674543790624e+00
1.325264279436679793e+00
1.181959592683983207e+00
1.063802140868422397e+00
9.619255249765594762e-01
9.028224504640378623e-01
8.644165254140597776e-01
8.579560598885186407e-01
8.394670379117749048e-01
8.629479624039141372e-01
8.917545693336476065e-01
9.038270907788931163e-01
9.422396127115267861e-01
9.445856830519627767e-01
9.664040656646161187e-01
9.957118736875373299e-01
1.005230282762306082e+00
1.005792551201223795e+00
1.025350108163539664e+00
1.051175458608952784e+00
1.042430454643337834e+00
1.050803846783264772e+00
1.055965209251057413e+00
1.036287044202678587e+00
1.039031422313397623e+00
1.022697393300798563e+00
1.002454123347890524e+00
9.895815818300605082e-01
9.934681171636982056e-01
9.885222615727291551e-01
9.724083050378626858e-01
9.728052152449210288e-01
9.740681225551994782e-01
9.824658601632076937e-01
9.694992058681151104e-01
9.806984945226867589e-01
9.822790240466108269e-01
1.011276378948733567e+00
1.005322235045545298e+00
1.002956347864020437e+00
1.014097045890596238e+00
1.006936693837539476e+00
1.004503239322060315e+00
1.007470978777316395e+00
1.013952888501179483e+00
1.009129577466918892e+00
1.008431134855802602e+00
1.009787084477616670e+00
1.002517449918747028e+00
9.967997106615978931e-01
9.942893325386542580e-01
1.001854898280077011e+00
9.886033936522574672e-01
1.001575213974088552e+00
9.933752239858426591e-01
9.913475674599927512e-01
9.977214634121271963e-01
1.004197437298181450e+00
9.996929073854518011e-01
1.002311150144020280e+00
1.001716021134310797e+00
1.004419405774077401e+00
1.001959095889183526e+00
1.011127965603659806e+00
1.004412832271118994e+00
1.011646128461932692e+00
1.002826288286411183e+00
1.005012777194340456e+00
1.004019230252347405e+00
1.003033703704234059e+00
9.997905693749468137e-01
1.006489133334471209e+00
1.006254499581731965e+00
1.003022202945852870e+00
1.004479655366420365e+00
1.002913661145038438e+00
1.004252412089585711e+00
1.002190249185925586e+00
1.006302091348367789e+00
1.002396625306300360e+00
1.007963739675401538e+00
1.003471625073085738e+00
9.982151292439831458e-01
9.951730381405249348e-01
1.001300657975983999e+00
1.002954317834555686e+00
1.001855309816361617e+00
1.003223677744788489e+00
1.009585410792999349e+00
1.010024922736259212e+00
9.944964954930881618e-01
1.001383360603026906e+00
1.004230733811939169e+00
1.003695664326296866e+00
1.005360181324148616e+00
1.000554629543605190e+00
1.001726300360535449e+00
1.005450466707895618e+00
1.002951163131788670e+00
1.004896239762796517e+00
9.977354419307171707e-01
1.003635255719641073e+00
1.005082016786075005e+00
1.002699826724538612e+00
9.992060657918142574e-01
9.994757472689161926e-01
9.970153592455190950e-01
1.001735477259605656e+00
1.003577774237657039e+00
1.003124862748399959e+00
1.002019714012191809e+00
9.997523716499249202e-01
1.004929406293947114e+00
1.000782434656664277e+00
1.002690579763168888e+00
1.000484040098535976e+00
1.004941707737847745e+00
1.000553100742850976e+00
1.002625905365139403e+00
9.984513562957584298e-01
1.000325335741784949e+00
1.001616553063791049e+00
9.983375775536365015e-01
1.001882447552188138e+00
1.003189337865347364e+00
9.996413160449587609e-01
1.000660879868730646e+00
1.000670587746193441e+00
9.998145497639570056e-01
1.001464285581965319e+00
1.003670358916194605e+00
1.000720983137321829e+00
1.001118844770554128e+00
9.987487617144538143e-01
1.003138236908617476e+00
9.980546867411020928e-01
1.001158476910843254e+00
1.000796919020229492e+00
1.001559930020208489e+00
1.003432344169882251e+00
1.001950704071506770e+00
1.000112925098834094e+00
1.001891093399574384e+00
1.000763914986418923e+00
1.000447174825202845e+00
1.004160146664644149e+00
1.001794954976668706e+00
1.001996573709539318e+00
9.986549422756917371e-01
9.987590604528316929e-01
1.002883567673612308e+00
1.001755896163581738e+00
9.968056414047348213e-01
1.001611373683676476e+00
1.001450166102568984e+00
1.002696971366637380e+00
1.001237464659032739e+00
1.000952862941305810e+00
9.972322753415326924e-01
9.984648259183792618e-01
1.002699100127297349e+00
9.998888002226643534e-01
1.000134618689598520e+00
9.996779171916552187e-01
1.001479230053875957e+00
9.993110020484409217e-01
1.001698230823895752e+00
1.002846671587507954e+00
1.002081454568288121e+00
1.001998543951408083e+00
9.985718085114780873e-01
1.002167673732966335e+00
1.002115371647016140e+00
9.992129983620698930e-01
1.002639190712548478e+00
9.947755298401302904e-01
9.983028354169467544e-01
9.995911342956539380e-01
9.979883190521727787e-01
9.984122042377371331e-01
1.002712394567211396e+00
9.998144125655819003e-01
1.000786543507683923e+00
1.000761806320799030e+00
9.941672901232310178e-01
1.001067652225529292e+00
9.994224353957040785e-01
9.994010174771141841e-01
1.000076121422267539e+00
9.961108218198631015e-01
9.977705345219844979e-01
9.991312630606625778e-01
9.981251437405777027e-01
9.995879054078877779e-01
1.000206503286443560e+00
1.000972281536486985e+00
9.992793582292456289e-01
1.001488807021011729e+00
9.992610106166390782e-01
9.988580371547473025e-01
9.991501365208472762e-01
9.981280606675103639e-01
9.984385258953277775e-01
9.981691334609376076e-01
1.002839980500941586e+00
9.989020842212785745e-01
9.969878815785490067e-01
9.974634288099758495e-01
9.998276518833812965e-01
1.001007226676224660e+00
9.968945768048205203e-01
9.999631339645793648e-01
9.980186951270578755e-01
1.001128689326302945e+00
9.975439902525341518e-01
9.967898010253487540e-01
9.956417115972593379e-01
9.989811325054371860e-01
9.970950988681868132e-01
9.989548580560213553e-01
9.970919645300501122e-01
9.899107868904105656e-01
9.779149207334847382e-01
9.706078680379144341e-01
9.571883566239506314e-01
9.488747309542897579e-01
9.358082912332637004e-01
