0.000000000000000000e+00
0.000000000000000000e+00
0.000000000000000000e+00
0.000000000000000000e+00
0.000000000000000000e+00
0.000000000000000000e+00
0.000000000000000000e+00
0.000000000000000000e+00
0.000000000000000000e+00
0.000000000000000000e+00
0.000000000000000000e+00
0.000000000000000000e+00
0.000000000000000000e+00
0.000000000000000000e+00
0.000000000000000000e+00
0.000000000000000000e+00
0.000000000000000000e+00
0.000000000000000000e+00
0.000000000000000000e+00
0.000000000000000000e+00
3.131383357826947631e-05
3.259720406836072448e-02
9.998022820625835916e-01
3.304256469081990666e+00
3.289239209575190337e+00
1.847943195234934999e+00
8.433989985777851084e-01
3.877932406754786565e-01
2.037123884808301477e-01
2.262661518512027181e-01
8.273965499548565639e-01
1.720306261926350277e+00
1.904802408850013951e+00
1.460968486749731676e+00
9.954120557414458670e-01
7.076857938851689456e-01
5.960552183686509409e-01
5.855063348641245113e-01
6.345716018651292867e-01
7.196861916760800559e-01
8.194281762189198348e-01
9.236894782951893257e-01
1.011651988001847302e+00
1.091742049883261956e+00
1.153785914702672555e+00
1.194570962941662984e+00
1.221992076985746190e+00
1.226991218683026075e+00
1.205263342084416767e+00
1.175516236969435191e+00
1.131263479577702569e+00
1.086483447154013904e+00
1.048733828957443937e+00
1.009887161774869702e+00
9.784590091646924170e-01
9.559629231664055204e-01
9.404582219754331618e-01
9.289098317887463097e-01
9.235732925815972605e-01
9.196254885748681440e-01
9.202576126045771687e-01
9.240340080142868118e-01
9.344095422204800050e-01
9.474354140806162672e-01
9.620516047772104118e-01
9.743847279554895824e-01
9.846342730629615847e-01
9.963505931851998065e-01
1.006360782529216458e+00
1.011795023414519878e+00
1.018191821825079169e+00
1.021267983015807790e+00
1.023095806394704432e+00
1.024536897395932789e+00
1.024433314230005054e+00
1.020261640046723262e+00
1.017200300002557567e+00
1.012824358982256534e+00
1.008551293856641440e+00
1.002933312861222559e+00
1.000233697001511990e+00
9.992631156677478366e-01
9.965428134687103201e-01
9.968585905359702570e-01
9.965660836743066575e-01
9.953878816092535109e-01
9.944372464379809262e-01
9.952571198677562236e-01
9.957358002880072334e-01
9.960794526033847074e-01
9.938868622292514887e-01
9.962223981767114322e-01
9.967760857529260887e-01
9.962939002433116586e-01
9.980915351677119851e-01
9.972419734651394307e-01
9.983954070313850737e-01
1.000859298392702934e+00
9.973858850853941638e-01
9.986938244218740435e-01
1.000311521545965920e+00
9.998870989746065918e-01
9.981305316378250581e-01
9.998561636885034964e-01
9.999320990860239844e-01
9.996274275766899864e-01
9.995274311070150297e-01
1.000450632653392846e+00
9.995830516559377488e-01
9.990505228397816850e-01
1.000207604869243427e+00
1.000430546888108729e+00
1.000411622857705352e+00
9.994257703751872057e-01
1.000638230637492798e+00
1.000418334623291106e+00
9.996739837576471555e-01
9.993652683991712804e-01
1.000735932775779879e+00
9.996876554517584168e-01
1.000217240682803377e+00
9.995945301188950971e-01
9.995179141604678685e-01
9.992242412861410683e-01
9.984946867223690736e-01
9.997535355862068318e-01
1.000640667676943929e+00
9.986266334454106941e-01
9.998399608889857459e-01
9.992671140387771045e-01
9.984811140559964882e-01
1.000077131301484457e+00
1.000004850490147756e+00
9.989768881433740422e-01
9.992952561800655387e-01
1.000049235267783443e+00
1.000306597857969271e+00
9.999289225553154026e-01
1.000469571317370132e+00
9.992454018288879913e-01
9.996465240540560737e-01
9.987654146727419358e-01
9.993249774779333627e-01
9.987694365965053001e-01
9.980780292904315454e-01
9.995708893345539581e-01
9.991856683578675957e-01
9.991146307628364642e-01
9.993962617599564391e-01
9.994352235473320523e-01
1.000902175800895577e+00
1.000477466242130964e+00
1.001009253815050348e+00
1.000724767538006432e+00
1.000566118216414280e+00
1.000600933434943940e+00
1.001751296719750384e+00
1.001452098481448560e+00
1.000547058471160655e+00
1.001333873505141581e+00
1.000522032143911444e+00
1.000162637510469965e+00
9.994304839863783485e-01
9.992767655631569212e-01
9.997820260194923980e-01
9.985774282747610364e-01
9.984842404438913910e-01
9.987093597228655639e-01
9.982621826587152469e-01
9.995892143357865134e-01
9.993280359351566222e-01
9.984332694382688222e-01
9.999279587415574877e-01
1.000214178702543366e+00
1.000863459345079143e+00
1.000079646264398159e+00
1.000948001424644129e+00
1.001255226622587369e+00
1.000873523927602537e+00
1.000256571320635945e+00
1.000374550249698569e+00
1.001031536506035602e+00
1.000218684204627229e+00
1.000715554546997232e+00
1.000357209351730559e+00
1.000737904492377206e+00
9.992352064324725447e-01
9.993911902167945671e-01
9.997745272350679890e-01
9.997495946281584889e-01
9.999502658003104338e-01
1.000268460223245004e+00
9.998148115361822352e-01
9.998320836408161050e-01
9.998512902655327661e-01
1.000490183897454033e+00
9.997860085954677345e-01
1.000526791031816298e+00
1.000332410490332391e+00
9.991365584612006412e-01
1.000054239321527039e+00
1.000168494121327578e+00
1.000342139429150068e+00
1.000232376030995685e+00
9.997831108936631184e-01
1.000383888736987581e+00
1.000328433716930476e+00
9.995854572393793047e-01
9.998877938036968560e-01
1.000401225660584092e+00
1.000124304977217715e+00
9.993237013376052857e-01
1.000697729992440221e+00
1.000084733820900684e+00
1.000438033081917144e+00
1.000624666543556085e+00
9.999897135251116786e-01
1.000399204513563456e+00
9.999004022467607999e-01
1.000188839814449393e+00
9.998659439029795593e-01
1.000067583390787940e+00
1.000403345484634388e+00
1.000713755439733621e+00
9.997557034694194433e-01
9.998555297460612890e-01
9.999731181426616544e-01
1.000576050595539224e+00
1.000157959339633029e+00
9.997052718462510201e-01
1.000238116099365637e+00
1.000194953235320039e+00
1.000033467534796827e+00
9.999121658247244193e-01
1.000923655810287638e+00
9.995706133315465092e-01
1.000221347271049055e+00
1.000361575622588983e+00
9.998992240901340978e-01
1.000073658425545853e+00
1.000489955199456382e+00
1.000472278421868255e+00
1.000086697306387773e+00
1.000629463856867574e+00
1.000113353528321314e+00
1.000301624162716951e+00
9.997618307959120765e-01
9.996357776988415988e-01
1.000247653707153628e+00
1.000360805687859012e+00
1.000262611040013239e+00
1.000763507695128895e+00
9.996793420352364512e-01
9.999378350561844986e-01
1.000299082457327682e+00
1.000229971121149974e+00
1.000039501233699779e+00
9.998110950259487817e-01
1.000383377945539110e+00
9.995452382900744670e-01
1.000703967627340818e+00
1.000604109385444085e+00
1.000092972361917854e+00
1.000607938923246731e+00
1.000300780762511055e+00
9.999278386307590694e-01
9.999415136555269701e-01
1.000113830155519024e+00
1.000249544929020740e+00
1.000430282328167220e+00
1.000209729011433346e+00
9.999232234996046076e-01
1.000228339581556769e+00
9.993015126239930268e-01
9.927624905585078485e-01
9.813206198862630680e-01
9.709286584554568389e-01
9.597617582760372690e-01
9.493235272447954065e-01
9.383982345680468296e-01
