0.000000000000000000e+00
0.000000000000000000e+00
0.000000000000000000e+00
0.000000000000000000e+00
0.000000000000000000e+00
0.000000000000000000e+00
0.000000000000000000e+00
0.000000000000000000e+00
0.000000000000000000e+00
0.000000000000000000e+00
0.000000000000000000e+00
0.000000000000000000e+00
0.000000000000000000e+00
0.000000000000000000e+00
0.000000000000000000e+00
0.000000000000000000e+00
0.000000000000000000e+00
0.000000000000000000e+00
0.000000000000000000e+00
0.000000000000000000e+00
1.565485411943651667e-05
3.262137507876328862e-02
9.985789108134923708e-01
3.285986559295791753e+00
3.292138025124054845e+00
1.842711430205599799e+00
8.427725851944484203e-01
3.908220256037448492e-01
2.026000921611522121e-01
2.277862696407473020e-01
8.264670781155558643e-01
1.714350359323124628e+00
1.897531003294591123e+00
1.463748564732725965e+00
9.926993053947582579e-01
7.097906220504013319e-01
5.955074977992936835e-01
5.858783848257207438e-01
6.396462608794469817e-01
7.249641074972470456e-01
8.217592374958734291e-01
9.206030446448895121e-01
1.012418502750452198e+00
1.092582304695853157e+00
1.153208594171195367e+00
1.198999956222413177e+00
1.224983770166194086e+00
1.224796876973099469e+00
1.206517211173369297e+00
1.172442284092776621e+00
1.131602094363314492e+00
1.085734964659357038e+00
1.044382042433821711e+00
1.010708166609797010e+00
9.794133997295633165e-01
9.553157462557427815e-01
9.393572829599352580e-01
9.284730043395906796e-01
9.249628930140246785e-01
9.212830679995889227e-01
9.191350458196686501e-01
9.267584803238274604e-01
9.370355615582091069e-01
9.480743139703916578e-01
9.640047529577659979e-01
9.766443944051771409e-01
9.865177660794449688e-01
9.990976229907666539e-01
1.005382590451288749e+00
1.014243244643751707e+00
1.016205538139124176e+00
1.021612253151719329e+00
1.026470019435944181e+00
1.023294724928304644e+00
1.024530723482328209e+00
1.021580572695226730e+00
1.016704241314081880e+00
1.012260375360997777e+00
1.005899440365964903e+00
1.004384735784827232e+00
1.000341563467314288e+00
9.992721439216347701e-01
9.975030267780368165e-01
9.953182187397499048e-01
9.959611116466445813e-01
9.945123391979290295e-01
9.950739879249766995e-01
9.963447069986792748e-01
9.967950987743237068e-01
9.957987196150848153e-01
9.982759526049330701e-01
9.978171059632333639e-01
9.953335367054043648e-01
9.973677016202270318e-01
9.992266786105509224e-01
9.996264412848046010e-01
9.994764321720206457e-01
9.988315153879100405e-01
9.993345696502882181e-01
9.992627958940659694e-01
9.998826597234347080e-01
9.989097131530788598e-01
9.989942481113888162e-01
1.000246569749251746e+00
9.991423606604021845e-01
1.000066243247182296e+00
1.000300205779377505e+00
1.001577220985897965e+00
1.000895157100527122e+00
1.000271141578205958e+00
1.001796032896728139e+00
1.000571859864849644e+00
1.001453282068275552e+00
1.001301025620582763e+00
1.000373899561689539e+00
1.001414624095139150e+00
9.994894386218170501e-01
1.000031934499912234e+00
9.997718579867574951e-01
9.990057697277182625e-01
9.999499708809088672e-01
1.000016458816235687e+00
1.000046614893754349e+00
9.988013890102239722e-01
9.992155866306640100e-01
9.993105762863454533e-01
9.989483143852569969e-01
1.000605601444152448e+00
9.998628603837009798e-01
1.000445216082359590e+00
1.000491301745260131e+00
9.999659280218085033e-01
1.001601723335635574e+00
1.000473146204327479e+00
1.000444714962318349e+00
9.994662673544312259e-01
1.000866309524784503e+00
1.000095116784980087e+00
1.000218390698242255e+00
9.992716694235987962e-01
9.994818281347119804e-01
9.995977538797962136e-01
9.998291097560626506e-01
9.992162404273522425e-01
9.988645475724953204e-01
9.992042208341186393e-01
9.984941903144052278e-01
9.990268612576550522e-01
9.997927547602051268e-01
1.000084048419735083e+00
1.000562016081283812e+00
1.000318712509424390e+00
1.001130048745178192e+00
1.001346959780240020e+00
1.000811965316064533e+00
1.000723828626750356e+00
1.001450602003132628e+00
1.001323083341502773e+00
1.000760990366877712e+00
1.001462162462666505e+00
1.001104691363533306e+00
9.999054872445509723e-01
9.996237641220206971e-01
9.995177954646115026e-01
9.985477809113250114e-01
9.996862336803087334e-01
9.981991244976994304e-01
9.985630121482398369e-01
9.990688414327524303e-01
9.996400677352780262e-01
9.988679395186710330e-01
9.990639631626005990e-01
9.999802133204765964e-01
1.000364179290157418e+00
1.000215345645053766e+00
1.000925735263574756e+00
1.000924706167272804e+00
1.000557948864887914e+00
1.001547514003177985e+00
1.001243141966408512e+00
1.000860384076243115e+00
1.000326973347599901e+00
1.001272912784739955e+00
1.001022241645512789e+00
9.999984773501155999e-01
1.000166047369238642e+00
9.994467450033638345e-01
1.000455553347303406e+00
9.999959738131455333e-01
1.000828744528915903e+00
1.000013633697622639e+00
9.992082924938939792e-01
9.990823599046348980e-01
1.000240073141100527e+00
9.993033265925481690e-01
9.997022514323458120e-01
1.000282457726647811e+00
9.992994606258698287e-01
9.996877626937406003e-01
1.000328741428391233e+00
1.000041490599465233e+00
1.000391168470641912e+00
1.000198317403519610e+00
1.000804036563955890e+00
1.000272913925068119e+00
9.999590022625652885e-01
1.000067951834569424e+00
9.999588699915388235e-01
1.000773401397518692e+00
1.000407961721773153e+00
1.000154861601312728e+00
9.999597788377280194e-01
1.000544475229301788e+00
9.996206646183430911e-01
9.998058173515315117e-01
1.000386147877721177e+00
1.000019698721895001e+00
1.000661894532104856e+00
1.000662216161897433e+00
9.996537654906839654e-01
1.000553430475834560e+00
9.996061649269826210e-01
9.997858701242318125e-01
9.996235786390804678e-01
9.995688976662703285e-01
9.994204831036075376e-01
1.000202572150639790e+00
1.000345064401588990e+00
1.000176549117028690e+00
1.000611511377774265e+00
9.998071184080919993e-01
1.000291808769397273e+00
1.000534350215279700e+00
1.000351657643926417e+00
9.996000778343924198e-01
9.995103542338682479e-01
1.000908044767381933e+00
1.000168424059722394e+00
1.000182793671398729e+00
1.000719694332225407e+00
1.000179763980801662e+00
1.000170558971324564e+00
1.000700514376937411e+00
1.000160260289759906e+00
1.000862078311297809e+00
1.000201941308238363e+00
1.000307830540611231e+00
9.996164469833710431e-01
1.000341144713677188e+00
1.000391592802683194e+00
1.000019049561061690e+00
9.999790735827375210e-01
9.998595415255072671e-01
1.000290745524592850e+00
9.998204604508168503e-01
1.000219360658415102e+00
9.994543837443460310e-01
1.000407305382170264e+00
1.000341984740789725e+00
1.000687974135089364e+00
1.000898332303029603e+00
9.999244652165278913e-01
9.995280499633540927e-01
1.000207816896021562e+00
1.000159311513992844e+00
1.000158396873271460e+00
1.000228282061533580e+00
1.000344208395129275e+00
1.000124981055468210e+00
1.000631345697660102e+00
1.000533278602468323e+00
1.000198828208419988e+00
9.999460987419667157e-01
9.991092525190106155e-01
9.925134590395744416e-01
9.812171744001609852e-01
9.705243756430904645e-01
9.599789154649562839e-01
9.491743676180293132e-01
9.389749158566034204e-01
