0.000000000000000000e+00
0.000000000000000000e+00
0.000000000000000000e+00
0.000000000000000000e+00
0.000000000000000000e+00
0.000000000000000000e+00
0.000000000000000000e+00
0.000000000000000000e+00
0.000000000000000000e+00
0.000000000000000000e+00
0.000000000000000000e+00
0.000000000000000000e+00
0.000000000000000000e+00
0.000000000000000000e+00
0.000000000000000000e+00
0.000000000000000000e+00
0.000000000000000000e+00
0.000000000000000000e+00
0.000000000000000000e+00
0.000000000000000000e+00
1.565670596254197888e-05
3.275334348188832512e-02
9.947978036681128788e-01
3.310097971415341345e+00
3.300486089906161880e+00
1.850114239189244225e+00
8.394989902001077642e-01
3.893107353195236486e-01
2.049815648531818357e-01
2.255750075519755982e-01
8.262889624893456908e-01
1.722902689848593738e+00
1.898422083899012680e+00
1.467961809488937952e+00
9.903730336544036561e-01
7.100938943903500888e-01
5.954495150277576698e-01
5.846093324716560291e-01
6.359748645675561418e-01
7.181370362210034441e-01
8.195375026241469296e-01
9.170743527113761617e-01
1.012432607661979400e+00
1.091605628390162286e+00
1.159403195390554586e+00
1.198035589421463376e+00
1.224909544744916756e+00
1.223442579514817607e+00
1.204606447959630566e+00
1.173845972939709492e+00
1.129841895484943848e+00
1.086439042525259913e+00
1.046484909006971664e+00
1.009894255913647898e+00
9.815919690332809422e-01
9.557000839218332544e-01
9.433543526183243433e-01
9.296636404046741964e-01
9.224724567568493017e-01
9.205983089457177027e-01
9.196644884958654620e-01
9.279103328163902376e-01
9.356065811761888895e-01
9.489665912215694554e-01
9.600850620221806908e-01
9.745449406310285889e-01
9.878562232039665991e-01
9.969178140425668522e-01
1.007361244822881696e+00
1.013013044215887559e+00
1.017730578110416673e+00
1.023555898703019773e+00
1.024277709275919879e+00
1.026503868596831071e+00
1.024367348988218129e+00
1.019437442748635902e+00
1.018455055683562982e+00
1.013453886634078982e+00
1.009338672347700694e+00
1.004591011251183108e+00
1.001394192286624518e+00
9.993249588373538383e-01
9.963437500585418105e-01
9.952962628499727460e-01
9.967840038409073733e-01
9.957039652017937170e-01
9.961926173220984060e-01
9.974536328333017954e-01
9.974507648472117349e-01
9.966657848090361149e-01
9.977648903006298697e-01
9.965619181015455963e-01
9.989162613917765832e-01
9.976618322138746109e-01
9.982446417724991639e-01
9.994214219215356021e-01
1.000388287419146760e+00
9.992999623073858251e-01
9.987643143716032901e-01
9.991423630389734134e-01
9.988659095346761330e-01
9.996391988870609868e-01
9.997550946113111792e-01
9.992203718658679845e-01
1.000499580069311500e+00
1.001398420929101363e+00
9.999543581678135284e-01
1.000066433387482689e+00
1.002237261915872590e+00
1.001746800716859509e+00
1.001534561595105677e+00
1.001465185470047592e+00
1.001066845710759878e+00
1.001836331108398870e+00
1.000913893185100711e+00
1.001894685956511433e+00
1.000938682438490268e+00
1.000318970643653715e+00
1.000340502154323241e+00
9.990502086907174784e-01
9.996000714018642430e-01
9.987670409646923764e-01
9.995636595767067867e-01
1.000027141362426208e+00
9.986047925709504725e-01
1.000115289046399791e+00
1.001182798804949536e+00
1.000079477233128733e+00
1.000533530177329711e+00
1.000489000650289118e+00
1.000059761606086228e+00
1.000890655051098976e+00
1.000400723956168969e+00
1.000879145934186143e+00
9.996968817015121633e-01
9.999522532273056319e-01
1.000730749468385694e+00
1.000089501260325031e+00
1.000170658751730723e+00
1.000165991220463013e+00
1.000076792404877901e+00
1.000736893039355424e+00
9.986750126823199514e-01
9.992398420008000715e-01
9.991670847142813949e-01
9.993923624144235296e-01
9.991630149705493791e-01
9.997125060609123315e-01
1.000585768067058012e+00
1.001251177978351059e+00
1.001200166959652416e+00
1.000876593423689842e+00
1.000961251487813231e+00
1.001036959928591319e+00
1.001942445624883549e+00
1.001000878266556260e+00
1.000482720446696616e+00
1.001880862931423533e+00
1.001069816929243128e+00
1.001406014918634568e+00
1.001118370597081420e+00
1.000534459113288532e+00
9.999526040273920557e-01
9.994019107108119693e-01
9.997014407421987991e-01
9.993787326536394122e-01
9.986393431438460588e-01
9.988373544342474819e-01
9.987888094310442000e-01
9.983679091145183371e-01
9.997012421113758984e-01
9.993421262573634056e-01
9.987967304908272892e-01
1.000128783750275030e+00
9.996943694773098299e-01
1.000130707431242438e+00
1.000967478788665543e+00
1.000454894260722538e+00
1.000939773499369023e+00
1.001133228341162473e+00
1.001434678499649511e+00
1.000534003809291139e+00
1.001256598165008116e+00
1.000800973877064237e+00
1.000664667811471453e+00
1.000228322200231279e+00
9.994750985241300789e-01
9.994159204824110132e-01
9.999642430834200235e-01
9.991410776434834773e-01
9.997170121054682612e-01
9.990047278795389785e-01
1.000265938274915278e+00
9.989369854506262580e-01
1.000124342065983107e+00
1.000103066628751147e+00
1.000354423758815559e+00
9.997449808725823450e-01
9.995095546022626509e-01
1.000445914799644287e+00
1.000763698850847705e+00
1.000140600877365227e+00
1.000452887344884134e+00
9.997005272122512221e-01
1.000005695151915841e+00
1.000716843135339484e+00
9.999672560777558283e-01
9.994478855849352472e-01
1.000060835564291484e+00
1.000180534039856850e+00
1.000466546803938872e+00
9.995899207850460488e-01
1.000117622266400996e+00
1.000159192807827058e+00
9.990869091630079080e-01
1.000188615071528231e+00
9.999073101930961993e-01
9.996804191006509743e-01
9.995477019830820709e-01
1.000268664031318977e+00
1.000199532123547952e+00
1.000097979624634315e+00
9.999367053715033649e-01
1.000367884501498938e+00
1.000327348993794940e+00
1.000111129872511384e+00
9.999109069148812701e-01
9.997439586720349158e-01
1.000617911933715298e+00
9.999153417992553416e-01
1.000228735070509689e+00
1.000217465049866750e+00
9.998274026456536179e-01
9.996487247025148681e-01
9.994900999118013774e-01
9.998563006794526364e-01
9.998651333835659738e-01
1.000276352124377599e+00
1.000026330198666269e+00
1.000212211235940174e+00
1.000318443691333270e+00
1.000005532290308308e+00
1.000528705732740775e+00
9.997637855422712994e-01
9.995167559569112514e-01
1.000036794828845332e+00
1.000288283051796068e+00
1.000738345412790942e+00
1.000007614083442187e+00
1.000373553714741570e+00
9.999152153276622546e-01
9.997019952709907953e-01
9.999226964795273620e-01
9.999209910027693216e-01
1.000362833369640825e+00
1.000056917366754394e+00
1.000092153410285567e+00
1.000099159712930508e+00
9.998276458531666355e-01
1.000305491512015532e+00
1.000003395686769325e+00
9.998418015575446516e-01
1.000331644125625807e+00
1.000033157808428053e+00
1.000389187064669283e+00
1.000230400585668589e+00
1.000231330111449601e+00
1.000382895041747711e+00
1.000504001179345570e+00
1.000171167394028116e+00
1.000564750325200869e+00
1.000595161518432974e+00
1.000154162359321752e+00
9.996522017649002168e-01
9.919459516309037106e-01
9.814661652101220879e-01
9.708696176664961541e-01
9.597644740596376067e-01
9.486677634893264655e-01
9.387374786893134537e-01
