0.000000000000000000e+00
0.000000000000000000e+00
0.000000000000000000e+00
0.000000000000000000e+00
0.000000000000000000e+00
0.000000000000000000e+00
0.000000000000000000e+00
0.000000000000000000e+00
0.000000000000000000e+00
0.000000000000000000e+00
0.000000000000000000e+00
0.000000000000000000e+00
0.000000000000000000e+00
0.000000000000000000e+00
0.000000000000000000e+00
0.000000000000000000e+00
0.000000000000000000e+00
0.000000000000000000e+00
0.000000000000000000e+00
0.000000000000000000e+00
0.000000000000000000e+00
3.262670006560568908e-02
1.001562485457942131e+00
3.298223977904428672e+00
3.305633444441067770e+00
1.847647157570541765e+00
8.531148114970346086e-01
3.910250479211700436e-01
2.036701893225213167e-01
2.257288198095643295e-01
8.295943590322087946e-01
1.723789240838940584e+00
1.904258014049959202e+00
1.464855369219641323e+00
9.973674698221774992e-01
7.093634082081167191e-01
5.917863156079099518e-01
5.839242775332813551e-01
6.379258977081794235e-01
7.215014500843739409e-01
8.212755008268298740e-01
9.192324940371022768e-01
1.009887594191808624e+00
1.090155712414042188e+00
1.153745790712056518e+00
1.201373205794654897e+00
1.222952754861700519e+00
1.227304017230932853e+00
1.207693384342365617e+00
1.173845006402796987e+00
1.129149463166639888e+00
1.090596958883174761e+00
1.047097824679776412e+00
1.010606433185968989e+00
9.825467283243235483e-01
9.602597295602666172e-01
9.418340491157809469e-01
9.295023851313995999e-01
9.234119777514526728e-01
9.189777710927761190e-01
9.224585768484718784e-01
9.267270588112814789e-01
9.359063983542588172e-01
9.505711943573709188e-01
9.608906945243455011e-01
9.777656301786791238e-01
9.878693640725996206e-01
9.971070579822117752e-01
1.005922594265216796e+00
1.012254692630937480e+00
1.018991858399118877e+00
1.022430413191913745e+00
1.024491517398108398e+00
1.026024937667677106e+00
1.024827211116569492e+00
1.021696531261509833e+00
1.017102989196908780e+00
1.013229880050288356e+00
1.008146226565856063e+00
1.006374077695094904e+00
1.002020108586802349e+00
9.990468613022887023e-01
9.965229295870937642e-01
9.951691967315976495e-01
9.953227207222423711e-01
9.962618693812846926e-01
9.957465779274231599e-01
9.948724004093602025e-01
9.963948260167567739e-01
9.973604635157807818e-01
9.965168189734027182e-01
9.978982333490574730e-01
9.983550404162105929e-01
9.989578391136795243e-01
9.974427305077037120e-01
9.971535721314886969e-01
9.998911796981317934e-01
9.978418643571561608e-01
9.994366479405809578e-01
9.994079631995543833e-01
9.999983102265441737e-01
1.000764365267805323e+00
9.991115917216486508e-01
1.000672796279856724e+00
9.998888390300849638e-01
9.992639024125867797e-01
1.001965744972570294e+00
1.000856281161558448e+00
1.001601936624050948e+00
1.001482795026970463e+00
1.001029792639958726e+00
1.001280972034458872e+00
9.998373051959139612e-01
1.000557661472217585e+00
1.001856943453790727e+00
1.001308727042889535e+00
1.000323703886397242e+00
1.000920220238110891e+00
9.994298221053028453e-01
1.000322393092422546e+00
9.989882340366510460e-01
9.989987226538279419e-01
9.991954456717302424e-01
9.994269939158635374e-01
9.990445401150029880e-01
9.999588277295038408e-01
9.995152491382439663e-01
1.000413075729450707e+00
1.000149232447647085e+00
9.993001335926373629e-01
1.000521680099437871e+00
1.001033446196359478e+00
1.001941784379982492e+00
1.001697754140926211e+00
9.998909664841604261e-01
1.000912680938538690e+00
1.000690594915742970e+00
1.002115144138445046e+00
1.000051263568555004e+00
9.991534108244213286e-01
9.994899509357595413e-01
9.998795848661742314e-01
9.994128229130572194e-01
9.989792081117860878e-01
9.988879679307424153e-01
9.991696104452471028e-01
9.992079162233096223e-01
9.989742547094403458e-01
1.000289614637155156e+00
1.000057370063365481e+00
1.000646311023069224e+00
1.000583793035875635e+00
1.001100186536505010e+00
1.002082733778838719e+00
1.000731329092220623e+00
1.001142212777078377e+00
1.001904550263194915e+00
1.001019327167961714e+00
1.001381490688479481e+00
1.001572863131081181e+00
9.995900944727357240e-01
1.001064903145362672e+00
1.000298863527914639e+00
9.997971562863375850e-01
9.982241176969324226e-01
9.994632896912151176e-01
9.984237911158158063e-01
9.984996482529493456e-01
9.988422704521637829e-01
9.986058828084343197e-01
9.995788628403424747e-01
9.993624218565437811e-01
9.997895676063077719e-01
1.000220297004087211e+00
1.000388342920380813e+00
1.001093182369606760e+00
1.000076566645851317e+00
1.001727495096330856e+00
1.001366262081976766e+00
1.001670689431861216e+00
1.001001136289577209e+00
1.000984526961994803e+00
1.000413381543689306e+00
1.000595769940034074e+00
1.001372016679836774e+00
1.000502018661968417e+00
9.999262579096005465e-01
1.000247455335271152e+00
9.988089488390796689e-01
9.997830755950568582e-01
9.996719875717544612e-01
1.000864353031375664e+00
1.000095456155846829e+00
9.996761777747321664e-01
1.000244093483982244e+00
1.001061846332639949e+00
9.993010222946195897e-01
9.999338304311643499e-01
9.996842529377766295e-01
1.000567930855986276e+00
1.000636445594696999e+00
9.999509983056510398e-01
1.000464303007730482e+00
1.000192182383415895e+00
9.997583952844439903e-01
1.000616412048763060e+00
1.000029479324807458e+00
1.000151294508887512e+00
1.000012065976542575e+00
1.000526579505534475e+00
1.000307874563497235e+00
1.000097114055877423e+00
1.000067831860825818e+00
9.998603620105882550e-01
1.000359950874753379e+00
1.000096664905865795e+00
1.000086055355812409e+00
9.998473532178934198e-01
1.000127758329512950e+00
1.001302856781504103e+00
9.998653318243767574e-01
1.000193092090320146e+00
1.000307342373758290e+00
9.998978204451683949e-01
9.999177497486329003e-01
9.999462749544651974e-01
1.000042562586203498e+00
9.999436396530781979e-01
1.000065152507339183e+00
9.996927518784199940e-01
1.000561933067476650e+00
9.995583806833371332e-01
1.000214328079715553e+00
9.995529011993793400e-01
1.000093928941558241e+00
1.000416486749863942e+00
1.000475451079610556e+00
1.000131586336387324e+00
1.000036907111915063e+00
9.999446170673803591e-01
9.994932870947305092e-01
1.000026999832271057e+00
1.000391134428532558e+00
1.000457719171479187e+00
1.000033967405559165e+00
1.000013050523348435e+00
9.997195352294272475e-01
9.999680688463972178e-01
9.999026005297634301e-01
1.000090343223121403e+00
9.997257408697499681e-01
9.999758281664773429e-01
9.997942116675144764e-01
1.000106232827517871e+00
9.999938282950792123e-01
9.993056105059965333e-01
1.000139797278380538e+00
9.996203267569716555e-01
9.990605269803786159e-01
1.000242840754297813e+00
9.996504114947124542e-01
1.000242159266407915e+00
1.000012126903178089e+00
9.998895654300309355e-01
1.000397455213819287e+00
9.999622969044534848e-01
1.000414536532705290e+00
1.000318125983343798e+00
9.996180754470141983e-01
1.000393898785495894e+00
1.000102332858005427e+00
1.000477719554440759e+00
9.998678982292611428e-01
9.994582512484654346e-01
9.916560918550125781e-01
9.817006000196260018e-01
9.708431749796971877e-01
9.601182693475588392e-01
9.488520986420393433e-01
9.384837080394888842e-01
