0.000000000000000000e+00
0.000000000000000000e+00
0.000000000000000000e+00
0.000000000000000000e+00
0.000000000000000000e+00
0.000000000000000000e+00
0.000000000000000000e+00
0.000000000000000000e+00
0.000000000000000000e+00
0.000000000000000000e+00
0.000000000000000000e+00
0.000000000000000000e+00
0.000000000000000000e+00
0.000000000000000000e+00
0.000000000000000000e+00
0.000000000000000000e+00
0.000000000000000000e+00
0.000000000000000000e+00
0.000000000000000000e+00
0.000000000000000000e+00
0.000000000000000000e+00
0.000000000000000000e+00
0.000000000000000000e+00
0.000000000000000000e+00
0.000000000000000000e+00
0.000000000000000000e+00
0.000000000000000000e+00
0.000000000000000000e+00
0.000000000000000000e+00
0.000000000000000000e+00
0.000000000000000000e+00
3.629673485539510434e-03
5.910255330340381807e-02
2.299961056120181924e-01
6.223295925791422212e-01
9.964376895801768663e-01
1.321968492768229142e+00
1.549502363048810949e+00
1.712233510312400453e+00
1.685888605318978550e+00
1.816659570055665140e+00
1.747595876517202163e+00
1.713518907394416368e+00
1.615342590721896787e+00
1.598125909194027638e+00
1.524014049043827868e+00
1.516362169794874815e+00
1.422859532293815121e+00
1.371426976328666836e+00
1.318047301036301411e+00
1.316267335607430145e+00
1.320420353070170361e+00
1.282359969896891716e+00
1.124135000585732014e+00
1.076390513771717350e+00
1.034834011504087048e+00
1.034256705570312684e+00
9.956912694159140154e-01
9.907093671393126799e-01
9.946534493174293834e-01
9.971415905658695955e-01
1.007513807041977794e+00
1.002578856175542432e+00
1.022761095444039370e+00
1.024481472662492010e+00
1.049687227414554558e+00
1.034373499464304791e+00
1.026087371457575781e+00
1.042915695845580082e+00
1.023062458765509719e+00
1.023232486662811747e+00
1.032621556551380326e+00
1.029000962624188720e+00
1.021415694737035640e+00
1.023598295542745396e+00
1.037523731998874599e+00
1.046683273619900989e+00
1.043034151154190514e+00
1.035917948966312618e+00
1.024838305451607035e+00
1.029734067478279780e+00
1.030648157185466429e+00
1.025923711786075776e+00
1.038348296245497959e+00
9.912180619054425934e-01
1.024500263473654638e+00
1.008009823216853729e+00
9.946671212097405457e-01
1.000061421928005068e+00
9.685459939135181440e-01
9.759916402891176679e-01
1.017585664555713088e+00
9.867225444451066529e-01
9.925092828451907989e-01
9.951425482148366086e-01
9.761225104008910414e-01
1.009888664867518049e+00
1.026284249276881777e+00
9.878564100981347407e-01
1.011635946221065119e+00
1.009791151282159127e+00
9.926723438943803046e-01
1.036249228293827818e+00
1.001527701903384804e+00
1.014005236557480316e+00
1.008357231094062278e+00
1.013115113262055278e+00
1.019288442016903273e+00
9.985467077188800999e-01
1.003322031857514229e+00
1.010023258909908961e+00
9.778881004574445646e-01
1.012660484358868240e+00
9.917262185163753241e-01
9.983810472676379888e-01
1.015907586561247244e+00
1.000665123302265647e+00
1.001793036798868108e+00
9.988075305946483295e-01
1.011587286418310416e+00
1.000489806585848074e+00
1.000029315114920436e+00
9.980103259624594214e-01
9.973422356866049610e-01
9.944754016133412478e-01
9.863894329282443252e-01
9.931392370689933191e-01
1.000295312033014028e+00
1.010235746383998823e+00
9.996337886715173093e-01
1.007073064732566525e+00
1.001396084906762907e+00
1.013350431226921700e+00
1.017829521855291741e+00
1.012905114726573519e+00
1.015796292556128577e+00
1.003738214355025971e+00
1.018593586992458944e+00
1.016142798555003779e+00
9.980483815127118019e-01
1.019836773112329009e+00
9.954591582791251225e-01
1.000102183240700215e+00
1.004228034889759646e+00
9.981393100345619107e-01
9.975101808710844509e-01
1.004021492029260498e+00
1.009216618049708192e+00
1.004490205022515514e+00
1.009683631948890881e+00
1.012106478351648686e+00
1.009669768885462782e+00
9.975557918547188763e-01
1.007632300548293447e+00
9.998617029743170903e-01
1.005662848010101529e+00
1.003391340761002448e+00
9.934975290241384593e-01
9.923272800004885319e-01
1.001113179344819804e+00
1.001028042440087917e+00
9.962650674909979687e-01
9.971355909661390182e-01
9.939131355601984463e-01
9.934015556548073667e-01
1.009091972941275506e+00
9.940621999268935971e-01
9.986179946896664994e-01
9.856584307188078764e-01
1.000264361572849259e+00
9.924477314934329053e-01
1.007318397792740017e+00
9.962784522720180558e-01
9.908496561748461051e-01
1.015918421778192915e+00
1.005153631103956835e+00
1.009173600877126820e+00
1.009457360358908096e+00
1.004094595122849709e+00
1.009482725018803650e+00
9.948643472042830727e-01
1.000660583332094733e+00
1.001548143529189083e+00
1.002321318111173420e+00
1.008238946311961648e+00
1.002840788237831404e+00
9.995712013202440183e-01
9.974069532221924161e-01
9.993207606148721833e-01
1.002308907359498180e+00
9.998198567850056229e-01
9.970333470594278102e-01
9.925334402704100167e-01
1.010967980409193112e+00
1.008596853711801522e+00
1.003362631834760599e+00
1.003002029241707005e+00
9.927476621515775035e-01
1.009554098331626237e+00
9.979503438165994167e-01
9.988917251264304298e-01
9.973405593342155040e-01
9.991090199269230254e-01
9.961269696609524882e-01
9.991841910617049738e-01
9.962498294284859446e-01
9.919738435045331038e-01
9.998079100173614675e-01
1.001315228617075892e+00
9.975234928587161098e-01
1.004813449453430874e+00
1.004298704215103699e+00
9.998406898217780947e-01
1.014465386877131836e+00
1.005472173939916170e+00
1.006219074875617459e+00
1.008497409784790078e+00
1.007595090171312213e+00
1.002718796819764835e+00
1.008953461240822191e+00
1.010589171144729015e+00
1.011493556508125780e+00
1.006059689333270279e+00
1.014142079797033302e+00
1.010439754417338687e+00
1.010729677873471122e+00
1.017083216968639237e+00
1.020873698393487405e+00
1.001242222751173916e+00
1.006144382988475972e+00
1.002675862312198962e+00
1.021587533888867361e+00
9.964717072206953352e-01
1.015634820570305186e+00
1.007318670469652844e+00
9.966389529643507883e-01
1.005465341824798298e+00
1.005061876892995532e+00
1.008766783732094829e+00
1.012793520847123485e+00
1.009411936250827146e+00
1.006998463910147024e+00
1.002487497054693755e+00
1.011097419900295336e+00
1.005554920336608093e+00
1.002300086429116277e+00
1.007916987440429679e+00
1.008765403046431253e+00
1.002996004853196510e+00
1.001105310791064795e+00
1.011898097808578090e+00
1.006372742407893206e+00
1.014367388513649715e+00
1.009462985687701320e+00
1.005771991844114366e+00
1.011781768796087055e+00
1.004765702915103809e+00
9.994213189929060936e-01
1.009509389214577224e+00
9.950045834042002824e-01
1.003780962739838634e+00
1.007478181646800586e+00
1.010706709462190656e+00
1.003291963480744897e+00
1.006857715390629071e+00
1.007258527583716257e+00
1.001792840483472391e+00
1.001464494335553956e+00
1.005792972200568736e+00
9.961606627996930641e-01
9.987196903815365179e-01
9.969629285442981326e-01
9.975494434685685530e-01
1.000861427338088028e+00
1.004513037646366014e+00
1.002232576955975896e+00
1.006350338796640820e+00
1.002524895904311597e+00
9.980936945894680612e-01
9.967738885595472942e-01
1.003626541704574882e+00
1.007750832905780269e+00
9.921591141992879281e-01
9.931042737863950975e-01
1.001176154513820249e+00
1.000670708811071341e+00
9.988607403554971009e-01
9.950471938747545986e-01
1.001287710576186374e+00
9.998689281809602925e-01
1.002728223761051085e+00
1.000240389594871937e+00
9.892871233909426021e-01
1.002892228642216610e+00
1.002460804279046602e+00
9.974611383325781011e-01
1.001847363273393521e+00
1.006735481129691356e+00
9.996915746924688317e-01
9.953559331194768989e-01
9.982487950962842804e-01
9.947945525113692788e-01
9.894353682720469223e-01
1.000417914284661425e+00
9.967712962174949398e-01
9.977562733753718716e-01
1.005672483523643246e+00
9.949520386003496419e-01
9.941259935581545637e-01
9.947688200773059375e-01
9.995919311220898829e-01
1.001177498700222435e+00
9.990094561516748017e-01
1.001747267636978522e+00
9.945372994454683147e-01
9.966858981582391586e-01
9.978047179194937666e-01
9.945901376372737746e-01
9.997520184583407188e-01
1.000407574808054978e+00
9.904459916938764819e-01
9.971410246478882300e-01
9.940835889064061348e-01
9.915381568860638373e-01
1.000418392948388524e+00
9.970571840832379573e-01
9.968493137117068192e-01
9.932448322670064389e-01
9.975539193954702233e-01
9.938857149157035442e-01
9.986631338851644779e-01
1.001573143345769745e+00
9.960463964021963879e-01
9.960515516372175915e-01
9.951804184240680140e-01
9.978538742180773635e-01
9.914017545058535497e-01
9.930507756092340488e-01
9.966224559933245519e-01
9.978224106031697849e-01
9.951492223854205843e-01
9.999231056425252895e-01
9.916055928396323438e-01
1.000971231497858493e+00
9.930744253954291167e-01
9.923731366325977410e-01
9.925533832870556683e-01
9.937391958359249600e-01
9.965064069105032951e-01
9.971124875673518240e-01
9.876390294365308131e-01
9.955930386807069210e-01
9.911117889548429760e-01
9.935348301157103101e-01
9.957619372443256012e-01
9.904527843258600361e-01
9.975910906376860288e-01
9.923091852274567026e-01
9.933762452669439025e-01
9.921308051760674429e-01
9.910963589564339982e-01
9.926305979021321502e-01
9.953845689976690281e-01
9.910330715477205787e-01
9.871299646356103130e-01
9.775117980584159261e-01
9.707457027882824274e-01
9.631941511871118244e-01
9.577171944136905202e-01
9.528393452792587315e-01
9.394199575069132058e-01
9.296716846245737242e-01
9.252233285164764842e-01
9.161187223286787473e-01
9.122086663331880896e-01
9.002635238679209673e-01
8.944796938956808274e-01
8.844729604952806801e-01
8.778361416018353180e-01
8.721488991231349797e-01
8.610194919956779547e-01
8.601659653340816281e-01
8.503894707887800219e-01
8.384010288440815195e-01
8.320154519093235779e-01
8.250465264101662921e-01
8.190708064995079196e-01
8.079964275187337952e-01
8.019092311403078766e-01
7.971796035548649462e-01
7.847561777628818680e-01
7.815669829088969234e-01
7.775272045773118368e-01
7.691064361743449318e-01
7.616018333057976708e-01
7.587531917899312806e-01
7.464003451023074609e-01
7.388275386232506792e-01
7.325384801282648350e-01
7.278000583250227029e-01
7.198512276377972974e-01
7.110563709754570416e-01
7.069939765465105275e-01
6.990473538161681155e-01
6.901139292024988103e-01
6.818222440501017223e-01
6.803536113644386152e-01
6.754206840195376982e-01
6.658368277327785245e-01
6.581283459751360310e-01
6.533796830628725294e-01
6.477830641328796712e-01
6.405254289150443814e-01
6.339552846753772064e-01
6.260224412349150169e-01
6.214271134453579482e-01
6.125568171029098785e-01
6.088820289938923214e-01
6.001831307848235486e-01
5.955376419142262012e-01
5.887770625593793383e-01
5.838511747000263430e-01
5.772770702330967119e-01
5.723316052126492526e-01
5.650610308001219328e-01
5.622025939120496307e-01
5.513321201521281800e-01
5.502142326146607365e-01
5.411233537408601801e-01
5.356581791320196295e-01
5.313327091819446402e-01
5.274606724574294470e-01
5.201720060653814981e-01
5.092776790883138949e-01
5.060522037923984584e-01
5.041739916330343352e-01
4.961323136467181150e-01
4.899025901591492205e-01
4.842115027742036615e-01
4.801707153954550278e-01
4.722511183250197586e-01
4.699664121722803567e-01
4.625162699580143699e-01
4.590777728549407244e-01
4.498502019467708890e-01
4.473792390516224682e-01
4.405356343273898467e-01
4.371000894864371933e-01
4.285338250432114693e-01
4.254170328472383078e-01
4.218799753084161996e-01
4.168328512510168227e-01
4.120138086900487218e-01
4.026504989354403041e-01
3.987533668996982583e-01
3.963910669122726049e-01
3.907731856474191412e-01
3.842827949605432947e-01
3.769543052036909425e-01
3.742349717833812206e-01
3.668478166518697736e-01
3.611840672160453458e-01
3.565648985484108358e-01
3.506409200203630117e-01
3.467734080423862664e-01
3.422931364376285979e-01
3.360715892437265429e-01
3.334323354973807718e-01
3.272078223005990827e-01
3.222587631985872059e-01
3.192253298857954946e-01
3.149023637344104953e-01
3.082845326596369562e-01
3.016608335061136126e-01
2.984923126474441357e-01
2.919174251390331265e-01
2.873779818077598636e-01
2.847906833862620668e-01
2.798995106779962883e-01
2.731301921173890923e-01
2.705644725018258034e-01
2.647085728726225051e-01
2.612866016294218552e-01
2.551583840351959731e-01
2.511448019710743051e-01
2.456441941545442764e-01
2.440114493830257414e-01
2.352921051674858044e-01
2.327097089675732033e-01
2.274206091479468728e-01
2.214590518207693037e-01
2.183968615150342629e-01
2.141548790812463354e-01
2.108476047856109870e-01
2.056946389139228393e-01
1.991878373447532602e-01
1.944948227301989130e-01
1.911767271480697694e-01
1.881348971968614947e-01
1.834508900210876925e-01
1.776333179031554244e-01
1.727103738327199489e-01
1.701360007760250870e-01
1.655253053502290517e-01
1.608177126002426072e-01
1.562682000467798260e-01
1.517299273588891273e-01
1.488111073448081245e-01
1.446835908089489087e-01
1.388436608249140058e-01
1.364021841509195643e-01
1.312299444923360203e-01
1.278477077920923133e-01
1.224964668814236962e-01
1.201611645707329201e-01
1.156789205222569089e-01
1.120855540385760490e-01
1.087835773346742946e-01
1.060465859796942550e-01
1.021954249539095277e-01
9.906438083768397129e-02
9.540033340197701106e-02
9.343912867026382685e-02
9.136953154053376047e-02
8.874766683015659907e-02
8.574074356294263122e-02
8.407268395879463618e-02
8.058286266877420778e-02
7.977528108492289161e-02
7.664367664654106460e-02
7.517755135957851498e-02
7.190712229924330068e-02
6.938897745743062562e-02
6.938219046299277937e-02
6.615584888061183666e-02
6.404167503983752840e-02
6.210546756676528501e-02
6.083150546406002057e-02
5.805121761349148202e-02
5.696996951554111899e-02
5.518122693528212247e-02
5.335616213894105175e-02
5.182157094359180621e-02
4.994835722047594184e-02
4.894704928919561826e-02
4.744436551414897563e-02
4.624178075057220477e-02
4.545619845350160754e-02
4.317552437465203841e-02
4.206423431193014734e-02
4.024364660480426320e-02
3.951756651989578317e-02
3.752607107174971840e-02
3.723384047402601704e-02
3.547526082018050142e-02
3.499359196947957051e-02
3.321254813777156645e-02
3.142086902244426577e-02
3.092739166923595684e-02
2.967784157894950980e-02
2.855929729557433669e-02
2.795119037002551793e-02
2.663764509717617135e-02
2.597602337942824316e-02
2.464073320166676809e-02
2.383282206467626091e-02
2.344572343247894666e-02
2.218140266709230785e-02
2.146447999837389556e-02
2.074504792061918762e-02
1.962105999883060475e-02
1.933924902526337058e-02
1.820211225862989474e-02
1.730275551606798648e-02
1.655505180028794474e-02
1.598281298498555048e-02
1.517963049756252195e-02
1.488590737782987360e-02
1.397347787017409575e-02
1.370363287029081369e-02
1.264104390693635178e-02
1.190168218562296515e-02
1.174408458520181768e-02
1.106207441908599667e-02
1.050062962373137475e-02
1.024064586861103514e-02
9.231949548204582134e-03
8.884007783370570857e-03
8.413575991903021051e-03
7.946282435993330673e-03
7.516535487159052217e-03
7.034741507688107437e-03
6.627974737508853485e-03
6.411374276387882265e-03
6.264133151539320009e-03
5.755581021382617096e-03
5.260523943395127230e-03
5.027697690966424077e-03
4.722657676939838282e-03
4.356151746675737679e-03
4.035342302739900779e-03
3.846059129007578688e-03
3.452949133417389845e-03
2.956934326742540180e-03
2.874876731193505650e-03
2.645981791799359960e-03
2.513233850543970891e-03
2.238203960105577747e-03
2.029817322744913860e-03
1.838944546459064973e-03
1.633203905741171472e-03
1.499435349512953219e-03
1.296124216189810255e-03
1.189826084494464541e-03
1.096930491963851902e-03
1.004631835623843094e-03
6.981197118869329494e-04
6.895630473407173087e-04
5.617944088089632526e-04
4.630020179468424812e-04
3.554881021220157545e-04
3.605616344529077649e-04
2.106851821256657106e-04
1.482422891894516904e-04
1.292969249858060660e-04
9.512854570801669931e-05
4.588311562670305098e-05
3.354046019745626750e-05
1.215775031097617185e-05
9.089365733032018542e-06
0.000000000000000000e+00
0.000000000000000000e+00
0.000000000000000000e+00
0.000000000000000000e+00
0.000000000000000000e+00
0.000000000000000000e+00
0.000000000000000000e+00
0.000000000000000000e+00
0.000000000000000000e+00
0.000000000000000000e+00
0.000000000000000000e+00
0.000000000000000000e+00
0.000000000000000000e+00
0.000000000000000000e+00
0.000000000000000000e+00
0.000000000000000000e+00
0.000000000000000000e+00
0.000000000000000000e+00
0.000000000000000000e+00
0.000000000000000000e+00
