0.000000000000000000e+00
0.000000000000000000e+00
0.000000000000000000e+00
0.000000000000000000e+00
0.000000000000000000e+00
0.000000000000000000e+00
0.000000000000000000e+00
0.000000000000000000e+00
0.000000000000000000e+00
0.000000000000000000e+00
0.000000000000000000e+00
0.000000000000000000e+00
0.000000000000000000e+00
0.000000000000000000e+00
0.000000000000000000e+00
0.000000000000000000e+00
0.000000000000000000e+00
0.000000000000000000e+00
0.000000000000000000e+00
0.000000000000000000e+00
0.000000000000000000e+00
0.000000000000000000e+00
0.000000000000000000e+00
0.000000000000000000e+00
0.000000000000000000e+00
0.000000000000000000e+00
0.000000000000000000e+00
0.000000000000000000e+00
0.000000000000000000e+00
0.000000000000000000e+00
1.290523688185446147e-03
6.049465256509193624e-03
5.569287758679509343e-02
2.663679987578466135e-01
6.969698866100180190e-01
1.097416836554320652e+00
1.465251619694219798e+00
1.672440699523205732e+00
1.783511862699288297e+00
1.888259743662157319e+00
1.753716006195184862e+00
1.788726773915209067e+00
1.750743153820478071e+00
1.709245771952918380e+00
1.675730998205265943e+00
1.576208772517491807e+00
1.503593983346518836e+00
1.410623227653503120e+00
1.436759571012824921e+00
1.382726874429816455e+00
1.358167808861362014e+00
1.353919589877243812e+00
1.238367896701152882e+00
1.178665777869905007e+00
1.156828562280617589e+00
1.124482405107489313e+00
1.071491620288627100e+00
1.038904876183990078e+00
1.052454937291976256e+00
1.047558575915481960e+00
1.088001256964551189e+00
1.036718724810765435e+00
1.049297841902816275e+00
1.087969397086323342e+00
1.095186833914640445e+00
1.100620184661851741e+00
1.081342803758872817e+00
1.086431648503225711e+00
1.061083941331244285e+00
1.114284782577587229e+00
1.092802407651714214e+00
1.060100292388161503e+00
1.060295211548873073e+00
1.062754020906750529e+00
1.084384249570975900e+00
1.091444656004089575e+00
1.052018857161519660e+00
1.064624102042424525e+00
1.084627464359295024e+00
1.079738651569861485e+00
1.081796799163816436e+00
1.068607755324213926e+00
1.074434506058202787e+00
1.074511357730454364e+00
1.092947831063734832e+00
1.061947587175668284e+00
1.029994453980688673e+00
1.056923674365902066e+00
1.034859779727680174e+00
1.032697666288096228e+00
1.029351757420578384e+00
1.038380679817932251e+00
1.035835779053418282e+00
1.040440302954398488e+00
1.042333453817114508e+00
1.039707029904061608e+00
1.005764557349506649e+00
1.044977742977156066e+00
1.039707192720728202e+00
1.031162057557275968e+00
1.019539991779947252e+00
1.048146161511886554e+00
1.024594738686624762e+00
1.042101512413118325e+00
1.045340653316528812e+00
1.021842422713380660e+00
1.047412987269362716e+00
1.026354728777725711e+00
1.041076571421998054e+00
1.021147111750390524e+00
1.005600077900457912e+00
1.015263051052280652e+00
1.035144586609429096e+00
1.033201205520789312e+00
1.027962278204715529e+00
1.021219116487469325e+00
1.010751198232394232e+00
1.011795155018157422e+00
1.033693023712637382e+00
1.029580888907438707e+00
1.023064438755456829e+00
1.022965872545903210e+00
1.033135118239821626e+00
1.025603179300010215e+00
1.027241480854789168e+00
1.012918334917469965e+00
1.030279466737758387e+00
1.025259982811590698e+00
1.040630241953299562e+00
1.020826502357602195e+00
1.016944462390470649e+00
1.030905656853658980e+00
1.024293863000654392e+00
1.038108241859676095e+00
1.018879806414386913e+00
1.020244528555157126e+00
1.028870327859385370e+00
1.023357935703865795e+00
1.012389001199216043e+00
1.023777010982383606e+00
1.031941647896572389e+00
1.012970171819245646e+00
1.013761679754077827e+00
1.017639543292263138e+00
1.010905847941592439e+00
1.013731441724191829e+00
1.014763667712141215e+00
1.013467417703205697e+00
1.022294961242578237e+00
1.015486762402771248e+00
1.027214940506956387e+00
1.015634589542029342e+00
1.014542101978460176e+00
1.017366267059643947e+00
1.030343526932569587e+00
1.017928618753372927e+00
1.021677413793004252e+00
1.023942443999223073e+00
1.033667899123889899e+00
1.028486946160578785e+00
1.024193387917075482e+00
1.024714286466521740e+00
1.011504725514748904e+00
1.010038292468228960e+00
1.010972898465777536e+00
1.027810500524974691e+00
1.029013843737565992e+00
1.003112828682070967e+00
1.017840125179027444e+00
1.002313593707099715e+00
1.011777881609537522e+00
1.010993788514355174e+00
1.010684348118745746e+00
9.997454521758591950e-01
1.002435391264012488e+00
9.903815321254765269e-01
1.006477362770501705e+00
1.009573258312422173e+00
1.009635328425028122e+00
1.016638743415389623e+00
9.955292184937389877e-01
9.961792845878286728e-01
1.005334717673244338e+00
1.006672902682862247e+00
1.010497828392177944e+00
1.001621162976433776e+00
9.993656542170110679e-01
1.001199250581626288e+00
1.011486515163415367e+00
1.013778249820264099e+00
9.993582468775793481e-01
9.908144853776564842e-01
1.007665689522070585e+00
1.003145511620452845e+00
9.991090980931993659e-01
9.986522414068436104e-01
1.014010920303573204e+00
9.962889191761064023e-01
1.003796710101448442e+00
1.005312408430573567e+00
1.005284577391569734e+00
1.008312643579022172e+00
9.971488990208773329e-01
9.959545746139852884e-01
1.009951601846440505e+00
1.008504805342801181e+00
1.006559953650845385e+00
1.016624005242778850e+00
1.009187911216703037e+00
1.002777198137402070e+00
9.999107063161919440e-01
1.010205079378833748e+00
9.976620341319881735e-01
1.001718638958047469e+00
1.001533472817002002e+00
1.000274479702658148e+00
1.000763368214806270e+00
9.953383027437247010e-01
1.003877164000598787e+00
9.985138760765478461e-01
1.009158513229218013e+00
9.964942526345198504e-01
9.989312341812039975e-01
1.008976083149827119e+00
9.962912946399046232e-01
1.008228511181870068e+00
1.009174665785688152e+00
1.003593160029417231e+00
9.974036386380661368e-01
9.985552385014918597e-01
9.985646677599245846e-01
1.001964294792667687e+00
1.005868297161603975e+00
1.001300963689002677e+00
1.003870591482657337e+00
9.951900790028974653e-01
9.987482010013301048e-01
1.002764650389314838e+00
9.984259136349235009e-01
1.003564469474782062e+00
9.978931338468496337e-01
9.967688486205724674e-01
9.985282692005286176e-01
1.000549210619762652e+00
1.001840984757912834e+00
1.005847506688481108e+00
1.003946955305529354e+00
9.924010728565269002e-01
1.003153110877212928e+00
1.001145448031185436e+00
9.997883369735723891e-01
9.969215818361625292e-01
9.991909124023105049e-01
9.981613091904736335e-01
9.998418730423991319e-01
9.991114580911588661e-01
9.978328084757721594e-01
1.003641840375099292e+00
9.982095312632801587e-01
9.962363448361428730e-01
9.975901643076746650e-01
1.002247644459375087e+00
1.001369076342411235e+00
9.981924187766396672e-01
1.000458085893265903e+00
9.996977297880217384e-01
9.911612958175742838e-01
9.997881953475447059e-01
1.004045885322559339e+00
1.002080144769814440e+00
9.927485471508400439e-01
9.996356968267537946e-01
1.002821948467272462e+00
1.007556061976690565e+00
9.968663819647732849e-01
1.000557398179970470e+00
9.962227480299996607e-01
1.003383974707346971e+00
1.001345924096744833e+00
9.989117109318726984e-01
9.977532276810567868e-01
9.996465095272749624e-01
9.948234754168485683e-01
9.984985113644139210e-01
9.998130487887747497e-01
9.945594743012955430e-01
9.942547994143090540e-01
9.989560833441090137e-01
9.988947426171096433e-01
9.981371153037893462e-01
1.002800924454444020e+00
1.002333118725260652e+00
9.942423387025770554e-01
9.989215794298921258e-01
9.958453650902028276e-01
9.976826891924739371e-01
9.967958442789472961e-01
1.004430948017667413e+00
9.952465219443535904e-01
9.983422884514296936e-01
9.978780710050049185e-01
9.959055588223136857e-01
9.941734469206368052e-01
9.961051325886216556e-01
9.930694955793158973e-01
9.961884028961645043e-01
1.000945319417113843e+00
9.960328692493609637e-01
1.003437557339721176e+00
9.923262819208429342e-01
9.962186748419487037e-01
9.968855019564779596e-01
1.000363390343781633e+00
9.975831752741396441e-01
1.004334574141767078e+00
9.991239009411625460e-01
9.991126975185060655e-01
9.985101258184970741e-01
1.001173835567226167e+00
9.988213354593623583e-01
9.942929607458975694e-01
9.996515549791749056e-01
9.942236656593057553e-01
9.955665304085919987e-01
1.003532656693269409e+00
1.002475383145653431e+00
9.974252619959975696e-01
9.993358677043099325e-01
9.952412989636661989e-01
9.962869458979476400e-01
9.960267071142748785e-01
9.980348793328654988e-01
9.914108268190422457e-01
9.927283243613186370e-01
9.949029846874181127e-01
9.931088700505648070e-01
9.937890071093824496e-01
9.989233237964219025e-01
9.967602290605183102e-01
9.953760751828103492e-01
9.937527873807261436e-01
9.983392500276836445e-01
9.903891897105878694e-01
9.934328357482236083e-01
9.935716796392343175e-01
9.900412490693587531e-01
1.001224889074386448e+00
9.979762434205377009e-01
9.916739529705294043e-01
9.942734599977840482e-01
9.920677441138051611e-01
9.900070430472414085e-01
9.922051905030372376e-01
9.933057937059042164e-01
9.873753399198853531e-01
9.949003460428398338e-01
1.001928734625301187e+00
9.933440787717202625e-01
9.899026838397928518e-01
9.929498572031419945e-01
9.963729964875002176e-01
9.961049457420740882e-01
9.946277792845805710e-01
9.938059942340305986e-01
9.944964058550735952e-01
9.815216630898754291e-01
9.735091624309638592e-01
9.707697234251378982e-01
9.565869692992028384e-01
9.493936730080387854e-01
9.432698276283769667e-01
9.365978168340760579e-01
9.303039094944052234e-01
9.215335980990888576e-01
9.137167442088651725e-01
9.015506941071805835e-01
8.961157666629472329e-01
8.874652201071813185e-01
8.839636948361758728e-01
8.698994217035111998e-01
8.647774213867457371e-01
8.600518189296457727e-01
8.529593355089620799e-01
8.417248610992813518e-01
8.332836334269296819e-01
8.303880086067984001e-01
8.186461134833794562e-01
8.156736394091381737e-01
8.092049176771344277e-01
7.972441595205014275e-01
7.948983409259275934e-01
7.807927138434098691e-01
7.749410217093947173e-01
7.706816596121399687e-01
7.683069622548941435e-01
7.547016690489322110e-01
7.503727064632643717e-01
7.439881000616129780e-01
7.350874959841152689e-01
7.266727976396687438e-01
7.200544502966220728e-01
7.136642428227346624e-01
7.060613037648286738e-01
6.981782851919845490e-01
6.919054359850128622e-01
6.829185604037198987e-01
6.820694018822528459e-01
6.716403545893682159e-01
6.646507214584620460e-01
6.634060934233749762e-01
6.499536324357304551e-01
6.480251459911585687e-01
6.375276439018769947e-01
6.295605786402990178e-01
6.236894140565859557e-01
6.200163321628177071e-01
6.130284076694899609e-01
6.052185785783643635e-01
5.955637345413223871e-01
5.908447256482939336e-01
5.847854382895424363e-01
5.824059044106200123e-01
5.785827979352643480e-01
5.669771532156010485e-01
5.631963627670429906e-01
5.580389526054899685e-01
5.532866817243587976e-01
5.466412854392732612e-01
5.397902692895718557e-01
5.339603084175590375e-01
5.293771058653494732e-01
5.211550945938033808e-01
5.163538232172474318e-01
5.110226444177513594e-01
5.003612174992927430e-01
5.021174136730572890e-01
4.922955462018041572e-01
4.886551059161597377e-01
4.803659347229732313e-01
4.750932784596803571e-01
4.698387456158508724e-01
4.680084363756917831e-01
4.596289819785835395e-01
4.562279046854239573e-01
4.486720435249912931e-01
4.440648919968802066e-01
4.421924512477686808e-01
4.312132874126005100e-01
4.282778403287542113e-01
4.229101019390724692e-01
4.164558291789702271e-01
4.132467104080828069e-01
4.088070416337835078e-01
3.986872561460404474e-01
3.960164682453818363e-01
3.933421185162416789e-01
3.850988848992331071e-01
3.806753426688684883e-01
3.760468165516059336e-01
3.722055303313379637e-01
3.650762845106273469e-01
3.605363569420493852e-01
3.552464432811346939e-01
3.509767850668019107e-01
3.463510409566952220e-01
3.405649710404902719e-01
3.370431018656600552e-01
3.299775080616468848e-01
3.239427592277954182e-01
3.213986883576618325e-01
3.145452886484814137e-01
3.127480211037198532e-01
3.080752817695110446e-01
3.008366251851085083e-01
2.971223228112495618e-01
2.909833019985776925e-01
2.867491772221367752e-01
2.823162403650916752e-01
2.763551846905910603e-01
2.728486369463944961e-01
2.666335657897118128e-01
2.635800528741642501e-01
2.589766064303246629e-01
2.525292326392911124e-01
2.500557714056128589e-01
2.446971657633210395e-01
2.399283112610789415e-01
2.355602235788646359e-01
2.322673230194361171e-01
2.280873883524456303e-01
2.234804679288558971e-01
2.184667827366253701e-01
2.156253186505342756e-01
2.091767287849773393e-01
2.056556810164135440e-01
2.005622644768661200e-01
1.956299330101381462e-01
1.909005269986969178e-01
1.862316145960681568e-01
1.829410953345516344e-01
1.779738895523409192e-01
1.738802200355100136e-01
1.689428115826609178e-01
1.647109835205446682e-01
1.617755504703905223e-01
1.568604589986358766e-01
1.521981639547103637e-01
1.484477371799438894e-01
1.433929919481970183e-01
1.397180113268564616e-01
1.352091986775076360e-01
1.319827369226298230e-01
1.287712610651771117e-01
1.234391853431023311e-01
1.193540174293402090e-01
1.167453512873738858e-01
1.114016483400349644e-01
1.068111591797218790e-01
1.058815140842340602e-01
1.018441370842419619e-01
9.849285597494417122e-02
9.615538671232573553e-02
9.374711801531242228e-02
9.059862212673157333e-02
8.813244075503939845e-02
8.639737928731708316e-02
8.450593469678993608e-02
8.065633991604272135e-02
7.901457551522972356e-02
7.594578880721383762e-02
7.413673406837106850e-02
7.117621950219592264e-02
7.023591381428172242e-02
6.740392465773061004e-02
6.614334465688817555e-02
6.443533721567441808e-02
6.178020798090978760e-02
5.930229120149057426e-02
5.822934166729330785e-02
5.713093259026107151e-02
5.486897380922024781e-02
5.272568282082332886e-02
5.154424713866716939e-02
5.000127350636396351e-02
4.872034993297165439e-02
4.775914887535999409e-02
4.612527348710165898e-02
4.483945161642977073e-02
4.222580061406817215e-02
4.182970375524649315e-02
4.066761936674317263e-02
3.853077306828984333e-02
3.732160617212828407e-02
3.620713497113004636e-02
3.446006226197309563e-02
3.418047426502309610e-02
3.299549884930867011e-02
3.178403172579567781e-02
3.068494728348110726e-02
2.985431372659990909e-02
2.833768502046786833e-02
2.780271928949487603e-02
2.666045395007550500e-02
2.526900077842795730e-02
2.470482261802037574e-02
2.361135035217875114e-02
2.281350642523018168e-02
2.264370591663534757e-02
2.050607729738199159e-02
2.047854823644859254e-02
2.010802125991868403e-02
1.923267609103629719e-02
1.828272975564490879e-02
1.790144421161534230e-02
1.672241089318399210e-02
1.632359248491754844e-02
1.538556574283736315e-02
1.457993205085467495e-02
1.420310276800362294e-02
1.357137271388431966e-02
1.287621308464439833e-02
1.237393412619523965e-02
1.116025930323604962e-02
1.115730255696568973e-02
1.058850283305173140e-02
1.008305933593639687e-02
9.542604718968823382e-03
8.995332813531410621e-03
8.950921770360985644e-03
8.125950207218688229e-03
7.716253931482066133e-03
7.546058894418327181e-03
7.079426797040149801e-03
6.707923594089673473e-03
6.060320495870070816e-03
5.789446421544632709e-03
5.385381222035694367e-03
4.815835676915842037e-03
4.766238257072441357e-03
4.432992634410414141e-03
3.895509791596598725e-03
3.643640654492249966e-03
3.581944206359008540e-03
3.349219584862401632e-03
2.891309113503551936e-03
2.632886983742191087e-03
2.516501720558294436e-03
2.234954246939245461e-03
2.127096235117079213e-03
1.926208543587334867e-03
1.745952464102422776e-03
1.425589582156288346e-03
1.219318759405607676e-03
1.129220084947993958e-03
9.665721458651774277e-04
8.842041636093601973e-04
8.055240024486925695e-04
5.825085067554982687e-04
5.147174688735552551e-04
4.473607565115547886e-04
3.710802650538446812e-04
2.859631221810018877e-04
2.633568889339948449e-04
1.698612216303195847e-04
1.292971269054269551e-04
6.751068625454979138e-05
6.117758304155046468e-05
4.268792509763649518e-05
1.519721162177046166e-05
3.029793309218798311e-06
0.000000000000000000e+00
0.000000000000000000e+00
0.000000000000000000e+00
0.000000000000000000e+00
0.000000000000000000e+00
0.000000000000000000e+00
0.000000000000000000e+00
0.000000000000000000e+00
0.000000000000000000e+00
0.000000000000000000e+00
0.000000000000000000e+00
0.000000000000000000e+00
0.000000000000000000e+00
0.000000000000000000e+00
0.000000000000000000e+00
0.000000000000000000e+00
0.000000000000000000e+00
0.000000000000000000e+00
0.000000000000000000e+00
0.000000000000000000e+00
