0.000000000000000000e+00
0.000000000000000000e+00
0.000000000000000000e+00
0.000000000000000000e+00
0.000000000000000000e+00
0.000000000000000000e+00
0.000000000000000000e+00
0.000000000000000000e+00
0.000000000000000000e+00
0.000000000000000000e+00
0.000000000000000000e+00
0.000000000000000000e+00
0.000000000000000000e+00
0.000000000000000000e+00
0.000000000000000000e+00
0.000000000000000000e+00
0.000000000000000000e+00
0.000000000000000000e+00
0.000000000000000000e+00
0.000000000000000000e+00
0.000000000000000000e+00
0.000000000000000000e+00
0.000000000000000000e+00
0.000000000000000000e+00
0.000000000000000000e+00
0.000000000000000000e+00
0.000000000000000000e+00
0.000000000000000000e+00
0.000000000000000000e+00
0.000000000000000000e+00
0.000000000000000000e+00
7.258052149179492624e-03
6.022839624222640215e-02
2.620418377282600630e-01
6.817176124204510357e-01
1.072455749156705718e+00
1.444265518335258403e+00
1.619218563153182799e+00
1.701400638717999403e+00
1.703282341497887487e+00
1.757791283545147909e+00
1.695708963829609006e+00
1.644764488806844893e+00
1.605539221976390873e+00
1.557834220042525919e+00
1.532439375268285220e+00
1.476676648681096271e+00
1.327375215788354046e+00
1.354852685601177997e+00
1.305564880655832427e+00
1.298146564768876798e+00
1.245961210172169986e+00
1.227257416801037504e+00
1.180131217580337344e+00
1.039018550646839900e+00
1.038936115273497274e+00
1.002862049157746460e+00
1.002774894768848402e+00
9.993015378698389961e-01
1.025330901896821301e+00
9.740073324663641730e-01
1.012729399881183490e+00
1.048801748155279823e+00
1.034486426898860278e+00
1.043053505487120169e+00
1.030753931033946191e+00
1.040975019302174731e+00
1.048561715895670821e+00
1.076242331353596260e+00
1.028844293781942643e+00
1.075216830936614798e+00
1.052160987728684161e+00
1.048000700821918540e+00
1.022122310743237339e+00
1.027524954955238989e+00
1.051237242174453135e+00
1.063521123307293870e+00
1.035053728878297052e+00
1.063783877282363566e+00
1.040989220512950064e+00
1.054742706879995717e+00
1.043656870141182358e+00
1.052900981530279889e+00
1.016125797248900176e+00
9.954122668568522458e-01
1.037618219771027750e+00
1.024996187717424956e+00
1.024906071218293802e+00
1.002181978843921240e+00
1.020673185474729516e+00
1.017001805927157942e+00
9.957542140655480933e-01
1.006608571007637565e+00
1.009083952620971170e+00
1.006390613045297311e+00
1.006352190240557665e+00
1.010739770474099464e+00
1.031152148345811925e+00
1.026158043493559102e+00
9.971481742726698849e-01
1.025893170817587352e+00
1.028266129110706917e+00
1.034236316390479304e+00
1.005607262037087501e+00
1.027015191442402164e+00
1.014216947766375609e+00
1.000975198933198085e+00
9.940730303940477075e-01
1.014581511352740550e+00
1.006046381447230909e+00
1.024982886684177474e+00
9.991488389388537561e-01
1.008306640894014006e+00
1.009347084118215943e+00
1.022466755136386407e+00
1.010057463623307950e+00
1.007915994725508746e+00
1.013091181917102679e+00
1.011452045036859149e+00
9.993863099163162733e-01
1.007586344711752568e+00
1.008714293821258767e+00
1.007671450063341245e+00
9.949606654667536576e-01
9.890318579513661668e-01
9.969597156550193962e-01
9.970128578769577032e-01
1.005802731996659372e+00
1.003512802245038804e+00
9.961628607061149276e-01
1.012320863965990414e+00
1.019196761457267009e+00
1.016178150934358371e+00
9.991256912189624417e-01
1.010800124291119984e+00
1.005873467868934723e+00
1.007811277838829289e+00
1.010919846707349246e+00
1.008389557497936684e+00
9.986722621139870748e-01
1.004087618831031037e+00
1.012068473230734567e+00
1.004120936873420078e+00
9.977532061085440107e-01
1.009804125154998289e+00
9.966518342701418121e-01
1.008484648362304004e+00
1.009533181082959974e+00
1.003276788104729311e+00
1.004616071959771206e+00
1.000001613247142096e+00
1.014510453477944552e+00
1.014566022284967062e+00
1.009184729166984651e+00
1.006572874051276489e+00
1.004987034795696621e+00
1.005270844436424005e+00
9.999498781021198823e-01
1.001515600020187025e+00
9.955555288710786765e-01
1.009796466674616866e+00
1.013484263730190627e+00
1.008731574276167553e+00
1.004737449502272728e+00
9.998783929990510133e-01
9.922143843471803448e-01
1.001202740066678532e+00
1.008494441815748877e+00
1.000576247221873993e+00
1.000838018233086713e+00
9.995795728232607091e-01
1.004363452396524803e+00
1.006226348810046023e+00
9.917097331310272823e-01
9.945678114607378051e-01
9.954647769309149519e-01
9.975877513941309171e-01
9.925131693331457061e-01
9.969456946157557731e-01
9.998023839573518812e-01
9.951658736036744779e-01
1.009446209057361488e+00
9.939810493192065000e-01
9.879183952990654438e-01
9.914497269424464854e-01
9.979175684038060767e-01
9.883491333456256855e-01
9.905708401344590630e-01
9.949533804547450178e-01
9.857505382007618611e-01
9.869727591997718985e-01
9.972810410604783238e-01
9.969239534859890561e-01
9.971621582223946234e-01
9.959148685697546410e-01
1.005225146688827786e+00
9.948333720938863367e-01
9.973714146561778460e-01
9.912776809197972883e-01
1.005734736642895477e+00
9.932192286334469156e-01
9.923435998379031009e-01
9.937786668871380069e-01
9.949057780677343921e-01
1.003254128193719730e+00
1.000904398087132385e+00
9.984122663793123520e-01
1.004843097317300593e+00
9.968290011484833846e-01
1.000025869674901369e+00
9.937979155421321487e-01
1.003421856063870354e+00
9.958077837661639675e-01
9.980095402940186711e-01
9.945960067187348264e-01
9.901429278787683419e-01
1.000224763087085078e+00
1.003329984181290158e+00
9.912505911192249775e-01
9.987079372293009571e-01
1.000656649350882166e+00
9.982478376971332112e-01
9.953811066328951407e-01
9.944721044177818881e-01
1.001590019407587295e+00
9.901061214370876495e-01
1.005132323583906251e+00
9.995624949063354192e-01
9.984196977103981796e-01
1.005395149851368686e+00
9.956963697282231740e-01
1.000059310188981865e+00
9.956277758170709591e-01
9.966514144655752583e-01
9.940850699188993334e-01
9.945131975286167769e-01
9.950487850867707484e-01
9.972213329719533670e-01
9.917464732799217142e-01
9.920412635573773175e-01
9.924006370429448998e-01
1.001590973913812910e+00
9.886729452145341934e-01
9.959556716901881712e-01
9.969418784382914067e-01
9.934773539560418643e-01
1.001395636043977744e+00
9.891458839806959169e-01
9.888599305210166168e-01
9.997118901332594509e-01
9.968154970370701751e-01
9.918079347510773136e-01
9.950384325576514533e-01
9.952357963952612740e-01
1.001441160597760005e+00
9.964860325946391928e-01
1.003510013719262295e+00
1.000854300393900997e+00
1.000275434807340824e+00
1.001333557047637823e+00
1.007104401784810754e+00
9.987671118208699683e-01
1.001885733128811129e+00
9.986697905519875684e-01
9.986823529562532942e-01
1.000863171478970859e+00
9.985549391648432804e-01
1.001420071835978476e+00
9.998357155292656451e-01
9.978505941460433792e-01
9.990009085970401603e-01
9.984950231503871843e-01
1.006036297639776311e+00
9.978585222597985416e-01
1.003680698215074329e+00
1.003066004115539478e+00
1.000832397235825288e+00
1.001348425392596164e+00
1.006412321646645625e+00
1.005723533288286786e+00
1.002928801343027088e+00
9.937253703159655283e-01
9.980588833084033107e-01
1.008131479064831248e+00
9.995293400196085809e-01
1.007782078911104717e+00
1.008978123300743102e+00
9.994298694946345263e-01
1.006604008733002598e+00
1.003615040890047938e+00
1.010258991422331887e+00
1.000669440045510505e+00
9.987075543868421112e-01
1.003298620384900142e+00
1.008704044696672186e+00
9.966783526994988929e-01
1.006161006425121185e+00
1.004616421090141154e+00
1.007892949077666689e+00
9.961954538323215536e-01
1.001739728026319387e+00
1.002500735387162445e+00
1.003098619742002651e+00
1.004631232888726577e+00
1.003739958372873442e+00
1.005269696484800024e+00
1.008010384253554159e+00
1.004257805195978959e+00
1.002197525852019933e+00
1.007975080465944862e+00
9.976082485753293705e-01
1.008161816148334999e+00
1.001400315061542701e+00
1.002423556113223313e+00
1.008110286306073577e+00
1.005022091321985389e+00
1.011671241798299148e+00
1.004617886991522546e+00
1.003656197324761301e+00
1.001040532993947130e+00
1.003579809658490030e+00
1.003327380857459872e+00
9.988114649061223815e-01
1.003072549704647098e+00
1.001927120361642443e+00
1.003416665155139054e+00
1.004339945831894010e+00
1.007494018356133614e+00
1.006708904117516790e+00
9.992366584277061481e-01
1.007837183109245416e+00
1.004169047732554221e+00
1.009603882452120294e+00
1.001637248690015136e+00
1.003231573650462671e+00
1.004042605332093663e+00
1.006586093640189361e+00
1.005393379507703022e+00
1.004982892994774613e+00
1.001581187432970532e+00
1.000904340880786503e+00
1.008215945141741621e+00
1.004823782005045407e+00
1.009440211595552306e+00
1.003952525432264542e+00
9.992555199281859535e-01
1.005593899230160293e+00
1.002110939109021048e+00
1.000440292512839724e+00
1.005307448671603598e+00
9.938044085627206758e-01
1.005811290262582425e+00
1.002672739292405746e+00
9.990156124204134791e-01
1.000274351800760853e+00
1.004039190553429384e+00
1.000067230295420329e+00
1.000782540619013838e+00
9.977383103359896976e-01
9.987248902970454756e-01
9.986137300090511815e-01
9.999122878055886066e-01
9.975547295262366942e-01
9.935363327402735312e-01
9.918599320238646877e-01
9.876080854811520870e-01
9.752107126549373062e-01
9.654665916586134822e-01
9.562026934777450027e-01
9.533815586924889729e-01
9.418758358283869647e-01
9.336547046346093115e-01
9.303441496650447506e-01
9.219701305786198731e-01
9.123112878547637861e-01
9.014140206803392674e-01
8.977836833807282257e-01
8.901779519574707367e-01
8.810646985056134195e-01
8.718933179576920933e-01
8.700276796529907708e-01
8.567216765128343736e-01
8.518212992981250009e-01
8.375822042520437716e-01
8.311119277084098034e-01
8.234050270130818250e-01
8.214077630629482707e-01
8.121612589833300255e-01
8.062836383966688336e-01
7.933502096695959072e-01
7.866314312385621621e-01
7.779345865038227448e-01
7.766171157367289801e-01
7.666202735194050932e-01
7.567995293768609022e-01
7.518108390256552642e-01
7.484357061113561249e-01
7.372522942400075996e-01
7.321659291566510186e-01
7.238719894701012292e-01
7.157264907683463795e-01
7.082636777972924902e-01
7.036076513123407095e-01
6.968435059327551251e-01
6.891398017967580447e-01
6.868838880137028147e-01
6.828837979324268170e-01
6.741002178669298628e-01
6.642577783254054458e-01
6.588842878174199225e-01
6.484404611360274906e-01
6.438040028088790612e-01
6.378362168597677684e-01
6.318483537638013292e-01
6.253169036222374633e-01
6.209407995684618209e-01
6.160389558158108070e-01
6.057226023142310289e-01
6.007820260867104967e-01
5.986237507324726481e-01
5.895749575343988136e-01
5.847672886830826977e-01
5.794941243399024389e-01
5.701413115525230113e-01
5.649069511778002095e-01
5.584888531958567270e-01
5.546521419864689495e-01
5.486513587474058928e-01
5.430796714391097346e-01
5.351982278306408602e-01
5.273581607134971705e-01
5.239173911284823459e-01
5.189754451735920648e-01
5.121188191526270250e-01
5.059492244348261503e-01
5.040967224818941883e-01
4.935363212460732174e-01
4.891378881648906218e-01
4.851677016888665817e-01
4.782455675478652912e-01
4.737877080846282785e-01
4.688972490555894934e-01
4.605762150264860466e-01
4.575555954658618862e-01
4.524431880440716869e-01
4.440273303394799420e-01
4.391926049382612329e-01
4.377054784608536142e-01
4.313099126386205073e-01
4.244499878821670902e-01
4.165524251470512640e-01
4.115412187219432694e-01
4.072033515856776087e-01
4.020300244976535708e-01
3.969795900409637257e-01
3.927679969855720210e-01
3.862450171043187441e-01
3.817079956143728525e-01
3.747743135910233114e-01
3.723489172820305115e-01
3.667540801189422828e-01
3.594118896065421898e-01
3.549636641600084630e-01
3.518523546252220746e-01
3.433233314947083392e-01
3.401380732857974265e-01
3.329723385830066218e-01
3.312747614979559829e-01
3.251587474597018579e-01
3.192333674548087363e-01
3.169613956086633766e-01
3.102943197142954412e-01
3.047830262993375117e-01
3.029348436303179737e-01
2.991908208441660388e-01
2.914512430410983734e-01
2.878501256133275121e-01
2.801279467795815825e-01
2.760171073866862224e-01
2.729979398280291680e-01
2.685613004788089953e-01
2.644956726430326421e-01
2.558465885354065938e-01
2.524478512619165449e-01
2.475868664212651782e-01
2.425651324500908146e-01
2.412393073196198723e-01
2.348965672989179188e-01
2.281408976583309545e-01
2.258771033370729209e-01
2.205613743818718442e-01
2.164795806900761677e-01
2.122756686064408982e-01
2.066647732499721501e-01
2.031838102928329171e-01
1.969081602533713227e-01
1.948789117040518604e-01
1.902017312434567120e-01
1.843963138964560267e-01
1.802475741157117395e-01
1.767965757259326309e-01
1.723597823284180874e-01
1.689551996182602489e-01
1.650838292754617520e-01
1.605767934354798143e-01
1.557282793507726026e-01
1.512302692817092398e-01
1.490036189066699934e-01
1.433439795006531126e-01
1.380743974046257372e-01
1.355533600208073119e-01
1.309771313878809185e-01
1.290908591949811446e-01
1.231984575329298781e-01
1.193189380341836692e-01
1.140140279592578854e-01
1.127945166366000063e-01
1.092975734359150769e-01
1.052507478072358393e-01
1.014299492700795613e-01
9.992401488820643052e-02
9.678250793456802392e-02
9.307510150963270446e-02
9.276803554829554654e-02
8.825185189867582047e-02
8.521686161843235185e-02
8.232119176615956824e-02
8.112499696935644711e-02
7.852331369068291100e-02
7.646302811994244719e-02
7.424709021450758006e-02
7.203877348474072018e-02
6.962213674303828481e-02
6.817625607494384732e-02
6.595076812194768101e-02
6.363676082073452256e-02
6.289512367399080484e-02
6.008937800489223130e-02
5.760206918111405311e-02
5.654738451187579090e-02
5.476459464016677353e-02
5.187696170937830531e-02
5.161654785524153605e-02
4.989881060358007658e-02
4.863870469458021067e-02
4.710511436776302491e-02
4.569495211607153135e-02
4.328561206764923452e-02
4.276882319869550891e-02
4.099527507108185337e-02
3.920263129970042587e-02
3.826730414358014976e-02
3.729916124013604034e-02
3.620453854976268815e-02
3.555091976087118577e-02
3.387089826910843343e-02
3.234225187905351295e-02
3.102131857473268070e-02
3.067942621577053608e-02
2.948465003918340072e-02
2.895922744320722497e-02
2.798427867184856074e-02
2.641664384976428678e-02
2.583151510875327656e-02
2.473804778133941937e-02
2.328803640149946716e-02
2.274955408577483337e-02
2.235262944421090997e-02
2.095552017044767859e-02
2.007143622576998410e-02
2.006014481750991243e-02
1.889108719363099403e-02
1.803039151450007080e-02
1.777048307434652211e-02
1.654846191454497836e-02
1.577699601298928819e-02
1.507940346955124675e-02
1.459890473216506751e-02
1.382392246948190018e-02
1.354748364623689638e-02
1.283471177792545014e-02
1.192085925538026621e-02
1.157925059935303695e-02
1.072163471848379401e-02
1.021766545738496054e-02
9.818621502025221340e-03
8.999981523416231144e-03
8.385090947385204566e-03
8.470997948081371298e-03
8.017405160590481902e-03
7.652898773050906267e-03
6.837921506523922908e-03
6.705438675644449439e-03
6.028547642532100861e-03
5.797705012196351787e-03
5.561607595766945855e-03
5.384412243529739656e-03
4.919203843252585411e-03
4.624631039128505698e-03
4.271874473672644668e-03
3.814915366493996929e-03
3.745838011165688632e-03
3.465560574550274452e-03
3.216781654253797994e-03
3.051753268533042088e-03
2.580026921380927738e-03
2.287613880301354787e-03
2.097941943977430380e-03
1.984068093400638208e-03
1.786915548602982734e-03
1.578160104014771732e-03
1.476696433509437981e-03
1.308691975001247555e-03
1.167288666696599019e-03
1.007724473119432076e-03
8.333471456976232527e-04
7.801122722374525392e-04
6.453662593042112147e-04
4.518657281107355743e-04
4.723029360928244764e-04
3.741312579700662474e-04
2.921271406108447892e-04
2.106476030171302390e-04
1.698306589150781992e-04
1.385077101308525391e-04
7.363477005977499962e-05
3.975827408037742701e-05
2.743729994790539923e-05
1.519447722455607155e-05
3.029248165899675474e-06
0.000000000000000000e+00
0.000000000000000000e+00
0.000000000000000000e+00
0.000000000000000000e+00
0.000000000000000000e+00
0.000000000000000000e+00
0.000000000000000000e+00
0.000000000000000000e+00
0.000000000000000000e+00
0.000000000000000000e+00
0.000000000000000000e+00
0.000000000000000000e+00
0.000000000000000000e+00
0.000000000000000000e+00
0.000000000000000000e+00
0.000000000000000000e+00
0.000000000000000000e+00
0.000000000000000000e+00
0.000000000000000000e+00
0.000000000000000000e+00
