0.000000000000000000e+00
0.000000000000000000e+00
0.000000000000000000e+00
0.000000000000000000e+00
0.000000000000000000e+00
0.000000000000000000e+00
0.000000000000000000e+00
0.000000000000000000e+00
0.000000000000000000e+00
0.000000000000000000e+00
0.000000000000000000e+00
0.000000000000000000e+00
0.000000000000000000e+00
0.000000000000000000e+00
0.000000000000000000e+00
0.000000000000000000e+00
0.000000000000000000e+00
0.000000000000000000e+00
0.000000000000000000e+00
0.000000000000000000e+00
0.000000000000000000e+00
0.000000000000000000e+00
0.000000000000000000e+00
0.000000000000000000e+00
0.000000000000000000e+00
0.000000000000000000e+00
0.000000000000000000e+00
0.000000000000000000e+00
0.000000000000000000e+00
0.000000000000000000e+00
0.000000000000000000e+00
1.209870822789224816e-03
7.501351814555796971e-02
2.631539109305340296e-01
6.707329367767979056e-01
1.100254478327768792e+00
1.403948389955722131e+00
1.689484092121056102e+00
1.775379735385702817e+00
1.819744192327265475e+00
1.810041737806108664e+00
1.755931395772845960e+00
1.678263191473501559e+00
1.617853244773824528e+00
1.650843587208333574e+00
1.550084121660371572e+00
1.537990699438657405e+00
1.407404710788622060e+00
1.429077402641614869e+00
1.345463585459382605e+00
1.318599008741511813e+00
1.296407376972010139e+00
1.209161492308047592e+00
1.122018871609576252e+00
1.068288510430840610e+00
1.028970193716147952e+00
1.065830629151400810e+00
9.993057293425444687e-01
9.956040788098485805e-01
1.021766267681326390e+00
1.009260886728688522e+00
1.048761707228468509e+00
1.039136152466809682e+00
1.043585844858192058e+00
1.023887087504661952e+00
1.044912347982450695e+00
1.037342440952265354e+00
1.015266610445236806e+00
1.073345877563795403e+00
1.038704116447073389e+00
1.070076419873584150e+00
1.048338671296594971e+00
1.062103005479893669e+00
1.030732453146113947e+00
1.040669614387292219e+00
1.035400106444323010e+00
1.023894237527064766e+00
1.029024443213013562e+00
1.020314293631510827e+00
1.023301416712316891e+00
1.036571654425525013e+00
1.016893906875559583e+00
1.028199585019651474e+00
1.011468550523094256e+00
1.027015800575186377e+00
9.880234008340819107e-01
9.797523897733420029e-01
1.005940772085429646e+00
1.007095813812141971e+00
9.751244671058045821e-01
9.881419416095736930e-01
9.745484670326189924e-01
1.003122992971356542e+00
1.003616425494846087e+00
9.936469778256512564e-01
9.988797161835414329e-01
1.000202292271998195e+00
1.005681035600437534e+00
9.856124308643152698e-01
1.003615241804474145e+00
1.006683637063038539e+00
1.020740889251168682e+00
9.949790863046091838e-01
1.000053877964792726e+00
1.011239659106912381e+00
9.881691596760275864e-01
9.964795053023003391e-01
9.983892835978041003e-01
9.938386359933506498e-01
9.708629624098382704e-01
9.863096760410090535e-01
9.779682319018822012e-01
9.946198301921379548e-01
9.849993611270941862e-01
9.951590951268171059e-01
9.909612321959351267e-01
9.937484988262523800e-01
9.850799260729672380e-01
9.951998128307897318e-01
1.011149914338774547e+00
9.934448716722261707e-01
9.835841918538194006e-01
9.955133659787186451e-01
9.976403317417502636e-01
1.007161481883918963e+00
1.005429513581935108e+00
9.773670281340377519e-01
9.816672898989798890e-01
1.010146054670025162e+00
9.908113629603605421e-01
9.952125628510761768e-01
9.943668882878747839e-01
1.003554298046925419e+00
1.000095510015125866e+00
9.935753867426275754e-01
9.993007586205062687e-01
9.924450209905533171e-01
9.886033907730515935e-01
9.921542875572808562e-01
9.961190747889802077e-01
9.726845972378258542e-01
1.004916546184002835e+00
9.855999487109686763e-01
9.951158826168639004e-01
9.903601859640682736e-01
9.941474508895381534e-01
9.895721873010957514e-01
9.978869923157637212e-01
9.860715854588512075e-01
9.867294557447022774e-01
9.803920985408260957e-01
9.897233730733356882e-01
9.941834338001627192e-01
9.853484633378000179e-01
9.923507103688058439e-01
9.991912185296850657e-01
9.818060150334726455e-01
9.857370301286791925e-01
1.006074104995088314e+00
9.916106399757261824e-01
9.813433342338070409e-01
9.858913510039011285e-01
1.002120108443362412e+00
9.853182881647888358e-01
9.875727337255358895e-01
1.000396114011268711e+00
9.927895609292834989e-01
9.953061998600071236e-01
9.791298337616287650e-01
9.945643217825129723e-01
9.889205759305067511e-01
9.863610884177064220e-01
9.994491606319761967e-01
9.801441435805047231e-01
9.928359749825086400e-01
9.897006775627051889e-01
9.853392290599097825e-01
9.821561581927183981e-01
9.899097709899977726e-01
9.911700964111463952e-01
1.002365084645168380e+00
9.918968755491428535e-01
9.924834966742949183e-01
9.913583095745097662e-01
1.005259335445394697e+00
9.999629054688179419e-01
9.908560171798459493e-01
9.876232343978567085e-01
9.917690574645235957e-01
9.891528344801039374e-01
9.859412485078339339e-01
9.958380022814286026e-01
9.921279648700583875e-01
9.968743714944708900e-01
1.000963184393909522e+00
9.985710689290213660e-01
9.997203436638418816e-01
9.963937330319445618e-01
9.929613635451862708e-01
9.991100203499915233e-01
1.007894254693890268e+00
1.000192045524302964e+00
9.997070682560946775e-01
9.955883816892958649e-01
9.959233441447099544e-01
9.930205272222996093e-01
9.910843625962760806e-01
1.005730455680902580e+00
9.974595698136303756e-01
9.888353688393167751e-01
9.969118691159198908e-01
9.968741088981836196e-01
9.919539744162869654e-01
9.946150318783236743e-01
9.922516907092007177e-01
9.958094855902765996e-01
9.937010896492931566e-01
1.004837202234263760e+00
9.984268839131500428e-01
1.002133673024658833e+00
9.913608163754735747e-01
1.001100928258830347e+00
9.989613842105010688e-01
9.980938090564268617e-01
1.003848124044107060e+00
1.002283785028043273e+00
9.977357782637490402e-01
1.001023044318597899e+00
1.002007203337621055e+00
9.901257136092109779e-01
9.982977529706111852e-01
9.962332826962679855e-01
9.938119571147151499e-01
9.932671982550420609e-01
9.947478538162650707e-01
1.002380518136058773e+00
1.008153046445052770e+00
9.985531300034710123e-01
1.001383607030633005e+00
1.000992479448344907e+00
9.988503819794588567e-01
1.000023632243396188e+00
9.937121437828818626e-01
1.007476146660422511e+00
9.920419400290412248e-01
9.971836741852473374e-01
1.001972382200471579e+00
9.975767147712646388e-01
1.001851501937955469e+00
1.001589932269095096e+00
1.001396264110312018e+00
1.009373810182135678e+00
9.950109052421188816e-01
1.007820619364079073e+00
1.003456596714920934e+00
9.979712281929034035e-01
1.000350983168568630e+00
1.005470294201620041e+00
9.989098708353285616e-01
1.007129247398654837e+00
1.004153315812871927e+00
1.002000988629997202e+00
1.008442076752096517e+00
9.984853282343094660e-01
9.941930706604519274e-01
1.001927594141506450e+00
1.002570509945330368e+00
9.962799361282405064e-01
1.001512748730843283e+00
1.004739629357116693e+00
1.003231570802644246e+00
1.002777120745137696e+00
1.005600632007298323e+00
1.002754580359202397e+00
9.994452290613191625e-01
1.002674452178249798e+00
1.010165158149310960e+00
1.001447864166018276e+00
9.946405556921013025e-01
1.000368738076108821e+00
1.006493649771432519e+00
1.003643140514379306e+00
1.003199670992221515e+00
9.985100424863088131e-01
1.000640165985867025e+00
1.003496653609781353e+00
1.000613781740790742e+00
9.981097970182061241e-01
9.996264710966971112e-01
1.004865920354485853e+00
1.002355699987075965e+00
1.002427737546763842e+00
9.988969954918713867e-01
1.006345767489553067e+00
1.004423480061097829e+00
9.996167628153452833e-01
9.982114876761315481e-01
1.005592655935712232e+00
9.993648594037637389e-01
1.003704520250295884e+00
1.000651809123604075e+00
1.003270270110470763e+00
1.002958936712479598e+00
9.941447610080513808e-01
1.001972811032371791e+00
9.961572366955822044e-01
1.000901369495797333e+00
9.982492667477159687e-01
1.001501648018950918e+00
1.001307156105300411e+00
9.976698226712373829e-01
9.938481394601066388e-01
9.992262497453860970e-01
1.003135242061881538e+00
9.940229137060689890e-01
9.971636603606134353e-01
9.975242676435940314e-01
1.000778485118305694e+00
9.960307794336193954e-01
9.927224042556799244e-01
1.001743324620557152e+00
9.960207987831571907e-01
9.978993134507277984e-01
9.997470740270306688e-01
9.957611129873096267e-01
1.001765732964695399e+00
1.002565103433715965e+00
9.981757502789103675e-01
9.976929090036188441e-01
9.958926621785341160e-01
9.979538870119980531e-01
9.948154610706805290e-01
9.993418235631325031e-01
9.988845688196774653e-01
1.002052416900181875e+00
9.995010325542321716e-01
9.944811456142357287e-01
9.992317173763471949e-01
9.982193160810094446e-01
9.987326941598788643e-01
9.959505607619714151e-01
9.989385918962764288e-01
9.917219744065820519e-01
9.945847316742443267e-01
9.907310029235130155e-01
9.986626538662030095e-01
9.918267144877417341e-01
9.964367370984515970e-01
9.962524073163027127e-01
9.924860030909961051e-01
9.967404748712511697e-01
9.905233058710605221e-01
9.962161176180786004e-01
9.927591233030380602e-01
9.964521589684016689e-01
9.890586548455253535e-01
1.003346215728124324e+00
9.943873352449894565e-01
9.931166662036248205e-01
9.954119462001785879e-01
9.905161698496386391e-01
9.967573052527215482e-01
9.943993659822647491e-01
9.911981378077258098e-01
9.846735097619071508e-01
9.813149003253048841e-01
9.710332815235884762e-01
9.608399976495879402e-01
9.524492994192035322e-01
9.479516648852316374e-01
9.379348019855986429e-01
9.280293082015107498e-01
9.256490546057374313e-01
9.122735303506093185e-01
9.118252354794570413e-01
9.006911614839954172e-01
8.938633107098918895e-01
8.843148694003789556e-01
8.725417348559880715e-01
8.729511940725919183e-01
8.610216027565220642e-01
8.558372193126388972e-01
8.482662237468064914e-01
8.401665335368734278e-01
8.344864576566364267e-01
8.219061560708750269e-01
8.134552048376706423e-01
8.086304909609522973e-01
8.049264248718995818e-01
7.956230244157054265e-01
7.890024159847177643e-01
7.807235372971138565e-01
7.776232389419165392e-01
7.661936373332428607e-01
7.613730269931758832e-01
7.567294709344698500e-01
7.436232852392162807e-01
7.355554053316385454e-01
7.299329787500761224e-01
7.253354851849335150e-01
7.196594866722811901e-01
7.129584901521804907e-01
7.046032274693229125e-01
6.972584432108741570e-01
6.924210377135315841e-01
6.850599688020280187e-01
6.752053502692710873e-01
6.720835079949956103e-01
6.659551390499871548e-01
6.620622201562560427e-01
6.511671494684200256e-01
6.446028681803549487e-01
6.412696356954584731e-01
6.358264563923020640e-01
6.264172161705727770e-01
6.230857022940373691e-01
6.143874950862181494e-01
6.110827917937545761e-01
6.044299766427536635e-01
5.991980417525734071e-01
5.883258203175549816e-01
5.886190791367424957e-01
5.824058652591459495e-01
5.749460551732931135e-01
5.665306196007129369e-01
5.612050824542513805e-01
5.557779993911791117e-01
5.515254278156438428e-01
5.441678533601932433e-01
5.395411600598434276e-01
5.288944760481196772e-01
5.243244552190995389e-01
5.204199960910238509e-01
5.154917931563717248e-01
5.131662360015475377e-01
5.027981846215094919e-01
4.972897077756627260e-01
4.951005248975811623e-01
4.867696132138760179e-01
4.809582321148050954e-01
4.778241677356984685e-01
4.701617703274124649e-01
4.659360278494941165e-01
4.589540808940908434e-01
4.555545413512584463e-01
4.458412600000130621e-01
4.399922549338688427e-01
4.366490899589239860e-01
4.311050505762140661e-01
4.253326345339284997e-01
4.204708601600938289e-01
4.164253557416144891e-01
4.099722371476680616e-01
4.051831299215361004e-01
4.006297647230557812e-01
3.952791724330061429e-01
3.904094205383329408e-01
3.826472918956859148e-01
3.781587158877154353e-01
3.712263445860742306e-01
3.701423470049273190e-01
3.673280328266090855e-01
3.591688166329458642e-01
3.536807698190486127e-01
3.466062084897919560e-01
3.426198184572377681e-01
3.376382489532909204e-01
3.339760601185233213e-01
3.287940547125184354e-01
3.232173934514530056e-01
3.199792491642687309e-01
3.136603582090713438e-01
3.083223714221494105e-01
3.047723507196530845e-01
2.954104910048808152e-01
2.931019601716742251e-01
2.887955545647125644e-01
2.830903656117291778e-01
2.766804564829998259e-01
2.743213899825201474e-01
2.678246844658138670e-01
2.656569666504065563e-01
2.617050877702987721e-01
2.553903389375286048e-01
2.513809647094276678e-01
2.452427702057088932e-01
2.418058383639905551e-01
2.364399629188347618e-01
2.337774319897790720e-01
2.298218812919095577e-01
2.232567930483070062e-01
2.192778358637806624e-01
2.155025629269547716e-01
2.084580765456253426e-01
2.035897864504437882e-01
2.006221497256217567e-01
1.943210917754763789e-01
1.906544814501412166e-01
1.869480602855132234e-01
1.824372864774053415e-01
1.795234832757881538e-01
1.747362903530158273e-01
1.706846873875717263e-01
1.673079363721469703e-01
1.625603321988760286e-01
1.572992309159964852e-01
1.516712177547403784e-01
1.482538889434686091e-01
1.455215722455558969e-01
1.404878128596569187e-01
1.363261813921619048e-01
1.333845044232619403e-01
1.281700977094273608e-01
1.238831298726676411e-01
1.209165739853438198e-01
1.156950475881497881e-01
1.132672877621208191e-01
1.102880608944415142e-01
1.075676398680657508e-01
1.035327417116627263e-01
1.013272340489724255e-01
9.923057127741238825e-02
9.467330665141493462e-02
9.212589080438438049e-02
8.954046082709615773e-02
8.715662447691757686e-02
8.453469993284375150e-02
8.203987970993424639e-02
7.990719030100908171e-02
7.752023432132916503e-02
7.564128674446260470e-02
7.428166889555021246e-02
7.138628833191196232e-02
6.977331710188690306e-02
6.649933645374919711e-02
6.543060098691520776e-02
6.316389855378244655e-02
6.102579864780732777e-02
6.023214583534940852e-02
5.774449325714530595e-02
5.566112860351766362e-02
5.436250908524777742e-02
5.281199555003136814e-02
5.181308111361838942e-02
5.013272801715983745e-02
4.846433694510036277e-02
4.696860677047617894e-02
4.549148143791997834e-02
4.432410460048561568e-02
4.215100214443825294e-02
4.126905093068598124e-02
3.938269236722955619e-02
3.848117673727463606e-02
3.709605398593693315e-02
3.571285427987216238e-02
3.480235914345355258e-02
3.449131240438612495e-02
3.269121518760471218e-02
3.130792469111928766e-02
3.023345726390063923e-02
2.887600999960286685e-02
2.740998448281266667e-02
2.700146666583892047e-02
2.627050603062336398e-02
2.515271704534304334e-02
2.445563848869212326e-02
2.389051745260007895e-02
2.286696414969544011e-02
2.162014080115327863e-02
2.085945394280598261e-02
2.015929503719151791e-02
1.925805406128278455e-02
1.880255012683450938e-02
1.811283324281563051e-02
1.676211739922124286e-02
1.663141602732604724e-02
1.599578151084125530e-02
1.472366086733435837e-02
1.433557866388351920e-02
1.367480161105174945e-02
1.322156858389773350e-02
1.241276296499875358e-02
1.214372423362808547e-02
1.124172789462722817e-02
1.070779136536714575e-02
9.991816523162801861e-03
9.818161631512693430e-03
9.374314208634467252e-03
8.583297880612236058e-03
8.091252441583113991e-03
7.767759503308049700e-03
7.569940920747809422e-03
6.942498727241676673e-03
6.728250964971256402e-03
6.111163827250298830e-03
5.894293004510307160e-03
5.432521598468268050e-03
5.189034865918380757e-03
4.839888605375291218e-03
4.452954496219464244e-03
4.201746184906283120e-03
3.925635429715729381e-03
3.409895316855217438e-03
3.487607499042562256e-03
3.124527783904383887e-03
2.835868454744968313e-03
2.591524846168943071e-03
2.312988755505575832e-03
2.075177712660073413e-03
1.948795993780296897e-03
1.758805408253781262e-03
1.454459946022265042e-03
1.382509255998727073e-03
1.247222998265352413e-03
9.919900294981332054e-04
9.222175066524112381e-04
7.770794665428820908e-04
6.360246300372704095e-04
5.084310853524783924e-04
5.505877384216109182e-04
4.053743543654187483e-04
2.206848766861321809e-04
3.005311634700203295e-04
1.852997464252020181e-04
1.292947514204092520e-04
8.285250182106500695e-05
7.341175088270313499e-05
2.744173338586972376e-05
9.118159448465022431e-06
6.059475289921874877e-06
0.000000000000000000e+00
0.000000000000000000e+00
0.000000000000000000e+00
0.000000000000000000e+00
0.000000000000000000e+00
0.000000000000000000e+00
0.000000000000000000e+00
0.000000000000000000e+00
0.000000000000000000e+00
0.000000000000000000e+00
0.000000000000000000e+00
0.000000000000000000e+00
0.000000000000000000e+00
0.000000000000000000e+00
0.000000000000000000e+00
0.000000000000000000e+00
0.000000000000000000e+00
0.000000000000000000e+00
0.000000000000000000e+00
0.000000000000000000e+00
