0.000000000000000000e+00
0.000000000000000000e+00
0.000000000000000000e+00
0.000000000000000000e+00
0.000000000000000000e+00
0.000000000000000000e+00
0.000000000000000000e+00
0.000000000000000000e+00
0.000000000000000000e+00
0.000000000000000000e+00
0.000000000000000000e+00
0.000000000000000000e+00
0.000000000000000000e+00
0.000000000000000000e+00
0.000000000000000000e+00
0.000000000000000000e+00
0.000000000000000000e+00
0.000000000000000000e+00
0.000000000000000000e+00
0.000000000000000000e+00
0.000000000000000000e+00
0.000000000000000000e+00
0.000000000000000000e+00
0.000000000000000000e+00
0.000000000000000000e+00
0.000000000000000000e+00
0.000000000000000000e+00
0.000000000000000000e+00
0.000000000000000000e+00
0.000000000000000000e+00
1.290544197936559744e-03
4.839649118496381665e-03
5.683037009215750196e-02
2.792094480341802409e-01
6.223404548933233471e-01
1.130776464584874796e+00
1.454461069375951432e+00
1.651123898638721776e+00
1.760051258161943855e+00
1.821345495235139111e+00
1.761063342531378417e+00
1.753900267622497733e+00
1.646415987710684314e+00
1.656611594885907257e+00
1.584815645638208093e+00
1.546657691213652708e+00
1.503062629009652706e+00
1.417563184156996448e+00
1.444438438958176585e+00
1.403818374874612918e+00
1.368075694264455189e+00
1.355299122305415160e+00
1.231853700086465553e+00
1.166100689519715905e+00
1.073175627185575909e+00
1.071101129477297187e+00
1.051199253811467615e+00
1.018222848418237625e+00
1.043701066320421811e+00
1.021462148159318462e+00
1.031600341818298627e+00
1.052606835988205036e+00
1.042245322313439138e+00
1.076672102578359658e+00
1.086257906869941614e+00
1.066496360181524494e+00
1.091676755238485619e+00
1.074327486115277619e+00
1.093084793259617271e+00
1.086215009498787909e+00
1.097892545940865938e+00
1.101920607317000922e+00
1.093204121182469679e+00
1.071216183627155427e+00
1.085483072585466946e+00
1.079877592361421446e+00
1.085270709721056548e+00
1.077034514595914372e+00
1.080942842837361528e+00
1.079185919173087926e+00
1.073291394751424654e+00
1.076758722227061371e+00
1.084153574204708370e+00
1.073150833931262538e+00
1.059167353845360093e+00
1.062949893706886639e+00
1.071089304439046819e+00
1.039690701301903220e+00
1.050358747258510306e+00
1.022521835073033625e+00
1.071439983383941419e+00
1.019037477957932314e+00
1.043289272961094749e+00
1.049933015880237575e+00
1.035358893040631667e+00
1.043014651130512505e+00
1.060317802032078927e+00
1.035143062077561904e+00
1.040589946535601884e+00
1.061496522690400068e+00
1.061636513543246174e+00
1.046880876740186705e+00
1.039924191554703947e+00
1.048170383839051256e+00
1.061849019734030231e+00
1.035881846857009458e+00
1.038432006397437046e+00
1.036448779943314191e+00
1.043744803828653200e+00
1.057511868807444078e+00
1.032853338103130847e+00
1.025998865614618172e+00
1.015239500161468689e+00
1.022872401465558800e+00
1.021934375658499761e+00
1.030415394352793612e+00
1.040667430978979402e+00
1.020072693354550752e+00
1.021824785608414166e+00
1.012782009866428412e+00
1.022501892030680759e+00
1.032172540408968997e+00
1.017949896277086763e+00
1.021368695769415691e+00
1.011146388507341953e+00
1.018194251877875267e+00
1.025569024489992653e+00
1.021288024500507818e+00
1.015924875188099596e+00
1.015186889235609957e+00
1.001309653129331512e+00
9.958590266964597593e-01
1.022395287622543725e+00
1.031859613483194549e+00
1.022612659800667956e+00
1.042952095121305600e+00
1.025471448224427373e+00
1.014674089955978742e+00
1.024798055615540271e+00
1.041561900523050088e+00
1.026058364569318648e+00
1.028037448762612494e+00
1.026371671218472281e+00
1.020979102014295314e+00
1.025987128645384328e+00
1.022821656499074638e+00
1.013884730056303196e+00
1.010062017181797334e+00
1.011531125108699136e+00
1.009754974191588106e+00
1.023414729603764117e+00
9.968191348495893944e-01
1.025812738859400719e+00
1.013000241431182058e+00
1.015874002227832973e+00
1.000218524753540228e+00
1.006889338313988080e+00
1.021877500181907150e+00
9.946385967366149217e-01
9.991484964781786049e-01
1.001231946455974242e+00
1.007284235774424497e+00
9.977440758623543626e-01
1.006057064282666502e+00
9.969240351236209330e-01
9.977126660434030292e-01
1.006032931646793305e+00
1.001459813689490774e+00
9.956131598441456676e-01
1.007009986119872025e+00
9.976276894810399698e-01
1.007458442342351601e+00
9.964975862563946185e-01
1.009174237718765355e+00
9.970495041414068060e-01
1.010238741177299948e+00
1.011349500859924033e+00
1.007836345351659668e+00
9.986859135892346417e-01
1.001600522985236275e+00
1.005752923645001351e+00
1.001880787180679411e+00
1.001133045377535336e+00
1.003515476164152265e+00
1.006669349807390645e+00
9.893551900532089327e-01
9.979317569236008101e-01
1.001590827083792989e+00
9.963646861532060583e-01
9.961744936708800680e-01
9.958341209217567158e-01
1.001863465791212882e+00
9.979292138849918947e-01
9.930926427659905187e-01
1.002140029173937741e+00
1.002783287388979927e+00
1.004698646032470277e+00
1.008401507839417288e+00
1.002228160745125329e+00
9.922059630756787652e-01
9.976249080164705241e-01
1.006702284012221948e+00
1.006182767309033999e+00
1.012843886279989336e+00
1.009192499036481117e+00
1.003403314129396318e+00
9.986641227348864724e-01
1.007270720624583893e+00
1.003873598640649067e+00
9.990180938644093178e-01
1.001796226917250010e+00
1.000451207664683206e+00
1.002516984934612054e+00
1.008345885776438022e+00
1.000975301375923054e+00
1.007270770061893028e+00
1.009078543068315570e+00
1.012003422668724895e+00
1.003943414705195547e+00
1.006803063614635674e+00
1.003519598165722782e+00
9.999605922526263457e-01
1.002415170875611050e+00
1.010410221124549812e+00
1.005526238783971626e+00
1.001633404618345713e+00
1.003784576150608565e+00
1.002426018745039782e+00
1.006640590023827553e+00
1.007803206435670562e+00
9.998460223803841140e-01
9.991574235644001822e-01
1.001819700249521272e+00
1.000634225954376344e+00
1.012226976216761276e+00
1.008498110224746780e+00
1.001447307636819772e+00
1.010890357525435990e+00
1.003676408214739801e+00
1.008059753989103413e+00
1.006315889439294731e+00
1.011709698113319122e+00
1.003117498311709710e+00
9.981149302205086782e-01
9.973379762192685627e-01
1.004150299078173214e+00
1.002599501751684219e+00
1.000080522237408065e+00
9.993777138241224378e-01
1.006118176053922175e+00
1.005620823670622555e+00
9.964818648934342660e-01
9.997340780300766339e-01
1.001502810566381685e+00
1.004751484710931120e+00
1.003817298092290144e+00
1.004983978037292669e+00
1.002354056963575824e+00
1.007173255188139604e+00
9.994792950948873100e-01
9.960667488612191534e-01
1.005739996756697341e+00
1.001158476353830373e+00
9.995397803561759664e-01
1.006497732584428872e+00
9.951488707501823239e-01
9.936451856171548691e-01
1.006767326461506240e+00
9.978831538269614665e-01
1.005517942506702456e+00
9.980971796891088266e-01
1.002892922074457349e+00
9.919077726976659459e-01
9.997392908076573326e-01
9.977107955552279028e-01
1.001206043235249865e+00
1.001954973904416901e+00
9.961499216378790766e-01
9.901545853539291953e-01
9.943937127789264085e-01
1.000454787286888081e+00
9.973745274745476896e-01
1.007747358182480069e+00
9.992015477532882883e-01
1.001994643559340981e+00
9.975359834781619695e-01
9.971375356596081652e-01
9.970836259075986918e-01
1.002877525265977621e+00
9.952448742737562970e-01
9.927582467722885218e-01
9.984633721232824000e-01
9.973173955933088974e-01
9.984635690112184658e-01
9.989205667064416927e-01
9.967360596129493100e-01
9.963883127485170244e-01
9.985730318036752928e-01
9.936453627581974812e-01
9.977826009691316278e-01
9.965510304469135106e-01
9.987743102128443518e-01
9.977318628636756559e-01
9.980239972206956800e-01
9.966851020820852725e-01
9.989700752455235033e-01
9.982261856823965163e-01
9.981564964970784937e-01
9.996562715818724243e-01
9.955006211968429053e-01
1.002411392905694143e+00
1.002939646780338645e+00
1.003637332543195759e+00
9.961819506636617749e-01
9.953679468210705483e-01
9.960398952088843627e-01
9.944062072477876102e-01
9.964655083353470832e-01
9.928811181984524836e-01
1.000130994183454858e+00
9.976750216619936218e-01
1.001223959343400027e+00
9.903260922455461301e-01
9.976015333686458764e-01
1.001222593764941493e+00
9.933916651931919972e-01
1.000470795566236637e+00
9.991950325692391388e-01
9.965143577533465136e-01
9.970326473095668662e-01
9.993290801157106440e-01
1.002431893906162275e+00
9.929143960863022755e-01
9.995341065926349744e-01
9.993934038194287606e-01
1.003556589945540978e+00
9.965192455218161438e-01
1.002122447708239550e+00
9.966922431782627712e-01
9.991523354149418612e-01
9.954358386220933941e-01
1.000692099440435578e+00
1.003546734828255405e+00
9.946289871673562599e-01
9.950341376216498279e-01
9.938488792966397867e-01
9.947507311079958336e-01
1.001293059040677447e+00
1.002939592546175041e+00
1.001022242421681474e+00
9.930412805665889131e-01
9.996529515484461337e-01
9.976223392827436864e-01
9.995475544954249836e-01
9.958844099682612194e-01
9.955336694667830111e-01
9.998285386484868642e-01
1.000170649390617728e+00
9.952432701185640607e-01
9.958176525090477460e-01
9.982550049217093768e-01
9.995385046375139249e-01
9.937207674579969785e-01
9.930494256865054492e-01
9.900660904629672299e-01
9.852221160232723651e-01
9.728810640890072081e-01
9.673003135987073842e-01
9.550460311635849964e-01
9.480632921720342221e-01
9.418241515199133884e-01
9.401098949400249483e-01
9.319973452917718060e-01
9.194912739493317222e-01
9.118136763008237722e-01
9.014117497188711692e-01
8.972395727301520907e-01
8.865020075916217879e-01
8.806673732834913171e-01
8.735146469751449150e-01
8.691365991425137327e-01
8.591580538551296664e-01
8.515039603253270473e-01
8.405871739530010878e-01
8.402242333423374232e-01
8.308697928455098802e-01
8.220910671547383419e-01
8.180453955427943180e-01
8.044210345888440639e-01
8.014433382541022999e-01
7.960132672588410285e-01
7.868368044307485487e-01
7.825987498885085270e-01
7.762922436617230026e-01
7.694763727703549661e-01
7.581216760860551851e-01
7.533325278064295638e-01
7.430804861835126340e-01
7.397640506089483425e-01
7.308293915309035382e-01
7.241303835215726625e-01
7.166175479910269486e-01
7.137133126702641661e-01
7.055563637842886537e-01
6.969135696900651267e-01
6.879457456519800784e-01
6.846305769065551550e-01
6.790114690518446183e-01
6.683810680179718133e-01
6.675836646806495578e-01
6.577872129215858177e-01
6.518571777331463313e-01
6.465766112165652890e-01
6.361431668994362854e-01
6.331752567376082164e-01
6.270155112224971017e-01
6.179937277060796319e-01
6.120818384725094097e-01
6.061027917145557220e-01
6.004466342764063214e-01
5.960392176208859638e-01
5.866997117768008030e-01
5.806905098060154424e-01
5.726629207021771695e-01
5.720135167030218071e-01
5.603688482173814212e-01
5.500150538791035437e-01
5.516954269480016659e-01
5.402369592119572461e-01
5.411607535405833502e-01
5.324109123148892397e-01
5.237943103633855291e-01
5.188460203796134707e-01
5.094782382423553857e-01
5.074983124912177956e-01
5.030116573733586227e-01
4.935321592598561069e-01
4.907516841005273855e-01
4.829211748646500824e-01
4.810865958863100311e-01
4.762379624746337359e-01
4.690814785414819110e-01
4.635728727954934181e-01
4.565037372034083107e-01
4.485515633947925740e-01
4.437936746505598551e-01
4.388871682915688743e-01
4.356568084312041900e-01
4.288755571015904766e-01
4.227326129086907969e-01
4.158531088142498056e-01
4.104438742220868908e-01
4.055650310462456387e-01
4.015132983668063260e-01
3.924482345734643940e-01
3.916759997304007368e-01
3.885791429029886168e-01
3.809624694949840795e-01
3.749847856116574896e-01
3.700733451798428053e-01
3.617246584370763518e-01
3.621036071608942919e-01
3.548142823433068083e-01
3.490263133923883765e-01
3.446648839533710817e-01
3.376226816122825380e-01
3.329216946684036560e-01
3.288401070457172004e-01
3.242050003453160745e-01
3.204233751959651433e-01
3.118872730456792031e-01
3.100688568408211943e-01
3.010782334324708653e-01
3.022872957438485497e-01
2.942634395627951593e-01
2.903241524164026366e-01
2.869811152904460649e-01
2.808620998480987896e-01
2.750224036759443269e-01
2.711923878583363257e-01
2.649893228925913058e-01
2.628954779573309253e-01
2.572272633372060802e-01
2.526256925621648830e-01
2.453951005640445382e-01
2.409928454783338281e-01
2.383392729087283612e-01
2.344171665917019753e-01
2.282811754127228310e-01
2.264274320456986511e-01
2.191174403912240776e-01
2.144892124906255249e-01
2.087235965109780211e-01
2.061136631672944586e-01
2.017948040404915766e-01
1.964430382169200795e-01
1.947563535597366391e-01
1.861544988962036407e-01
1.851571522539570969e-01
1.803935563231088557e-01
1.757048583678133824e-01
1.706892728126285230e-01
1.665442841772977467e-01
1.625776618677421681e-01
1.574995748851146515e-01
1.535739279130161339e-01
1.506093587011995139e-01
1.447161184664474409e-01
1.416261626731284140e-01
1.367832809906580627e-01
1.332810072980461780e-01
1.298188165324337673e-01
1.259209223565669056e-01
1.214649959539988999e-01
1.167524449664313763e-01
1.137472010518532639e-01
1.110568723912387923e-01
1.061493392538054303e-01
1.023461648066988638e-01
9.986605175551775682e-02
9.634504920761030600e-02
9.453229962356578253e-02
9.169481984763315496e-02
8.875564098175794947e-02
8.733516392957238472e-02
8.434660808539858057e-02
8.071742235049392256e-02
7.911721780720629149e-02
7.644530209663380482e-02
7.577142054481184053e-02
7.210293794758484975e-02
6.974504834254616203e-02
6.748479532457032914e-02
6.654023437081038606e-02
6.429526094651072388e-02
6.328077739279287794e-02
5.996667240325901510e-02
5.920349452228263615e-02
5.673973123496818538e-02
5.598507869458213548e-02
5.429858459724044156e-02
5.275927778948442254e-02
5.130845262981070798e-02
4.929077227467686118e-02
4.900864810667376198e-02
4.646070282758827524e-02
4.507275451364387009e-02
4.313387481944765123e-02
4.246192786996582508e-02
4.098739913318399930e-02
3.871111777502879436e-02
3.817216443271415072e-02
3.646476022672268807e-02
3.563553529928920049e-02
3.430831940717392337e-02
3.388920458270521657e-02
3.255793715310112413e-02
3.186565927633596557e-02
3.025048083846754859e-02
2.902634082886378433e-02
2.782602342513734034e-02
2.697679681706236995e-02
2.595887617811404313e-02
2.505387701491579647e-02
2.426815485280063578e-02
2.290964375825672861e-02
2.189353252437331934e-02
2.206249280655655717e-02
2.112679618697443223e-02
2.017161655015010935e-02
1.899059596108427367e-02
1.826251019179623777e-02
1.783611018145573809e-02
1.750383139740002703e-02
1.635162748884012168e-02
1.537407416072072985e-02
1.490534236425228656e-02
1.448296267183567590e-02
1.314139738975029711e-02
1.291732056955197626e-02
1.254506552165537622e-02
1.170660234761690573e-02
1.117459067827670030e-02
1.091415935967893734e-02
1.006855052604285934e-02
9.690958173929528283e-03
9.221639482179747743e-03
8.762414335315615171e-03
8.042784095568371663e-03
7.732213258612157664e-03
7.244648053480178852e-03
7.014274447313066825e-03
6.292923828797990053e-03
5.920654704230711093e-03
5.574632278704342095e-03
5.257984317549863409e-03
4.943426614110300703e-03
4.815912212970189545e-03
4.524981650217551644e-03
4.072271214737877357e-03
3.872264862059541200e-03
3.467818758291197311e-03
3.429857040262224675e-03
2.877869257285844886e-03
2.756644202935208069e-03
2.511761704468919339e-03
2.402301818025871349e-03
2.085339796344230431e-03
1.887179395389777673e-03
1.764641911379154823e-03
1.565583732344719538e-03
1.364606309329957461e-03
1.254542125749240865e-03
1.148377658815595732e-03
8.998166596542668712e-04
8.556950476402010956e-04
6.570653148828072996e-04
6.423439130864712051e-04
4.896170808152344126e-04
4.661385459301045100e-04
3.523759357971917847e-04
3.046177321036699784e-04
2.013937627416403974e-04
1.235373972097410168e-04
1.046707661950661188e-04
8.592405712996021281e-05
5.811962754563108473e-05
3.049185965636167333e-05
1.519745314467378765e-05
0.000000000000000000e+00
0.000000000000000000e+00
0.000000000000000000e+00
0.000000000000000000e+00
0.000000000000000000e+00
0.000000000000000000e+00
0.000000000000000000e+00
0.000000000000000000e+00
0.000000000000000000e+00
0.000000000000000000e+00
0.000000000000000000e+00
0.000000000000000000e+00
0.000000000000000000e+00
0.000000000000000000e+00
0.000000000000000000e+00
0.000000000000000000e+00
0.000000000000000000e+00
0.000000000000000000e+00
0.000000000000000000e+00
0.000000000000000000e+00
0.000000000000000000e+00
