0.000000000000000000e+00
0.000000000000000000e+00
0.000000000000000000e+00
0.000000000000000000e+00
0.000000000000000000e+00
0.000000000000000000e+00
0.000000000000000000e+00
0.000000000000000000e+00
0.000000000000000000e+00
0.000000000000000000e+00
0.000000000000000000e+00
0.000000000000000000e+00
0.000000000000000000e+00
0.000000000000000000e+00
0.000000000000000000e+00
0.000000000000000000e+00
0.000000000000000000e+00
0.000000000000000000e+00
0.000000000000000000e+00
0.000000000000000000e+00
0.000000000000000000e+00
0.000000000000000000e+00
0.000000000000000000e+00
0.000000000000000000e+00
0.000000000000000000e+00
0.000000000000000000e+00
0.000000000000000000e+00
0.000000000000000000e+00
0.000000000000000000e+00
0.000000000000000000e+00
0.000000000000000000e+00
4.839221902769988426e-03
4.773329689104957585e-02
2.599306768566042591e-01
6.343883161061050213e-01
1.042089512256922701e+00
1.404773633943436462e+00
1.578417060014579487e+00
1.716161708906768224e+00
1.730394773906458239e+00
1.817262793643998897e+00
1.694497286754992338e+00
1.650258388544399102e+00
1.671056972625282633e+00
1.586494426573705319e+00
1.508249546587704382e+00
1.464621057067715171e+00
1.377000628178680852e+00
1.401440925963017836e+00
1.314034389450179807e+00
1.319469258382667265e+00
1.333905791837311616e+00
1.206482863242025250e+00
1.144187723104757914e+00
1.074697587938740151e+00
1.053858002020700457e+00
1.041328725618374085e+00
1.033746274376038610e+00
1.040802591182641734e+00
1.034936016407949078e+00
9.937911329062740773e-01
9.991899318566963561e-01
1.045533940239490089e+00
1.041743123342716348e+00
1.001323646097583620e+00
1.050452353575221043e+00
1.029956725628410785e+00
1.039452491402721002e+00
1.071752808472049345e+00
1.053808944918852575e+00
1.022193863162104144e+00
1.086559372729925865e+00
1.041261520596211243e+00
1.034232372054642024e+00
1.053591332618834642e+00
1.076412554570433722e+00
1.071430727153632745e+00
1.011779407378507134e+00
1.023376264600551089e+00
1.043190613841147307e+00
1.036145152515658863e+00
1.041419519864951848e+00
1.027967665988729351e+00
1.010897364850269264e+00
9.896346596372644910e-01
1.013753163682277636e+00
1.028154964782962644e+00
1.015764981390687272e+00
9.990709236757066014e-01
9.935061413854735513e-01
9.977627798639306933e-01
1.021098411712926923e+00
1.010505187969361396e+00
1.008505874783504952e+00
1.007708760214983679e+00
1.020808356358118729e+00
1.017552241925434364e+00
1.013835399359179545e+00
1.006099413101362750e+00
1.008896545485213014e+00
1.001755985438728125e+00
1.011829481818644183e+00
1.015379191836661477e+00
1.006387848654396233e+00
1.012064522934685851e+00
1.026622209488123882e+00
1.002564699079130817e+00
1.023787196939653921e+00
1.001841294922152237e+00
1.012162086669523120e+00
1.016637545187199398e+00
9.953937048265449894e-01
9.990243454073123308e-01
1.011133109357309490e+00
1.011313465514538157e+00
1.010526079529831422e+00
9.957292721490846876e-01
1.012678423782235715e+00
9.942911239874264728e-01
1.019754385536908892e+00
1.008769554986504779e+00
1.026226106564961382e+00
1.001939724246085239e+00
1.015847458750979149e+00
1.002072709810646112e+00
9.927222682356471317e-01
1.008823564221537517e+00
9.962365694669216287e-01
1.000639836331281618e+00
9.986323680876033615e-01
1.009750994654249556e+00
9.959793948706573419e-01
1.002884659972064663e+00
9.888595662499289896e-01
9.962426085360922556e-01
1.006308599489695421e+00
1.007339788331553798e+00
1.015092511249652718e+00
1.018386486581303707e+00
9.972374045815058929e-01
1.009973153023015158e+00
1.014695636871070228e+00
1.011205219603732219e+00
1.006197409435807932e+00
9.922615502915789198e-01
1.003450599039725555e+00
1.005069118170150766e+00
1.003902974833042583e+00
1.002404783509344366e+00
1.008537840744211156e+00
9.967700031901590707e-01
1.002641648400112606e+00
1.005847850888591521e+00
9.994596901367304165e-01
1.000042360506057548e+00
1.000130231351861188e+00
1.011211947826496260e+00
1.003057996169746557e+00
9.999029816150467598e-01
1.000617568791024814e+00
1.009625461397012813e+00
1.001349701001020387e+00
1.004521023499569843e+00
1.003183879067654383e+00
1.009968057357918836e+00
1.003936176881544906e+00
1.008499151173791741e+00
1.000729560822640751e+00
1.019796064120726653e+00
1.002867835705332222e+00
1.012365405172077182e+00
1.000961202993889465e+00
9.978620546641167044e-01
9.994337978504695963e-01
1.003427330021855246e+00
9.980274566682418858e-01
9.958837975450798297e-01
9.900288279957510928e-01
9.887636229573669722e-01
1.006244130270679493e+00
9.975575129737694891e-01
9.910779903913817801e-01
9.919973497550990116e-01
9.901638586214716042e-01
9.968112849435838418e-01
9.983389062977493511e-01
1.001743919074684408e+00
1.000204775756770692e+00
9.984390997822276681e-01
9.935123446359582777e-01
1.002097818310012212e+00
9.928379145920410709e-01
9.977439302530627385e-01
1.002014807227278537e+00
9.902462968787464348e-01
9.977004543201355435e-01
1.005014151681574930e+00
1.008250936431964950e+00
1.002352969499192170e+00
9.982114696804272880e-01
9.944310197837855636e-01
9.911197797014886790e-01
9.989211548360577009e-01
9.968391439465288384e-01
9.998885125855198064e-01
9.996759362422336093e-01
9.986885804874632289e-01
9.966421135893509531e-01
1.004723925294654929e+00
9.888366661374616839e-01
9.936609692185139897e-01
9.996919415220463234e-01
9.964200325070595721e-01
1.002725974157166577e+00
9.983298640768260013e-01
1.003304200113471989e+00
1.004251105077385908e+00
9.918402552802473293e-01
1.000535516106078715e+00
9.986160227537280720e-01
9.896035275759458294e-01
9.971072691909734775e-01
1.000920181555312816e+00
1.013637653538596473e+00
9.974101745576741118e-01
9.985702404734689841e-01
1.000396414871264961e+00
1.007533392897267399e+00
9.994928074561519882e-01
9.925339108668914667e-01
9.975885507605880553e-01
9.932225217201302581e-01
9.974893705556796553e-01
1.000523876801236112e+00
1.000523179275053742e+00
1.000378179630654119e+00
1.009257649197178530e+00
9.967113734286883187e-01
9.979104290584480674e-01
9.994733404203780536e-01
1.000332371760608963e+00
9.942265714386110398e-01
1.004702977618808113e+00
1.006024643511385985e+00
9.959847482832364651e-01
9.951179864000856412e-01
9.949240012597121430e-01
9.928388001277760333e-01
9.980258262885707277e-01
9.963094577465222423e-01
1.000117738322291450e+00
9.927497382650009028e-01
9.953149326460379864e-01
9.971362921159903081e-01
9.940977340482796132e-01
9.929335324787346151e-01
9.936731945074692707e-01
9.920176829426333720e-01
9.939871310304727592e-01
9.952550162945846823e-01
1.012413940885182884e+00
9.971540407744265977e-01
1.000773915083711385e+00
9.929848430911963897e-01
1.004040783231950895e+00
9.979733487518057666e-01
9.897710749442925060e-01
9.905721365679317492e-01
9.974953184022626873e-01
9.979579269272956799e-01
9.971066700250769133e-01
9.971040492969556190e-01
1.007114553660987344e+00
1.000951038653776992e+00
9.926198722045683764e-01
9.995517604508444842e-01
1.002384725921418696e+00
1.000489553155509137e+00
9.926520504871163553e-01
9.955353500220810448e-01
1.005447496114648898e+00
9.931050539501505847e-01
9.882077423991354470e-01
9.978885011896206914e-01
9.939857518075497778e-01
9.971828126926872704e-01
9.999746998367491368e-01
9.920863757249471782e-01
9.977983466678413960e-01
9.928937693135884146e-01
1.002073946368481128e+00
1.003362588709360681e+00
9.974117748683437590e-01
1.004033685685259636e+00
9.991645983786339169e-01
1.001680052695305356e+00
1.006733536904882875e+00
1.001441910522478329e+00
9.943391191138727381e-01
1.002659908174075465e+00
9.960908047067001947e-01
9.933770046635992390e-01
1.005633650723668282e+00
1.002393295890232849e+00
9.980731771283798404e-01
1.002457872243678993e+00
9.972690663136879463e-01
9.920756580134481029e-01
1.004298382180025095e+00
1.004799883484467804e+00
1.002123669146025575e+00
1.000822026966386780e+00
1.004679731969561951e+00
1.005243136979619534e+00
9.974891178785220136e-01
1.000137048220796521e+00
9.999871661168544534e-01
9.952223465961874682e-01
1.000012583685133460e+00
1.003229842609405731e+00
1.003851381844007573e+00
1.000787133921843930e+00
1.000846558270030107e+00
9.900798705058085902e-01
9.992416438381587218e-01
9.955022013781621437e-01
9.990986388203974000e-01
9.932976133457804835e-01
1.002333793850278543e+00
1.003181137031910808e+00
9.976471971676992290e-01
9.968264797516867004e-01
9.967359844436287641e-01
9.947936734245743651e-01
9.921164004769025269e-01
9.943915247990757766e-01
9.995059639382709582e-01
9.969749651357228126e-01
9.985216338182153484e-01
9.959185600223446899e-01
9.953272579572263190e-01
9.958993278576359076e-01
9.958030054142611442e-01
9.944292660638704984e-01
9.951182681443917488e-01
9.984377422119053991e-01
1.001642379510205183e+00
9.981525509334809865e-01
1.001071797499959448e+00
9.975431140661860097e-01
9.988463175705958319e-01
9.892357755877367875e-01
9.998144417357731628e-01
1.001832283249426414e+00
9.972581101120285840e-01
9.968611919187712056e-01
1.000949383907320467e+00
9.972737469762092966e-01
9.956785132907168823e-01
9.947265215146886552e-01
1.002517826069642348e+00
9.948845159390969917e-01
9.953962986348713349e-01
9.962690027939637982e-01
9.937286467784474109e-01
9.844701339111445737e-01
9.763523813120411621e-01
9.594547349502786648e-01
9.592760983976164058e-01
9.451657980088998823e-01
9.466036428736109842e-01
9.342944527360298457e-01
9.216883205722347094e-01
9.142810450882258300e-01
9.090539347733296305e-01
8.961469214860475763e-01
8.921381280844993267e-01
8.909476550104017400e-01
8.763410016526014257e-01
8.717203554274672861e-01
8.637529448240012231e-01
8.567313422320206318e-01
8.469321293220787306e-01
8.409292775305552414e-01
8.388345501035969765e-01
8.324605942169316375e-01
8.201941831525917381e-01
8.159503970650591187e-01
8.090349877037508186e-01
8.021322689373363568e-01
7.918884930210052797e-01
7.890623169228381251e-01
7.780098422801273728e-01
7.696412134991766907e-01
7.630135530650908882e-01
7.609328887384363416e-01
7.505169376989048180e-01
7.446788508907911108e-01
7.364933495511598593e-01
7.275228514061879981e-01
7.235500250304673919e-01
7.218046714150800902e-01
7.093596937800767943e-01
7.053982232433982924e-01
6.968373756781567341e-01
6.884399051471460362e-01
6.830662306936409189e-01
6.810987379888795434e-01
6.673436419247523732e-01
6.642458161755679935e-01
6.550503834680371229e-01
6.502044333790204522e-01
6.431893606260358220e-01
6.393589705497959574e-01
6.303523008558065133e-01
6.237057186595029723e-01
6.178422866468080699e-01
6.147621345823270911e-01
6.058025229984892457e-01
5.995204198628114600e-01
5.910438111863979271e-01
5.883102346487950607e-01
5.779490813381978898e-01
5.719965492035873345e-01
5.692914813199085877e-01
5.594374697774530114e-01
5.519266608075916736e-01
5.488351852814447041e-01
5.440403860141385106e-01
5.391280474024985336e-01
5.335363935408924396e-01
5.256566206900153970e-01
5.220156450816921812e-01
5.140393287813248557e-01
5.080067523214886194e-01
5.043281822366046940e-01
4.948369914990125018e-01
4.919502502351075779e-01
4.824102768608031777e-01
4.790117576615552930e-01
4.744511849833013550e-01
4.671554110616960576e-01
4.643351401908756837e-01
4.572752178482371588e-01
4.521698179978861365e-01
4.449642822831758604e-01
4.426783232612668817e-01
4.325249477506049600e-01
4.287541427918704628e-01
4.206394549461598964e-01
4.177152398267628963e-01
4.110377887013108578e-01
4.083083938213688535e-01
4.016938383966181525e-01
3.974988523265595153e-01
3.875216244138884325e-01
3.841319813379058257e-01
3.792253204944495137e-01
3.759624895316062143e-01
3.676412125358543559e-01
3.648970049919129655e-01
3.573649481743588208e-01
3.522349267441639009e-01
3.484422696437271538e-01
3.466375653834873893e-01
3.399364268226740537e-01
3.350713541106211113e-01
3.285968519129233711e-01
3.229676048370664354e-01
3.180205021679925470e-01
3.141700144911701575e-01
3.076545989031267969e-01
3.034714692761666388e-01
3.028228523223532309e-01
2.948986475381112915e-01
2.899002950316412752e-01
2.872413051678722740e-01
2.805003253948425423e-01
2.756797621865865744e-01
2.747504014099259040e-01
2.674670323770166336e-01
2.617019936717702722e-01
2.582410689673686477e-01
2.542262000919237597e-01
2.469128400260160450e-01
2.423976804395475415e-01
2.404435389299295067e-01
2.361645123687551306e-01
2.321096462280771433e-01
2.261569271435024120e-01
2.197318198314345550e-01
2.177949754763773282e-01
2.136447632750081427e-01
2.080426023012554582e-01
2.020421056889675770e-01
1.997947274162550912e-01
1.953333091565260804e-01
1.911486362395829475e-01
1.865804642918177936e-01
1.814987672573226685e-01
1.791926874262285141e-01
1.733282358031960346e-01
1.685169453173936405e-01
1.646659121309329288e-01
1.594242907475866000e-01
1.561490745262726076e-01
1.518455323943698199e-01
1.468475113527337728e-01
1.442601243613593209e-01
1.397263969716777410e-01
1.348354896087131660e-01
1.319410633131237465e-01
1.268925130269802914e-01
1.230159327547080544e-01
1.196945932884965341e-01
1.162309205407837526e-01
1.124511330355385530e-01
1.077403393720055697e-01
1.052665345518347950e-01
1.029844473689151135e-01
9.864968501331006223e-02
9.690769071287272385e-02
9.487047565577266806e-02
9.212967625624483847e-02
8.892030447262169734e-02
8.607376688736610715e-02
8.496755305016905069e-02
8.051243853822113994e-02
8.001892481948043312e-02
7.701505978146003240e-02
7.437878522004044701e-02
7.361044134364322367e-02
7.078969595342578247e-02
6.830591070155779543e-02
6.633606079932559407e-02
6.449347112398133575e-02
6.214277853430394405e-02
6.123442952000497652e-02
5.960375080742097431e-02
5.822808644638668291e-02
5.548963561809622247e-02
5.379865840248121422e-02
5.178934656614261195e-02
5.090396843602632004e-02
4.935255953239427867e-02
4.784041521352290494e-02
4.663645525547461396e-02
4.532882354341245118e-02
4.347573933600218377e-02
4.290415025668176119e-02
4.086671162010017955e-02
3.923057411625257423e-02
3.900610149226965001e-02
3.718417958352723124e-02
3.552741197735314466e-02
3.436474395077761951e-02
3.420646309361857068e-02
3.297528420485160150e-02
3.140630280109831668e-02
3.037755680886813914e-02
2.910373397772106352e-02
2.874123206161169689e-02
2.708727642747856684e-02
2.586075933870695190e-02
2.567879861853523613e-02
2.489730339601430031e-02
2.333557760215186627e-02
2.251905270585839725e-02
2.178984467047543824e-02
2.126549960588541149e-02
2.041271969169755965e-02
2.017593993321251111e-02
1.886014056168862016e-02
1.768114174228584135e-02
1.709949172019576552e-02
1.609767420921252856e-02
1.608883531599615904e-02
1.493524925445304657e-02
1.460743829295418732e-02
1.371338711549151268e-02
1.308547519575707641e-02
1.270677321795259974e-02
1.210061005039433056e-02
1.124464678356147662e-02
1.055611024363175068e-02
1.035548743149643409e-02
9.835081801102998900e-03
9.189462128564957963e-03
9.140926495742959443e-03
8.467373438952938494e-03
7.891286868104915170e-03
7.466591910071296821e-03
6.702740173920521648e-03
6.666539042366467945e-03
6.185563237799653925e-03
6.046317469509713931e-03
5.496335219738087731e-03
5.040792703774070807e-03
4.765893262761430015e-03
4.703241778481371746e-03
4.178214459892773576e-03
4.094651289334123867e-03
3.518848356924338810e-03
3.227016376173246718e-03
3.167068452399256391e-03
2.671990383890089377e-03
2.676241305316593398e-03
2.420211937333516597e-03
2.156122880056649850e-03
1.922837459365146773e-03
1.787700144375604493e-03
1.672699124255259007e-03
1.395234904644705254e-03
1.205690101137880986e-03
1.147721341762649198e-03
8.968160069384433506e-04
8.307352082971366809e-04
5.982086766772464924e-04
5.366482699468625274e-04
5.224044661745054323e-04
3.804076927007982297e-04
3.170231215192556942e-04
2.137683531868388013e-04
1.852897380836293650e-04
1.385226085714010903e-04
9.205336313587710268e-05
4.587986612142863884e-05
3.353808481599341088e-05
1.215688928239908243e-05
0.000000000000000000e+00
0.000000000000000000e+00
0.000000000000000000e+00
0.000000000000000000e+00
0.000000000000000000e+00
0.000000000000000000e+00
0.000000000000000000e+00
0.000000000000000000e+00
0.000000000000000000e+00
0.000000000000000000e+00
0.000000000000000000e+00
0.000000000000000000e+00
0.000000000000000000e+00
0.000000000000000000e+00
0.000000000000000000e+00
0.000000000000000000e+00
0.000000000000000000e+00
0.000000000000000000e+00
0.000000000000000000e+00
0.000000000000000000e+00
0.000000000000000000e+00
