0.000000000000000000e+00
0.000000000000000000e+00
0.000000000000000000e+00
0.000000000000000000e+00
0.000000000000000000e+00
0.000000000000000000e+00
0.000000000000000000e+00
0.000000000000000000e+00
0.000000000000000000e+00
0.000000000000000000e+00
0.000000000000000000e+00
0.000000000000000000e+00
0.000000000000000000e+00
0.000000000000000000e+00
0.000000000000000000e+00
0.000000000000000000e+00
0.000000000000000000e+00
0.000000000000000000e+00
0.000000000000000000e+00
0.000000000000000000e+00
0.000000000000000000e+00
0.000000000000000000e+00
0.000000000000000000e+00
0.000000000000000000e+00
0.000000000000000000e+00
0.000000000000000000e+00
4.666366235221276699e-05
1.661060482775510985e-03
2.510792892731537190e-02
1.778878858619511172e-01
6.904969248399774884e-01
1.468232745323359234e+00
1.985187601536155810e+00
2.056102989471842335e+00
1.862304465323902258e+00
1.608169828555300107e+00
1.384143055353212581e+00
1.223197582283124474e+00
1.130960237660866952e+00
1.067345914003784202e+00
9.996267180605686864e-01
9.419622310976941693e-01
9.095644152689809081e-01
9.073400845124185432e-01
9.112077021436133517e-01
9.218989236239873986e-01
9.439782954575958174e-01
9.558284121490069341e-01
9.634101923405287149e-01
9.740592579155862296e-01
9.816698546517127477e-01
9.898923283768342740e-01
9.930286616200418859e-01
9.978745110504578797e-01
9.986540721523314845e-01
9.922399136670477793e-01
9.956598074142870569e-01
9.894976911695246846e-01
9.782172820063115282e-01
9.715640251602676303e-01
9.669464713274004142e-01
9.602356704392106534e-01
9.614513511441453719e-01
9.621906482696133134e-01
9.680626168708701407e-01
9.784519673188609712e-01
9.848337625385951144e-01
9.948199685536055492e-01
1.005218404539829580e+00
1.013378185318056790e+00
1.022447539180455500e+00
1.024951739317172539e+00
1.027869109802328929e+00
1.028938974908238047e+00
1.028479179070839411e+00
1.028537314296449567e+00
1.023764634646513683e+00
1.017946601036423315e+00
1.015452067419152948e+00
1.008254024798048709e+00
1.003247410167107168e+00
9.982192516268638682e-01
9.952829461041308168e-01
9.914151374300401720e-01
9.877259513067551122e-01
9.842225390705152677e-01
9.865702105680692613e-01
9.857973891824787227e-01
9.889248056702596434e-01
9.904887781865951979e-01
9.917691981311500538e-01
9.948046200576609044e-01
9.956889134564972377e-01
1.001265186847168698e+00
9.990218654098284023e-01
9.995535551336491853e-01
1.001174386701205066e+00
1.001468422150908699e+00
1.002890853135672833e+00
1.001901255880224939e+00
1.001573195100180502e+00
1.001948924048808864e+00
1.002011262035213957e+00
1.000897987328495331e+00
1.002198579082929975e+00
1.004239970173849139e+00
1.002085154519442911e+00
1.002415189967534204e+00
1.002405113780800550e+00
9.997654767049392044e-01
1.001647431702693769e+00
1.002420869947511672e+00
1.003044899441008608e+00
1.002503462708157933e+00
1.000981237167489546e+00
1.001211113371221151e+00
9.988298527672742066e-01
1.000076321467029405e+00
1.000937917573413216e+00
1.000281267722059830e+00
9.987538431506165493e-01
9.992396871316120421e-01
9.982691481007496259e-01
9.982496268829501584e-01
9.982999702030348477e-01
9.986006635372033369e-01
9.992559163908949493e-01
9.993639558489674224e-01
9.999807605383189690e-01
9.993760980077218692e-01
1.001329439829166779e+00
9.996617924786821430e-01
1.000989846744185563e+00
1.000710896595015775e+00
1.000679799095764100e+00
1.001355764520915015e+00
1.000334419867068059e+00
1.000647790387981573e+00
1.000594984428539114e+00
1.001007271566733969e+00
1.002097308850274482e+00
1.001312867324926303e+00
1.000927785667535375e+00
1.000403628817331914e+00
1.001476467378577428e+00
1.000287500178921984e+00
1.000478051555454995e+00
1.000107532266077071e+00
1.000672761033077451e+00
1.000446682210450744e+00
9.993964410664012421e-01
1.001221930718260378e+00
1.000032350831741690e+00
1.000436930209722020e+00
1.000308384913354720e+00
1.000334867682475481e+00
9.999828239210771796e-01
1.000137274135884491e+00
1.000023852796118495e+00
9.994279840481611332e-01
1.000614033403156355e+00
1.001125787502932685e+00
1.000982005330003810e+00
1.000089268838648238e+00
9.992087860109112318e-01
1.001066012331075061e+00
1.000108090786068438e+00
1.000473000138876634e+00
9.994948582648394142e-01
1.000541264098779193e+00
1.000390719472793455e+00
1.000303410623734512e+00
1.000355740885136457e+00
1.000081289189520772e+00
1.000605211118127835e+00
1.000473082134653913e+00
1.001176036150928317e+00
1.000219593600579548e+00
1.000208788581876007e+00
1.000135459326174425e+00
1.000151228281808580e+00
1.000348679360718807e+00
1.000133092747904406e+00
9.998874331571311336e-01
1.000090896014354414e+00
9.993188046148910875e-01
1.001222526285483694e+00
9.997353595113384062e-01
1.000042196478482692e+00
9.997639477112063577e-01
9.992988419242045950e-01
1.001075538827988387e+00
1.000405673237583892e+00
9.999671989099230274e-01
1.000367617156716182e+00
9.993395593551911427e-01
1.000442406907789961e+00
9.993053979404215026e-01
1.000474669622633428e+00
9.997551895487890583e-01
1.000925337191618469e+00
9.997147980397016465e-01
9.998659556893578770e-01
9.997442783296826008e-01
9.995970109643312895e-01
9.999047825153225544e-01
1.000183805721954311e+00
1.000895885869871549e+00
9.992944372002976472e-01
1.000632374244544209e+00
1.000410466313701452e+00
9.990724665367813895e-01
9.993253007411705413e-01
1.000140958119036361e+00
9.997452525569088255e-01
9.991547825688762430e-01
1.001228213088249719e+00
1.000446494802937236e+00
9.995053100842344884e-01
1.000496487735685447e+00
9.997800635561702176e-01
9.999734069314776264e-01
9.999867399174576788e-01
1.000084236946385152e+00
9.999346192588289828e-01
1.000732908587052661e+00
9.997939816157010995e-01
9.996881329849970355e-01
9.999021577922749815e-01
9.992541840929021202e-01
1.000186890888056457e+00
1.000217011104260978e+00
1.000372294869670053e+00
1.000193093312743864e+00
1.000270406059609485e+00
9.998949124337075389e-01
1.000309535156281182e+00
9.987200047624157362e-01
9.998250666400246844e-01
9.995852319570891487e-01
1.000343597672090690e+00
9.995246229262501059e-01
9.998365130896813557e-01
9.998925312838786716e-01
1.000330109309075954e+00
9.999309442478273580e-01
1.000009449540687934e+00
9.997817153336664431e-01
1.000057567916196044e+00
9.999788926992393412e-01
9.992491246348200740e-01
1.000214531323285971e+00
1.000723637237250108e+00
1.000672382148058093e+00
9.997504045119377514e-01
9.995193843263610045e-01
9.999692520680152352e-01
9.999974520439065540e-01
1.000492283194929666e+00
1.000107190001428226e+00
9.999921480490269188e-01
9.997965730365623305e-01
9.997016221464125607e-01
9.999517344646279282e-01
1.000146694155473748e+00
1.000096635552446545e+00
1.000009933547047147e+00
9.998762678213930499e-01
9.996128944789361981e-01
1.000701709238524417e+00
9.994186151025088449e-01
1.000296504130850250e+00
9.995220462084442037e-01
1.000154916272332439e+00
9.994740300098553520e-01
9.994200329426079499e-01
9.999593947580516229e-01
1.000224011020760084e+00
1.000002983767473763e+00
1.000191757527480796e+00
1.000628034863759730e+00
9.997717212978887158e-01
9.999489388549840374e-01
1.000217986729295960e+00
9.995986590913648051e-01
1.000405434045884334e+00
9.994118121172388403e-01
1.000379194648022496e+00
9.999390242536113638e-01
9.999913638321568099e-01
9.996423223312517203e-01
1.000559148436077184e+00
9.999086052120621515e-01
9.996999771598656936e-01
1.000290862432877015e+00
9.992940201822307911e-01
9.999154780865251446e-01
1.000494287000008420e+00
1.000129248466091969e+00
9.997468914012354047e-01
1.000136734027519791e+00
9.996210344189616626e-01
1.000451630237224832e+00
9.997336532864499192e-01
1.000365533074701885e+00
1.000461246412195360e+00
9.992072062258060550e-01
1.000019817646973674e+00
1.000973091491818900e+00
1.000689318629452540e+00
1.000083960419728024e+00
9.995293483792349054e-01
1.000579045188750404e+00
9.995255635833084629e-01
1.000085835885043739e+00
9.996249339263311162e-01
1.000082098624708538e+00
9.999437572399428875e-01
1.000562920116667476e+00
9.996534969716219798e-01
1.000523377847301054e+00
9.999063692312385454e-01
1.000185594084091578e+00
9.999309686008929221e-01
9.999716142104096983e-01
1.000919221040429186e+00
9.992257250622126330e-01
1.000376757551937557e+00
9.997667938406876731e-01
1.000080264906750616e+00
9.998785767753345377e-01
1.000296451773807105e+00
9.998223501572944816e-01
9.999337182479925978e-01
9.999851710519581660e-01
1.000522442148828572e+00
9.995839621411827247e-01
1.000184571716406845e+00
1.000310347883785367e+00
9.998352394050408209e-01
9.998854368926221037e-01
1.000269365621214934e+00
9.992371806903933562e-01
1.000145930796663585e+00
9.998223757878360596e-01
9.999813718587441391e-01
9.998742960523649970e-01
1.000103987193902810e+00
9.998403708352833208e-01
1.000235404804014294e+00
9.999504576124311761e-01
9.994712964220802132e-01
9.999329283275852909e-01
9.999447166698361977e-01
1.000649630926505163e+00
1.000086737082706456e+00
1.000279163201929666e+00
1.000252918700013316e+00
1.000072084708295783e+00
9.998863183896926632e-01
1.000074400932995600e+00
1.000111934714903006e+00
9.999364710187899075e-01
9.995011679702479057e-01
9.947468945391342299e-01
9.860508875294976550e-01
9.778240140178569018e-01
9.702856605479450725e-01
9.618143074320177899e-01
9.536894934450305117e-01
9.462490698281065260e-01
9.381960689139258180e-01
9.301182398301808263e-01
9.222460899267093115e-01
9.146748966563555960e-01
9.071032177640129257e-01
8.987704951414349219e-01
8.912554370376031265e-01
8.839417363782100523e-01
8.762149181683345223e-01
8.689481720729045344e-01
8.612680918503173855e-01
8.535998932594713873e-01
8.463772743014937872e-01
8.389190257370015003e-01
8.314579412844540496e-01
8.241888929774713324e-01
8.168272146147040891e-01
8.096550963884898700e-01
8.024067209117655697e-01
7.954525607212674654e-01
7.884908945279410775e-01
7.809538169653948980e-01
7.741478170715135887e-01
7.664543326298282055e-01
7.597522330954900038e-01
7.528437837296682034e-01
7.462107261573195371e-01
7.396441083775733283e-01
7.322077592419750092e-01
7.259868391121462317e-01
7.187271150786236351e-01
7.121127643532981777e-01
7.052289739502745070e-01
6.982851539098062776e-01
6.921666042622748316e-01
6.850114021887107052e-01
6.788598965050257616e-01
6.722672514108278818e-01
6.657314144087971286e-01
6.588606730758327368e-01
6.525634112767639827e-01
6.459410495867683455e-01
6.397476596587499120e-01
6.334731089149353567e-01
6.271789613759298776e-01
6.209671063534056845e-01
6.146716838803210070e-01
6.084769865741570527e-01
6.022787409060891273e-01
5.962027506041573943e-01
5.897949808263691640e-01
5.837698878144642611e-01
5.775348476092649896e-01
5.713852329089100790e-01
5.654352352239904178e-01
5.591634813767938361e-01
5.535031214702821334e-01
5.472779918186017056e-01
5.414662530468077328e-01
5.353409117450727006e-01
5.299247824705833887e-01
5.240650132788750026e-01
5.180862464558148028e-01
5.120658242941902305e-01
5.064675575500441340e-01
5.008092002338442317e-01
4.948871948397189358e-01
4.893674409667117531e-01
4.836810513172173920e-01
4.782446069393110899e-01
4.724540842703319199e-01
4.668260607420237629e-01
4.610344355346523426e-01
4.556633056306891305e-01
4.500413292364504048e-01
4.447955167019165823e-01
4.391289509516837497e-01
4.338131748803614185e-01
4.282937527145057044e-01
4.229076096136024088e-01
4.175776302889490088e-01
4.123329466214101235e-01
4.069601658330100347e-01
4.016596070323031342e-01
3.965329382278676706e-01
3.910842599186557522e-01
3.860565834345504599e-01
3.804751812003552836e-01
3.757390796844300995e-01
3.702944819459920711e-01
3.652384399114752545e-01
3.602945247447115751e-01
3.550122590953178059e-01
3.500191283482094184e-01
3.448527274645333263e-01
3.398058230392522749e-01
3.349325579493214189e-01
3.299766652639318787e-01
3.248165728407545472e-01
3.198354010525725211e-01
3.151161747932638701e-01
3.101095699620533552e-01
3.051655000214812952e-01
3.006796751676151791e-01
2.957360621603329909e-01
2.907420042453202624e-01
2.857907848377551074e-01
2.812743899942486414e-01
2.765620841428333421e-01
2.715279164491366526e-01
2.670950970205651087e-01
2.623133706421624245e-01
2.574837798475337891e-01
2.528944147276787069e-01
2.483422595066180072e-01
2.436671313435952446e-01
2.393393423702807887e-01
2.344085307040254529e-01
2.301199848458770347e-01
2.252354045912671465e-01
2.207746495786983842e-01
2.164173198193737047e-01
2.118155274908786190e-01
2.076567246000314559e-01
2.029686501999989623e-01
1.985772010373349217e-01
1.941509260680336635e-01
1.897583142149918134e-01
1.852133301287189338e-01
1.810359983334348388e-01
1.765920242068772239e-01
1.723702848923052422e-01
1.680117356130479966e-01
1.637060990274372407e-01
1.593949635864870262e-01
1.550156843373930171e-01
1.509516306648546469e-01
1.465917711979697613e-01
1.423642608340394966e-01
1.382536450591713428e-01
1.340013560961774153e-01
1.298932202708950878e-01
1.256607565639228652e-01
1.216928627612605396e-01
1.178036613737714761e-01
1.143163703280278554e-01
1.108332228131578417e-01
1.076035867966290277e-01
1.046224287218374127e-01
1.016223551365281613e-01
9.861859213482125630e-02
9.589639834915483774e-02
9.323628028411701241e-02
9.054533945456277877e-02
8.796473940117513490e-02
8.535558436163566409e-02
8.297929751137013421e-02
8.072835600695028868e-02
7.840107535173568287e-02
7.608174657029910526e-02
7.403325885395119210e-02
7.189758913302489451e-02
6.987342940684652948e-02
6.783418862298747076e-02
6.587524228363415835e-02
6.400161867444167929e-02
6.211034901550745169e-02
6.025245160351224566e-02
5.849680619976490442e-02
5.682575110546290303e-02
5.508667674334147280e-02
5.341333055438181321e-02
5.175957086667856005e-02
5.030167734335379975e-02
4.880095710129900288e-02
4.724294877428072970e-02
4.585801958122560917e-02
4.430831617894891855e-02
4.296324968913305120e-02
4.168616188605243217e-02
4.027836150736955473e-02
3.897122910346854235e-02
3.768250712518353418e-02
3.650912607989978409e-02
3.533303844766948199e-02
3.424110856571009609e-02
3.300307289205663130e-02
3.186725826986541721e-02
3.077693089252984265e-02
2.972157639157578871e-02
2.866317776689011540e-02
2.761711734915997876e-02
2.670383659359182663e-02
2.575396076039876414e-02
2.476403468119528148e-02
2.389500272291743624e-02
2.297216806368213710e-02
2.211134450392607254e-02
2.130590075933634642e-02
2.039063339366761415e-02
1.968078455296106560e-02
1.885500799105305561e-02
1.814234993814056035e-02
1.737058712430238072e-02
1.663435399723727642e-02
1.597152305278432688e-02
1.528507438500737933e-02
1.465775423124628801e-02
1.393896396921005636e-02
1.334680018200306607e-02
1.273891631870603842e-02
1.216429455361645387e-02
1.156606788573114920e-02
1.104601407886910205e-02
1.051797037373552839e-02
9.964115520919565247e-03
9.415265122151248237e-03
8.972505772097533888e-03
8.480918201793362018e-03
8.049908963964782713e-03
7.605370765670967786e-03
7.162602757134979396e-03
6.766813199580093766e-03
6.358590776311658956e-03
5.970136533325721279e-03
5.572889170330558826e-03
5.256510362886054367e-03
4.910312163764861057e-03
4.573535856564742846e-03
4.268238976649591648e-03
3.949093191191834808e-03
3.674203288231950911e-03
3.380355748357730204e-03
3.121914029485587955e-03
2.854492431012953767e-03
2.620148358880593307e-03
2.407400114785870991e-03
2.176414977507631476e-03
1.968810474138353236e-03
1.784272793538022126e-03
1.603063414702162641e-03
1.432257945945547084e-03
1.256055106297344253e-03
1.094674873647525325e-03
9.632590812924047207e-04
8.386393292625540351e-04
7.097786988812565707e-04
6.026219734080176180e-04
5.038100895855794495e-04
4.051775638709216891e-04
3.353744191467890995e-04
2.588848442558481979e-04
1.921011180309655853e-04
1.396091563156357125e-04
9.482302550043487661e-05
5.964592461944177062e-05
3.057418502386831280e-05
1.261115995497959176e-05
2.839530328297188274e-06
1.099235044549845942e-07
0.000000000000000000e+00
0.000000000000000000e+00
0.000000000000000000e+00
0.000000000000000000e+00
0.000000000000000000e+00
0.000000000000000000e+00
0.000000000000000000e+00
0.000000000000000000e+00
0.000000000000000000e+00
0.000000000000000000e+00
0.000000000000000000e+00
0.000000000000000000e+00
0.000000000000000000e+00
0.000000000000000000e+00
0.000000000000000000e+00
0.000000000000000000e+00
0.000000000000000000e+00
0.000000000000000000e+00
0.000000000000000000e+00
