0.000000000000000000e+00
0.000000000000000000e+00
0.000000000000000000e+00
0.000000000000000000e+00
0.000000000000000000e+00
0.000000000000000000e+00
0.000000000000000000e+00
0.000000000000000000e+00
0.000000000000000000e+00
0.000000000000000000e+00
0.000000000000000000e+00
0.000000000000000000e+00
0.000000000000000000e+00
0.000000000000000000e+00
0.000000000000000000e+00
0.000000000000000000e+00
0.000000000000000000e+00
0.000000000000000000e+00
0.000000000000000000e+00
0.000000000000000000e+00
0.000000000000000000e+00
0.000000000000000000e+00
0.000000000000000000e+00
0.000000000000000000e+00
0.000000000000000000e+00
0.000000000000000000e+00
3.110702217300212810e-05
1.545404813107349035e-03
2.401700807412172900e-02
1.772358448948979093e-01
6.966737546518594337e-01
1.474871275842574381e+00
1.985323353271071678e+00
2.055497927428887817e+00
1.860959038334280891e+00
1.609578776765761665e+00
1.384583172313343713e+00
1.228801397864657696e+00
1.127641910540985837e+00
1.070424750092882071e+00
9.985341285333940720e-01
9.445438528043319515e-01
9.117228452684171813e-01
9.043351978832940841e-01
9.106556655588030624e-01
9.239581867052115705e-01
9.429652509501046387e-01
9.556916972470631544e-01
9.669073789167276223e-01
9.754829353595100283e-01
9.821180191014130534e-01
9.936685506170102045e-01
9.948247510440229036e-01
9.989601437810484708e-01
9.983664490630158594e-01
9.985389647738107666e-01
9.957949324709971517e-01
9.867188484886445510e-01
9.798306263122398274e-01
9.726837131765504463e-01
9.662698378448902892e-01
9.610954719404319890e-01
9.597901238588849582e-01
9.594983592447157150e-01
9.700614952009305458e-01
9.798656578662133798e-01
9.865313978308414278e-01
9.989392716574885256e-01
1.007637301691689302e+00
1.015185006919376853e+00
1.022578976524993299e+00
1.025718476876985807e+00
1.028677188098104267e+00
1.029893131726988820e+00
1.031035691687331557e+00
1.026502184494597847e+00
1.026893407317103435e+00
1.018202070814443028e+00
1.014318603616988224e+00
1.010633758872130361e+00
1.004317968124404548e+00
1.000913539461713686e+00
9.951471937350642172e-01
9.913768578981178026e-01
9.891390979481191614e-01
9.881328432645535287e-01
9.853375636578016739e-01
9.886233275457169123e-01
9.906116289631463623e-01
9.911423970749664303e-01
9.941180911692617528e-01
9.963453563924288270e-01
9.958455662538322484e-01
9.998972919387967284e-01
9.996680111041442718e-01
1.003004278665122762e+00
1.002771796899834422e+00
1.002901994955097686e+00
1.002477955093575179e+00
1.000102881624134188e+00
1.003008269641895822e+00
1.003756379249150621e+00
1.004348966206263682e+00
1.004016525298167872e+00
1.003756883661583776e+00
1.003629893484939917e+00
1.003697596805722458e+00
1.002431154663632196e+00
1.003970102360062899e+00
1.002709444277920303e+00
1.004105809759481049e+00
1.002390554878247908e+00
1.002795523724276494e+00
1.002604983280849904e+00
9.996251287588160395e-01
1.000992488364422783e+00
1.000828130768679269e+00
1.000507724184069192e+00
9.997109263097303522e-01
9.990269892553033104e-01
9.983678922160720282e-01
9.993436159065660629e-01
9.990626360135679285e-01
9.989783882036132878e-01
9.998990400246191568e-01
9.989324961732076735e-01
1.000387616655590284e+00
9.993634671102890055e-01
1.000783644982930820e+00
1.001824687667667080e+00
1.001733103247301582e+00
1.001650976672755489e+00
1.001858529886013649e+00
1.000654212342152016e+00
1.001586094630455115e+00
1.001411774987209125e+00
1.001504390228499686e+00
1.001020383158534477e+00
1.003040386629750147e+00
1.000015630406676737e+00
1.001371599135516766e+00
1.001343381489417927e+00
1.000873577899559441e+00
1.000029399543894248e+00
1.000593706069070388e+00
1.001598126597606830e+00
1.000177344564905146e+00
1.000163984156833052e+00
1.000354514270472839e+00
1.000500806218856731e+00
1.001123498052949978e+00
1.000715507265503623e+00
1.000557127877497177e+00
1.000096314308321466e+00
9.993338302455454514e-01
1.000146716779499734e+00
1.001735922865270911e+00
1.000381984430204652e+00
9.987118988162307920e-01
1.000714394034551091e+00
1.000282750841530621e+00
1.000395666898889591e+00
1.000940117604352864e+00
1.000518697267482437e+00
9.996726236118592679e-01
1.000016596590520779e+00
1.001497010506996022e+00
1.000533619103559202e+00
1.001481978294241681e+00
1.000755531774472296e+00
1.000768924016651074e+00
1.000770036198936896e+00
1.000231759188620284e+00
1.000622426261333020e+00
1.000004309272257252e+00
1.000840811370453443e+00
1.000052725434815049e+00
1.001459295106276182e+00
9.999380700700003510e-01
9.999538008584473170e-01
9.992663978128002444e-01
9.998147038176981027e-01
1.000285116917713379e+00
1.000147392903808274e+00
9.994410682087629949e-01
1.000015591902667200e+00
1.000228282062267438e+00
1.000275466354735077e+00
9.994780210307375734e-01
1.000085060249635838e+00
1.000069844174635847e+00
1.000231256093265797e+00
1.001171954407327203e+00
1.000924765978688180e+00
1.000199182720311386e+00
9.998781784963590713e-01
1.001037609250379656e+00
9.998035304405774593e-01
1.000668183424930913e+00
1.000318318462919187e+00
9.996294430999910219e-01
1.000535869829665803e+00
1.000098066320172174e+00
1.001178147923397654e+00
1.000617646185695042e+00
1.000526831303726771e+00
9.998731180234464722e-01
9.998101306527896748e-01
1.000340600786456591e+00
9.996458856205544530e-01
1.000236389221796030e+00
1.000631861326644056e+00
9.999462805042307334e-01
1.000813927708797735e+00
1.000837057804014218e+00
1.000070772188881296e+00
1.000478461476720593e+00
1.000150802555762164e+00
9.998942980189500229e-01
1.000236680774278408e+00
1.000518480098309126e+00
1.000450510045743036e+00
1.000900268976983920e+00
9.997694066294999793e-01
9.993452248460489296e-01
1.000424773317137639e+00
9.999449783181879603e-01
1.000436215610090107e+00
9.995022425367162677e-01
1.000310862993143868e+00
1.000092682472740302e+00
9.995017594256220272e-01
9.999210579231416762e-01
1.000272282236189580e+00
1.000405555834630311e+00
1.000496756606614523e+00
1.000233669463985287e+00
1.001148365953482777e+00
1.000444377173255406e+00
9.999080358380830758e-01
9.995065344211302438e-01
9.996076254735432043e-01
1.000022284442900311e+00
9.997072030324591907e-01
9.996777419122588881e-01
9.997092898436943376e-01
1.000479749956687980e+00
9.997703121556013039e-01
1.000310159073887428e+00
9.999823811636107118e-01
9.998347548340138502e-01
1.000076998573975029e+00
1.000388391712607072e+00
1.000100589907025883e+00
9.993502741036934811e-01
9.996657136398992005e-01
9.995864015915018053e-01
1.000484274300375231e+00
1.000098898726192953e+00
1.000233164783081108e+00
1.000171704439692499e+00
1.000407169498259474e+00
1.000667887064399686e+00
9.999068648468854015e-01
9.999714215801948081e-01
1.000862216085158796e+00
1.000260180919798403e+00
9.992275873744407289e-01
9.997836059545329723e-01
1.000071049489271058e+00
1.000291988426660561e+00
9.997023007402210393e-01
1.000278977528642033e+00
1.000384008304097794e+00
9.999473226253113856e-01
9.997393029381851370e-01
1.000346852438952272e+00
1.000374829292391299e+00
1.000275770147518672e+00
9.995580877093985794e-01
1.000091389375153517e+00
1.000847339206804021e+00
9.995577583374919417e-01
9.998604669528837752e-01
9.999207208726270668e-01
9.992139500927020856e-01
9.999447326570204408e-01
9.995338306372215653e-01
9.999323443060729177e-01
9.997935781594827764e-01
1.000423530873994160e+00
1.000216429413332886e+00
1.000767611010800362e+00
9.997402226274957338e-01
1.000385129517488147e+00
1.000052669373761693e+00
1.000575705434861407e+00
1.000223672426146404e+00
1.000129612280910907e+00
1.000468015310530534e+00
9.996519546342480522e-01
1.000160021718914827e+00
9.998521223395125945e-01
1.000116788568907067e+00
1.000221284118524956e+00
1.000191439087073420e+00
9.999456845812648709e-01
1.000220088018408227e+00
9.995735049118118498e-01
9.998092383631600466e-01
1.000296647928421434e+00
9.996502170619646632e-01
9.999850937085250635e-01
9.996973931829030713e-01
1.000002539008772340e+00
9.999826040810086969e-01
1.000430188506469698e+00
9.999907033412903656e-01
1.000542884116163878e+00
1.000255926602901635e+00
1.000709811893699674e+00
1.000111772669175503e+00
9.998858846498732689e-01
1.000520162320692519e+00
9.999212617862125452e-01
1.000359169817161886e+00
9.998117744348259395e-01
9.992947693746079274e-01
9.994163147852126450e-01
1.000689936315874329e+00
1.000299660606574159e+00
9.999898116928270797e-01
9.999718909017446533e-01
9.999748997927917493e-01
1.000451560986153954e+00
9.997788295722455087e-01
1.000180661072768151e+00
9.997995906968719648e-01
1.000060131521246731e+00
1.000463839541669619e+00
1.000033960692369606e+00
1.000153022028724914e+00
1.000261932760905026e+00
1.000465016561481235e+00
1.000636187369552399e+00
1.000188302010240227e+00
1.000450504937319574e+00
1.000014760950770354e+00
9.999988115538722688e-01
9.999566549090526113e-01
9.999893962778422241e-01
1.000312198379451178e+00
1.000499905208398044e+00
9.998524881686409183e-01
1.000369046083852353e+00
1.000268782119099642e+00
1.000068635485030777e+00
1.000772519141646777e+00
1.000195582248706749e+00
1.000296654240591776e+00
9.999432060659585453e-01
1.000358751730156648e+00
1.000608191281279424e+00
1.000052702967534790e+00
9.945492143569438781e-01
9.860511642535033650e-01
9.779042602857316302e-01
9.707694682070091563e-01
9.620951600508699242e-01
9.540655158236654998e-01
9.468568614086468882e-01
9.379640914220890302e-01
9.297950498668371422e-01
9.225995779581519507e-01
9.145549126435147391e-01
9.070866279816103273e-01
8.991242822143338254e-01
8.911529761954810613e-01
8.837532950557003275e-01
8.765339646098923021e-01
8.689221964366752315e-01
8.614258977262957417e-01
8.534037798149283205e-01
8.463910060335519958e-01
8.387045010538304313e-01
8.313847658693074294e-01
8.244980133345497508e-01
8.171432437431187523e-01
8.094621331355593696e-01
8.024322628797863066e-01
7.951010728972882635e-01
7.882210747655504779e-01
7.809540624533343189e-01
7.739904369735810530e-01
7.669782172345424032e-01
7.599903375644440073e-01
7.530428180240494873e-01
7.459521080838715790e-01
7.392122537587216824e-01
7.321656414251240808e-01
7.252266847264996485e-01
7.188553779061989113e-01
7.115779808729546518e-01
7.051703449967923198e-01
6.985525151590668003e-01
6.919639375817204785e-01
6.848400620235354230e-01
6.787649713404303453e-01
6.718805269583192352e-01
6.656084717667944961e-01
6.591067804430611465e-01
6.524500457289410527e-01
6.463636865123126851e-01
6.401838579720872113e-01
6.335183713377198211e-01
6.264656247648182630e-01
6.204887617907515196e-01
6.141430829563692129e-01
6.080769915164644379e-01
6.019368003166062353e-01
5.959275177535964252e-01
5.896165959281962632e-01
5.830889872133995233e-01
5.770114860656120337e-01
5.714363324688415124e-01
5.652563153327939682e-01
5.593091470618343219e-01
5.531954168183191856e-01
5.473617083219043389e-01
5.411192335882530902e-01
5.353508706752213575e-01
5.295402247929985595e-01
5.240486172317843083e-01
5.178951964548739184e-01
5.120122190720446387e-01
5.065925617261020086e-01
5.005340747972214510e-01
4.950813803651982759e-01
4.891369235575984131e-01
4.834203139760161472e-01
4.777089673830302585e-01
4.721353584373168544e-01
4.666685634364868829e-01
4.610022984502991084e-01
4.555482710279605274e-01
4.498848349975100858e-01
4.446013648135475615e-01
4.389923706793973368e-01
4.336810667669814268e-01
4.282266471269692287e-01
4.227503945607109515e-01
4.175906228099900974e-01
4.122083068078983281e-01
4.067552601187966466e-01
4.015106227194697452e-01
3.959554757966671223e-01
3.909818178075521455e-01
3.858347215286850318e-01
3.807171726368835940e-01
3.753379118559442840e-01
3.704588566297382091e-01
3.651684546189937208e-01
3.599792776411460116e-01
3.549033340856873053e-01
3.496485443197708265e-01
3.449110179689198752e-01
3.396509714990268436e-01
3.348738621024369699e-01
3.295664454361232343e-01
3.249538681119782946e-01
3.197660884141813042e-01
3.147883314457220472e-01
3.099294128218091360e-01
3.052556860661752025e-01
3.003396848133486063e-01
2.955152944116374303e-01
2.905136576510439217e-01
2.857523130944707446e-01
2.811360157007762872e-01
2.763513568405882581e-01
2.717028423675266757e-01
2.665716667411385243e-01
2.621444572814993768e-01
2.575892220659821708e-01
2.527529276732731756e-01
2.481040361396479876e-01
2.436487150130247636e-01
2.387150911868183289e-01
2.342959033169303984e-01
2.297107961134280951e-01
2.252712443593357650e-01
2.207854394115106311e-01
2.162676098214512954e-01
2.118028040932097011e-01
2.072362813496119172e-01
2.027672381328452511e-01
1.983849041865448914e-01
1.939529804051649264e-01
1.895425022074359034e-01
1.852199120140628763e-01
1.808986609542426183e-01
1.766071116709470035e-01
1.720211152841798485e-01
1.679469951527020610e-01
1.634719858023558903e-01
1.592492727808274555e-01
1.550016276193562359e-01
1.509230163172849692e-01
1.464042951988855923e-01
1.423233642732299187e-01
1.380258241256415441e-01
1.338860273756751207e-01
1.297943856345625258e-01
1.255717119383398528e-01
1.214306227791108056e-01
1.176980920087780519e-01
1.140143307144076412e-01
1.106858003774457283e-01
1.075923486754923469e-01
1.044597413934081898e-01
1.013836552716917278e-01
9.854634723043033395e-02
9.573939970446374015e-02
9.298608448392832460e-02
9.047184323204640610e-02
8.791433889848968009e-02
8.545279216370178788e-02
8.299540356732269808e-02
8.069302393925713301e-02
7.831469947579385027e-02
7.606309833628648043e-02
7.395118809540772442e-02
7.182831714636223053e-02
6.980196309448574721e-02
6.778861233311707368e-02
6.570481278367121258e-02
6.385075718951988000e-02
6.196106667723660227e-02
6.025089754295129274e-02
5.837661296624045704e-02
5.679804700965307429e-02
5.502438205380515146e-02
5.342871560807728459e-02
5.174378556245497196e-02
5.027995560402638564e-02
4.874302378797757546e-02
4.720642390407772671e-02
4.579951608285828812e-02
4.431079142786076286e-02
4.296843627142055838e-02
4.156701011038833188e-02
4.024757475534096463e-02
3.895762968963538408e-02
3.774476778462818732e-02
3.651069255601327446e-02
3.525247050544136340e-02
3.414925456927035002e-02
3.299056190867370730e-02
3.183311241779333139e-02
3.075413908279733821e-02
2.970949970836805204e-02
2.869288890108287471e-02
2.767651179166745121e-02
2.662140763058573958e-02
2.573468231760018404e-02
2.480985524257287023e-02
2.380415118395212346e-02
2.300285045054499544e-02
2.210614385048714423e-02
2.129750011057940373e-02
2.044229555728276082e-02
1.963728991590739034e-02
1.884131197419535927e-02
1.808264573548693660e-02
1.737087859472425874e-02
1.666638577206079955e-02
1.598511117981609234e-02
1.522748283742464577e-02
1.457301425390967325e-02
1.396184017411612223e-02
1.333666647016565864e-02
1.273796517852285488e-02
1.216956359449355117e-02
1.154206341766518540e-02
1.102135651269720018e-02
1.048753476576186859e-02
9.956651426929098367e-03
9.441756705273239916e-03
8.971462531745657415e-03
8.491162907130287568e-03
8.052313993035808276e-03
7.574887560775242848e-03
7.170243943952762933e-03
6.760622216824062163e-03
6.359060718526714402e-03
5.955412305861548967e-03
5.602233918125122669e-03
5.228221728995902616e-03
4.913215475615816986e-03
4.582773006587274184e-03
4.269740064964692647e-03
3.965645651883552628e-03
3.668720823751915085e-03
3.398064771248435027e-03
3.137368960564105441e-03
2.856982568934836840e-03
2.619438118572361973e-03
2.389923187787999954e-03
2.164114239083414059e-03
1.980822802516216813e-03
1.775360461186319301e-03
1.596149250295861560e-03
1.417515620851763280e-03
1.246567423730380068e-03
1.107821852306563153e-03
9.727387760825362446e-04
8.335533766065682032e-04
7.123667403621373496e-04
6.015821156620852978e-04
5.019546389801315955e-04
4.046964441397195387e-04
3.257365096803246105e-04
2.570351434950283271e-04
1.928469231550945936e-04
1.398518809482009976e-04
9.414658456641903663e-05
5.880699369651912488e-05
3.132117987782912394e-05
1.407598679227929804e-05
2.784207105910989654e-06
3.297484001732926881e-07
0.000000000000000000e+00
0.000000000000000000e+00
0.000000000000000000e+00
0.000000000000000000e+00
0.000000000000000000e+00
0.000000000000000000e+00
0.000000000000000000e+00
0.000000000000000000e+00
0.000000000000000000e+00
0.000000000000000000e+00
0.000000000000000000e+00
0.000000000000000000e+00
0.000000000000000000e+00
0.000000000000000000e+00
0.000000000000000000e+00
0.000000000000000000e+00
0.000000000000000000e+00
0.000000000000000000e+00
0.000000000000000000e+00
