0.000000000000000000e+00
0.000000000000000000e+00
0.000000000000000000e+00
0.000000000000000000e+00
0.000000000000000000e+00
0.000000000000000000e+00
0.000000000000000000e+00
0.000000000000000000e+00
0.000000000000000000e+00
0.000000000000000000e+00
0.000000000000000000e+00
0.000000000000000000e+00
0.000000000000000000e+00
0.000000000000000000e+00
0.000000000000000000e+00
0.000000000000000000e+00
0.000000000000000000e+00
0.000000000000000000e+00
0.000000000000000000e+00
0.000000000000000000e+00
0.000000000000000000e+00
0.000000000000000000e+00
0.000000000000000000e+00
0.000000000000000000e+00
0.000000000000000000e+00
0.000000000000000000e+00
4.665585326304493632e-05
1.776315203100334609e-03
2.562812209887843640e-02
1.759254218618860333e-01
6.952067499836982467e-01
1.469660109150760841e+00
1.982042860573524523e+00
2.056060598847266885e+00
1.859047273859930183e+00
1.597388263649992757e+00
1.383927817507133895e+00
1.226946163027081038e+00
1.129709901457988108e+00
1.060293093783886587e+00
1.000231853074871280e+00
9.424704817951631286e-01
9.119035094631532390e-01
8.980106738340288830e-01
9.115902226237793116e-01
9.240765465771134668e-01
9.402894443383761347e-01
9.558911365754069189e-01
9.640661927970678446e-01
9.705664088924045307e-01
9.777323972489798676e-01
9.865062937686270850e-01
9.899340092946404823e-01
9.973755266636913364e-01
9.973506792214117400e-01
9.972863844761352681e-01
9.927422778953339799e-01
9.870922901008924999e-01
9.815324020748439349e-01
9.722035887431397239e-01
9.636036466101021158e-01
9.572535878144583510e-01
9.593079907651463900e-01
9.614959999999209694e-01
9.694706188022409465e-01
9.780285456687681789e-01
9.838489504494527527e-01
9.973911424054221486e-01
1.004379786262860952e+00
1.012021435069717867e+00
1.020219509036580430e+00
1.027431649041790518e+00
1.027568261635620761e+00
1.030580374101939034e+00
1.029476013667187440e+00
1.029246615990510261e+00
1.022270048790917318e+00
1.019443834639659263e+00
1.014849646395997285e+00
1.010917776931866463e+00
1.003376167726827140e+00
9.997245561429510818e-01
9.939063845233511163e-01
9.918617548682280294e-01
9.868279248982972929e-01
9.872762062666182725e-01
9.862649695488006074e-01
9.863200468585655578e-01
9.867288322806059275e-01
9.889689960412811898e-01
9.927941346822486413e-01
9.937353490056887173e-01
9.978903011416873081e-01
9.986350632939482441e-01
9.992742025773397874e-01
9.980952518099752702e-01
1.001250809837437306e+00
1.002907111873967416e+00
1.002455086278336349e+00
1.001530589248438741e+00
1.001528864758803428e+00
1.002459784946014842e+00
1.004161942260242357e+00
1.003583423112336170e+00
1.002492960919763920e+00
1.003145526216942640e+00
1.002155317882784669e+00
1.002938353755470802e+00
1.002447051118948051e+00
1.001027455888966022e+00
1.002012059984348280e+00
1.002096731267296814e+00
1.000422616006826360e+00
1.000758641322496478e+00
1.000893705345300200e+00
1.000381178036418683e+00
9.984928929910222850e-01
1.001188223263451027e+00
1.001197445010850062e+00
9.999478946266074919e-01
9.988334352607741717e-01
9.995726385173171469e-01
9.988379655099953736e-01
9.982028812484323721e-01
9.992491070313898049e-01
9.987157985820632744e-01
1.000796473426192490e+00
9.991275080438237755e-01
1.000424627098309704e+00
1.000910070729763346e+00
1.000670583634900579e+00
1.001783590071796848e+00
1.000937430244663418e+00
1.000526881920466016e+00
1.000283502801513125e+00
1.001106092350701138e+00
1.000645957559565424e+00
1.000070149124771657e+00
1.002262182404499269e+00
1.001621614618803724e+00
1.001479763094177189e+00
1.001345506349872405e+00
1.000068012504471637e+00
1.001344267170731106e+00
1.001169725368315166e+00
1.001319667667392110e+00
1.001027694256479972e+00
1.000400038893346055e+00
1.000606342478845834e+00
1.000289033101226632e+00
9.993352841112184137e-01
1.000601811921637996e+00
1.000643699297383060e+00
9.999997143408407840e-01
1.000683678092107121e+00
1.001073154669672949e+00
9.997985318351344519e-01
1.000817513251411439e+00
1.000619102121279580e+00
9.999601326985252392e-01
1.001306899695713293e+00
1.000368195406766691e+00
1.001129270845511510e+00
1.000723974248360904e+00
1.001277739858679849e+00
1.000079396177329549e+00
1.000300448087400484e+00
1.000286107008681480e+00
1.001134550651327615e+00
9.998347320757948742e-01
9.998941644811215612e-01
1.000825261260104071e+00
9.998667797407077007e-01
1.001035135945311350e+00
1.000226126131125159e+00
9.999020881597407984e-01
1.000663830773504515e+00
1.001421945899570787e+00
9.994366924356390403e-01
1.000066058905690891e+00
9.994028611712700849e-01
1.000541688019352726e+00
1.000298914445425069e+00
1.001343304409658019e+00
1.001090550686140279e+00
1.001550340745703593e+00
9.998497308474852963e-01
1.000940986018382883e+00
1.000145045974108582e+00
1.001270760999745768e+00
1.000453513706607289e+00
1.001109353337564789e+00
9.996337081291212234e-01
1.000480728994889823e+00
1.001340391726241785e+00
1.001126207709750027e+00
1.001496742834476317e+00
1.001154048252891560e+00
1.001041289354313024e+00
1.000890905364447470e+00
1.000272567828402348e+00
1.000270610811034633e+00
1.001750173266313659e+00
1.000479801434554172e+00
9.997282592642373622e-01
1.000022476556309492e+00
9.996639699732300377e-01
9.999602358555320647e-01
1.000229715081807802e+00
1.000465168881518263e+00
1.000323902382534991e+00
1.000618670692648760e+00
1.000322984901145018e+00
1.000736071975365071e+00
1.000228885701442749e+00
1.000257407307788782e+00
1.000854427717010831e+00
1.000658658122798972e+00
9.999180104062969088e-01
1.000753898743816706e+00
1.000136191052804380e+00
1.000056296958313995e+00
1.000232415794898966e+00
1.001128040667027097e+00
1.000937558381006953e+00
1.000259777080075851e+00
1.000572402991900534e+00
1.000045482075646142e+00
1.000812398542743731e+00
1.000265073333676202e+00
9.997793911416591461e-01
9.998714964460840848e-01
9.996639680161897301e-01
1.000387114359429175e+00
1.000183456997310483e+00
1.000141560704882027e+00
1.000120458505172616e+00
1.000155841752313535e+00
1.000551225410729383e+00
1.000459750229331535e+00
1.000968381745072966e+00
1.000437964337075769e+00
1.000246284396669072e+00
9.999506824341740652e-01
1.000398222931264458e+00
1.000318889066137862e+00
1.000010355176537136e+00
1.000001337470076246e+00
1.000008187773583579e+00
9.999675347742176257e-01
9.998312528767547835e-01
9.997002252573040648e-01
1.000550685539954410e+00
1.000002490604231742e+00
1.000431846267642699e+00
9.995763240962424190e-01
9.997393203610758228e-01
9.998785347420524605e-01
1.000053348459628566e+00
9.995909298171464785e-01
1.000657274987009293e+00
1.000734424838841674e+00
1.000045374460305947e+00
1.000205837406227038e+00
9.997613687801498727e-01
1.000841786277208545e+00
1.000306265812477058e+00
1.000633047641389606e+00
9.999554394083984832e-01
9.993648345574855929e-01
1.000059848658913175e+00
9.997022010924550006e-01
9.999877228450366751e-01
9.994770552373021255e-01
1.000601246945052702e+00
1.000385768089393723e+00
1.000775419152485801e+00
9.996111026217543438e-01
1.000109256292778470e+00
1.000257454175495386e+00
1.000476546029595015e+00
1.000547916435820417e+00
1.000213543353045242e+00
1.000535359527435331e+00
9.997293407911844731e-01
1.000085790049787038e+00
9.994735747309044793e-01
9.998337148225981963e-01
1.000145169188109806e+00
9.998777111325212186e-01
1.000026794526221785e+00
1.000156085959351238e+00
1.000073714944299530e+00
1.000138772192449732e+00
1.000505813439428682e+00
1.000583680232834505e+00
1.000515728444080432e+00
9.997792813492423214e-01
1.000277658673367043e+00
1.000127542536760172e+00
1.000362963895835788e+00
1.000325496613828635e+00
1.000384114765564769e+00
1.000913177791077580e+00
1.000243948537007377e+00
1.000246422786296829e+00
9.998487630317351993e-01
9.999811493921763050e-01
1.000049494527323057e+00
9.998242396487166950e-01
1.000682914471164420e+00
9.998870919515012723e-01
1.000305008860214340e+00
1.000075340655605549e+00
1.000251860850497110e+00
1.000242443927206182e+00
9.997072359806591368e-01
1.000062578133792623e+00
1.000446945459384951e+00
1.000571620321428545e+00
1.000060439954294056e+00
1.000215306709513197e+00
9.996378353723632815e-01
1.000221715443024406e+00
1.000180286650746542e+00
1.000336875772525058e+00
1.000144190147067125e+00
1.000115350634915190e+00
9.995256966609792348e-01
9.997083743231656161e-01
1.000065436384669715e+00
1.000315119589149093e+00
1.000201379877635466e+00
1.000434866318059113e+00
1.000545674477854030e+00
1.000005377637455117e+00
1.000075135166679230e+00
9.997862856032161405e-01
1.000032750913498303e+00
1.000108576158013296e+00
1.000624777637311835e+00
1.000363840851361985e+00
1.000529866516663757e+00
9.997565730163396891e-01
9.998806330235012751e-01
1.000055501005636671e+00
1.000305765201141783e+00
9.998599180846723389e-01
1.000108148229110316e+00
1.000244531619561172e+00
1.000180546314812347e+00
9.999160648551452812e-01
1.000644984775802104e+00
1.000409246831817534e+00
1.000474525281559668e+00
1.000258340260065326e+00
1.000058827405041484e+00
1.000133216072192521e+00
1.000591839492841029e+00
1.000717609741474057e+00
1.000063281704391516e+00
1.000143241322701826e+00
1.000064047310645909e+00
9.995213861428764446e-01
9.945890574518337912e-01
9.863497928139900450e-01
9.780341897679416530e-01
9.704327117727664653e-01
9.620499814979921460e-01
9.536266970471484195e-01
9.459620512446259566e-01
9.381375958299832396e-01
9.302407762745198427e-01
9.221740439646828325e-01
9.142874093852534356e-01
9.066916738541502818e-01
8.992659580673835196e-01
8.911833168959458762e-01
8.845051510539323480e-01
8.761109076763922143e-01
8.683507009059890924e-01
8.612354812669751336e-01
8.533994102099328183e-01
8.457484414429194963e-01
8.391398402401358814e-01
8.315919924807388952e-01
8.241294958535030357e-01
8.170489918620994496e-01
8.093538794494636868e-01
8.017885491553660149e-01
7.949623749429014508e-01
7.879938612445259727e-01
7.806967811051729322e-01
7.735412698989510005e-01
7.665583745172849239e-01
7.594921356254098477e-01
7.526039930732354444e-01
7.458367809894224099e-01
7.390827425797772410e-01
7.325161766137262553e-01
7.252912272903840885e-01
7.187044756841164395e-01
7.111421316921839875e-01
7.052367438572250125e-01
6.981283101098028077e-01
6.918078468632018474e-01
6.848783244988893015e-01
6.785297531743478272e-01
6.720230528006087001e-01
6.656563511311481829e-01
6.590258292832646969e-01
6.525189035886719280e-01
6.459310375676405869e-01
6.394112633674321478e-01
6.330815878014794951e-01
6.268164388910720808e-01
6.205375974361171387e-01
6.148281839921149183e-01
6.077613681002801416e-01
6.019069639594969434e-01
5.950377701265271435e-01
5.895120859494912269e-01
5.836557349729516453e-01
5.769846108680405372e-01
5.711485032340825052e-01
5.649635519424222041e-01
5.589086805965024496e-01
5.530420946823932926e-01
5.473212045828017569e-01
5.413716724064552288e-01
5.352084177941008880e-01
5.290782294465274926e-01
5.232416269733182190e-01
5.180269797183090219e-01
5.119543271222246617e-01
5.062297827735682265e-01
5.005427466842451434e-01
4.950662487735528750e-01
4.891275705985074773e-01
4.833488128253320970e-01
4.779521326123783997e-01
4.719364266350470349e-01
4.664360557107083416e-01
4.607719729790510921e-01
4.554082688291294367e-01
4.499690424210380235e-01
4.443239230314224297e-01
4.389971020278041758e-01
4.335137641385862772e-01
4.280471432817817279e-01
4.227469583991890212e-01
4.172823867933012632e-01
4.120507248222256558e-01
4.069477737192492839e-01
4.013279032027036730e-01
3.961489234644092194e-01
3.908450605357853824e-01
3.855932318020818261e-01
3.802658720587256402e-01
3.753490489226446458e-01
3.701179100312914083e-01
3.649029980280663055e-01
3.596303104450208066e-01
3.547730177690326392e-01
3.496351926841584912e-01
3.445520564181532852e-01
3.395988361949254242e-01
3.346999409831867833e-01
3.297962398398978090e-01
3.248092396808840432e-01
3.197169442353126056e-01
3.148537942836128201e-01
3.100226438431521458e-01
3.051566694319669537e-01
3.002250034372814236e-01
2.954636257272860167e-01
2.906526029780781561e-01
2.855176128761301446e-01
2.810222352765774367e-01
2.763963236933060230e-01
2.715219794705262535e-01
2.668610542632207094e-01
2.620622390335753948e-01
2.573890609194779411e-01
2.526657839607984180e-01
2.480928216931670982e-01
2.435305948587057900e-01
2.389678727083479615e-01
2.343142849963074648e-01
2.296578525860270281e-01
2.252093340500664620e-01
2.206624658060638844e-01
2.160852913964586564e-01
2.116220771340371620e-01
2.072451552729082935e-01
2.028729791758006051e-01
1.983867620114570240e-01
1.939510470794108821e-01
1.894423523670555887e-01
1.850746408179110847e-01
1.808548782622322326e-01
1.765026692119029406e-01
1.721424570345936877e-01
1.676968003098705529e-01
1.634267511032365949e-01
1.592727966811022799e-01
1.549638562486483628e-01
1.507351903049815312e-01
1.464222642097300076e-01
1.423492724687681343e-01
1.379868332056448654e-01
1.339283324827691413e-01
1.297431088954219824e-01
1.254427171180068079e-01
1.213751176332327208e-01
1.175720625373039563e-01
1.139421756640212474e-01
1.107246203498863379e-01
1.075911049811061754e-01
1.043346064323302097e-01
1.013588112782980860e-01
9.854280880352057903e-02
9.567206446850148871e-02
9.293630416098262736e-02
9.035314556619547521e-02
8.784187995369234503e-02
8.526659181056076009e-02
8.290570583665983484e-02
8.053660329205722390e-02
7.824303148041053535e-02
7.599438044217214638e-02
7.399051723827075600e-02
7.181602818121354814e-02
6.972707497680857847e-02
6.773234036940251057e-02
6.582848990253827026e-02
6.388935932998977829e-02
6.202343377690333615e-02
6.024010845517091539e-02
5.844521165046382555e-02
5.672669623813512974e-02
5.513866050829153292e-02
5.344310100024719790e-02
5.176433155200391156e-02
5.018712030646398092e-02
4.864497477666836905e-02
4.720143315202240952e-02
4.575400207548744463e-02
4.432072416373793872e-02
4.296853977645700290e-02
4.163838580552991359e-02
4.027424254848462060e-02
3.891754677761971593e-02
3.766753740449545196e-02
3.651463276656587847e-02
3.530659556929159615e-02
3.409535897011562594e-02
3.293011054593157627e-02
3.184312108691868953e-02
3.075447391067459221e-02
2.969285614768134296e-02
2.864944286777004051e-02
2.769382707490997825e-02
2.661364654855541412e-02
2.569090045652513976e-02
2.476385251756880318e-02
2.381394825486019690e-02
2.297741302226244745e-02
2.206590597177447710e-02
2.128246549167923593e-02
2.044037945753958418e-02
1.962572239107877523e-02
1.885971746083221420e-02
1.808554780418712704e-02
1.733399059132369191e-02
1.662520531898434989e-02
1.596076553227991981e-02
1.524347730416175661e-02
1.459322411947451201e-02
1.390648036230877384e-02
1.333999633729657935e-02
1.271898611205658433e-02
1.214729000382829688e-02
1.157940282387878196e-02
1.104394174765646955e-02
1.044079264152689146e-02
9.926026742212316900e-03
9.421948974841146476e-03
8.919597182229293750e-03
8.494585891561375751e-03
7.998598774566312991e-03
7.548340939811265873e-03
7.149394227400416094e-03
6.714330015940548485e-03
6.351222120284152547e-03
5.973141567883382200e-03
5.557989060064222851e-03
5.254865816151832805e-03
4.884364222128481821e-03
4.529979491923986738e-03
4.244201245178665961e-03
3.928748722935011470e-03
3.657671107738826033e-03
3.365544898045357090e-03
3.117475906175871947e-03
2.854670160441196477e-03
2.619323861248888403e-03
2.387759730319513780e-03
2.178823661429662648e-03
1.959513308971236583e-03
1.767973115577377036e-03
1.587342927014728268e-03
1.410327630541726319e-03
1.245949052756459459e-03
1.096545408221209208e-03
9.540735239589332589e-04
8.242447602256527386e-04
7.113213488939603823e-04
6.041486350236933414e-04
4.969521332114696819e-04
4.028686046310454459e-04
3.305959001697008660e-04
2.524994379585527747e-04
1.890626244275565501e-04
1.373172437437053680e-04
9.246210366514018937e-05
5.443205993853924266e-05
2.998653632494197434e-05
1.227723240551557421e-05
3.032000632221692777e-06
2.198102178650893345e-07
0.000000000000000000e+00
0.000000000000000000e+00
0.000000000000000000e+00
0.000000000000000000e+00
0.000000000000000000e+00
0.000000000000000000e+00
0.000000000000000000e+00
0.000000000000000000e+00
0.000000000000000000e+00
0.000000000000000000e+00
0.000000000000000000e+00
0.000000000000000000e+00
0.000000000000000000e+00
0.000000000000000000e+00
0.000000000000000000e+00
0.000000000000000000e+00
0.000000000000000000e+00
0.000000000000000000e+00
0.000000000000000000e+00
