0.000000000000000000e+00
0.000000000000000000e+00
0.000000000000000000e+00
0.000000000000000000e+00
0.000000000000000000e+00
0.000000000000000000e+00
0.000000000000000000e+00
0.000000000000000000e+00
0.000000000000000000e+00
0.000000000000000000e+00
0.000000000000000000e+00
0.000000000000000000e+00
0.000000000000000000e+00
0.000000000000000000e+00
0.000000000000000000e+00
0.000000000000000000e+00
0.000000000000000000e+00
0.000000000000000000e+00
0.000000000000000000e+00
0.000000000000000000e+00
0.000000000000000000e+00
0.000000000000000000e+00
0.000000000000000000e+00
0.000000000000000000e+00
0.000000000000000000e+00
0.000000000000000000e+00
0.000000000000000000e+00
0.000000000000000000e+00
0.000000000000000000e+00
0.000000000000000000e+00
8.119799920271647325e-05
5.176488368386000447e-03
5.270482954434026202e-02
2.247390119013947252e-01
5.400635592952648389e-01
8.996016527806698360e-01
1.144401065999048228e+00
1.302105491821871741e+00
1.401529723642466863e+00
1.423163385882390441e+00
1.409984808814570556e+00
1.387373372205908506e+00
1.361707243632157338e+00
1.317786186426161965e+00
1.300921022114650327e+00
1.260094440634695889e+00
1.228316067618517193e+00
1.194184924076042043e+00
1.192302905836203797e+00
1.183276781481113149e+00
1.181221170236897322e+00
1.160175064545148516e+00
1.140134120189466582e+00
1.089598532767861450e+00
1.033170731775387763e+00
9.982867143538625143e-01
9.829506500645983635e-01
9.634302480079741660e-01
9.676367067629160212e-01
9.666443522686138934e-01
9.757548997205779395e-01
9.809704887644276061e-01
9.827060570720242971e-01
9.967167771911603635e-01
1.001331026290515958e+00
1.005834874893183573e+00
1.009839068167145637e+00
1.008872166472402077e+00
1.014389005467708937e+00
1.009554957747932358e+00
1.016303035560595980e+00
1.011302528997965577e+00
1.017715222974900025e+00
1.014080203814320846e+00
1.011429186396439084e+00
1.014141011893847866e+00
1.018095977138471664e+00
1.010216365496297897e+00
1.018672356102588994e+00
1.013776440589469807e+00
1.015324156884088724e+00
1.002741547974018044e+00
1.005283669427118776e+00
9.984895446855847068e-01
9.968434514151075510e-01
1.001665841571869109e+00
9.964997882932371542e-01
9.903498381903306225e-01
9.836817124094849873e-01
9.862479447939092037e-01
9.881291390676504305e-01
9.830973415451179642e-01
9.845489018020292527e-01
9.818340484859545692e-01
9.840799135819826571e-01
9.875906153615169325e-01
9.908506566933520388e-01
9.934202225212800386e-01
9.951600671271311205e-01
1.000887269763880871e+00
9.996389306367993166e-01
9.952682721451446834e-01
9.988867808346547639e-01
9.990493050894788674e-01
1.001312383841012288e+00
9.949150694395754169e-01
1.000395375868651904e+00
1.001833395173173935e+00
9.979087969985949158e-01
1.001015997320273687e+00
1.007751560076714403e+00
1.001532133001082459e+00
1.003216412416470193e+00
9.958901994431300642e-01
9.995731513914621891e-01
9.953918955483188613e-01
9.939669376310514837e-01
9.961119865249717931e-01
9.954880889391393151e-01
9.955336708842212889e-01
9.930162912011041287e-01
9.932814778786410725e-01
9.884824866030689217e-01
9.906022989075783380e-01
9.887253886484221876e-01
9.909309566276213177e-01
9.904651523194843987e-01
9.883538741079339607e-01
9.935535786732263563e-01
9.947006932297548509e-01
9.905595776234792371e-01
9.950741237785242221e-01
9.966335985842437184e-01
9.974880812832984667e-01
9.918932868947106796e-01
9.930772660686552067e-01
9.953081190585180149e-01
9.961825800140294840e-01
9.965224833300214691e-01
9.969172120389873104e-01
9.953514624454966597e-01
9.936170517996053553e-01
1.001639255315934118e+00
9.970822800527228136e-01
9.950730714966555812e-01
9.959150014517965666e-01
9.966870509542590240e-01
9.981938869084729937e-01
9.949488217692059600e-01
9.963313888316815969e-01
9.972659741959817303e-01
9.977633172323320254e-01
9.965637810170986377e-01
9.959551188714695913e-01
9.928482160650983213e-01
9.973363525064879997e-01
9.970735878330408974e-01
9.974618323250514784e-01
9.965280892687784497e-01
9.963023961595980360e-01
9.966764749250832667e-01
9.981147355877869609e-01
9.968475385056655425e-01
9.923546815823734990e-01
9.958363312610774010e-01
9.957831362406101006e-01
9.958419415177492962e-01
9.961595375627851912e-01
9.935818715725348582e-01
9.961305699476221687e-01
9.988683183875888272e-01
9.995766517831182751e-01
9.982213166000581950e-01
9.977291201590210434e-01
9.978846764687321347e-01
9.966671220268000786e-01
9.980973789803063712e-01
9.964519472055398674e-01
9.985929804538625776e-01
9.948359642463704411e-01
9.971708053272616556e-01
9.986440780819720864e-01
9.945728215194278299e-01
9.947932533352255025e-01
9.961932180037631479e-01
9.974811083839887349e-01
9.946576020371020732e-01
9.981783044316020481e-01
9.967637833032279016e-01
9.975238207159867754e-01
9.983712085416012183e-01
9.936692762606511575e-01
9.975707818747717726e-01
9.967408059839301115e-01
9.964561969624792237e-01
9.974988827774322608e-01
9.975473192830247582e-01
9.960892155460621122e-01
9.966439099251345191e-01
9.994814915497953756e-01
9.957845548128602120e-01
9.980987251389811243e-01
9.978152012061238807e-01
9.982879995900383330e-01
9.963393712779701206e-01
9.971270947813944963e-01
9.982319691994749888e-01
9.964656298693571612e-01
9.960668924783100397e-01
9.977920889907112567e-01
9.959822440955583556e-01
9.977302393522942126e-01
9.968300767955411423e-01
1.000491880688751500e+00
9.974634097794766729e-01
9.956841723069608241e-01
9.963915970724036564e-01
9.998033064574131101e-01
9.990619356683654306e-01
9.982141474738385201e-01
9.983256503964308415e-01
1.000068104963518723e+00
9.978708432731016043e-01
9.996334013666118290e-01
9.990797898737054927e-01
9.987209795724749650e-01
9.967112973880706273e-01
9.964001202779118049e-01
9.965206246572113624e-01
9.962239963196879433e-01
9.968447607196117000e-01
9.979476362214498852e-01
9.989779272135451693e-01
9.986363801330594425e-01
9.974551938852901367e-01
1.000017345557643544e+00
9.975101872602195607e-01
9.975488933730972674e-01
9.979024777362189846e-01
9.983036234742443948e-01
9.979413712712216222e-01
9.984394047910317704e-01
9.990224733715740157e-01
9.999827404027740174e-01
9.960478224889969256e-01
9.976184364064979437e-01
9.974201538336070483e-01
9.973824099575248070e-01
9.990329186636111025e-01
9.971931777867448776e-01
9.977044161553527690e-01
9.971525082488030822e-01
9.975460449103080718e-01
9.990002794652801388e-01
9.984205340459596512e-01
9.978770997162634826e-01
9.987871794906830747e-01
9.977208387070013451e-01
9.990195991898881411e-01
9.994150701918081969e-01
9.984837406504145640e-01
9.968767956306368028e-01
9.961204146761732936e-01
9.977142301500196986e-01
9.979662637230479749e-01
1.000507400764659049e+00
9.970111688755742829e-01
9.965615915780277057e-01
9.974888582215282185e-01
9.974908793996192236e-01
9.985155588294390983e-01
9.993864006974088054e-01
9.966722876471734160e-01
9.990224838298813470e-01
9.982533125668304752e-01
9.977974026572510313e-01
9.965324840179047294e-01
9.964007235614779079e-01
9.967779020480649343e-01
9.992051350369480778e-01
9.983244517638005799e-01
9.983442966472905189e-01
9.972247453359380787e-01
9.976704361556607559e-01
9.975635188235714157e-01
9.976087764634326005e-01
9.964115265843110913e-01
9.980015311321137617e-01
9.959796472259916378e-01
9.981791830430876145e-01
9.966646511847915280e-01
9.981753381447855400e-01
9.974426966859312182e-01
9.970686684077861850e-01
9.981425859114604338e-01
9.975328603508212266e-01
9.975135711535059180e-01
9.989349186978205841e-01
9.967430682580628032e-01
9.964791155870617034e-01
9.983122422752361835e-01
9.974432410228549761e-01
9.980358118073238138e-01
9.975910272228900588e-01
9.990687693089728150e-01
9.992140208044426597e-01
9.980141314849394485e-01
9.964667604194663575e-01
9.988688450234047833e-01
9.968281500047730948e-01
9.988227189390186389e-01
9.983383083596218954e-01
9.979603048778193930e-01
9.987550786710055473e-01
9.984274411218607703e-01
9.980148235827095426e-01
9.983129345529696552e-01
9.991600134761550178e-01
1.000056468222502826e+00
1.000110342467277480e+00
9.993763095117612627e-01
9.991297446384215242e-01
9.998090442108683584e-01
1.000040036175474656e+00
9.984707904247391852e-01
9.989859824989821835e-01
1.000491601253326923e+00
9.987922655600550703e-01
1.000037947941373018e+00
9.988155935070531788e-01
1.000181731304255361e+00
9.999919909096214310e-01
9.994454781036870017e-01
9.991979187621817804e-01
1.001213359872237696e+00
1.001085784935425771e+00
9.992968861289410754e-01
9.990979237352001219e-01
9.990842859823357847e-01
1.000052951782651744e+00
9.998860329419474446e-01
9.990574693782077187e-01
1.000508885559404426e+00
9.949199086505956524e-01
9.863051644923843675e-01
9.772797351027829871e-01
9.672691576842270544e-01
9.599129002225056384e-01
9.507360662247659189e-01
9.436941534699909706e-01
9.348354049254951059e-01
9.270225737233707131e-01
9.192120963207237594e-01
9.090515480200042076e-01
9.029010507713584044e-01
8.938859650702919435e-01
8.854527988444071962e-01
8.776400983574474957e-01
8.692306137123939624e-01
8.622576146625083870e-01
8.540458900766404460e-01
8.445417226861854365e-01
8.376150118426007873e-01
8.297454279154811152e-01
8.232537903208114738e-01
8.136229494226799863e-01
8.070874056956022224e-01
7.994071711745650566e-01
7.914311462795572405e-01
7.838378220522359552e-01
7.763423508533618955e-01
7.693025468619127949e-01
7.616786467800693572e-01
7.539714688906354878e-01
7.459903855435990883e-01
7.409658580890676749e-01
7.324882277017232823e-01
7.234437285133999973e-01
7.173592603920528887e-01
7.099608507408622371e-01
7.034639841871137556e-01
6.952788469622153134e-01
6.881283879801202152e-01
6.818668252012388686e-01
6.749630304914912005e-01
6.674892542250852046e-01
6.610546148841586200e-01
6.532230062876288601e-01
6.478205102342657895e-01
6.404163266629573359e-01
6.326171996362236483e-01
6.266714664612249575e-01
6.200101518502655340e-01
6.134815491662765075e-01
6.067484957569982962e-01
5.991701014911594569e-01
5.939470648966491684e-01
5.873604845489815984e-01
5.808576663562925457e-01
5.743320522962991337e-01
5.681299070586460775e-01
5.616102717507772679e-01
5.552196753375706617e-01
5.486557844622323987e-01
5.420455943040966007e-01
5.366515729006648971e-01
5.289162875628123928e-01
5.235458663359789933e-01
5.173732898260591240e-01
5.111808104740184211e-01
5.047985890718915680e-01
4.996469064553697992e-01
4.923593824338642344e-01
4.868351729268802774e-01
4.811364399444666984e-01
4.754588583883395114e-01
4.693568398866754254e-01
4.633125255556622690e-01
4.576276486994095838e-01
4.510137950995264378e-01
4.450676749985282843e-01
4.394083971640757036e-01
4.338056887988395727e-01
4.280879360387115362e-01
4.224464310600448691e-01
4.165732017571969203e-01
4.109467756653287229e-01
4.053576271764531835e-01
4.006373036267829035e-01
3.944593511911950734e-01
3.886551947277239183e-01
3.832348532092996196e-01
3.777421028440207107e-01
3.725559798641523979e-01
3.669465885958779205e-01
3.611561082071119699e-01
3.563219116104661133e-01
3.506045751828516521e-01
3.443789353840422396e-01
3.392919009931424923e-01
3.343385556361408995e-01
3.294668602495460785e-01
3.244289516198347045e-01
3.187901668134366373e-01
3.129468270816583297e-01
3.074465178355902939e-01
3.034727063080205900e-01
2.982457301919669290e-01
2.927239385539840977e-01
2.873854887003771119e-01
2.830257619845639727e-01
2.772873382488917349e-01
2.722852478180774471e-01
2.676892678725627528e-01
2.623528623623823108e-01
2.575325456774948951e-01
2.526572907783646293e-01
2.476651568386629698e-01
2.429092449428399414e-01
2.381426117245136476e-01
2.338247053906124528e-01
2.286353775463801363e-01
2.235469654954141128e-01
2.187183002654065622e-01
2.139739145817088906e-01
2.090935790261323479e-01
2.041145773873109248e-01
1.994765765977264127e-01
1.950707246423029617e-01
1.902780117695531126e-01
1.854686161839236846e-01
1.810992275290785603e-01
1.765668483010507384e-01
1.721671274004699659e-01
1.674042970453800405e-01
1.626632622492951430e-01
1.579135986571210126e-01
1.537641592505325783e-01
1.493424774439914282e-01
1.447167896501230788e-01
1.400055799926896438e-01
1.354218223188067838e-01
1.317090629096517584e-01
1.266515141751439200e-01
1.225842089562612647e-01
1.186406425323125458e-01
1.137603971948208809e-01
1.107112444513089350e-01
1.075211529585974185e-01
1.041856195098086330e-01
1.013190812243312811e-01
9.796402333972246967e-02
9.484214623942352484e-02
9.180491728686876463e-02
8.941177456334115092e-02
8.667073901339782116e-02
8.396390914188198162e-02
8.153022327818806869e-02
7.910351468266760278e-02
7.695806773489251296e-02
7.465240359746064258e-02
7.214643801727385619e-02
7.016360412250544076e-02
6.803175169802024025e-02
6.595926962655980497e-02
6.378793573961843988e-02
6.172921209438213958e-02
6.003523020766182716e-02
5.815337789174616911e-02
5.626487052860821431e-02
5.447360041868373054e-02
5.253362800389627801e-02
5.098829312606106834e-02
4.943968846996856653e-02
4.785164477488908219e-02
4.606120207830417118e-02
4.476846928201974607e-02
4.346111661254146302e-02
4.178670323042998902e-02
4.042434759827003010e-02
3.907297951321010016e-02
3.790832702334494958e-02
3.641029295895973489e-02
3.513952342750327473e-02
3.398526332376430870e-02
3.275992301048246541e-02
3.156353141988452876e-02
3.025895977287421448e-02
2.926828756282587318e-02
2.806744330117074207e-02
2.722196566990974648e-02
2.611898027579048764e-02
2.515435313273567397e-02
2.404893554730332117e-02
2.311290065640811062e-02
2.233620919390763571e-02
2.124023111634385647e-02
2.050235928428549223e-02
1.964138893770203675e-02
1.886088311812593107e-02
1.794095113341853329e-02
1.712454640695377020e-02
1.639077973873786370e-02
1.571753052621870442e-02
1.498312055058847840e-02
1.430069546296764728e-02
1.359027921074180967e-02
1.296685588636418626e-02
1.230042832704786662e-02
1.168029110007407119e-02
1.117375463561123654e-02
1.049347834087935132e-02
1.002839734218750715e-02
9.503729269163315591e-03
8.938062470944859589e-03
8.426588108551876302e-03
7.994101414400633585e-03
7.498308346642368859e-03
7.056627254910467946e-03
6.530214601186639864e-03
6.217427017720905669e-03
5.821287553763111397e-03
5.432459478096775436e-03
5.045638677181810486e-03
4.725054064487450335e-03
4.320482829396281310e-03
4.003240486516349700e-03
3.643639205403543732e-03
3.465815479026642700e-03
3.154592644797034242e-03
2.865953381912995229e-03
2.624182945306963860e-03
2.317704595823785567e-03
2.133466943005327132e-03
1.900372652027895000e-03
1.742555034183098641e-03
1.528996901197074562e-03
1.329364061034559114e-03
1.160671036889854074e-03
9.857102997784684267e-04
8.751634328657124408e-04
7.365518279870978324e-04
6.220400468748045215e-04
5.233955471788042865e-04
4.185673868148117411e-04
3.309786178107594753e-04
2.584783867455572653e-04
1.880014620916142451e-04
1.282531961839889964e-04
8.999461592101557124e-05
5.112767041897805722e-05
2.936386486248870667e-05
7.961755220355850747e-06
2.144580537591740386e-06
0.000000000000000000e+00
0.000000000000000000e+00
0.000000000000000000e+00
0.000000000000000000e+00
0.000000000000000000e+00
0.000000000000000000e+00
0.000000000000000000e+00
0.000000000000000000e+00
0.000000000000000000e+00
0.000000000000000000e+00
0.000000000000000000e+00
0.000000000000000000e+00
0.000000000000000000e+00
0.000000000000000000e+00
0.000000000000000000e+00
0.000000000000000000e+00
0.000000000000000000e+00
0.000000000000000000e+00
0.000000000000000000e+00
0.000000000000000000e+00
0.000000000000000000e+00
0.000000000000000000e+00
0.000000000000000000e+00
0.000000000000000000e+00
0.000000000000000000e+00
0.000000000000000000e+00
0.000000000000000000e+00
0.000000000000000000e+00
0.000000000000000000e+00
0.000000000000000000e+00
0.000000000000000000e+00
0.000000000000000000e+00
0.000000000000000000e+00
0.000000000000000000e+00
0.000000000000000000e+00
0.000000000000000000e+00
0.000000000000000000e+00
0.000000000000000000e+00
0.000000000000000000e+00
0.000000000000000000e+00
0.000000000000000000e+00
0.000000000000000000e+00
0.000000000000000000e+00
0.000000000000000000e+00
0.000000000000000000e+00
0.000000000000000000e+00
0.000000000000000000e+00
0.000000000000000000e+00
0.000000000000000000e+00
0.000000000000000000e+00
0.000000000000000000e+00
0.000000000000000000e+00
0.000000000000000000e+00
0.000000000000000000e+00
0.000000000000000000e+00
0.000000000000000000e+00
