0.000000000000000000e+00
0.000000000000000000e+00
0.000000000000000000e+00
0.000000000000000000e+00
0.000000000000000000e+00
0.000000000000000000e+00
0.000000000000000000e+00
0.000000000000000000e+00
0.000000000000000000e+00
0.000000000000000000e+00
0.000000000000000000e+00
0.000000000000000000e+00
0.000000000000000000e+00
0.000000000000000000e+00
0.000000000000000000e+00
0.000000000000000000e+00
0.000000000000000000e+00
0.000000000000000000e+00
0.000000000000000000e+00
0.000000000000000000e+00
0.000000000000000000e+00
0.000000000000000000e+00
0.000000000000000000e+00
0.000000000000000000e+00
0.000000000000000000e+00
0.000000000000000000e+00
0.000000000000000000e+00
0.000000000000000000e+00
0.000000000000000000e+00
0.000000000000000000e+00
0.000000000000000000e+00
4.567344100347194187e-03
5.756585477185535010e-02
2.311931389636174283e-01
5.479154044668067547e-01
8.904627619531971794e-01
1.158595427853814197e+00
1.312591779337951792e+00
1.382171427922855411e+00
1.394603362606404495e+00
1.386914409870138698e+00
1.357856285572785815e+00
1.339708924701353165e+00
1.313951926362879608e+00
1.272728911187098300e+00
1.247867838806626217e+00
1.208574166917003812e+00
1.194012932702656959e+00
1.182310080612059444e+00
1.176857662877058841e+00
1.185863337809116569e+00
1.159824790417956830e+00
1.115103916279285734e+00
1.064941327209466548e+00
1.023575701067295229e+00
9.913148945376045740e-01
9.681538673700990083e-01
9.585560287895318332e-01
9.650233931550591393e-01
9.667415501828366953e-01
9.697390179136876620e-01
9.762459121505148163e-01
9.755971909493078575e-01
9.897349525657826996e-01
9.898057745698785048e-01
1.007000061923240875e+00
1.008132910586438724e+00
1.003717131464906265e+00
1.014775218164544190e+00
1.010539265138524989e+00
1.011817635699805207e+00
1.016545242486033285e+00
1.014506780395158625e+00
1.017613438572131157e+00
1.021862854709546520e+00
1.014585734789861249e+00
1.012835990747851689e+00
1.006486656174875760e+00
1.013086934043729626e+00
1.013911439823987237e+00
1.007726635089512879e+00
1.007622421015672121e+00
1.008581108474286614e+00
1.000949545120355832e+00
9.986630212752801716e-01
9.934810448812965156e-01
9.915312561030108496e-01
9.906241121572377795e-01
9.934298518608697393e-01
9.906769677429940746e-01
9.865481814121901394e-01
9.864674513865274719e-01
9.907327078334640102e-01
9.915320309718002045e-01
9.864085063665255504e-01
9.922884102865581202e-01
9.905108186101172496e-01
9.958677471797561243e-01
9.991223652020325696e-01
9.999168753006169030e-01
9.997641123808657104e-01
1.003038001273591107e+00
1.002967516145064408e+00
1.001746408563013890e+00
1.002428721882357543e+00
1.001106796439007462e+00
1.008035681680534923e+00
1.007161439716221407e+00
1.005949108316581464e+00
1.002653572769462098e+00
1.001316436462361903e+00
1.003000969491930849e+00
1.002629357796535947e+00
1.001745651167154305e+00
9.999215567310352215e-01
1.001600162565664309e+00
9.965956231202733884e-01
1.002142441900370162e+00
9.996092149425158668e-01
1.000447805029575976e+00
1.000096141132525096e+00
9.999377200677981303e-01
9.991075111245235618e-01
9.961324895731408224e-01
9.955117016510008909e-01
9.956090446887938539e-01
9.946112013415246977e-01
9.958454163485913613e-01
9.996199597669606085e-01
9.991552704882435965e-01
9.998603782262679429e-01
9.970911469936861726e-01
9.975182853967018426e-01
9.973969378410780795e-01
9.971146204136912550e-01
9.941235319306871432e-01
9.964358781304224477e-01
9.997706694050076948e-01
9.998418921031699824e-01
1.004252854490955915e+00
9.970072655805003459e-01
1.000953505608870531e+00
9.981328727111913324e-01
9.995999541185075499e-01
9.993391715803122688e-01
1.001956227240201169e+00
1.000192467650085737e+00
9.979710970068091935e-01
9.980273908006549455e-01
9.961238727582398811e-01
9.960169019706176519e-01
9.973135313399853485e-01
9.940602042954865825e-01
9.979238522615900830e-01
9.946488314840430389e-01
9.958550268253327786e-01
9.956755033750646078e-01
9.982643965935620312e-01
9.985920808881697530e-01
9.979482567883998234e-01
9.933223216477717887e-01
9.950737925978297982e-01
1.000706212808196272e+00
9.990680967347388419e-01
9.999220343179840986e-01
9.990442740939485811e-01
9.998075222532141204e-01
9.973878165123971629e-01
9.982220902295353415e-01
9.995299594893295447e-01
9.985220524558298116e-01
9.980705931787602347e-01
9.982250279675628502e-01
9.975919123155554402e-01
9.978578199101350021e-01
9.957916719122674731e-01
9.985020217716300550e-01
9.990455194930887295e-01
9.979589600419248585e-01
9.995587777388070805e-01
1.000925185433925169e+00
9.986007705589657890e-01
9.996350393157084069e-01
9.999481568810660859e-01
9.960061171553321602e-01
1.000647761851999773e+00
9.994059253991017799e-01
9.995667373681434986e-01
9.990938949885872500e-01
9.968630559768124622e-01
9.965159697356190671e-01
9.994648536076075063e-01
1.001002360673434843e+00
1.000875100686992702e+00
1.000873247026919266e+00
1.000856608901032230e+00
1.001040834123397394e+00
1.000579363800915500e+00
9.992711697207553589e-01
9.986069355779656487e-01
1.000982224863587122e+00
1.001250138081206664e+00
9.997968281727518391e-01
9.985443710318426813e-01
1.000570398795591842e+00
1.002164570644080488e+00
9.995446713009957795e-01
1.000151468383202902e+00
1.001684165026660800e+00
9.995691295409273591e-01
9.999055463282907619e-01
9.980766915962037134e-01
1.000737803289451611e+00
9.994275473203280136e-01
1.000065018640511783e+00
9.981378347348014435e-01
1.001806987387564352e+00
9.988245243338194079e-01
9.987057253644822108e-01
9.990650098812211555e-01
9.989261523414894040e-01
9.995081175665657680e-01
1.000962422381542316e+00
9.969249024908001244e-01
9.986852300377155878e-01
9.984068875643629104e-01
1.001319125422238887e+00
9.988349185905789351e-01
9.990004282094782084e-01
1.001715262685401120e+00
9.985972897281222282e-01
9.979313207950196718e-01
9.985058905770929361e-01
1.000634244711598564e+00
1.001423528554097775e+00
9.982052826029911285e-01
9.991206366030576103e-01
1.000320010713077634e+00
9.986701051968173148e-01
9.992765997653884069e-01
9.993644223894014855e-01
9.992054092435489476e-01
1.001867977612878269e+00
9.981481368184338399e-01
1.000094983694686190e+00
9.994791596966577929e-01
1.001454807444976947e+00
9.967734895754537527e-01
9.976371356983506633e-01
1.000633114200292662e+00
1.000192155477827249e+00
1.001660039665271951e+00
9.988222619772656463e-01
1.000416611673417444e+00
9.990627949862788126e-01
1.001188273209725921e+00
1.001594682443713191e+00
1.002208389179072734e+00
1.000130622232764832e+00
1.000948040037334286e+00
1.001510842442039140e+00
1.001245950051904421e+00
9.998630531049828019e-01
1.001560953661767783e+00
1.002021249621369403e+00
1.000924507592878321e+00
1.001440084225990734e+00
1.000830553978975024e+00
1.000893857302064927e+00
1.000099747564840769e+00
1.001192657424748278e+00
1.001092558739296923e+00
9.992304796563207248e-01
1.000773006782826657e+00
1.001354298936930620e+00
1.000358179018490112e+00
1.000137724486568347e+00
9.987202724055154190e-01
1.001000161850893244e+00
9.995571558111862043e-01
1.000262687786534155e+00
9.995517060905211304e-01
9.986458663083284115e-01
1.001241111006614393e+00
1.000208315663503100e+00
1.001075406603798124e+00
9.997443022133246648e-01
1.001004738099493085e+00
9.993793952305032313e-01
1.000173492619897297e+00
1.001077102960818976e+00
9.999268069202829068e-01
1.001044962572513519e+00
1.002129951033414290e+00
1.001651218904537011e+00
1.000410306924700343e+00
9.985901993068948546e-01
1.002433933190176818e+00
1.000328745740481695e+00
1.002320314640776200e+00
9.997209126069087626e-01
9.994814295315064268e-01
1.000686049792668397e+00
9.997660338313751893e-01
1.000865903939097246e+00
1.001206395448075437e+00
9.989761738816018699e-01
1.002148549631300067e+00
1.001512576604611793e+00
1.000008271400234738e+00
9.998635009932076434e-01
9.992912669876991005e-01
9.983245249727026316e-01
9.988930912568092513e-01
9.989431857819236482e-01
9.989141426111313171e-01
9.994175141454400002e-01
9.994473760957144348e-01
9.983573148516461382e-01
1.001020465392528314e+00
1.000125420795113573e+00
9.985994707578408347e-01
9.991757964373210177e-01
9.990257699944684600e-01
9.999152913535874765e-01
1.000563289622648400e+00
9.990460359575291660e-01
9.987745042766591475e-01
9.999290611153279773e-01
9.984497814583446207e-01
9.997722509629267673e-01
1.000835839480762601e+00
1.000703606517874711e+00
9.996475899357432082e-01
1.000038466731997477e+00
1.000745831771952865e+00
9.983090497263887864e-01
9.992530798337853071e-01
1.001135011324994606e+00
9.993198128781457523e-01
9.993368349966824660e-01
9.985696180219606477e-01
9.982392759040947805e-01
9.935053512635839690e-01
9.838340511138614630e-01
9.754482283153769195e-01
9.677517130077539775e-01
9.587819552918621646e-01
9.488448397846510618e-01
9.409814075622376928e-01
9.336237887873010122e-01
9.230709413055961932e-01
9.178745276375532836e-01
9.092244630064979516e-01
9.003567125054613429e-01
8.933015927587641958e-01
8.852313982791110147e-01
8.760866373139896135e-01
8.688678813118336786e-01
8.601516991242381671e-01
8.518023711768294426e-01
8.449188396709478299e-01
8.357142964387370698e-01
8.268427963225890576e-01
8.209840108970918315e-01
8.130858389240671613e-01
8.046654144938891751e-01
7.965168792561544420e-01
7.894566998955414583e-01
7.821884141379521482e-01
7.751548293656798094e-01
7.668812431733817991e-01
7.597876164522697762e-01
7.524242232919702289e-01
7.434292558111939009e-01
7.386642873517248464e-01
7.308773843597411446e-01
7.229149712953742979e-01
7.165275456156436906e-01
7.084024746411754503e-01
7.004957667712731206e-01
6.942923459949301712e-01
6.884910944575467484e-01
6.801861018476759169e-01
6.730734812748638829e-01
6.661575707823449433e-01
6.598300321897961895e-01
6.527131962041072821e-01
6.464060140202542160e-01
6.381941281452347958e-01
6.318287129388244772e-01
6.255726571452198126e-01
6.179540324967253140e-01
6.125009367083534828e-01
6.054055365274074729e-01
5.997184298556258453e-01
5.925837184096590660e-01
5.851583901182723091e-01
5.803339752768161830e-01
5.723916692082260393e-01
5.662035465464867467e-01
5.597325063412892376e-01
5.542489147221096868e-01
5.467615625254232947e-01
5.404272351946798336e-01
5.336796202253021315e-01
5.285318826762503974e-01
5.226580419865832772e-01
5.151703768585160770e-01
5.089594800894453597e-01
5.033919474780591541e-01
4.974990731732324978e-01
4.919246062261437014e-01
4.853135776593513473e-01
4.792538462236600738e-01
4.742535618735536640e-01
4.670222238210047783e-01
4.609597319725277642e-01
4.562354865097033030e-01
4.501628145054588082e-01
4.448467158672345656e-01
4.384742929425205493e-01
4.327847084893071128e-01
4.272930058347731430e-01
4.213958766091704389e-01
4.154734642083223184e-01
4.098626880696030761e-01
4.036264865963140602e-01
3.983745621928005964e-01
3.935757879885539712e-01
3.874689429883859115e-01
3.822619287830767987e-01
3.767927709534912295e-01
3.716485156645515375e-01
3.654160326496136979e-01
3.597239112899693336e-01
3.557218043159875442e-01
3.490589909656463541e-01
3.443129552103211255e-01
3.389263839768159037e-01
3.342652187179520618e-01
3.288021996930526880e-01
3.230911270174959271e-01
3.183963406363718440e-01
3.129005282873531524e-01
3.073446083607687118e-01
3.023138200297164624e-01
2.972464200756582686e-01
2.924599953744619896e-01
2.870058287546604081e-01
2.827669891242961531e-01
2.772992479785302833e-01
2.724573368961368258e-01
2.667426604305704885e-01
2.622311360876422026e-01
2.568955733299960187e-01
2.520395373251632654e-01
2.465810541164664416e-01
2.418666346761357278e-01
2.373704728616366222e-01
2.327015884669942081e-01
2.278875329894737567e-01
2.228120168881368157e-01
2.189131547486715679e-01
2.140052533849071681e-01
2.087944344677777064e-01
2.040362174192956179e-01
1.993478645199698862e-01
1.949481812390609914e-01
1.897352954994169227e-01
1.856206931739065868e-01
1.805528522981966477e-01
1.760594452300273394e-01
1.719921657882423072e-01
1.670255435339924599e-01
1.626163138904420935e-01
1.583670149181372055e-01
1.535101178271404132e-01
1.488840783329139772e-01
1.443488063448908898e-01
1.402301399391103764e-01
1.357335494299736767e-01
1.308417716716917811e-01
1.269143810115802573e-01
1.224348479411286883e-01
1.186503194878907180e-01
1.144171054915451707e-01
1.107471276331679216e-01
1.076911933816463995e-01
1.041889178981311170e-01
1.005924575186633169e-01
9.803657223920558828e-02
9.494282762789633956e-02
9.222040533816273922e-02
8.944692002716628232e-02
8.670551099710772924e-02
8.384815921152051488e-02
8.157737116057006688e-02
7.898578544927049860e-02
7.679545369185471204e-02
7.430082642547548855e-02
7.209187664669171325e-02
7.008717622471440090e-02
6.783888236515980830e-02
6.581589499381020059e-02
6.393341410251197898e-02
6.198341501376214424e-02
5.993242406433751945e-02
5.806914073756605510e-02
5.596102645677012571e-02
5.465476101191839298e-02
5.281951924306008822e-02
5.129496978711751975e-02
4.926937739443431469e-02
4.793315992441625484e-02
4.640084291000701883e-02
4.480668397925240132e-02
4.335818743101994138e-02
4.199694731990376295e-02
4.042949628937235473e-02
3.901262319608501256e-02
3.767797073159327714e-02
3.651925560330752246e-02
3.523790772579227931e-02
3.392761490012791842e-02
3.277720577952932673e-02
3.154780977637289263e-02
3.040458981927619125e-02
2.940068401997240899e-02
2.817593493640865171e-02
2.707266679648021382e-02
2.603231166644606048e-02
2.519457634325376200e-02
2.412168456472096184e-02
2.308255000029934070e-02
2.226753428332109777e-02
2.141066492105033955e-02
2.047477469722694399e-02
1.963320832331800006e-02
1.884522900866368936e-02
1.790676494670695104e-02
1.722498589783004463e-02
1.637999042144310663e-02
1.577763586346433988e-02
1.496531741446910022e-02
1.426622332332029564e-02
1.373907088962163063e-02
1.295686640690473998e-02
1.234975048408577455e-02
1.157409692446186716e-02
1.121028906520060535e-02
1.055548171803381494e-02
1.004440995614151212e-02
9.546082304155911399e-03
8.995511883265003977e-03
8.485070124921978083e-03
7.935062855163939333e-03
7.557128312255609152e-03
7.108711362518513668e-03
6.660794729397411656e-03
6.194145894818215911e-03
5.878603769547314367e-03
5.460457562504563052e-03
5.059513496071820632e-03
4.713762000241772561e-03
4.339714576548403362e-03
4.019824843024451429e-03
3.727023360909633657e-03
3.389743672718156971e-03
3.109773920136831449e-03
2.838939421796223776e-03
2.614385525409513092e-03
2.317400222346712065e-03
2.134547263377120987e-03
1.877653874758600802e-03
1.750025974987425102e-03
1.538721415930087303e-03
1.347894578288108026e-03
1.194717213569190849e-03
1.056084503531084335e-03
8.926203053387906034e-04
7.512723131644094294e-04
6.117793646767707809e-04
5.138386758081570169e-04
4.333681561472467730e-04
3.276627907961057306e-04
2.481489073083689625e-04
1.895274446154604866e-04
1.317388783860360584e-04
9.064386050658571157e-05
5.459221240650366275e-05
2.482894696310482773e-05
6.240095657570570288e-06
1.286707294006206306e-06
0.000000000000000000e+00
0.000000000000000000e+00
0.000000000000000000e+00
0.000000000000000000e+00
0.000000000000000000e+00
0.000000000000000000e+00
0.000000000000000000e+00
0.000000000000000000e+00
0.000000000000000000e+00
0.000000000000000000e+00
0.000000000000000000e+00
0.000000000000000000e+00
0.000000000000000000e+00
0.000000000000000000e+00
0.000000000000000000e+00
0.000000000000000000e+00
0.000000000000000000e+00
0.000000000000000000e+00
0.000000000000000000e+00
0.000000000000000000e+00
0.000000000000000000e+00
0.000000000000000000e+00
0.000000000000000000e+00
0.000000000000000000e+00
0.000000000000000000e+00
0.000000000000000000e+00
0.000000000000000000e+00
0.000000000000000000e+00
0.000000000000000000e+00
0.000000000000000000e+00
0.000000000000000000e+00
0.000000000000000000e+00
0.000000000000000000e+00
0.000000000000000000e+00
0.000000000000000000e+00
0.000000000000000000e+00
0.000000000000000000e+00
0.000000000000000000e+00
0.000000000000000000e+00
0.000000000000000000e+00
0.000000000000000000e+00
0.000000000000000000e+00
0.000000000000000000e+00
0.000000000000000000e+00
0.000000000000000000e+00
0.000000000000000000e+00
0.000000000000000000e+00
0.000000000000000000e+00
0.000000000000000000e+00
0.000000000000000000e+00
0.000000000000000000e+00
0.000000000000000000e+00
0.000000000000000000e+00
0.000000000000000000e+00
0.000000000000000000e+00
0.000000000000000000e+00
