0.000000000000000000e+00
0.000000000000000000e+00
0.000000000000000000e+00
0.000000000000000000e+00
0.000000000000000000e+00
0.000000000000000000e+00
0.000000000000000000e+00
0.000000000000000000e+00
0.000000000000000000e+00
0.000000000000000000e+00
0.000000000000000000e+00
0.000000000000000000e+00
0.000000000000000000e+00
0.000000000000000000e+00
0.000000000000000000e+00
0.000000000000000000e+00
0.000000000000000000e+00
0.000000000000000000e+00
0.000000000000000000e+00
0.000000000000000000e+00
0.000000000000000000e+00
0.000000000000000000e+00
0.000000000000000000e+00
0.000000000000000000e+00
0.000000000000000000e+00
0.000000000000000000e+00
0.000000000000000000e+00
0.000000000000000000e+00
0.000000000000000000e+00
0.000000000000000000e+00
2.435590214729694430e-04
4.262378324951199456e-03
4.876463049657956544e-02
2.282735167343973581e-01
5.463947796439218019e-01
8.962962542442868275e-01
1.152626911068824311e+00
1.296064435534824089e+00
1.382424666376474320e+00
1.403451201765870682e+00
1.387081809139010913e+00
1.364151076211761904e+00
1.329147544321308771e+00
1.316678954610871033e+00
1.265759644758736924e+00
1.242000740928941305e+00
1.204806444288065270e+00
1.172154399185012297e+00
1.173797644420795594e+00
1.176325486893710970e+00
1.154871130665557910e+00
1.145086561457283159e+00
1.112841963966590297e+00
1.069361053624901636e+00
1.012705218845929345e+00
9.809792435827595636e-01
9.660819492434290501e-01
9.597510725906789331e-01
9.483190764565618824e-01
9.610653239458409880e-01
9.615831122905398320e-01
9.738004614677319148e-01
9.828743222189714190e-01
9.864775592200298870e-01
1.000715224525517977e+00
9.936135767971632227e-01
1.002367051901579931e+00
1.007434302480728627e+00
1.007643771899412011e+00
1.002592411211594703e+00
1.006051613979662918e+00
1.007907010299832429e+00
1.017799006033269116e+00
1.014633651508292100e+00
1.010494682751878370e+00
1.017718694184289729e+00
1.007754035576555962e+00
1.013303120544326363e+00
1.009897318796531884e+00
1.012113181053353905e+00
1.013033793971024554e+00
1.008658344609499657e+00
1.002054341532321091e+00
1.001877692430235278e+00
9.947857051236860260e-01
9.894439114888010645e-01
9.903807674916479398e-01
9.835783047312063321e-01
9.808596052583224978e-01
9.798076864315951040e-01
9.817532616875109808e-01
9.850220905800269877e-01
9.757831460261926493e-01
9.819349821959484359e-01
9.863152381801458812e-01
9.797387044267507061e-01
9.898973078873722908e-01
9.916646942896940597e-01
9.952585059624681207e-01
9.963568420636372824e-01
9.935429055392873687e-01
9.956312332886118055e-01
9.951416522815041965e-01
9.953029067468004421e-01
9.974959563346367242e-01
9.984705817458721100e-01
9.984337859792634662e-01
1.001401971185879258e+00
1.003116391510348926e+00
1.005023487281736294e+00
9.972085777617893942e-01
9.988852989173157004e-01
9.939356780396930713e-01
1.002343188963319420e+00
1.001613097914850536e+00
9.999765801899673789e-01
9.989106519526385064e-01
9.990434965249664900e-01
1.000998231146515094e+00
9.988762567771937162e-01
9.931962153639639634e-01
9.972268817129620322e-01
9.953518489266797165e-01
9.942830492327991987e-01
9.978222934840053071e-01
9.945771017690777649e-01
9.939856258951750290e-01
9.943821311066789459e-01
9.941016214839958343e-01
9.955306928861127336e-01
9.947991775599881459e-01
9.955383787990951250e-01
9.974068607651418450e-01
1.000730989293306283e+00
9.977672984161504166e-01
9.977477980821044534e-01
9.974717786313043177e-01
9.982847212364869272e-01
9.982300219841920841e-01
9.999023559613319234e-01
9.974545224569507651e-01
1.001543346085582709e+00
9.991446825864964687e-01
9.973792617392159832e-01
1.002765259627048655e+00
1.001608835687814558e+00
9.975785892876876115e-01
1.000369624218749864e+00
9.995804839203493719e-01
9.993852291130694843e-01
9.978530658137493292e-01
9.973699577584014264e-01
9.983790736059415805e-01
9.969084157774682486e-01
9.955945680774505036e-01
9.956813154290080625e-01
9.984785103585253063e-01
9.972546722033440725e-01
9.964812121280601787e-01
9.956160306648427216e-01
9.947536193865660348e-01
9.982088817268974790e-01
9.979600844949521044e-01
9.951252147802920334e-01
9.978648862099276373e-01
1.001033936142957215e+00
9.977341795322500762e-01
9.993816259732141161e-01
9.939260328997523430e-01
9.970128288953633566e-01
9.973868273588119004e-01
1.000208659567659364e+00
1.001131557412346051e+00
1.000659534169613840e+00
9.980588933462417600e-01
9.986501243860930188e-01
9.993312122686359711e-01
9.988859781232835022e-01
9.990848986150185906e-01
9.986758889620974688e-01
9.986481060485045136e-01
1.000410595911956912e+00
9.979790420968844833e-01
9.995089684544116171e-01
9.994960533243132383e-01
9.989314495116411452e-01
9.981390439315869223e-01
1.000383198769312809e+00
9.978152962169850593e-01
9.987161907584369835e-01
9.968937579539944860e-01
9.968157836340628686e-01
1.001542789345684081e+00
9.967348628778383013e-01
1.000725509641584576e+00
9.989820564683965509e-01
9.997690368368370439e-01
1.000430806374387416e+00
9.976221949595073246e-01
9.984840029512900283e-01
9.988205889716764707e-01
9.960207577757898001e-01
9.955795107963690826e-01
9.987976040767935215e-01
9.967309092314351471e-01
9.973094366185598636e-01
9.997890421616205670e-01
9.978574976950181918e-01
9.983093718994853205e-01
9.987828876336509731e-01
9.978608651342373292e-01
1.000087643861176101e+00
9.982475227668808904e-01
9.981129205331741305e-01
9.962416619800695816e-01
9.992087305775076977e-01
9.988380608771100233e-01
9.977773329760321053e-01
9.994706191558203612e-01
9.969515112562435943e-01
9.989124392264568941e-01
9.967054639790579040e-01
9.988977546270160213e-01
9.996395630900963836e-01
9.995327843798943457e-01
9.996737651191701657e-01
1.000195833804055967e+00
1.000899230643815807e+00
9.971804034793193550e-01
9.997118956776382959e-01
9.979099944590194005e-01
9.992757086496349972e-01
9.982839726633526700e-01
9.972115800178615874e-01
9.988640538888555742e-01
9.998642261704208112e-01
1.002879245353866855e+00
9.988263834377700823e-01
9.997310302981655683e-01
9.985711155146870244e-01
9.993794582521815517e-01
9.992673329053636255e-01
9.972311556131154830e-01
9.982926884609369944e-01
9.991923421520645388e-01
9.993512245230543600e-01
9.969748804144226151e-01
1.000194753930084834e+00
9.990179011252723340e-01
9.992837423850072787e-01
9.971783966696576851e-01
1.000320605442883704e+00
9.968839270818337095e-01
1.000135613733131867e+00
9.970749013683782858e-01
9.995190957448166769e-01
9.978631220442569782e-01
9.976151729312056071e-01
9.998301430107539023e-01
1.000822772839089714e+00
9.999197594305075931e-01
9.996827562264559708e-01
9.991627442839680073e-01
9.987936920345785730e-01
9.975886951337790132e-01
9.999994343396142460e-01
9.997861851644586073e-01
9.999841055957527924e-01
9.998726613905024596e-01
1.000266735436282417e+00
9.991319270778472594e-01
1.002133481617451416e+00
9.990852975842718919e-01
9.999533960004832744e-01
9.997789576141928869e-01
9.994841710163120396e-01
1.000838094375106291e+00
9.984968985391631247e-01
1.000093725819065860e+00
9.987851473802618063e-01
1.001809775957246407e+00
9.987728446512914582e-01
9.983923526322233677e-01
9.994546258623496771e-01
9.990467844759671756e-01
9.989879980033059548e-01
9.992130277555373308e-01
9.993422259274009622e-01
1.000226952317988749e+00
1.000277159583765840e+00
9.989649290422910610e-01
1.001631098725747071e+00
9.994058751797162410e-01
9.997514604367486735e-01
9.991122335637695473e-01
9.992735577204260311e-01
9.991917539495783762e-01
9.987761268869482789e-01
9.983656717794574531e-01
1.000403883632042135e+00
1.001187594771511646e+00
1.000728300098517876e+00
9.992272001240516399e-01
1.000024169531486429e+00
9.987778759544151397e-01
9.986740027969347455e-01
9.995005564869775538e-01
9.998247669116940850e-01
9.993420639293240093e-01
9.985387773683708224e-01
9.999649062601880800e-01
9.975652343640815101e-01
9.992579145015558773e-01
9.992356988756447844e-01
9.999770388111831609e-01
9.993010880747825730e-01
9.998751505278271612e-01
1.000625965210832913e+00
9.999158546408957182e-01
1.000128043484395102e+00
9.992100210024600360e-01
9.988540230292178856e-01
9.997301205184438988e-01
1.000546000515341705e+00
1.000377427041749145e+00
1.001212885588842916e+00
9.995458972670974163e-01
1.000133317660811372e+00
9.993806150431022717e-01
9.986179166896795856e-01
9.994019618340372890e-01
1.000908243984289347e+00
1.000642381723340746e+00
1.000371212408289301e+00
1.000111721326627956e+00
1.000150911424997791e+00
9.996276679336820736e-01
1.000030004471765155e+00
9.996593397067277120e-01
9.997927166428695056e-01
1.000312492087110705e+00
1.000513066808654816e+00
9.991199787406641608e-01
9.937112389255396971e-01
9.855589495489374130e-01
9.770552592404730952e-01
9.681059966222578250e-01
9.594460712279110348e-01
9.504677146716283831e-01
9.432655614859237758e-01
9.347134740909333050e-01
9.253697198738728424e-01
9.173939109211752818e-01
9.084640777037998882e-01
9.008337210297813202e-01
8.925198983249164053e-01
8.830477288731427565e-01
8.774987181648714607e-01
8.690358720895328126e-01
8.609410116484476072e-01
8.516554982531533424e-01
8.449406324805096569e-01
8.377758137048998410e-01
8.293416199151041335e-01
8.217734718278210115e-01
8.135903692013921606e-01
8.061882277292732324e-01
7.974362359953549584e-01
7.907635149100791239e-01
7.841545690005061742e-01
7.745004050058094114e-01
7.683202823919332847e-01
7.594137032439288726e-01
7.529758116605688167e-01
7.451083149722182997e-01
7.379646795464031017e-01
7.306081866986973150e-01
7.236859529373771416e-01
7.159941014206420151e-01
7.101017287100696018e-01
7.018735550935504275e-01
6.952381774432724315e-01
6.876109067726410284e-01
6.808891932044901507e-01
6.739654151961873563e-01
6.666508686661795080e-01
6.589655418029316536e-01
6.535784033383267300e-01
6.466340644590513609e-01
6.388751056726232891e-01
6.326818942035271620e-01
6.257210834313366998e-01
6.182581070932322564e-01
6.125686123047345832e-01
6.049598481066762456e-01
6.000106939231986125e-01
5.932314526116825304e-01
5.862025137836880395e-01
5.786800877983333535e-01
5.732074979414413241e-01
5.670090862418617483e-01
5.603465604798385513e-01
5.535142507203553164e-01
5.477827915592222707e-01
5.419663805160422898e-01
5.347587251005643250e-01
5.293253146131203790e-01
5.229667222985553421e-01
5.164697969756327778e-01
5.095214995481416320e-01
5.044217641787578366e-01
4.987415014639957067e-01
4.927068301561212671e-01
4.858217068951777851e-01
4.798425898525066624e-01
4.740242738792662669e-01
4.679449236934822287e-01
4.635289591435978740e-01
4.560219424249736808e-01
4.504232696422744708e-01
4.454322107823922017e-01
4.381166670249851403e-01
4.333477801836120857e-01
4.274158334148139282e-01
4.223203877539566942e-01
4.158692645724978432e-01
4.115292926995180456e-01
4.068603999500139956e-01
3.997114023891885637e-01
3.949947699563089443e-01
3.889441728149105049e-01
3.828037822058295570e-01
3.778748172258721838e-01
3.720599693657539175e-01
3.670463297438992245e-01
3.608322540459166783e-01
3.557891022702744377e-01
3.497890902882994091e-01
3.450895748714485345e-01
3.385088408070409116e-01
3.346077894766034677e-01
3.293048572743463298e-01
3.237698135876966865e-01
3.182444224036034552e-01
3.129940216942925235e-01
3.078601901595699464e-01
3.025842753777832628e-01
2.970118091824168749e-01
2.924430975646975517e-01
2.872806755009681412e-01
2.822947639742179327e-01
2.768884952085375883e-01
2.718164077820819369e-01
2.670389865264811702e-01
2.620702140174894779e-01
2.566182408743411525e-01
2.524927084520416365e-01
2.476187703404524598e-01
2.425409478759306403e-01
2.371235990082045386e-01
2.331350596186433921e-01
2.283050129464286315e-01
2.229379021398784355e-01
2.187811188254376038e-01
2.139039840155837757e-01
2.087557749468946788e-01
2.039388059742122672e-01
1.995080672489398521e-01
1.948393443557942528e-01
1.896627042817128350e-01
1.852185034554547638e-01
1.812182973835677335e-01
1.765475857950980498e-01
1.713921645468339805e-01
1.667257656780721520e-01
1.622363658103200268e-01
1.573543504370090440e-01
1.535625359672934120e-01
1.490591086574170610e-01
1.445813618521299415e-01
1.400116487267652199e-01
1.354027037315065629e-01
1.310870282753577587e-01
1.269098972510330214e-01
1.224954986070771884e-01
1.178917291057363370e-01
1.138388420595934925e-01
1.107719411384184144e-01
1.073066276688848658e-01
1.039985491422307368e-01
1.008923333458876664e-01
9.743218991963246978e-02
9.506176185181582083e-02
9.194804230406158907e-02
8.909901468448895578e-02
8.615223686641479417e-02
8.363810392819227835e-02
8.141231931997355842e-02
7.923744110120312101e-02
7.695700778233355299e-02
7.434800619763802521e-02
7.215529923331027995e-02
6.974732123750654322e-02
6.804641416755713434e-02
6.562485146091658061e-02
6.354910903261119792e-02
6.186225765491540352e-02
5.952455307026167236e-02
5.796976481007056620e-02
5.606941367922405051e-02
5.428782877511209581e-02
5.243110637106983274e-02
5.103215832899730964e-02
4.916848788978423618e-02
4.756628991477933333e-02
4.629220152221834306e-02
4.450411287411448757e-02
4.296075360300772444e-02
4.167703401777917566e-02
3.995648437372888162e-02
3.878216529014157088e-02
3.751573730336714430e-02
3.611318708472088107e-02
3.484812374137113283e-02
3.365283866796803247e-02
3.238926050746857715e-02
3.137589705147664915e-02
3.018675466554105943e-02
2.912509159281312723e-02
2.785651793258697717e-02
2.693223201339197542e-02
2.593796280482383101e-02
2.488410691927600213e-02
2.387484930731636340e-02
2.300541692263169402e-02
2.206381552116800163e-02
2.116606799467021793e-02
2.031588778946973733e-02
1.949479186378564807e-02
1.868327153375488534e-02
1.788718391564313517e-02
1.703811413017489521e-02
1.632477992216977217e-02
1.549154057184749106e-02
1.488186885217286995e-02
1.416868445747921160e-02
1.362777956503397926e-02
1.291585941536023928e-02
1.227707149102959597e-02
1.167711315030846124e-02
1.101388686063262991e-02
1.056820916989939518e-02
9.982914430187025609e-03
9.457741072844945765e-03
8.936042157933780580e-03
8.293203874028225522e-03
7.851986112896967851e-03
7.458592450515789604e-03
6.995077847854945692e-03
6.565227682486414473e-03
6.146091300299889350e-03
5.755769378591477602e-03
5.356007390471050761e-03
5.028263538647046067e-03
4.584294046553605631e-03
4.282781100049519278e-03
3.967833292495908173e-03
3.644757715202275213e-03
3.349402167831677397e-03
3.058891384747183546e-03
2.841871220722240552e-03
2.542404800957793424e-03
2.297092503334742953e-03
2.143724223459601147e-03
1.868061493571654538e-03
1.695782556019780627e-03
1.470826087054703237e-03
1.334155603785964865e-03
1.155990558504873611e-03
1.009859371860057824e-03
8.557618390715936944e-04
7.440406014329242540e-04
6.097076073971206866e-04
5.108973599839872377e-04
4.162964723060177822e-04
3.302701137842340090e-04
2.610761887316003405e-04
1.960711565233535776e-04
1.404476174078191303e-04
9.128577668226714329e-05
5.025388305765486651e-05
2.590557237282051990e-05
1.032728048669962798e-05
1.072136305357682698e-06
0.000000000000000000e+00
0.000000000000000000e+00
0.000000000000000000e+00
0.000000000000000000e+00
0.000000000000000000e+00
0.000000000000000000e+00
0.000000000000000000e+00
0.000000000000000000e+00
0.000000000000000000e+00
0.000000000000000000e+00
0.000000000000000000e+00
0.000000000000000000e+00
0.000000000000000000e+00
0.000000000000000000e+00
0.000000000000000000e+00
0.000000000000000000e+00
0.000000000000000000e+00
0.000000000000000000e+00
0.000000000000000000e+00
0.000000000000000000e+00
0.000000000000000000e+00
0.000000000000000000e+00
0.000000000000000000e+00
0.000000000000000000e+00
0.000000000000000000e+00
0.000000000000000000e+00
0.000000000000000000e+00
0.000000000000000000e+00
0.000000000000000000e+00
0.000000000000000000e+00
0.000000000000000000e+00
0.000000000000000000e+00
0.000000000000000000e+00
0.000000000000000000e+00
0.000000000000000000e+00
0.000000000000000000e+00
0.000000000000000000e+00
0.000000000000000000e+00
0.000000000000000000e+00
0.000000000000000000e+00
0.000000000000000000e+00
0.000000000000000000e+00
0.000000000000000000e+00
0.000000000000000000e+00
0.000000000000000000e+00
0.000000000000000000e+00
0.000000000000000000e+00
0.000000000000000000e+00
0.000000000000000000e+00
0.000000000000000000e+00
0.000000000000000000e+00
0.000000000000000000e+00
0.000000000000000000e+00
0.000000000000000000e+00
0.000000000000000000e+00
0.000000000000000000e+00
