0.000000000000000000e+00
0.000000000000000000e+00
0.000000000000000000e+00
0.000000000000000000e+00
0.000000000000000000e+00
0.000000000000000000e+00
0.000000000000000000e+00
0.000000000000000000e+00
0.000000000000000000e+00
0.000000000000000000e+00
0.000000000000000000e+00
0.000000000000000000e+00
0.000000000000000000e+00
0.000000000000000000e+00
0.000000000000000000e+00
0.000000000000000000e+00
0.000000000000000000e+00
0.000000000000000000e+00
0.000000000000000000e+00
0.000000000000000000e+00
0.000000000000000000e+00
0.000000000000000000e+00
0.000000000000000000e+00
0.000000000000000000e+00
0.000000000000000000e+00
0.000000000000000000e+00
0.000000000000000000e+00
0.000000000000000000e+00
0.000000000000000000e+00
0.000000000000000000e+00
0.000000000000000000e+00
3.881535983733191888e-03
5.348002897204636591e-02
2.289976934026416444e-01
5.488943204053144953e-01
8.822708082044733446e-01
1.156627307987846631e+00
1.294469638092015762e+00
1.372850776430880826e+00
1.404078602044251722e+00
1.397297833057270511e+00
1.372693725446001434e+00
1.343813490375763919e+00
1.312076455736378877e+00
1.280201080256912816e+00
1.244539977414650389e+00
1.210205388376167646e+00
1.199419017784419950e+00
1.188195144115608892e+00
1.193441679762856200e+00
1.175519612950142179e+00
1.170234877247091632e+00
1.126628421966953342e+00
1.080631797720817966e+00
1.016346299527325803e+00
9.877019069068676549e-01
9.681669460421066242e-01
9.539272928229793891e-01
9.671428777677536504e-01
9.666296180511301239e-01
9.707592781004915627e-01
9.803413711959393373e-01
9.852993231413427200e-01
9.935442985379477898e-01
9.888995026739588745e-01
9.970644446159029339e-01
1.007949447683579747e+00
1.006667305814728186e+00
1.003710046294477465e+00
1.016515781744721680e+00
1.016997396530755715e+00
1.008382770641667481e+00
1.019638462034953230e+00
1.016072182658108281e+00
1.019690227417000106e+00
1.013791632822745425e+00
1.016587732829203228e+00
1.016916147624434164e+00
1.016812207321937667e+00
1.010058417818219700e+00
1.010759888334521905e+00
1.012169078723526461e+00
1.004968810336991591e+00
1.001059856313706753e+00
1.000353453965467931e+00
9.901285475372924028e-01
1.000374656517396987e+00
9.908877330576033593e-01
9.872705741029870197e-01
9.880735691501875140e-01
9.814813880346093811e-01
9.875508416420859525e-01
9.871805735673080395e-01
9.817104610389151276e-01
9.848081979661631458e-01
9.885553020610993169e-01
9.908820574235753798e-01
9.925880799050610381e-01
9.886031043852959721e-01
9.977896308803068104e-01
9.935628003118581741e-01
9.986768705717570249e-01
9.992482384870247092e-01
9.971506267484270269e-01
1.000489632474317103e+00
9.995064394200471325e-01
1.001426603320055397e+00
9.943517960861899541e-01
9.993762348354265912e-01
1.002181360914546016e+00
1.003169190541127520e+00
1.000121189626345775e+00
9.952323436337887630e-01
9.977526060202782654e-01
1.001381395318665213e+00
9.966849526780667823e-01
9.999700600986237697e-01
9.993124346843862416e-01
9.957484890905592412e-01
9.972088457377067394e-01
9.979688432492624939e-01
9.931764895739103594e-01
9.946980728934572413e-01
9.966097872590329310e-01
9.944242544837358366e-01
9.951353573885355353e-01
9.946425823879706529e-01
9.935874791113974425e-01
9.998954317656326696e-01
9.956453613105172851e-01
9.968224501366116375e-01
9.973071401281903281e-01
9.979777326860744813e-01
9.957619101519235016e-01
1.000239671069377945e+00
9.986525646857046246e-01
9.978232252624527066e-01
1.001677954175314689e+00
9.989276152646540119e-01
1.000189123582356787e+00
1.001638841961374649e+00
1.003347652813880275e+00
1.001618445083746423e+00
9.991833157774800966e-01
9.984049641795725849e-01
9.965546437893505471e-01
1.000520698683340148e+00
1.000174338788834216e+00
1.000636987009039913e+00
9.954559982036885746e-01
1.000360411494971569e+00
9.943318071593433283e-01
9.957401225282396240e-01
9.992070829632306861e-01
9.967617016521278517e-01
9.983880399556296359e-01
9.981678060790581952e-01
9.970171240021530323e-01
9.963811076872389760e-01
9.938093528083947747e-01
9.945576303784281480e-01
9.968820109667219098e-01
9.977869750146091121e-01
9.991151272835285813e-01
9.959861875782378693e-01
9.988376489138403036e-01
9.966424225930182734e-01
9.976262465785263878e-01
9.986628828200773134e-01
9.955021914506636538e-01
9.982857803304208133e-01
9.981560128583218949e-01
9.964164352544516712e-01
9.987877776072091596e-01
9.973686734111918417e-01
1.000499913329724100e+00
9.996803879119563474e-01
9.976627438683933757e-01
9.990336369183068221e-01
1.001390386870458560e+00
9.979844740607670683e-01
9.982333381610152268e-01
9.988567471722437086e-01
1.000513082745109861e+00
9.980324606718047331e-01
9.967607773879201272e-01
9.983099070990846258e-01
9.991614140107752950e-01
9.995858701250518452e-01
1.003371784719770288e+00
1.000863168696023653e+00
9.985086127591777938e-01
1.001303228541971402e+00
9.985568463079758095e-01
9.964227697111002202e-01
9.956948399748570822e-01
9.957085598291179895e-01
9.996189129396647610e-01
9.993499996683310460e-01
1.001220368718477527e+00
1.000766246356829425e+00
9.971561037791686344e-01
1.000056911865606191e+00
9.985778536038799613e-01
9.973434958066281775e-01
9.978402418343788050e-01
9.980149425584318168e-01
9.991257365862147299e-01
9.991408673183225231e-01
9.998277415249121614e-01
1.000821250856449796e+00
9.973243872733340565e-01
1.001279889047651972e+00
9.975954031987493975e-01
9.963292193854511591e-01
9.964486279161891558e-01
9.971162786423313218e-01
9.986970367488534617e-01
9.971714275313195985e-01
9.993989209144080732e-01
9.976507970260245495e-01
9.982009452682405470e-01
9.994896377545765542e-01
9.972756829715549998e-01
9.965014864658732208e-01
9.982504437445989254e-01
9.960226317550752162e-01
9.962045385695520450e-01
9.955668991513719757e-01
9.983568346550538708e-01
9.992556717704094149e-01
9.974199496704542200e-01
9.986930284170294492e-01
9.974351523274616049e-01
9.969781781944068166e-01
1.000340022637025372e+00
9.979855067744296537e-01
9.999090098112292102e-01
1.001564742038704603e+00
9.970038649789618734e-01
9.980556924351309256e-01
9.989355137582591748e-01
9.997836046082128059e-01
9.990784959288457889e-01
9.987380436990008770e-01
9.980491791509324973e-01
9.997300485250207869e-01
9.970803359745850081e-01
9.976243611956957524e-01
9.978789318221769067e-01
1.001006701944184840e+00
9.986634309876422089e-01
9.994910283399376372e-01
9.976854106909727182e-01
9.980834086851648745e-01
9.989814392723341818e-01
9.973338110383850319e-01
9.977284358845157630e-01
9.991879663471878725e-01
9.988772069869391590e-01
9.976825656633320216e-01
9.970888153407304610e-01
9.953341457268435333e-01
9.967426944472811412e-01
9.982526636570692169e-01
9.990280777569673365e-01
9.962981482328977512e-01
9.983506774067149037e-01
9.972021996720802361e-01
9.979274631791844596e-01
9.973709862629477341e-01
9.986255374203206747e-01
9.985075472862326995e-01
9.974084296288440177e-01
9.983455308284298058e-01
9.990636588506158766e-01
9.965673187333873306e-01
9.976999691067984788e-01
9.987186273508942280e-01
9.975035705920224371e-01
9.988231914948203505e-01
9.979754346232828643e-01
9.976597289097408616e-01
9.983836058578661188e-01
9.979249641403784565e-01
9.984183589114008495e-01
9.980073743497973604e-01
9.985081102971082867e-01
9.986494554955663849e-01
9.978810025568295439e-01
9.977491781340003252e-01
9.972152576599587759e-01
9.978190596324053585e-01
9.986790669927220199e-01
9.964870705815926932e-01
9.978964267159265988e-01
9.974497229453338498e-01
9.976008625732577517e-01
9.974894097861853881e-01
9.992844709273808190e-01
9.976245154171965446e-01
9.972307561554023536e-01
9.993368925919569046e-01
9.973924385318991837e-01
9.978344788375723695e-01
9.985245032880664118e-01
9.991063104060288191e-01
9.980731621665591691e-01
9.987083930208717764e-01
9.976974956765224389e-01
9.999768738113129496e-01
9.980212807751164261e-01
9.997166668831645175e-01
9.992061915821967011e-01
1.000500809705970884e+00
9.979182313152391570e-01
9.985842234679415119e-01
9.997419909726542597e-01
1.000202937527692404e+00
9.986594121790663969e-01
9.995809372292756567e-01
9.996927837687810126e-01
1.000279263556040465e+00
9.984095156411278982e-01
9.992420181675805146e-01
9.979304793492743686e-01
9.998596335804985635e-01
9.987476584744162666e-01
9.990346193135354325e-01
9.991744898355398030e-01
9.977538734110454888e-01
9.977823153280704904e-01
9.987173325252812761e-01
9.998208121292239126e-01
9.980866485593037352e-01
9.985165717138448915e-01
9.985322386846753329e-01
9.998715284882155885e-01
9.995218431780998891e-01
1.000163429785341007e+00
9.989387036856337554e-01
9.991125639691623705e-01
9.998744948345409389e-01
9.937188423053474606e-01
9.837555572406653237e-01
9.752770404173145558e-01
9.675535820873422121e-01
9.584386063858828519e-01
9.517913624390330618e-01
9.419509210100616148e-01
9.333739647961739605e-01
9.258798910148027250e-01
9.170340295289297616e-01
9.091013065214199607e-01
9.005185928580901056e-01
8.919928279185914688e-01
8.840410544739193410e-01
8.760566190153074029e-01
8.682108546684554895e-01
8.597304435830734892e-01
8.523871480087381602e-01
8.446939937201400905e-01
8.362708705712167401e-01
8.270707153341900764e-01
8.212188811038209080e-01
8.134399004143217926e-01
8.053466365876973398e-01
7.978650214500536686e-01
7.899899039995228467e-01
7.827032401382888471e-01
7.744949333498830635e-01
7.668806813889929019e-01
7.599029918592159483e-01
7.531767973608024525e-01
7.459649331106034120e-01
7.383750639133477289e-01
7.298849775604302481e-01
7.229991137223396036e-01
7.172353662325543500e-01
7.084917102113712506e-01
7.017741425433690061e-01
6.950108009389034391e-01
6.872657536236611575e-01
6.806302762590287214e-01
6.735195756324728888e-01
6.676382150425650419e-01
6.597488842682799337e-01
6.522629523321243905e-01
6.465660957317813651e-01
6.395425860592617306e-01
6.326007731701288606e-01
6.264285470298502911e-01
6.195706627674922862e-01
6.131596364466893601e-01
6.064886786554383180e-01
5.994248488101906469e-01
5.931277832480199574e-01
5.862937128103175022e-01
5.798769022799055151e-01
5.732821987468074143e-01
5.665690063895635342e-01
5.605119136208068786e-01
5.548394044440666528e-01
5.482424934388799853e-01
5.417441130281623884e-01
5.358666650532931675e-01
5.284667787651001758e-01
5.232728947029052780e-01
5.162827818325818052e-01
5.102477356586244683e-01
5.044620534625315900e-01
4.977162884010757904e-01
4.920756547820666071e-01
4.859876548457413570e-01
4.805922007054918565e-01
4.743741793954746599e-01
4.683979078718312206e-01
4.626263335295909274e-01
4.565763497045339236e-01
4.510001695005411704e-01
4.444535302689096579e-01
4.390908192412643629e-01
4.336363339233748615e-01
4.272956757027991936e-01
4.217345348794288018e-01
4.164941239581705923e-01
4.107650553533355176e-01
4.054763243371437564e-01
3.997244400152057398e-01
3.937334367334449636e-01
3.894881716053804621e-01
3.822333322174564230e-01
3.779512145241578081e-01
3.722407936295969444e-01
3.663724539637240873e-01
3.611800163461212909e-01
3.561529525316554645e-01
3.501480354611060108e-01
3.453245550741341763e-01
3.388987218981556193e-01
3.346843007055215757e-01
3.294529691347495293e-01
3.234650999675983130e-01
3.184224886107882013e-01
3.133133708039240184e-01
3.082655120877783594e-01
3.030634455928337134e-01
2.980899239961388725e-01
2.925783587870805502e-01
2.877557589198242449e-01
2.821521170396119604e-01
2.775766670470963260e-01
2.717460315074654020e-01
2.675817088856680681e-01
2.623903521619523893e-01
2.570501206270707772e-01
2.525865856488948569e-01
2.477157501928335115e-01
2.430372863933295546e-01
2.378684766993297839e-01
2.331058514613847388e-01
2.279396776433427751e-01
2.232594190316260219e-01
2.183322755353374334e-01
2.138966498591970133e-01
2.087313426470944755e-01
2.039487645967625051e-01
1.994905884211728431e-01
1.952385569532155418e-01
1.907742125730446381e-01
1.861648563899841735e-01
1.807340215035140030e-01
1.763521623887051304e-01
1.720046581093028770e-01
1.676740839007496153e-01
1.630653902879398709e-01
1.585866715269071414e-01
1.538664211981821961e-01
1.490680930826096817e-01
1.445242262437651526e-01
1.403210743690035123e-01
1.359935628357168969e-01
1.316448856046780747e-01
1.270524971745679021e-01
1.227835316200464183e-01
1.183531705438692627e-01
1.143697983394539597e-01
1.114540794207382057e-01
1.079504242384232010e-01
1.045743582203369076e-01
1.011024713080306142e-01
9.784740482647898141e-02
9.550656826856097903e-02
9.236301963452947517e-02
8.978984360053889058e-02
8.694874155309552377e-02
8.402683523229964591e-02
8.190581237444663487e-02
7.946437107112513942e-02
7.666312050053512850e-02
7.449292576926019871e-02
7.235773179492427376e-02
7.009296586002751461e-02
6.805384576520957796e-02
6.591252258012651744e-02
6.389517873974590034e-02
6.190148004286367966e-02
6.008485040700109470e-02
5.805711272565697301e-02
5.654843198967846735e-02
5.443181128840782201e-02
5.261418965839743250e-02
5.119477132228128502e-02
4.941823104802967742e-02
4.791416567717190350e-02
4.630315800603785475e-02
4.480475827971433511e-02
4.353022171279182645e-02
4.194351350696807340e-02
4.061971039916454501e-02
3.926673309301748765e-02
3.782801679272800033e-02
3.645368495421814903e-02
3.524775461849430358e-02
3.404882553660559114e-02
3.273349892272885142e-02
3.170036473641866387e-02
3.056028171339571914e-02
2.941101659091320888e-02
2.822737636757015334e-02
2.723519757460614310e-02
2.612275174514584741e-02
2.530611968629321862e-02
2.421388288869013097e-02
2.317933482957180991e-02
2.236224700656497949e-02
2.154295026243123468e-02
2.042164081134938483e-02
1.963171899264274517e-02
1.888513307010496189e-02
1.810773953973775219e-02
1.723704783017192613e-02
1.649248878651320138e-02
1.565843153197979745e-02
1.488871972594574787e-02
1.440550450738334841e-02
1.377500802771054397e-02
1.301548154326680716e-02
1.246147381304313698e-02
1.179710231076752831e-02
1.112476156075282302e-02
1.047410056615558950e-02
9.982212742508961290e-03
9.424042353326500532e-03
8.928536312463193278e-03
8.489889488772103115e-03
7.989465321146331164e-03
7.506667622381222801e-03
7.027757672273717525e-03
6.633767438010906674e-03
6.169699586837266991e-03
5.773570411294151085e-03
5.351811780561119801e-03
5.016493310100136015e-03
4.691099439940592426e-03
4.374586571672550196e-03
4.016504591668287882e-03
3.759176340985832809e-03
3.370665719304180141e-03
3.212134143021406086e-03
2.886224867658338574e-03
2.665475735328644812e-03
2.372051380411555142e-03
2.147477212540459257e-03
1.914840111118486276e-03
1.739673989254208021e-03
1.516625977894626347e-03
1.366218809261964939e-03
1.168772802004851633e-03
1.002141885483499905e-03
8.911131256321934684e-04
7.341607787911932958e-04
6.296975475299446947e-04
5.228399638235067771e-04
4.171514751597344664e-04
3.229766208334726224e-04
2.509580393738634549e-04
1.918999082498618893e-04
1.306245490021870560e-04
8.497673781152954462e-05
5.263291050424781015e-05
2.223405337054343211e-05
5.378413851002039222e-06
4.288243784474645803e-07
0.000000000000000000e+00
0.000000000000000000e+00
0.000000000000000000e+00
0.000000000000000000e+00
0.000000000000000000e+00
0.000000000000000000e+00
0.000000000000000000e+00
0.000000000000000000e+00
0.000000000000000000e+00
0.000000000000000000e+00
0.000000000000000000e+00
0.000000000000000000e+00
0.000000000000000000e+00
0.000000000000000000e+00
0.000000000000000000e+00
0.000000000000000000e+00
0.000000000000000000e+00
0.000000000000000000e+00
0.000000000000000000e+00
0.000000000000000000e+00
0.000000000000000000e+00
0.000000000000000000e+00
0.000000000000000000e+00
0.000000000000000000e+00
0.000000000000000000e+00
0.000000000000000000e+00
0.000000000000000000e+00
0.000000000000000000e+00
0.000000000000000000e+00
0.000000000000000000e+00
0.000000000000000000e+00
0.000000000000000000e+00
0.000000000000000000e+00
0.000000000000000000e+00
0.000000000000000000e+00
0.000000000000000000e+00
0.000000000000000000e+00
0.000000000000000000e+00
0.000000000000000000e+00
0.000000000000000000e+00
0.000000000000000000e+00
0.000000000000000000e+00
0.000000000000000000e+00
0.000000000000000000e+00
0.000000000000000000e+00
0.000000000000000000e+00
0.000000000000000000e+00
0.000000000000000000e+00
0.000000000000000000e+00
0.000000000000000000e+00
0.000000000000000000e+00
0.000000000000000000e+00
0.000000000000000000e+00
0.000000000000000000e+00
0.000000000000000000e+00
0.000000000000000000e+00
