0.000000000000000000e+00
0.000000000000000000e+00
0.000000000000000000e+00
0.000000000000000000e+00
0.000000000000000000e+00
0.000000000000000000e+00
0.000000000000000000e+00
0.000000000000000000e+00
0.000000000000000000e+00
0.000000000000000000e+00
0.000000000000000000e+00
0.000000000000000000e+00
0.000000000000000000e+00
0.000000000000000000e+00
0.000000000000000000e+00
0.000000000000000000e+00
0.000000000000000000e+00
0.000000000000000000e+00
0.000000000000000000e+00
0.000000000000000000e+00
0.000000000000000000e+00
0.000000000000000000e+00
0.000000000000000000e+00
0.000000000000000000e+00
0.000000000000000000e+00
0.000000000000000000e+00
2.916199646576572355e-05
1.854974159940823942e-03
2.739403397629672221e-02
1.898475157978579131e-01
7.258877018411874493e-01
1.529988498794544460e+00
2.048590169695450047e+00
2.109971773646922788e+00
1.907085526458908831e+00
1.646797872799351747e+00
1.420224297183853457e+00
1.263511770787828947e+00
1.161673595038841045e+00
1.094969577378291259e+00
1.015891602290568851e+00
9.489721665816834850e-01
9.142229422825891572e-01
9.059908405992100899e-01
9.110363363993828623e-01
9.244101568126119606e-01
9.423989249423200265e-01
9.544460985703484557e-01
9.623375539293996805e-01
9.698593951289332660e-01
9.729273969426937008e-01
9.824283977258588818e-01
9.841297054658183496e-01
9.890673758468793153e-01
9.881715496671854559e-01
9.872360991475269687e-01
9.801729170206210373e-01
9.734115644829700598e-01
9.684648041783204819e-01
9.606820360199602726e-01
9.543240416071292476e-01
9.533464240977921333e-01
9.547971570437459032e-01
9.604123600771937719e-01
9.666859996810718281e-01
9.779279976180457190e-01
9.884553644698396146e-01
9.997630392630797447e-01
1.010694498924799900e+00
1.018949981938530591e+00
1.027153047779570283e+00
1.030677130611883818e+00
1.034959004294792040e+00
1.035197448660755359e+00
1.033358932145911568e+00
1.031527636829274508e+00
1.030139431703946507e+00
1.023370791179196493e+00
1.019837778502353354e+00
1.013087138688822053e+00
1.007616159069978590e+00
1.001240034315116878e+00
9.975943860559933762e-01
9.923614669154322554e-01
9.901358864762999090e-01
9.855728628313037420e-01
9.861950820939638929e-01
9.862511274851328835e-01
9.876287923615041375e-01
9.885553742258994525e-01
9.909438703746994426e-01
9.922751941525541630e-01
9.943413438156981643e-01
9.969800974691500617e-01
9.982170692960244951e-01
9.989125202991454566e-01
1.001753810776287557e+00
1.002209270283844544e+00
1.002171384086272043e+00
1.003028997914105158e+00
1.002698097670847499e+00
1.004364345614412235e+00
1.004263223041430120e+00
1.005200847318991286e+00
1.004870405512497955e+00
1.004837366186023928e+00
1.003752883768261661e+00
1.004462054364838597e+00
1.004578580416077616e+00
1.003192949783727972e+00
1.001869669002708241e+00
1.002151908464647301e+00
1.001839961973434612e+00
1.001413318079448000e+00
1.000790097613011742e+00
1.000669498851946893e+00
9.999686756232343265e-01
9.998742982525912204e-01
9.993562539373573861e-01
1.000028250978095778e+00
9.994039632911531079e-01
9.990658532028530159e-01
9.994335516435087774e-01
9.988405946021879922e-01
9.987089211737124606e-01
9.983824223754337313e-01
9.988940612040407840e-01
9.995873176232837887e-01
9.997880987808787090e-01
1.000480041136833975e+00
9.995058839035810827e-01
1.001461073978938465e+00
1.000794685164638542e+00
1.001154552583229274e+00
1.001000248229888312e+00
1.001345483619210164e+00
1.000853737822165579e+00
1.001597916131333532e+00
1.000925805301750460e+00
1.000624802934837687e+00
1.001012545919776064e+00
1.001053630552874552e+00
1.000829728690398213e+00
1.000990577841209594e+00
1.000311203665954496e+00
1.000271958129344663e+00
1.000327289099158801e+00
1.000157533112308483e+00
1.000219403760577386e+00
1.000709103976692216e+00
1.000208641431213685e+00
1.000413614829097186e+00
1.000274457666900929e+00
9.996950003645641569e-01
1.000047578605269827e+00
9.997654843318155571e-01
9.995326783436391249e-01
9.996876641447470790e-01
9.998942405308157699e-01
9.993752807903518720e-01
1.000252404777826509e+00
1.000898530178580659e+00
9.997409760030346870e-01
9.995984241336598464e-01
1.000340117019191455e+00
1.000123545294845595e+00
1.000329451674980330e+00
1.000173970514546040e+00
1.000444041160161390e+00
1.000051665072338336e+00
9.998897943655951082e-01
9.999783225117241381e-01
1.000417235415120620e+00
1.000059196208245460e+00
1.000004940501625139e+00
1.000052558358271337e+00
9.998066506299627676e-01
1.000554497303508539e+00
9.997214835484837803e-01
9.997499596068575300e-01
1.000085765288038386e+00
9.995483453063561674e-01
9.997573275304354468e-01
9.998556631558294105e-01
9.993889238732356350e-01
9.998345819213305674e-01
9.998607194037101298e-01
9.997418399576522008e-01
1.000225448325437805e+00
9.998516455548228654e-01
9.996046579357982242e-01
1.000443435057414288e+00
9.996955285495268129e-01
1.000326549441819646e+00
9.999158966470353960e-01
9.997249312516856001e-01
1.000190648974295327e+00
1.000453664600516879e+00
1.000192023231739835e+00
9.998543789591839426e-01
1.000208200193214880e+00
1.000227397221573611e+00
9.999987269769665676e-01
1.000528762567950203e+00
9.999774664432287130e-01
9.998934798503089638e-01
9.997157844532263971e-01
1.000120274882547955e+00
9.999062940320231352e-01
9.999752929622460762e-01
9.998765172516494992e-01
1.000043116481053485e+00
9.999362742323270048e-01
1.000608773231160598e+00
9.998777555397847516e-01
1.000151758788321077e+00
9.999014672377141144e-01
1.000106978928275048e+00
9.998084635129367292e-01
1.000196458991020387e+00
9.998289514639548958e-01
1.000382644807291888e+00
1.000030937528282093e+00
9.997860939714183770e-01
1.000549016893658161e+00
9.999296752028985491e-01
1.000273330005137185e+00
1.000247950679008957e+00
1.000077935668618911e+00
1.000039782176374237e+00
1.000189643322992206e+00
1.000123355834805050e+00
1.000436149334935410e+00
9.999791454265281043e-01
1.000379853878598402e+00
1.000164803892973131e+00
1.000335914832695794e+00
1.000477885789812893e+00
1.000013943053631671e+00
1.000190265120151523e+00
9.998912337654345395e-01
1.000052796313369408e+00
9.998206996762263321e-01
9.997102042294696567e-01
9.999972412275304201e-01
1.000116396594437518e+00
1.000003350085697296e+00
9.999447900000291156e-01
9.997613624926263709e-01
1.000040788747888376e+00
9.996632557630900084e-01
9.998175255196728450e-01
1.000273699034609276e+00
1.000035547966324545e+00
9.998636877449412763e-01
9.997582075964135395e-01
1.000246168326147655e+00
1.000197445838178600e+00
1.000480449082400858e+00
9.999072293885635787e-01
1.000159101659136240e+00
1.000160586810933339e+00
1.000053509221690007e+00
9.996875834279475015e-01
9.999650064869146648e-01
1.000034542970779761e+00
9.999530378647131235e-01
9.998736596206641014e-01
9.999554636630120230e-01
9.998824234937253586e-01
9.994224125662539704e-01
9.998988356116972342e-01
1.000155042999347099e+00
1.000068543866499127e+00
1.000154366485456192e+00
9.999690566515733181e-01
1.000335034210780849e+00
1.000643222082956196e+00
1.000040190678827656e+00
1.000042086174200096e+00
1.000146954985392966e+00
1.000276229378542991e+00
1.000493458319354323e+00
1.000067062547723484e+00
1.000348164946434304e+00
1.000032750284125749e+00
1.000450376637238348e+00
1.000089719708545433e+00
1.000293500746832098e+00
1.000258240574149582e+00
1.000246114215179061e+00
1.000189962017143275e+00
9.999968449886791344e-01
1.000298365576885784e+00
1.000025773122209749e+00
1.000492035880862662e+00
1.000322133691165627e+00
1.000497534907887065e+00
1.000444476559751106e+00
1.000255728289732637e+00
1.000459452429338647e+00
1.000303881754834867e+00
1.000357024097620728e+00
1.000409612684032723e+00
1.000143308704010581e+00
1.000417477612565831e+00
1.000022092213963765e+00
1.000342158929407921e+00
1.000322618893008997e+00
1.000177817937327740e+00
1.000342596153450891e+00
1.000000537878012130e+00
1.000318462870396052e+00
1.000392549514836693e+00
1.000413407143335043e+00
1.000248709333140473e+00
1.000068910190271554e+00
1.000041857041382709e+00
1.000228522347927473e+00
1.000283577676886804e+00
1.000177636125784142e+00
1.000629914453917024e+00
1.000611356620910497e+00
1.000320885363881418e+00
1.000214773283347958e+00
1.000429085919953165e+00
9.998480503982686285e-01
1.000388239713948968e+00
1.000466386217467418e+00
1.000153208564348306e+00
1.000204573520215412e+00
1.000119295652932117e+00
1.000283873978021543e+00
1.000444548789577448e+00
9.998471877359600413e-01
1.000255255132215026e+00
1.000237306217671929e+00
1.000209019518705000e+00
1.000073369447272320e+00
9.999038344865437411e-01
9.999730666041836136e-01
1.000249225180628754e+00
9.999353431164011985e-01
9.940368999638740100e-01
9.854885089516769447e-01
9.767465322745358947e-01
9.681626913082794772e-01
9.595674870749644203e-01
9.509434104378248209e-01
9.424214936156403155e-01
9.342645771973342450e-01
9.260156789772419073e-01
9.174917321352943356e-01
9.091483035795181467e-01
9.012487557850529241e-01
8.928537964480641742e-01
8.847930702341969544e-01
8.768447866737755225e-01
8.685834098686621152e-01
8.608796190329167652e-01
8.529428176700412090e-01
8.448236388213183901e-01
8.371529136020992024e-01
8.291159285935405521e-01
8.214944126998507956e-01
8.137825424490050530e-01
8.059104191319658161e-01
7.983281414537439780e-01
7.907080923133119610e-01
7.831040973174838715e-01
7.756334554202548581e-01
7.684646882417723868e-01
7.608743417799445075e-01
7.533790192370404259e-01
7.459918120342436954e-01
7.388260919978488772e-01
7.314163590228200951e-01
7.243219900916914034e-01
7.169384235124330873e-01
7.099758934062558868e-01
7.029211567482110956e-01
6.956229104189023404e-01
6.885405763844081317e-01
6.816953101801201953e-01
6.747947152881075272e-01
6.676897964379352457e-01
6.609653116607343559e-01
6.538279473189361202e-01
6.471655263591243878e-01
6.405218672524862766e-01
6.337370221636960954e-01
6.268836112998197319e-01
6.203256271616425233e-01
6.134456413878749403e-01
6.069985411098518524e-01
6.003028034066447693e-01
5.935223059314812533e-01
5.871611552948797774e-01
5.807624285785286666e-01
5.742913812720832345e-01
5.678604885606851616e-01
5.615026166649523809e-01
5.549530703116751784e-01
5.488286981781628215e-01
5.424634686462843636e-01
5.363403262105149727e-01
5.298446013903745921e-01
5.237233521531201585e-01
5.174200035127786146e-01
5.114498713399220353e-01
5.053540241576114367e-01
4.993153508628181969e-01
4.932113628088123924e-01
4.870851439016809503e-01
4.810869559809429208e-01
4.750410267761070449e-01
4.691187991565438642e-01
4.631982850680123054e-01
4.573415055248162275e-01
4.516948817233938374e-01
4.456064179009333603e-01
4.399313000845230803e-01
4.341855658005803198e-01
4.282028776516032531e-01
4.226176191271794891e-01
4.170694779346972303e-01
4.115337022215825313e-01
4.055383940821179478e-01
4.000475896598968961e-01
3.944319822765076089e-01
3.888477818884846782e-01
3.832135154510927233e-01
3.777261038488423650e-01
3.723953403694896247e-01
3.669807826324693045e-01
3.614001680562555219e-01
3.560861277256525126e-01
3.506392662354927969e-01
3.452784522013996882e-01
3.398858680073946203e-01
3.345418565771791086e-01
3.293812960244317245e-01
3.240983845011878861e-01
3.188574266461591811e-01
3.136932275231540945e-01
3.084762957177050735e-01
3.032394792278221285e-01
2.980641863199410824e-01
2.929821469651386900e-01
2.880579579447719585e-01
2.829014865119462985e-01
2.778498962737112055e-01
2.726887887226580043e-01
2.677550870370064007e-01
2.627044864025870896e-01
2.577943562013800261e-01
2.529523484414868406e-01
2.478973926233287717e-01
2.429626898925949519e-01
2.381402676152095943e-01
2.332426723534556934e-01
2.283417135214617921e-01
2.235004476428438802e-01
2.187364331574907506e-01
2.141031535078210257e-01
2.093225092907717577e-01
2.045444070132422520e-01
1.998215179945475595e-01
1.951175432492843753e-01
1.905445036565677208e-01
1.857583299606432869e-01
1.810419735355455750e-01
1.766413039494367510e-01
1.719967846225854968e-01
1.673229768344291213e-01
1.627975585191563379e-01
1.581589938884812030e-01
1.537599015705865824e-01
1.493352455910942345e-01
1.447644294466179649e-01
1.403616956079956624e-01
1.358472930001357604e-01
1.314422964875209543e-01
1.269466430804804535e-01
1.226024391589236318e-01
1.184685513632151715e-01
1.146700953683436330e-01
1.111482690448762911e-01
1.076330331706426280e-01
1.043984665988147292e-01
1.011915836641372468e-01
9.800674332252455601e-02
9.519391499165591464e-02
9.233048108246361130e-02
8.955610693288076907e-02
8.691355316875838677e-02
8.425220014880195618e-02
8.170872617348186318e-02
7.934074928295832552e-02
7.692556719349305516e-02
7.458482354149346960e-02
7.237266938001524208e-02
7.012496868419304530e-02
6.806758960698634786e-02
6.594166243314067422e-02
6.389800060721569086e-02
6.192731077066664092e-02
6.001699612263316358e-02
5.816375037678078730e-02
5.635966127248805829e-02
5.456561956089782395e-02
5.286801277610436028e-02
5.110955087454720908e-02
4.947498123779935086e-02
4.787499165589682165e-02
4.635733627276322766e-02
4.483247162683839243e-02
4.329505975446088645e-02
4.185412105929298132e-02
4.047289523250411497e-02
3.910805059614674145e-02
3.773651003605232868e-02
3.642603757714286961e-02
3.516360772345032693e-02
3.392564506534017504e-02
3.269160070458029810e-02
3.155007107417650419e-02
3.035684253117924836e-02
2.928027621932590210e-02
2.818832716065731644e-02
2.708931880375657977e-02
2.610344250965829574e-02
2.508627492869590359e-02
2.409993016829253820e-02
2.319426765509000066e-02
2.225809118901889150e-02
2.132752911256641931e-02
2.047575892743149287e-02
1.961551880803869691e-02
1.877496222004509246e-02
1.798544891871637838e-02
1.718675626772721288e-02
1.643647339811649122e-02
1.570601291450975448e-02
1.498751518908019234e-02
1.430478153838547935e-02
1.362668863574087799e-02
1.297630523976816934e-02
1.233305477722939324e-02
1.171450828812286432e-02
1.114079742753088485e-02
1.057745186960095361e-02
1.000684722128200588e-02
9.465252104139119591e-03
8.921955319768552425e-03
8.454863566540285133e-03
7.961825924423914652e-03
7.519472956978559899e-03
7.050938059790741452e-03
6.616594473526874777e-03
6.208588127560720794e-03
5.801646477525757364e-03
5.411376982892547594e-03
5.047220754627225123e-03
4.688918747218235455e-03
4.346599123084881298e-03
4.013036647159674147e-03
3.701267133063703991e-03
3.417361952801311643e-03
3.119165153069855100e-03
2.858045658841890796e-03
2.608661954159729058e-03
2.370593897179966002e-03
2.131096895787267572e-03
1.923327831566069759e-03
1.719926139633098580e-03
1.523613041444161088e-03
1.345342147787797430e-03
1.173291751583253667e-03
1.027893087959046723e-03
8.810066602424030009e-04
7.455216123595438974e-04
6.300858535956769526e-04
5.205897317088639762e-04
4.214606358843594569e-04
3.323553528581997432e-04
2.536991092786838376e-04
1.883043621740743460e-04
1.324496702467526353e-04
8.725718991785834432e-05
5.161129751061705129e-05
2.580627723154604555e-05
8.274886223850219340e-06
1.066007890538457227e-06
4.829203064172137518e-08
0.000000000000000000e+00
0.000000000000000000e+00
0.000000000000000000e+00
0.000000000000000000e+00
0.000000000000000000e+00
0.000000000000000000e+00
0.000000000000000000e+00
0.000000000000000000e+00
0.000000000000000000e+00
0.000000000000000000e+00
0.000000000000000000e+00
0.000000000000000000e+00
0.000000000000000000e+00
0.000000000000000000e+00
0.000000000000000000e+00
0.000000000000000000e+00
0.000000000000000000e+00
0.000000000000000000e+00
0.000000000000000000e+00
0.000000000000000000e+00
0.000000000000000000e+00
0.000000000000000000e+00
0.000000000000000000e+00
0.000000000000000000e+00
0.000000000000000000e+00
0.000000000000000000e+00
0.000000000000000000e+00
0.000000000000000000e+00
0.000000000000000000e+00
0.000000000000000000e+00
0.000000000000000000e+00
0.000000000000000000e+00
0.000000000000000000e+00
0.000000000000000000e+00
0.000000000000000000e+00
0.000000000000000000e+00
0.000000000000000000e+00
0.000000000000000000e+00
0.000000000000000000e+00
0.000000000000000000e+00
0.000000000000000000e+00
0.000000000000000000e+00
0.000000000000000000e+00
0.000000000000000000e+00
0.000000000000000000e+00
0.000000000000000000e+00
0.000000000000000000e+00
0.000000000000000000e+00
0.000000000000000000e+00
0.000000000000000000e+00
0.000000000000000000e+00
0.000000000000000000e+00
0.000000000000000000e+00
0.000000000000000000e+00
0.000000000000000000e+00
