0.000000000000000000e+00
0.000000000000000000e+00
0.000000000000000000e+00
0.000000000000000000e+00
0.000000000000000000e+00
0.000000000000000000e+00
0.000000000000000000e+00
0.000000000000000000e+00
0.000000000000000000e+00
0.000000000000000000e+00
0.000000000000000000e+00
0.000000000000000000e+00
0.000000000000000000e+00
0.000000000000000000e+00
0.000000000000000000e+00
0.000000000000000000e+00
0.000000000000000000e+00
0.000000000000000000e+00
0.000000000000000000e+00
0.000000000000000000e+00
0.000000000000000000e+00
0.000000000000000000e+00
0.000000000000000000e+00
0.000000000000000000e+00
0.000000000000000000e+00
0.000000000000000000e+00
4.374470542950237599e-05
2.035586530890877086e-03
2.738670062524654544e-02
1.892391396067969467e-01
7.280809996105808146e-01
1.530275379983778716e+00
2.054839520906755368e+00
2.107566249846640094e+00
1.907415349438460694e+00
1.644262045015386642e+00
1.421832534725975039e+00
1.259007417798146955e+00
1.162099009710484632e+00
1.093150576978511701e+00
1.015689924200169347e+00
9.470332010122264332e-01
9.155721452215065392e-01
9.050846018466554010e-01
9.088155059462997842e-01
9.230365267985209954e-01
9.390762762585909140e-01
9.512426984936283025e-01
9.612548629330958105e-01
9.682575753416452491e-01
9.728891504277258351e-01
9.792234327009432526e-01
9.854933839642781024e-01
9.880255333667989914e-01
9.872907818524102597e-01
9.854272949829074868e-01
9.797257674465215116e-01
9.723624369313796922e-01
9.668897552767521386e-01
9.617281950315037520e-01
9.551615535922612921e-01
9.542988837986515760e-01
9.528114416266384445e-01
9.588253266442748890e-01
9.672095633667057157e-01
9.769955206668667902e-01
9.885928279847889799e-01
9.978968660012381697e-01
1.008254680653510427e+00
1.019418812531355245e+00
1.025170543638149523e+00
1.030066392967102562e+00
1.033340793858952722e+00
1.036181984936296763e+00
1.033815731213149069e+00
1.032506393668539024e+00
1.029119850218521259e+00
1.023758076489649005e+00
1.017904999304059865e+00
1.012201542098785989e+00
1.005590062921046135e+00
1.001899507333844364e+00
9.960128970151463923e-01
9.910151770416026906e-01
9.879142096425397312e-01
9.867778986340465242e-01
9.856952928186871743e-01
9.844825990795954551e-01
9.869247321470473455e-01
9.890351139654497414e-01
9.894800713303293360e-01
9.929366146012150729e-01
9.937849702411858388e-01
9.955989119212127481e-01
9.967863194202770671e-01
9.984694927915876983e-01
1.000189937443026533e+00
1.001096119240238336e+00
1.000438339756610118e+00
1.000907317711821509e+00
1.002729876319075064e+00
1.003368147418815859e+00
1.003732915465554987e+00
1.004487140438682591e+00
1.003567395944828355e+00
1.003914229875009223e+00
1.004275196796792224e+00
1.002809007642745609e+00
1.002756215113863147e+00
1.002983920624981984e+00
1.001661706268906604e+00
1.001579604996892137e+00
1.001151159596356477e+00
1.000363632482335063e+00
9.999822114756077296e-01
1.000031283104440449e+00
9.997072172153427250e-01
9.983873342117869365e-01
9.991369209344378444e-01
9.975489737991736217e-01
9.988336735984256753e-01
9.978205938469824066e-01
9.970169437408636925e-01
9.993566085740408500e-01
9.980300150956533667e-01
9.980519282660745839e-01
9.987528665104278280e-01
9.990363313925286759e-01
9.994821554314913259e-01
9.998152708667117361e-01
1.000100817346613047e+00
1.001019345142713624e+00
1.000350439475086839e+00
1.000185051615678722e+00
9.999769959530764307e-01
1.000314255185594137e+00
1.001229261080006649e+00
1.000267547869106988e+00
1.000495489075795774e+00
1.000997407080783441e+00
1.000612623470347851e+00
1.000585387398487791e+00
1.000633178945656176e+00
1.000591414475977325e+00
1.000541933760031865e+00
1.000276731287988552e+00
1.000646984896745639e+00
9.996534381162561766e-01
1.000665800538389716e+00
9.996726713719455981e-01
9.995385013341927527e-01
9.998883082353056118e-01
1.000477977549256270e+00
9.997049762692576946e-01
9.994053873466606230e-01
1.000183644117815795e+00
1.000271449334689811e+00
1.000373272782236533e+00
9.999160878889513659e-01
9.997975969587955536e-01
9.992055385290247171e-01
9.993820108919587719e-01
1.000356645860795979e+00
1.000374726668641356e+00
1.000166421075410206e+00
9.997653325539135327e-01
1.000032649380539373e+00
1.000278181225652707e+00
1.000080024567021608e+00
9.994561639191208435e-01
1.000179140451192383e+00
1.000238067630956351e+00
1.000057930776974136e+00
9.998986038029584744e-01
1.000286089217537588e+00
9.998912822181964533e-01
9.999625652109009888e-01
1.000287105881672467e+00
1.000043964712174160e+00
1.000342323393833999e+00
1.000090090976574198e+00
1.000287227819818936e+00
1.000038210624826673e+00
1.000206104723917022e+00
9.999404608587074694e-01
9.999341997169162166e-01
9.994466878246567321e-01
1.000426561593125374e+00
1.000026015912567123e+00
9.997082294431500760e-01
1.000436167945749855e+00
9.998130813962672336e-01
1.000024165079990590e+00
1.000180317415705122e+00
9.999134026434801648e-01
1.000132906406724365e+00
9.996978035744025215e-01
1.000064746640882962e+00
1.000384227327050901e+00
9.998951115913465859e-01
1.000543933444399958e+00
1.000192443288842936e+00
9.998933998227708120e-01
9.997683001851547235e-01
9.995275413213066118e-01
1.000556310551960371e+00
9.998978592109857289e-01
1.000023335773544853e+00
1.000121454276506228e+00
1.000058967534970922e+00
1.000385955693623874e+00
9.998297035335583782e-01
9.998155672464131838e-01
1.000508084196593206e+00
1.000679132286924400e+00
1.000304368798710541e+00
9.998303076021696212e-01
1.000173585415627509e+00
9.999082705221062906e-01
9.998610479294945952e-01
1.000242772304495764e+00
1.000264519954814579e+00
1.000370415222358256e+00
1.000272474967249137e+00
1.000026243721000352e+00
1.000430383824975955e+00
9.999457420719398693e-01
1.000137016235639775e+00
1.000095013919690468e+00
1.000748666989954350e+00
1.000056822226740305e+00
9.999888931678853066e-01
1.000104200266150434e+00
1.000563471379566582e+00
1.000180348375541595e+00
1.000256977042210282e+00
1.000503327607795034e+00
9.997108272081519642e-01
1.000113305821971998e+00
1.000032272934997746e+00
1.000807131794093419e+00
1.000182923903426779e+00
1.000534052006350594e+00
1.000034696764920517e+00
1.000399817937076330e+00
1.000189380503725634e+00
1.000190103368601369e+00
1.000207533920269620e+00
1.000285715113122365e+00
9.999241580363237292e-01
1.000418056348027829e+00
1.000601948129308916e+00
1.000446408277348986e+00
1.000141112950168276e+00
9.997262300293753290e-01
9.999740573030581059e-01
1.000505387446242400e+00
9.999198849060666472e-01
1.000364171964056803e+00
1.000010867078718668e+00
1.000194594610325449e+00
9.999907828325059755e-01
1.000544634534669797e+00
1.000335501951670647e+00
1.000159574339057666e+00
1.000415022108863461e+00
1.000037229927311255e+00
1.000204679860794421e+00
9.998911067547705533e-01
9.997071554571602681e-01
1.000220703308130510e+00
1.000323203275904183e+00
1.000403421984572994e+00
1.000073838676285520e+00
1.000246532742918415e+00
1.000199088015200966e+00
1.000250471491041404e+00
1.000075076325384726e+00
9.997895230565434499e-01
9.997007611708506047e-01
1.000023411380887461e+00
1.000192572752147457e+00
1.000000766081516446e+00
1.000413937995913827e+00
1.000134613219180402e+00
1.000022273535839279e+00
9.999074674287410369e-01
1.000135605100260339e+00
9.999704245457502472e-01
1.000175939230158351e+00
1.000293120545181935e+00
1.000234300791826181e+00
9.999854001062820075e-01
9.998382041534268350e-01
9.997658647798812748e-01
9.997091718958164286e-01
9.999748495710500951e-01
9.997781414454157689e-01
9.996766325706768486e-01
9.995594755226410166e-01
1.000016805835514333e+00
9.999361469363883259e-01
1.000070579957393457e+00
9.998176011248897099e-01
9.999737428475058421e-01
9.998581727060020796e-01
1.000031222640093143e+00
9.998263515499834497e-01
9.999866254014085909e-01
9.997616316482408338e-01
1.000081315871459875e+00
9.999494773427952676e-01
9.999758608626183598e-01
9.995074450352199324e-01
9.999405294085033091e-01
9.995289200299010135e-01
9.998200254848654822e-01
9.997756832635512625e-01
9.996380166175152793e-01
9.997465359161925580e-01
9.997510574035782804e-01
9.997227033636780780e-01
9.996686814687189004e-01
9.996537943349831368e-01
1.000031335514274922e+00
1.000108669723564825e+00
9.997841677522899539e-01
9.997318677760673733e-01
9.999413509871901695e-01
9.998669891682296917e-01
9.999068833709890969e-01
9.999356793531010146e-01
9.997790550818093092e-01
1.000083442812483181e+00
1.000248437047109196e+00
1.000194474025676294e+00
9.997387077894456242e-01
9.998847271396338332e-01
1.000136672600650201e+00
1.000100681485665888e+00
1.000241952517633592e+00
9.999352418596745284e-01
9.993962456346483503e-01
9.935513612231816616e-01
9.851662071984045310e-01
9.766611898337871356e-01
9.679296188119220767e-01
9.591471070068879889e-01
9.511138295743358784e-01
9.425150265261507121e-01
9.342950573719367435e-01
9.257200621845405042e-01
9.173721712035837195e-01
9.088210776002175750e-01
9.010491426112207103e-01
8.929347421743231150e-01
8.845863894411389872e-01
8.767080280756623933e-01
8.686442058311291126e-01
8.604477201412891185e-01
8.527283956885305383e-01
8.447780510036981827e-01
8.369830751186592144e-01
8.292588268968668075e-01
8.215803690954357474e-01
8.137457826844820552e-01
8.058878556094944967e-01
7.984487901136836374e-01
7.909158699587539587e-01
7.833796056855987233e-01
7.761369623596140466e-01
7.684732226082878759e-01
7.608771345916854889e-01
7.533798278129112402e-01
7.462825455096810945e-01
7.389972481865513254e-01
7.313869256647034245e-01
7.242406044988082270e-01
7.171446982006766113e-01
7.099226429339555722e-01
7.030197599095324712e-01
6.956661116790004984e-01
6.888390257683592033e-01
6.818999993426640982e-01
6.749861334223811182e-01
6.677340788560733875e-01
6.610965323973559959e-01
6.541272392869648122e-01
6.471852948700401731e-01
6.404902359873938522e-01
6.337399576721047811e-01
6.269737416990988077e-01
6.204223244752194999e-01
6.135366533210110385e-01
6.069294961729192472e-01
6.006728008988616585e-01
5.940024887478823068e-01
5.872282571547120522e-01
5.808089381464600631e-01
5.745070487746616328e-01
5.680625332813592498e-01
5.616470825593444793e-01
5.552982204427180379e-01
5.490272714837626244e-01
5.426392411361408152e-01
5.365012504056514420e-01
5.300504050427908842e-01
5.240198396115057777e-01
5.176597018149214913e-01
5.114423708804771707e-01
5.056902809265637622e-01
4.993811855051216164e-01
4.934384958525876441e-01
4.873250488952173831e-01
4.813453714679251094e-01
4.754350448411467367e-01
4.694158352944567958e-01
4.635473199053081195e-01
4.576481903701606346e-01
4.517207523665330293e-01
4.459708524315702527e-01
4.400752253757881371e-01
4.342747956834249190e-01
4.286463938088588277e-01
4.228084883727797894e-01
4.172180380646607900e-01
4.115010408658331675e-01
4.059706839810338086e-01
4.002871189852248435e-01
3.945840522608628498e-01
3.891696568266514999e-01
3.835850130049260343e-01
3.778437493326281538e-01
3.725030207238182456e-01
3.671333897548794134e-01
3.616887155672118270e-01
3.563087472948056611e-01
3.509562077458242557e-01
3.455934830437303873e-01
3.401829699244995897e-01
3.348568320228093032e-01
3.294056838427965039e-01
3.242118112256818785e-01
3.190218968056954263e-01
3.137512639233638878e-01
3.085062823106398122e-01
3.034415593778662101e-01
2.983715862042559119e-01
2.931974069212432976e-01
2.880349428857731375e-01
2.828575308649776687e-01
2.779574204162639783e-01
2.728650066476613345e-01
2.678615980960838416e-01
2.629254788788227271e-01
2.578706457161115684e-01
2.530226547754907407e-01
2.480303883065398951e-01
2.431870928973120238e-01
2.383226104108757126e-01
2.333620158797981015e-01
2.284024305327166382e-01
2.238630927490802836e-01
2.189424380300256379e-01
2.140205991721725043e-01
2.094884231731268531e-01
2.045495358673097841e-01
1.998735667412339101e-01
1.952828321647979981e-01
1.905601015305408985e-01
1.859717553727509853e-01
1.812226472757367535e-01
1.766429522163540655e-01
1.720500114277304371e-01
1.674314540798758077e-01
1.629169202175453912e-01
1.584310111949339683e-01
1.537436815212354368e-01
1.494049878870463144e-01
1.448618921451923502e-01
1.404383333373654119e-01
1.359497123148270259e-01
1.314599594736430843e-01
1.271446116791665748e-01
1.226578127329423645e-01
1.186090750951640238e-01
1.147594602620660847e-01
1.111286279454517661e-01
1.077103569466791450e-01
1.043448067531652090e-01
1.012634491098450967e-01
9.823683089621955411e-02
9.521086734143927033e-02
9.239552805454058493e-02
8.962603227447682452e-02
8.689898831479583863e-02
8.435337293159771155e-02
8.181485440074777460e-02
7.931313598732463166e-02
7.691861502768491954e-02
7.455003300951656975e-02
7.236541484564033844e-02
7.014360986827010425e-02
6.806850110677005461e-02
6.595604416290667960e-02
6.390305120068875966e-02
6.195331196815252739e-02
6.000086693153717371e-02
5.811342777320878394e-02
5.630918506907709592e-02
5.448991992068592805e-02
5.284326729588655069e-02
5.113445016637369056e-02
4.946529037324940564e-02
4.786799152858504242e-02
4.629232422047258738e-02
4.476566222181447424e-02
4.328190279975226845e-02
4.188887379106031456e-02
4.043664501635872710e-02
3.904202926401154072e-02
3.768853045981495481e-02
3.646051057202530365e-02
3.513823902157132972e-02
3.387105710888144855e-02
3.270341145892459445e-02
3.151915086326752963e-02
3.040532369774236188e-02
2.926875951888434704e-02
2.816635660307238373e-02
2.712050877401475657e-02
2.607353979220878790e-02
2.509039817352399018e-02
2.409815008911357290e-02
2.313971955045817167e-02
2.224548590274673388e-02
2.133922701415431888e-02
2.049870282626418960e-02
1.960061725169204641e-02
1.878302680961743340e-02
1.797460736559918296e-02
1.720673092744408328e-02
1.643123543116810359e-02
1.571190848528345591e-02
1.498713414579271389e-02
1.431365813161787626e-02
1.359938953424708746e-02
1.297988755988513897e-02
1.233460370467443119e-02
1.174157963416052816e-02
1.114429707048495040e-02
1.058293864128206051e-02
1.000855817978872804e-02
9.478926675602667926e-03
8.951659408933306319e-03
8.461002101000236406e-03
7.980435312670210168e-03
7.506806633360278702e-03
7.048324571984187353e-03
6.637060218799836937e-03
6.207059757976493217e-03
5.807287102817828423e-03
5.405762555962452878e-03
5.044139169422196325e-03
4.683285137673950070e-03
4.362343688692961463e-03
4.036754935576921527e-03
3.710199053240024764e-03
3.413365678125588470e-03
3.133696415092377188e-03
2.870523416784047637e-03
2.613822676938086335e-03
2.374936083568105361e-03
2.139379721947213230e-03
1.920031235740097359e-03
1.717715539753572000e-03
1.526764304344792973e-03
1.341781521695009031e-03
1.185098759082109333e-03
1.022789656606478467e-03
8.810107243930057541e-04
7.509518474171080838e-04
6.292754455884670521e-04
5.195573207071558456e-04
4.227161400788424154e-04
3.325077629154174247e-04
2.560114170040798660e-04
1.921096100692806427e-04
1.337657963815807075e-04
8.748653892323724954e-05
5.283707629711493651e-05
2.459741747397666830e-05
8.771138988313215154e-06
1.153271819122723835e-06
2.897635156762419097e-08
0.000000000000000000e+00
0.000000000000000000e+00
0.000000000000000000e+00
0.000000000000000000e+00
0.000000000000000000e+00
0.000000000000000000e+00
0.000000000000000000e+00
0.000000000000000000e+00
0.000000000000000000e+00
0.000000000000000000e+00
0.000000000000000000e+00
0.000000000000000000e+00
0.000000000000000000e+00
0.000000000000000000e+00
0.000000000000000000e+00
0.000000000000000000e+00
0.000000000000000000e+00
0.000000000000000000e+00
0.000000000000000000e+00
0.000000000000000000e+00
0.000000000000000000e+00
0.000000000000000000e+00
0.000000000000000000e+00
0.000000000000000000e+00
0.000000000000000000e+00
0.000000000000000000e+00
0.000000000000000000e+00
0.000000000000000000e+00
0.000000000000000000e+00
0.000000000000000000e+00
0.000000000000000000e+00
0.000000000000000000e+00
0.000000000000000000e+00
0.000000000000000000e+00
0.000000000000000000e+00
0.000000000000000000e+00
0.000000000000000000e+00
0.000000000000000000e+00
0.000000000000000000e+00
0.000000000000000000e+00
0.000000000000000000e+00
0.000000000000000000e+00
0.000000000000000000e+00
0.000000000000000000e+00
0.000000000000000000e+00
0.000000000000000000e+00
0.000000000000000000e+00
0.000000000000000000e+00
0.000000000000000000e+00
0.000000000000000000e+00
0.000000000000000000e+00
0.000000000000000000e+00
0.000000000000000000e+00
0.000000000000000000e+00
0.000000000000000000e+00
