0.000000000000000000e+00
0.000000000000000000e+00
0.000000000000000000e+00
0.000000000000000000e+00
0.000000000000000000e+00
0.000000000000000000e+00
0.000000000000000000e+00
0.000000000000000000e+00
0.000000000000000000e+00
0.000000000000000000e+00
0.000000000000000000e+00
0.000000000000000000e+00
0.000000000000000000e+00
0.000000000000000000e+00
0.000000000000000000e+00
0.000000000000000000e+00
0.000000000000000000e+00
0.000000000000000000e+00
0.000000000000000000e+00
0.000000000000000000e+00
0.000000000000000000e+00
0.000000000000000000e+00
0.000000000000000000e+00
0.000000000000000000e+00
0.000000000000000000e+00
0.000000000000000000e+00
3.401900193747989460e-05
1.967614692933939303e-03
2.819389347687645264e-02
1.886720296542613029e-01
7.285096375756325848e-01
1.525449928297967439e+00
2.047892217200088183e+00
2.113189816231649143e+00
1.906801525898859984e+00
1.646758690533744796e+00
1.418322850206633623e+00
1.260538847982110910e+00
1.163397472255905951e+00
1.095884058633782132e+00
1.016291648425538874e+00
9.514913111272693680e-01
9.155885230252635010e-01
9.060194794697098430e-01
9.115504889472302308e-01
9.226002182230471638e-01
9.394670426582679701e-01
9.527432042490581177e-01
9.612698182659947799e-01
9.709875733656924135e-01
9.732939787420420430e-01
9.796736213554904094e-01
9.856222333487968390e-01
9.870984741035014887e-01
9.877887813194645705e-01
9.858985068650435446e-01
9.795937813295758634e-01
9.742000458003684527e-01
9.673627751544749964e-01
9.617209034488831687e-01
9.559213239477010182e-01
9.528227372820327057e-01
9.563080241256356473e-01
9.587753242984856650e-01
9.697566591036785866e-01
9.768021025333244456e-01
9.897286750779976661e-01
9.998016055234029142e-01
1.010617478540658087e+00
1.021083270604666637e+00
1.025970320868425434e+00
1.030245180278341666e+00
1.034488304227819455e+00
1.036648563101074227e+00
1.034351274102477403e+00
1.032817720402368966e+00
1.029486371296387315e+00
1.023775335698922095e+00
1.019412355807798765e+00
1.011884218039130090e+00
1.007239515968552546e+00
1.002774654533037602e+00
9.968238384613852254e-01
9.929306818898960829e-01
9.891915205630116281e-01
9.874141377023972765e-01
9.873079505639227316e-01
9.861613624398761768e-01
9.871517622376804191e-01
9.884467658130884349e-01
9.910053205196367454e-01
9.934117950950372977e-01
9.957348415354289051e-01
9.971207563273070118e-01
1.000561370277775142e+00
1.000035617364951612e+00
1.000498344069450596e+00
1.001839098320739696e+00
1.001536182854597223e+00
1.003708683731381779e+00
1.003718934521591999e+00
1.004489754598294926e+00
1.005196810815017994e+00
1.004844135372082281e+00
1.004906845061060539e+00
1.006174576816259769e+00
1.004135905887868940e+00
1.003513489473693898e+00
1.004008897682733936e+00
1.003604677543697754e+00
1.003044980426317068e+00
1.001454843232901348e+00
1.001842038921878952e+00
1.001860660717423190e+00
1.000867176997329189e+00
1.000672189100944243e+00
1.000081877970280475e+00
9.989332369732383254e-01
9.994575927368744006e-01
1.000047330709125326e+00
9.993431302469709676e-01
9.984645664330201731e-01
9.980320480610573863e-01
9.990123481166330865e-01
9.993658907999419805e-01
9.990684037829903330e-01
9.990738712278273148e-01
9.990946195354406534e-01
1.000449976556454068e+00
1.000384029215313442e+00
1.000160316263015936e+00
1.000634982663437311e+00
9.995223409898951195e-01
1.000889450556676774e+00
1.000739902303023676e+00
1.001587571773035146e+00
1.000460740002598214e+00
1.001960325352480030e+00
1.000998559263727827e+00
1.000975780207624899e+00
1.000311723801293962e+00
1.001521355658683721e+00
1.000824971263845287e+00
1.001178608062195829e+00
1.000718325236513939e+00
1.000574946360031525e+00
1.000882135732167555e+00
1.000159656646996131e+00
1.000508533272069567e+00
1.000230671146870476e+00
1.000137044825303745e+00
1.000689188279642483e+00
1.000124972450008531e+00
1.000151467862769872e+00
1.000365165714404592e+00
9.999771281797902311e-01
9.997183845824381132e-01
9.996603468555758099e-01
9.997325977041281453e-01
1.000256021261225925e+00
9.994393492646217458e-01
9.998402342865955195e-01
9.999438595948983988e-01
1.001253869283932341e+00
1.000740391910355687e+00
1.000583387540032287e+00
1.000015912302093968e+00
1.000672396070150683e+00
1.001034803722038680e+00
1.000317755818942667e+00
1.000386823509092471e+00
1.000590741120142901e+00
1.000503730955889292e+00
1.000444426071121828e+00
1.000839861119178664e+00
1.000494884767687331e+00
9.995951431896380468e-01
1.000499113679836238e+00
1.000746808410399202e+00
1.000079632405199481e+00
1.000335252200570624e+00
1.000249860120594247e+00
9.998319262364101512e-01
9.995771444265417749e-01
9.998802758523196443e-01
9.999474857976217157e-01
1.000081667155339638e+00
1.000081933015221747e+00
9.998152420673948049e-01
1.000240514011022652e+00
1.000823651566364214e+00
1.000092899115854861e+00
1.000759538556896810e+00
1.000337656871696401e+00
1.000406825927257382e+00
1.000205317416779094e+00
9.996115967447762873e-01
1.000323446741102629e+00
1.000453009810249316e+00
1.000707921913352783e+00
1.000312034281269025e+00
1.000305778734910778e+00
1.000860651769480025e+00
1.000057712500730611e+00
1.000052046500476743e+00
1.000673607785502517e+00
1.000383711246578100e+00
9.996941935155130299e-01
1.000801017374336244e+00
9.999519221092628696e-01
1.000211180902601971e+00
1.000389707932958006e+00
9.999057563229446499e-01
1.000288820623490560e+00
1.000330491726700188e+00
1.000220051150234823e+00
1.000503843734656284e+00
1.000903133259798627e+00
1.000435766929811399e+00
1.000656460911717005e+00
9.999853023450102629e-01
9.999821835193519748e-01
1.000197199110600899e+00
1.000508072430994266e+00
9.998590680828500776e-01
1.000177502986310696e+00
9.998772441972504366e-01
1.000343687827175199e+00
1.000273326041913657e+00
1.000259001940666526e+00
1.000055787850645750e+00
9.998888705362996010e-01
1.000471855861364556e+00
9.999398215639901943e-01
1.000361531433107576e+00
1.000353969800707787e+00
1.000325777384446058e+00
1.000562847994192817e+00
1.000078039181761413e+00
1.000342788286819218e+00
1.000332280893343473e+00
1.000297767842545538e+00
1.000175009970692974e+00
1.000419975804246464e+00
1.000185497565740933e+00
9.997489627110682786e-01
9.998266290992692262e-01
1.000168785153485285e+00
1.000105276048947944e+00
9.997028288223770431e-01
1.000284199513749472e+00
1.000058198028298095e+00
1.000030740257088935e+00
1.000299667645700996e+00
1.000354641715182957e+00
1.000278035360072426e+00
1.000080645437520621e+00
9.997415054899683184e-01
1.000397571607993585e+00
1.000328470586224983e+00
1.000286473568217316e+00
1.000296971142605740e+00
1.000341036030650610e+00
1.000332711494190674e+00
9.998108140002854860e-01
1.000252886111226758e+00
1.000279555845738910e+00
1.000349468209265513e+00
1.000023380163295839e+00
9.999325305446813417e-01
1.000093242551780115e+00
9.997143660613777572e-01
1.000142957023560042e+00
1.000150568756836611e+00
1.000131840385172888e+00
9.997623455469563103e-01
9.994757339191036039e-01
1.000040377466365094e+00
1.000218926299288658e+00
1.000045345108500516e+00
1.000234294441962657e+00
9.998066387756873175e-01
1.000157218728758624e+00
9.997849488072505508e-01
9.998854808220113410e-01
1.000181761213525311e+00
1.000339728258554661e+00
1.000271642154887619e+00
1.000238611296376146e+00
1.000221140702208578e+00
1.000058422707343908e+00
1.000118216284034078e+00
9.998405630111881770e-01
1.000063720558260538e+00
1.000290390624619219e+00
9.999591336020464682e-01
1.000200854857475008e+00
1.000118936885761700e+00
1.000073507708147957e+00
1.000452920488010822e+00
1.000406024298349461e+00
9.996850332963879149e-01
9.996877101718160130e-01
1.000246188210801579e+00
1.000380636266514855e+00
1.000122482543941649e+00
1.000147997770373332e+00
1.000038465139012622e+00
1.000042817778548088e+00
1.000127109854394680e+00
9.997708225088343115e-01
9.999376359981915208e-01
1.000110677429875805e+00
9.999188085009284022e-01
1.000323368886543385e+00
1.000079290720702119e+00
1.000220696413594901e+00
1.000209175155576391e+00
1.000012164551240756e+00
9.999940600288180770e-01
9.998767295932248222e-01
9.996669765321875012e-01
9.999330549351056474e-01
9.999370233652800088e-01
1.000064347088909900e+00
1.000241849294441154e+00
1.000089407788943952e+00
9.999519970941892488e-01
9.999394230903152492e-01
9.998286970519576489e-01
1.000001169468647921e+00
1.000107740470504769e+00
1.000197596102639253e+00
9.998560004335421691e-01
1.000313966159654067e+00
9.999668796376642854e-01
9.996454312710781887e-01
9.999922699865061437e-01
9.999174481088843880e-01
1.000313352755826335e+00
9.999137500961459146e-01
9.997478350246761236e-01
9.995046561279551378e-01
9.938532506131456667e-01
9.848932613907601663e-01
9.763835441585213548e-01
9.675520805160212623e-01
9.593907700236962155e-01
9.505433520610049314e-01
9.423454230097229045e-01
9.338097424870301921e-01
9.257232002366510004e-01
9.174280453804309898e-01
9.091636772703611813e-01
9.007812963079616653e-01
8.929208271684107023e-01
8.849885860556097050e-01
8.764545283894709105e-01
8.685236683770397592e-01
8.604898110623618868e-01
8.524607983993510718e-01
8.445292220869787814e-01
8.368844925006613256e-01
8.292468726621752273e-01
8.212748053793397229e-01
8.135427072552113836e-01
8.059013818233521365e-01
7.981428859981856139e-01
7.906688442824492125e-01
7.830878869699345879e-01
7.756672560721799004e-01
7.681546606886356932e-01
7.609665876543296736e-01
7.533135132965448344e-01
7.458712537549010424e-01
7.386824982560391550e-01
7.312851132288208378e-01
7.243571151867581603e-01
7.171373899925718165e-01
7.097728174307436078e-01
7.025609519171213124e-01
6.956745322122533937e-01
6.886654736728524684e-01
6.816710434387140971e-01
6.745835955592365263e-01
6.676896809351540174e-01
6.607001027199235210e-01
6.540017056743486767e-01
6.469536818796411959e-01
6.402878559899904953e-01
6.334734381952792370e-01
6.269073498980983761e-01
6.201447440233428532e-01
6.135470496343347069e-01
6.069786118573917699e-01
6.002053417522931200e-01
5.936597256887625740e-01
5.873530189873598095e-01
5.806826552124985108e-01
5.741454596968146307e-01
5.676705097420761126e-01
5.614881451932578482e-01
5.550646915426937777e-01
5.487671210000676369e-01
5.424309653129708586e-01
5.360601589533315892e-01
5.300614977696364027e-01
5.237284330733988913e-01
5.175691367780059782e-01
5.115377137166680077e-01
5.052709580094419950e-01
4.994328352514244562e-01
4.929405087432570109e-01
4.870868559396042130e-01
4.811519731866659155e-01
4.750362461917662094e-01
4.692628532010320597e-01
4.631513800784837764e-01
4.572936219034822170e-01
4.514665270545268339e-01
4.456216759206589884e-01
4.398634159782075503e-01
4.339784710842879423e-01
4.282482195151082749e-01
4.226987254736251920e-01
4.168404483275092165e-01
4.111508600018217163e-01
4.053855171016965131e-01
3.999089387604712886e-01
3.944440876165008492e-01
3.887890530711394232e-01
3.832782748479613977e-01
3.777501271074962808e-01
3.721857731127499735e-01
3.668178301983296974e-01
3.614761692232058565e-01
3.559104619975785311e-01
3.506023178295402665e-01
3.452052419575797337e-01
3.397705841444783048e-01
3.345656045417861879e-01
3.293723028894809390e-01
3.240815231266400143e-01
3.186888582096510936e-01
3.137286097174210031e-01
3.083614633033248675e-01
3.031475379782698210e-01
2.980206852706970277e-01
2.929636922970474955e-01
2.879770468168087461e-01
2.827254167195579759e-01
2.775933516806420864e-01
2.726883755296438672e-01
2.677501115739383541e-01
2.626654603959093226e-01
2.577518054990966534e-01
2.526880853075404998e-01
2.478624840360860448e-01
2.429301126067956451e-01
2.381250288143248184e-01
2.331614671190670174e-01
2.284198650263457586e-01
2.234968444980655888e-01
2.186505364764798898e-01
2.139558480399495755e-01
2.091670147111670541e-01
2.044608193493716863e-01
1.997150819543206390e-01
1.949691269609092337e-01
1.904439408647790044e-01
1.857096960778679973e-01
1.811488299800222135e-01
1.764624455415846060e-01
1.718504235080512144e-01
1.673471960482723342e-01
1.627720363118883573e-01
1.583109771852179437e-01
1.536058236037990965e-01
1.492528421025037799e-01
1.446928057427993575e-01
1.402296112827623453e-01
1.358167383844153808e-01
1.312561894629500070e-01
1.270057569462891833e-01
1.225968613979784988e-01
1.184316533423732526e-01
1.145618985345966817e-01
1.110174900808800214e-01
1.075918835567548082e-01
1.042725449515944230e-01
1.011282736408758570e-01
9.805826766073748313e-02
9.509873831751200490e-02
9.226970817329278873e-02
8.956892824673430564e-02
8.680227533395522277e-02
8.421560370102630644e-02
8.172223474041656610e-02
7.926696470535553318e-02
7.687339161938634702e-02
7.458526878142512917e-02
7.230974524062390441e-02
7.007270560187460473e-02
6.796159688806038823e-02
6.585391922384610519e-02
6.384986255222116491e-02
6.187617788013485831e-02
5.999584663801960094e-02
5.814433381000436163e-02
5.631920060130491540e-02
5.451167987981159202e-02
5.279611247147224934e-02
5.109407849368854254e-02
4.941885657880618066e-02
4.788633718460247324e-02
4.629834298366472534e-02
4.478507178096223507e-02
4.334877797154576551e-02
4.188192037949443197e-02
4.040161588644041596e-02
3.904580585564196987e-02
3.770556002963806885e-02
3.642323787736627405e-02
3.512984164070696164e-02
3.389980808115432981e-02
3.273270209506297379e-02
3.155807974785115183e-02
3.036631199336489728e-02
2.927028835396592449e-02
2.816674936741838178e-02
2.711756005058554159e-02
2.609412342628714826e-02
2.511185633966063480e-02
2.413039584755818923e-02
2.316696965193108457e-02
2.225808072305740168e-02
2.134611259515018303e-02
2.048033705678476910e-02
1.961037535476916130e-02
1.878548625878543460e-02
1.800061948275604937e-02
1.722313973010021482e-02
1.646660852833428321e-02
1.571725667833190343e-02
1.498771877649008460e-02
1.430446079167217548e-02
1.361374471107099776e-02
1.297586742971084187e-02
1.233518414332995111e-02
1.173320112852403382e-02
1.115076810797457213e-02
1.057610320948392836e-02
1.004154891986759439e-02
9.484012909790244875e-03
8.968484214058724396e-03
8.457620506954609263e-03
7.969357411631763227e-03
7.512379064848609574e-03
7.051583497725044496e-03
6.626807292809605739e-03
6.206220875774057580e-03
5.816073076122672998e-03
5.417082954860494640e-03
5.048038563521550955e-03
4.700820930281134763e-03
4.351884291696648047e-03
4.025641034303752488e-03
3.725842889708409419e-03
3.428148497312525148e-03
3.142328542507638860e-03
2.873297546093225244e-03
2.615659435103714556e-03
2.368737483792467992e-03
2.141618992205386075e-03
1.926480064710349438e-03
1.720654529380676728e-03
1.526781228990484619e-03
1.347308631348295227e-03
1.182305162558031086e-03
1.023188322644068976e-03
8.862584305999642248e-04
7.499607619588644211e-04
6.251755715882844656e-04
5.190952177388453081e-04
4.215393072960126552e-04
3.326514187865859729e-04
2.566709593207345793e-04
1.884738370109192431e-04
1.340727116725120725e-04
8.675755740427351810e-05
5.125385536693053676e-05
2.527694715312687074e-05
8.419918511687265141e-06
1.133733869989289147e-06
9.657461567797582431e-09
0.000000000000000000e+00
0.000000000000000000e+00
0.000000000000000000e+00
0.000000000000000000e+00
0.000000000000000000e+00
0.000000000000000000e+00
0.000000000000000000e+00
0.000000000000000000e+00
0.000000000000000000e+00
0.000000000000000000e+00
0.000000000000000000e+00
0.000000000000000000e+00
0.000000000000000000e+00
0.000000000000000000e+00
0.000000000000000000e+00
0.000000000000000000e+00
0.000000000000000000e+00
0.000000000000000000e+00
0.000000000000000000e+00
0.000000000000000000e+00
0.000000000000000000e+00
0.000000000000000000e+00
0.000000000000000000e+00
0.000000000000000000e+00
0.000000000000000000e+00
0.000000000000000000e+00
0.000000000000000000e+00
0.000000000000000000e+00
0.000000000000000000e+00
0.000000000000000000e+00
0.000000000000000000e+00
0.000000000000000000e+00
0.000000000000000000e+00
0.000000000000000000e+00
0.000000000000000000e+00
0.000000000000000000e+00
0.000000000000000000e+00
0.000000000000000000e+00
0.000000000000000000e+00
0.000000000000000000e+00
0.000000000000000000e+00
0.000000000000000000e+00
0.000000000000000000e+00
0.000000000000000000e+00
0.000000000000000000e+00
0.000000000000000000e+00
0.000000000000000000e+00
0.000000000000000000e+00
0.000000000000000000e+00
0.000000000000000000e+00
0.000000000000000000e+00
0.000000000000000000e+00
0.000000000000000000e+00
0.000000000000000000e+00
0.000000000000000000e+00
