0.000000000000000000e+00
0.000000000000000000e+00
0.000000000000000000e+00
0.000000000000000000e+00
0.000000000000000000e+00
0.000000000000000000e+00
0.000000000000000000e+00
0.000000000000000000e+00
0.000000000000000000e+00
0.000000000000000000e+00
0.000000000000000000e+00
0.000000000000000000e+00
0.000000000000000000e+00
0.000000000000000000e+00
0.000000000000000000e+00
0.000000000000000000e+00
0.000000000000000000e+00
0.000000000000000000e+00
0.000000000000000000e+00
0.000000000000000000e+00
0.000000000000000000e+00
0.000000000000000000e+00
0.000000000000000000e+00
0.000000000000000000e+00
0.000000000000000000e+00
0.000000000000000000e+00
1.457903577062663120e-05
1.949491443408673738e-03
2.754160524646384958e-02
1.907160928925213106e-01
7.270813868688466020e-01
1.522545903470144735e+00
2.048579399003863433e+00
2.107622893070618009e+00
1.905102700313152431e+00
1.645059691157551685e+00
1.421880175448031691e+00
1.259975521201144755e+00
1.161263966836104888e+00
1.088168054008434638e+00
1.011162670332264701e+00
9.476138204985838920e-01
9.136993170925475916e-01
9.045269844884692434e-01
9.107499866941135558e-01
9.205813763384752546e-01
9.370679691468648542e-01
9.498083349893237104e-01
9.609747264098897901e-01
9.665836517396283467e-01
9.719867780133470969e-01
9.790533491503213837e-01
9.845631453260542676e-01
9.881293708467938641e-01
9.881683959283734664e-01
9.857525331301744131e-01
9.795096227755940577e-01
9.737512795589592374e-01
9.649725389100448636e-01
9.590584354694557945e-01
9.543634415533278625e-01
9.520775003958523719e-01
9.544082764146014641e-01
9.559899716856540275e-01
9.675789248793004171e-01
9.768321883747028700e-01
9.869855869612389476e-01
9.971504834020277208e-01
1.009951833375994479e+00
1.017100042295586704e+00
1.024654624378942502e+00
1.030453623179486300e+00
1.033572338759510378e+00
1.033478026237767411e+00
1.033119616969609522e+00
1.030958296866163248e+00
1.028414465282094348e+00
1.023212598212088320e+00
1.018105380622101652e+00
1.013060951228090811e+00
1.005839910275584614e+00
1.001621175063081903e+00
9.962636322491136287e-01
9.926239283253028844e-01
9.881245424796910592e-01
9.870953357202464362e-01
9.855482614453118240e-01
9.862423170866221334e-01
9.870444068666005544e-01
9.871500226620747442e-01
9.906196389354650078e-01
9.924200792116243397e-01
9.938860022943909467e-01
9.942250759121366022e-01
9.986915529212954112e-01
9.990007438999028988e-01
1.000118103474089803e+00
1.001582144425384957e+00
1.002001674947616827e+00
1.000609703518004823e+00
1.003467758532165632e+00
1.004178148353249700e+00
1.004876217319586429e+00
1.005327777409716461e+00
1.003584050075971179e+00
1.003873250377644410e+00
1.004600587039206738e+00
1.003445551621404919e+00
1.003228580737944409e+00
1.001531606891120196e+00
1.001953137329884003e+00
1.002250932516118409e+00
1.001398771563859480e+00
1.001836512368039722e+00
1.000617131237709234e+00
9.994607632058224445e-01
1.000007859270615196e+00
1.000180753957953916e+00
9.989094194861588560e-01
9.987896787181312908e-01
9.983724734351551167e-01
9.982588153644325057e-01
9.985630257342898997e-01
9.980717537866755640e-01
9.980169678093943064e-01
9.984816534602147797e-01
9.992312006165993132e-01
9.994809168753913120e-01
9.990538975807122801e-01
9.992072969538431382e-01
9.995008273473253713e-01
1.000726654668832483e+00
9.999783888527316034e-01
1.000292843528997944e+00
1.000665532366057375e+00
1.001309980653389387e+00
1.000454883603889122e+00
1.001891141525500073e+00
1.001293564875323616e+00
1.001329361339403423e+00
1.000731199592991283e+00
1.001100614427073321e+00
1.000372814834170399e+00
1.001136297788012941e+00
1.001225498812357895e+00
1.000413503675361859e+00
1.000497352512913496e+00
1.000996670169555625e+00
1.000656981041745608e+00
1.000418654181492339e+00
9.997812378190010785e-01
1.000419791890012178e+00
1.000092720172289784e+00
9.998007649380786788e-01
1.000866695854469635e+00
1.000319043893761251e+00
1.000252253928738844e+00
1.000255514975848969e+00
1.000467086161946240e+00
9.996671398501134620e-01
1.000389527572645543e+00
1.000186206177672510e+00
1.000139333163122313e+00
1.000246039416447186e+00
9.997000787677983169e-01
1.000916785647716800e+00
1.000312517613773045e+00
1.000951018185676000e+00
1.000658608409092043e+00
1.000571289870689773e+00
9.999689029050886635e-01
1.001364486959152922e+00
1.000501211092521991e+00
1.000640842752213544e+00
1.000813905483211474e+00
1.000722139534405253e+00
1.000118661277089371e+00
1.000762266740535145e+00
1.000771470931530072e+00
9.999609479818162283e-01
1.000305985322208269e+00
1.000156276067914130e+00
1.000418191879830054e+00
1.000288418498369136e+00
1.000192712157959685e+00
9.998155685627306832e-01
9.998559708535006418e-01
1.000222019623577152e+00
1.000170170322508989e+00
1.000142308532796731e+00
1.000086337872793107e+00
9.998794505331847216e-01
9.998357316270842787e-01
9.997746003736407427e-01
1.000163857278292268e+00
9.998210423837627925e-01
1.000079899413154116e+00
1.000000857548486888e+00
1.000135193673878931e+00
1.000358689782761656e+00
9.998474860609265491e-01
9.999131356825499140e-01
9.999424597930988146e-01
9.999487151073597202e-01
1.000063399439501621e+00
1.000046466303259107e+00
9.999029951795781468e-01
1.000397004999888928e+00
1.000096835819150654e+00
9.998309075566406134e-01
9.998599496121981511e-01
1.000190222959571162e+00
1.000578473274498670e+00
1.000362083406830749e+00
1.000397165460452209e+00
9.998806684780153775e-01
9.998040269039331074e-01
1.000078938512081628e+00
1.000023200560799852e+00
9.998775154279311295e-01
1.000149626674444292e+00
9.997565823591705314e-01
1.000115926371843988e+00
1.000040793704869646e+00
1.000013111176285996e+00
1.000493418918223520e+00
1.000056472468481283e+00
1.000137726872443622e+00
9.999196055195115340e-01
9.998242494129213620e-01
9.998010208364255247e-01
9.999421939260326742e-01
1.000037512105140580e+00
1.000532660307462240e+00
9.995240497106635535e-01
1.000231001362299477e+00
1.000166984751856614e+00
1.000013515274459364e+00
1.000104902301803600e+00
9.997984769781138592e-01
1.000474092384963098e+00
9.998536495293036674e-01
9.998767364798424317e-01
9.996794986140328243e-01
1.000203903636546654e+00
1.000179769324022194e+00
9.998923512933529656e-01
1.000111254382110459e+00
1.000148452077842753e+00
9.999993470850968569e-01
1.000111575047517354e+00
1.000024474364531457e+00
1.000146566528193892e+00
1.000144153580357020e+00
9.999262500947997401e-01
1.000036170183653983e+00
9.997712830230287562e-01
1.000015780781184693e+00
9.995325388986202597e-01
9.999039751436498147e-01
9.994802350942337821e-01
1.000039900316479713e+00
9.998658621454158402e-01
9.995719606911181998e-01
1.000109674278319760e+00
9.996423556192350901e-01
9.995717295905984789e-01
1.000080128959655923e+00
1.000215488596376989e+00
1.000012513271251402e+00
9.999814815006585755e-01
9.997055464242318168e-01
9.999165991817350330e-01
9.998913272809407671e-01
1.000105728273736894e+00
9.998830812328901585e-01
9.998253470881571792e-01
9.997344524186936310e-01
9.998762876875836314e-01
1.000116330576422463e+00
1.000015641658183352e+00
9.999321003085230863e-01
9.995774399975483337e-01
9.995189689317088844e-01
9.996978940245587753e-01
9.995909303968354420e-01
9.999361688392006675e-01
1.000170624543327724e+00
9.998940061769541199e-01
9.998811431496856805e-01
1.000011593093839579e+00
1.000081454842577600e+00
1.000055856627909634e+00
9.998971991830458705e-01
9.999679966660470765e-01
1.000169447627178299e+00
1.000076463114077940e+00
1.000102651034098677e+00
9.999522439973663746e-01
1.000007143176379287e+00
1.000150856746680361e+00
1.000062879677393157e+00
9.997185851777256049e-01
1.000128641608684310e+00
1.000079302234742507e+00
9.999213706140496205e-01
1.000343647297608607e+00
9.996929004797387996e-01
9.995911978370515261e-01
1.000068074116367667e+00
1.000018098968494584e+00
1.000397512316277382e+00
1.000367248582846758e+00
9.999794947373246146e-01
1.000185626298531805e+00
9.999359210886761273e-01
9.999070185124093735e-01
9.998310125006222293e-01
1.000164456562402604e+00
1.000553252046981090e+00
1.000292359115396490e+00
9.996859307578083165e-01
1.000039700658832853e+00
1.000119817396248889e+00
9.999145228492188897e-01
1.000050897781218806e+00
9.999365446849348693e-01
1.000130859499483549e+00
9.999708825441450122e-01
1.000135448494684720e+00
9.999411556863911921e-01
1.000129360683263746e+00
1.000421167481034601e+00
9.999203231612230347e-01
1.000088306445525932e+00
1.000209354113558380e+00
1.000040650465019221e+00
1.000252388453516161e+00
1.000105280965190024e+00
9.997777261330089704e-01
9.999161092707330445e-01
1.000188264740533128e+00
9.997449267074389745e-01
9.937712358861231499e-01
9.850610068021119492e-01
9.766812635633794759e-01
9.679430087456897258e-01
9.591730198925549900e-01
9.510715206796352961e-01
9.425756645799275857e-01
9.337654068580857336e-01
9.253763952714204599e-01
9.176406500162670454e-01
9.090445685182078073e-01
9.008279167956250166e-01
8.927625240627439229e-01
8.846645056358367620e-01
8.767203625042889747e-01
8.686616712305397225e-01
8.608485259546969637e-01
8.527960054841829951e-01
8.448079009485560675e-01
8.369907868582687760e-01
8.288953564408916286e-01
8.213917598085339611e-01
8.137377821348092954e-01
8.060295730312125873e-01
7.983718699589960055e-01
7.908882074161485143e-01
7.828158817475328046e-01
7.756985119960944086e-01
7.679760827126301814e-01
7.607714926424505864e-01
7.535226277859314870e-01
7.459634672236026276e-01
7.386323448658558277e-01
7.314952760390948105e-01
7.242703926892039012e-01
7.169306280844152113e-01
7.099211231698109303e-01
7.028164133085664789e-01
6.956214018143641598e-01
6.884897568532934997e-01
6.816326157620296033e-01
6.746956063537646875e-01
6.677029152538290768e-01
6.608080360262246211e-01
6.538594875593869427e-01
6.470212344566753648e-01
6.403702137246315429e-01
6.336296804914880454e-01
6.266058163376456713e-01
6.201807901661458011e-01
6.135453470453060554e-01
6.067334367690687680e-01
6.002441995043694689e-01
5.937876594424695842e-01
5.872776624119527833e-01
5.805052066272115008e-01
5.740874643173786707e-01
5.676867949525197243e-01
5.615581249777650275e-01
5.550022575244458745e-01
5.487542860583072279e-01
5.423961113260725719e-01
5.360036723975286632e-01
5.299362383101341445e-01
5.238126299079539638e-01
5.173796121799101311e-01
5.114253654021456708e-01
5.052435546596852900e-01
4.993105315803294530e-01
4.930428424155123834e-01
4.871999816617927914e-01
4.811103499382667903e-01
4.752183649498683549e-01
4.690366146165751426e-01
4.634169909300787649e-01
4.572595286848791241e-01
4.515096504985707804e-01
4.456082508841768819e-01
4.398469420416161180e-01
4.340707616270393920e-01
4.283274029194157895e-01
4.226711061152202964e-01
4.168913924682849936e-01
4.112507694530063151e-01
4.055945971467070921e-01
3.999403789455701075e-01
3.944023378589879836e-01
3.889372712731940518e-01
3.832673792043389538e-01
3.778513255526653736e-01
3.723564257149861723e-01
3.670211159343217400e-01
3.614600065380422778e-01
3.559782810632497463e-01
3.506540568020005133e-01
3.453458507206522698e-01
3.400039574917243512e-01
3.348218708109670372e-01
3.294970070020015740e-01
3.241008342957059085e-01
3.190390708969232936e-01
3.134994231231887918e-01
3.085378056013209913e-01
3.033020889705668188e-01
2.981481651203466976e-01
2.931077093528250410e-01
2.878991000676358047e-01
2.828044485864725233e-01
2.777371062949499647e-01
2.726783246757718548e-01
2.676721004864541231e-01
2.627569804751159199e-01
2.576749075992266214e-01
2.527851314463219201e-01
2.478474113980481397e-01
2.429647826309342951e-01
2.381862938774299832e-01
2.332314632798516418e-01
2.284474366893139985e-01
2.235977921723663886e-01
2.188093554652191242e-01
2.139963812132269771e-01
2.093255709525212171e-01
2.044715828969946858e-01
1.998239051269962430e-01
1.950185547721177415e-01
1.904453253064531393e-01
1.858186062935523741e-01
1.811867026394590741e-01
1.765462882433823932e-01
1.719144318362132440e-01
1.673824987284148191e-01
1.627658354091129911e-01
1.582494722098763407e-01
1.536499145922065046e-01
1.491777348726423258e-01
1.447279482847903254e-01
1.403285534174873728e-01
1.358754856801343280e-01
1.313377553646523088e-01
1.269333241242820154e-01
1.226059014091119975e-01
1.184210978901795164e-01
1.146843107419388413e-01
1.110354212038411614e-01
1.076392143671644347e-01
1.042949462604626926e-01
1.011041523331522446e-01
9.808161703364122463e-02
9.508260280123760622e-02
9.224927131773140443e-02
8.946651776303649051e-02
8.682386771961173033e-02
8.423294092182959103e-02
8.171762794529376095e-02
7.922056372009630976e-02
7.684250562276297158e-02
7.456497500518917410e-02
7.231342205283279589e-02
7.015858200759712837e-02
6.796462950659321045e-02
6.585294425869307744e-02
6.386068303733098694e-02
6.186578538792797399e-02
5.999422203952121946e-02
5.810710907460553409e-02
5.632405724684642206e-02
5.451138965651956825e-02
5.277607566558172730e-02
5.107483758466604268e-02
4.942218982765801683e-02
4.785032924445169894e-02
4.630193097493966181e-02
4.474154869491413222e-02
4.321663878283284882e-02
4.180489121229157001e-02
4.039278144487214867e-02
3.905298626026050546e-02
3.768089240719593724e-02
3.635694991977825308e-02
3.513925960752804778e-02
3.387807703765900041e-02
3.263952965982373777e-02
3.151639734085234790e-02
3.038396169772361946e-02
2.925696714337092108e-02
2.813047035717960304e-02
2.710175422664190537e-02
2.608932111091734687e-02
2.509078266897053766e-02
2.410433727320481639e-02
2.316953398477397674e-02
2.221481800098952866e-02
2.134951298882566822e-02
2.046161447497530858e-02
1.962123550204344230e-02
1.877990506067096776e-02
1.798552844049501956e-02
1.718958798497905935e-02
1.644534808073375154e-02
1.568185302717215943e-02
1.499504155288605006e-02
1.429894500225062544e-02
1.362451177427436398e-02
1.294969108385949849e-02
1.234166192473648387e-02
1.172723063358783319e-02
1.112817060102310948e-02
1.055274316397276924e-02
9.992474365927830893e-03
9.437986740737203117e-03
8.952258096930787445e-03
8.458105660050547689e-03
7.957734589530942454e-03
7.506545999823941405e-03
7.031846915865154132e-03
6.613697770616753548e-03
6.200190997992930872e-03
5.800605817726009646e-03
5.401166781798361072e-03
5.042327889564758754e-03
4.690890393673486682e-03
4.342438665951799462e-03
4.010890596466184198e-03
3.704658399906166771e-03
3.405507090244515745e-03
3.117493038105721963e-03
2.864393463671723646e-03
2.603900933455244662e-03
2.364464064694889785e-03
2.131443085195262530e-03
1.922179627505494820e-03
1.701639792474255288e-03
1.523038273388461605e-03
1.340248742624721313e-03
1.173878341474854847e-03
1.013800240323795183e-03
8.785281385181529503e-04
7.456433341690780862e-04
6.273454493081899019e-04
5.157579589732839628e-04
4.200452206437733471e-04
3.341326195126244195e-04
2.542999944317796916e-04
1.878043652292049994e-04
1.327274945836558412e-04
8.710794326565843054e-05
5.000884482211621446e-05
2.473947479352011421e-05
8.020989794985765913e-06
1.298416652363692211e-06
1.931421239937020947e-08
0.000000000000000000e+00
0.000000000000000000e+00
0.000000000000000000e+00
0.000000000000000000e+00
0.000000000000000000e+00
0.000000000000000000e+00
0.000000000000000000e+00
0.000000000000000000e+00
0.000000000000000000e+00
0.000000000000000000e+00
0.000000000000000000e+00
0.000000000000000000e+00
0.000000000000000000e+00
0.000000000000000000e+00
0.000000000000000000e+00
0.000000000000000000e+00
0.000000000000000000e+00
0.000000000000000000e+00
0.000000000000000000e+00
0.000000000000000000e+00
0.000000000000000000e+00
0.000000000000000000e+00
0.000000000000000000e+00
0.000000000000000000e+00
0.000000000000000000e+00
0.000000000000000000e+00
0.000000000000000000e+00
0.000000000000000000e+00
0.000000000000000000e+00
0.000000000000000000e+00
0.000000000000000000e+00
0.000000000000000000e+00
0.000000000000000000e+00
0.000000000000000000e+00
0.000000000000000000e+00
0.000000000000000000e+00
0.000000000000000000e+00
0.000000000000000000e+00
0.000000000000000000e+00
0.000000000000000000e+00
0.000000000000000000e+00
0.000000000000000000e+00
0.000000000000000000e+00
0.000000000000000000e+00
0.000000000000000000e+00
0.000000000000000000e+00
0.000000000000000000e+00
0.000000000000000000e+00
0.000000000000000000e+00
0.000000000000000000e+00
0.000000000000000000e+00
0.000000000000000000e+00
0.000000000000000000e+00
0.000000000000000000e+00
0.000000000000000000e+00
