0.000000000000000000e+00
0.000000000000000000e+00
0.000000000000000000e+00
0.000000000000000000e+00
0.000000000000000000e+00
0.000000000000000000e+00
0.000000000000000000e+00
0.000000000000000000e+00
0.000000000000000000e+00
0.000000000000000000e+00
0.000000000000000000e+00
0.000000000000000000e+00
0.000000000000000000e+00
0.000000000000000000e+00
0.000000000000000000e+00
0.000000000000000000e+00
0.000000000000000000e+00
0.000000000000000000e+00
0.000000000000000000e+00
0.000000000000000000e+00
0.000000000000000000e+00
0.000000000000000000e+00
0.000000000000000000e+00
0.000000000000000000e+00
0.000000000000000000e+00
0.000000000000000000e+00
3.888030802012715925e-05
2.026357604687369085e-03
2.683772092084706073e-02
1.906831546104266473e-01
7.267610000372463075e-01
1.527852669570279209e+00
2.051086762027867216e+00
2.108521065968711916e+00
1.904515430591800840e+00
1.644192994487922332e+00
1.420537981304767827e+00
1.258219355935607409e+00
1.161501949237631282e+00
1.092297870803486726e+00
1.016285817545075076e+00
9.469982894476590696e-01
9.122949365441119784e-01
9.039446111290111441e-01
9.087421840638261195e-01
9.232627514378827227e-01
9.400119220911807849e-01
9.515684693330777044e-01
9.595774285711197171e-01
9.683519380220078077e-01
9.730210741123618279e-01
9.792030745434164851e-01
9.831178184612275883e-01
9.871626821021751708e-01
9.873601803542656485e-01
9.842420409329880604e-01
9.808182063574788501e-01
9.751809660943006053e-01
9.675953038775726434e-01
9.600502152464902572e-01
9.544462454728328549e-01
9.537282022396506020e-01
9.520725064299651041e-01
9.599910690919477574e-01
9.659473197150161283e-01
9.785386852648950695e-01
9.879964787737516296e-01
9.994522988161820276e-01
1.007157628090078472e+00
1.019268474322112539e+00
1.027043478898744144e+00
1.031679672473614806e+00
1.033207955864696270e+00
1.036974673162506244e+00
1.035327665840239275e+00
1.032624468060554301e+00
1.029471655279703635e+00
1.024400530898032402e+00
1.018704225712397937e+00
1.013878023602801326e+00
1.007312864105215588e+00
1.003487258130663751e+00
9.957957979063506437e-01
9.927601064993584190e-01
9.895491438098845682e-01
9.873015141384993143e-01
9.863703163511648997e-01
9.876051241197435493e-01
9.873149277837780513e-01
9.891602755864726815e-01
9.911135115161104903e-01
9.927960892162959183e-01
9.936967163925890523e-01
9.976014511814650376e-01
9.993312050363629684e-01
1.000919079286955782e+00
1.001780035771181909e+00
1.003418959943056743e+00
1.002375625289054772e+00
1.004137055379846100e+00
1.003534641474206124e+00
1.003203560225387259e+00
1.004336928574802723e+00
1.004397245553073637e+00
1.006051723846530521e+00
1.003991145655964035e+00
1.004526324102545720e+00
1.003983299576210131e+00
1.003538898625175202e+00
1.002890241963626528e+00
1.002965504012517384e+00
1.002198864563200731e+00
1.002066807472927312e+00
1.001308973867313989e+00
1.001011737336874763e+00
9.998569222580403482e-01
1.000053501903552133e+00
9.999888066690736377e-01
9.987237935015687018e-01
9.983683887046493899e-01
9.989454780058918404e-01
9.989387785680681198e-01
9.989383670752709499e-01
9.991431177780117912e-01
9.986405322542372121e-01
9.989948875613955392e-01
9.987640515134029728e-01
9.993321595756331499e-01
1.000825855426745514e+00
1.000089744278495951e+00
1.001011724433938488e+00
1.000843800854348986e+00
9.999161571763865997e-01
9.996510173043838821e-01
1.000414350359246418e+00
1.001612993640425664e+00
1.001042109932179125e+00
1.000297685924048219e+00
1.001193693092027548e+00
1.001137787808137114e+00
1.001229816933167482e+00
1.000574844838569399e+00
1.000839402201742390e+00
1.001106014626176322e+00
1.000445668473153527e+00
1.000653665737969211e+00
1.000308716384191055e+00
1.000746354880239108e+00
1.000403565890235047e+00
1.000249461435387621e+00
1.000229466458748329e+00
1.000473807319899544e+00
1.000280535883696809e+00
9.998213557750128544e-01
9.995983726130143188e-01
9.994412667188492527e-01
9.998232269198514821e-01
1.000266573740138831e+00
9.986055801514633901e-01
1.000744376243101197e+00
1.000458847177875699e+00
9.997691298041210262e-01
1.000118266698175606e+00
1.000329695079170689e+00
1.000226452421918655e+00
9.998745738442733622e-01
1.001015657402257952e+00
9.992808929939399620e-01
1.000289942571221946e+00
9.997328359193966563e-01
9.998808079067483812e-01
9.998587138051624468e-01
9.999918909965859193e-01
1.000526493457791766e+00
1.000460603831021089e+00
1.000009304040820002e+00
9.998837430613095600e-01
9.999746551123575022e-01
9.996877431278468062e-01
9.998953793505173104e-01
9.999222340021738376e-01
1.000110360741788273e+00
1.000233819072902985e+00
1.000015713751754909e+00
9.996376670556301747e-01
9.995741725872036021e-01
9.999432693504545222e-01
9.997642319541815148e-01
9.995156007677182819e-01
1.000252595003847444e+00
1.000259447423963444e+00
9.999981797063348665e-01
9.997266599058370895e-01
1.000055676485568146e+00
1.000221057647927347e+00
9.996853064565773828e-01
9.996105656042628684e-01
9.997229612791801445e-01
9.998482834427196986e-01
1.000013657049061200e+00
1.000073777394233421e+00
9.999194311693148096e-01
9.997068636729518065e-01
9.995570770631426738e-01
1.000236551494462001e+00
1.000341512719444825e+00
9.999422287214223548e-01
1.000401331772880820e+00
9.997707754440147143e-01
1.000039576455531209e+00
1.000082828322364170e+00
9.997473215522140189e-01
9.998510963207430935e-01
9.999027007247341947e-01
1.000046164487022882e+00
1.000275401307165524e+00
9.997981868824215024e-01
1.000368530917753906e+00
1.000197571542096542e+00
9.998593262482304844e-01
1.000037165281152385e+00
9.995222123679380344e-01
9.998065066185614080e-01
1.000113491004573918e+00
9.998197267005157762e-01
1.000440313082818999e+00
1.000098268422713987e+00
9.999144262397137162e-01
9.999376997272196865e-01
9.999226644766429084e-01
1.000363266038296839e+00
9.999768893304747941e-01
9.997659221196240065e-01
1.000219736987302932e+00
1.000064857796476581e+00
1.000125180157823035e+00
1.000535511988011939e+00
1.000020527805787429e+00
1.000011970105890047e+00
1.000255215378104801e+00
1.000508000154471278e+00
1.000055051976771026e+00
1.000137922805481638e+00
1.000386673491565181e+00
1.000374761614404973e+00
1.000402338652933265e+00
1.000083193544077931e+00
1.000310978192598288e+00
9.997402486623966356e-01
1.000351355995189095e+00
1.000216541166224493e+00
1.000205170535542365e+00
1.000490200598697754e+00
1.000105459621192017e+00
1.000184753965538631e+00
1.000064168211451721e+00
9.998851715617982361e-01
1.000370968322336740e+00
1.000502734321973231e+00
1.000372282560248127e+00
9.999991600212416731e-01
1.000321414760889427e+00
1.000107643161171289e+00
1.000420227437876619e+00
1.000476385952971725e+00
1.000506462882932324e+00
1.000306926748656178e+00
1.000502657587655220e+00
1.000184738877723412e+00
1.000582340562858441e+00
1.000174031050351520e+00
1.000198660214356439e+00
1.000866837637092610e+00
1.000332214408049980e+00
1.000066683033596027e+00
1.000018789703031485e+00
9.999724375672814913e-01
9.999259570402403430e-01
1.000087380521134550e+00
1.000253319059815516e+00
1.000021245809201487e+00
1.000225451259981080e+00
1.000468688030878628e+00
1.000422549575751940e+00
1.000315774931926915e+00
1.000063248370000046e+00
1.000456678095959395e+00
1.000384113040614587e+00
1.000343178719872661e+00
1.000211044057843335e+00
9.999989761665758481e-01
1.000627362550799981e+00
1.000472828974892980e+00
1.000157766120476799e+00
1.000580289148267576e+00
1.000552255300668492e+00
1.000350449628026883e+00
1.000032327115909725e+00
1.000528064696540875e+00
1.000205942376985124e+00
1.000276563865907242e+00
1.000432499963889166e+00
1.000134721685125960e+00
1.000191520980318716e+00
1.000378631307901056e+00
1.000132281754977148e+00
1.000370280550876734e+00
1.000146914284859134e+00
1.000502212766424481e+00
1.000437686257252823e+00
1.000206553424427103e+00
1.000589342195689513e+00
1.000316904568492316e+00
1.000233977638851579e+00
1.000246552774380682e+00
1.000104072587532533e+00
1.000332760091795281e+00
1.000190269090736050e+00
1.000334090981716439e+00
1.000502830660377818e+00
1.000474305339478898e+00
1.000243693964929736e+00
1.000373328719827093e+00
1.000344280743461711e+00
1.000615720876182779e+00
1.000231696310273533e+00
1.000090810081321280e+00
1.000311891883357562e+00
9.999939206320440643e-01
1.000238412101259078e+00
1.000128303326962342e+00
1.000101861684042914e+00
1.000380128741597652e+00
9.999668189428310150e-01
1.000255723382260209e+00
1.000287221143855154e+00
1.000281143893349434e+00
1.000114425560639786e+00
1.000493481497861437e+00
1.000203797119253890e+00
9.999767390169669312e-01
1.000046220610246284e+00
9.995657879846241434e-01
9.939442924417725145e-01
9.851535188258975229e-01
9.762105542366338318e-01
9.679166690096592252e-01
9.593098617057193023e-01
9.509208591738960159e-01
9.423871304702844398e-01
9.341774819001422703e-01
9.255533926864524252e-01
9.173084779731691674e-01
9.089896031986872682e-01
9.006902443194451102e-01
8.925139646554852701e-01
8.846228637656109450e-01
8.763895171748158353e-01
8.685944606133340073e-01
8.607287775354012238e-01
8.525716185913296830e-01
8.448494158281635302e-01
8.369195979325848578e-01
8.291393582747443869e-01
8.211781830757194367e-01
8.136962786642868428e-01
8.059288438818652534e-01
7.981273098940334654e-01
7.904156183617589981e-01
7.830138122755674335e-01
7.758039026370697755e-01
7.682021536269348916e-01
7.607111842098929211e-01
7.533933571205664315e-01
7.461393314880326866e-01
7.386184183601570696e-01
7.316810473345588539e-01
7.242164626505526170e-01
7.168942342105755205e-01
7.097474073425591445e-01
7.026107769089641186e-01
6.955680629639442447e-01
6.882123500879472333e-01
6.815907040176537590e-01
6.744654919940962223e-01
6.675733029693855514e-01
6.608254432607814088e-01
6.537177818126398421e-01
6.470657159372956713e-01
6.402478833791198642e-01
6.336131710024831554e-01
6.266804616412947615e-01
6.201633312523247010e-01
6.134103113578411870e-01
6.066525231502076787e-01
6.000806927699434690e-01
5.936923762469218380e-01
5.871779306876415694e-01
5.806152620308072665e-01
5.742760119776341154e-01
5.677747399682552265e-01
5.613539217449498020e-01
5.550135483861136088e-01
5.486204981792767166e-01
5.424433120140178533e-01
5.361669668832144131e-01
5.299139701238668732e-01
5.235294840860716947e-01
5.175482688046020296e-01
5.114576647198791903e-01
5.052330272090699292e-01
4.990931397234626421e-01
4.931081239272623873e-01
4.869752639428767127e-01
4.810023425381618756e-01
4.751283666062948163e-01
4.689943568867178669e-01
4.630473430596723783e-01
4.573472616317487693e-01
4.514114664420509349e-01
4.457043390218968226e-01
4.397569983443755381e-01
4.339808738171603286e-01
4.281534504314432055e-01
4.226960639367339789e-01
4.167543052192977937e-01
4.113039325155276038e-01
4.056018684159156673e-01
3.999989808281231851e-01
3.945348163077087023e-01
3.889082630231993076e-01
3.832714004775849004e-01
3.779874278028212409e-01
3.723376489858125082e-01
3.668689603520394749e-01
3.613883675634482762e-01
3.559672388411531663e-01
3.505699250475567408e-01
3.452506792746425912e-01
3.397269086610471556e-01
3.345828731200704564e-01
3.293029023449136061e-01
3.239953847781479879e-01
3.186864159404071972e-01
3.137490238429122558e-01
3.082855682037558553e-01
3.033389166795415481e-01
2.982184835696630176e-01
2.929135197664250456e-01
2.878846245038573226e-01
2.828620749985108485e-01
2.776949850592472790e-01
2.726872669752743450e-01
2.677077912129026127e-01
2.626991908269188380e-01
2.577720537087536679e-01
2.528257523701951670e-01
2.478623914520171334e-01
2.429775972449531030e-01
2.381266267233925760e-01
2.331884885153514275e-01
2.282877754478609689e-01
2.236052085008083667e-01
2.188199520429049416e-01
2.140099993386410104e-01
2.092567045810427018e-01
2.045074302140953981e-01
1.998546500350525668e-01
1.950960114503270670e-01
1.903772818588716775e-01
1.858384742195311190e-01
1.811502980060290813e-01
1.764963727276160077e-01
1.719372882670017477e-01
1.672918197345961144e-01
1.627474550673485565e-01
1.582641989913443903e-01
1.537047384159470620e-01
1.492900530565723916e-01
1.448086800869720081e-01
1.402260398075111936e-01
1.358132451006860697e-01
1.313925088427508325e-01
1.269661891243055452e-01
1.226112737524374524e-01
1.184728918936861775e-01
1.146486017875573971e-01
1.110343950644458316e-01
1.076571417242144224e-01
1.043433555656020084e-01
1.011204364290948232e-01
9.810510205149057528e-02
9.513377597707865785e-02
9.225515033053688363e-02
8.960766536292878726e-02
8.686406735221768871e-02
8.434975854266560380e-02
8.174678000238411180e-02
7.924674604947100354e-02
7.685713021999371342e-02
7.465702371122595604e-02
7.231340317561558984e-02
7.014740778439211566e-02
6.804441684414637426e-02
6.590673123209210560e-02
6.396913727148549611e-02
6.196192084273943051e-02
6.002482648201554194e-02
5.809363103539122442e-02
5.631130582764167641e-02
5.449553158290499494e-02
5.278702938111261289e-02
5.110491025937415749e-02
4.948095693358439684e-02
4.788947542089818515e-02
4.627013984582550171e-02
4.479202487329950189e-02
4.334328111263817396e-02
4.185509147925481344e-02
4.046224931313836815e-02
3.910104652829288208e-02
3.775475873148524675e-02
3.643991107685295300e-02
3.513740310462516725e-02
3.394030442069275594e-02
3.269026432172039004e-02
3.152001209203979942e-02
3.035482074039132228e-02
2.926341115494763070e-02
2.818785027930285209e-02
2.711413139443967849e-02
2.610879788884837294e-02
2.511806454523228538e-02
2.409445364505952841e-02
2.314733047385701681e-02
2.226314762115020815e-02
2.131820949917526131e-02
2.044367092551925905e-02
1.958960053340147098e-02
1.878484930558857804e-02
1.798875327308505773e-02
1.722506197774023237e-02
1.645255061031222418e-02
1.571348594451425773e-02
1.500367006427445228e-02
1.428322222845073396e-02
1.361928066610143713e-02
1.299742851711967184e-02
1.232391235576815909e-02
1.172462871268512528e-02
1.112588607444956607e-02
1.054139312529718021e-02
9.993281509671766288e-03
9.480812122177771292e-03
8.943229542177744129e-03
8.449739060729852952e-03
7.969433921407921909e-03
7.509221524647923147e-03
7.054822743210559591e-03
6.611178105036480922e-03
6.207690740873830250e-03
5.808841237543100992e-03
5.401167644086372899e-03
5.044313779191259180e-03
4.686428289903655196e-03
4.348321302838953177e-03
4.012612886239319381e-03
3.699739424718769768e-03
3.418707595060100149e-03
3.131710788182879863e-03
2.866755538870820273e-03
2.609737224131024498e-03
2.367586438310352939e-03
2.130127257806814414e-03
1.921608390736320249e-03
1.713525020017029298e-03
1.518087799955373423e-03
1.348832642994726369e-03
1.173118726808580889e-03
1.027434453540416624e-03
8.802037581241437328e-04
7.439925920753489956e-04
6.246455750823808658e-04
5.162673496943699734e-04
4.171888980391193365e-04
3.295870965889326535e-04
2.588139870914484453e-04
1.891038879082317570e-04
1.358911664891820773e-04
8.745817670191189351e-05
5.109913941927793438e-05
2.516081656533972162e-05
8.400785981953594740e-06
1.220989661213219916e-06
9.657821413933728877e-09
0.000000000000000000e+00
0.000000000000000000e+00
0.000000000000000000e+00
0.000000000000000000e+00
0.000000000000000000e+00
0.000000000000000000e+00
0.000000000000000000e+00
0.000000000000000000e+00
0.000000000000000000e+00
0.000000000000000000e+00
0.000000000000000000e+00
0.000000000000000000e+00
0.000000000000000000e+00
0.000000000000000000e+00
0.000000000000000000e+00
0.000000000000000000e+00
0.000000000000000000e+00
0.000000000000000000e+00
0.000000000000000000e+00
0.000000000000000000e+00
0.000000000000000000e+00
0.000000000000000000e+00
0.000000000000000000e+00
0.000000000000000000e+00
0.000000000000000000e+00
0.000000000000000000e+00
0.000000000000000000e+00
0.000000000000000000e+00
0.000000000000000000e+00
0.000000000000000000e+00
0.000000000000000000e+00
0.000000000000000000e+00
0.000000000000000000e+00
0.000000000000000000e+00
0.000000000000000000e+00
0.000000000000000000e+00
0.000000000000000000e+00
0.000000000000000000e+00
0.000000000000000000e+00
0.000000000000000000e+00
0.000000000000000000e+00
0.000000000000000000e+00
0.000000000000000000e+00
0.000000000000000000e+00
0.000000000000000000e+00
0.000000000000000000e+00
0.000000000000000000e+00
0.000000000000000000e+00
0.000000000000000000e+00
0.000000000000000000e+00
0.000000000000000000e+00
0.000000000000000000e+00
0.000000000000000000e+00
0.000000000000000000e+00
0.000000000000000000e+00
