0.000000000000000000e+00
0.000000000000000000e+00
0.000000000000000000e+00
0.000000000000000000e+00
0.000000000000000000e+00
0.000000000000000000e+00
0.000000000000000000e+00
0.000000000000000000e+00
0.000000000000000000e+00
0.000000000000000000e+00
0.000000000000000000e+00
0.000000000000000000e+00
0.000000000000000000e+00
0.000000000000000000e+00
0.000000000000000000e+00
0.000000000000000000e+00
0.000000000000000000e+00
0.000000000000000000e+00
0.000000000000000000e+00
0.000000000000000000e+00
0.000000000000000000e+00
0.000000000000000000e+00
0.000000000000000000e+00
0.000000000000000000e+00
0.000000000000000000e+00
3.604475881318029706e-02
7.811798377217484823e-01
3.095958538073997790e+00
3.596925465937338640e+00
2.344668895999068248e+00
1.168571031857101650e+00
5.509721286222855063e-01
3.010780864553269653e-01
2.427297498867493630e-01
2.054447859679148225e-01
2.171574526975597330e-01
2.401346878028789988e-01
2.531771223987832053e-01
2.666951570957477591e-01
2.838155613937639599e-01
3.109139329944720087e-01
3.597477301729571919e-01
4.892746622249943278e-01
6.404625571288451447e-01
8.644173228143343657e-01
1.061855974023709459e+00
1.208879449785507765e+00
1.357593135994500599e+00
1.498258022070612094e+00
1.585453074940214702e+00
1.676807624512866246e+00
1.695208480660313155e+00
1.677675803540130905e+00
1.563753779914000885e+00
1.423286566612919080e+00
1.247205138766243726e+00
1.126049580775384973e+00
1.020925367477591994e+00
9.220843454313804033e-01
8.768561258753637677e-01
8.609175450151392850e-01
9.011537411043037960e-01
8.795220246691157762e-01
8.858191403680020226e-01
9.243511312940666524e-01
9.589537530267674414e-01
9.816175047085216043e-01
9.713807818626503110e-01
9.997988236737131995e-01
1.012419155575055241e+00
1.029152288379553859e+00
1.063768094876924364e+00
1.065842763792191006e+00
1.062251500967072992e+00
1.061663759596341183e+00
1.071181550938592908e+00
1.060247994731566834e+00
1.055952652101516787e+00
1.038576740614642668e+00
1.012814169322485913e+00
9.989527971312437415e-01
9.933791095466298904e-01
9.789377450294168836e-01
9.808913832903880525e-01
9.840759843070300272e-01
9.662180576573631274e-01
9.696627269021488305e-01
9.928888525541857968e-01
9.907997468576874578e-01
9.846801365063465594e-01
9.952183713640967433e-01
1.012705996521085394e+00
1.007736164760568931e+00
1.009340758660305815e+00
1.019165249090199898e+00
1.011340150349831823e+00
1.004911461376827964e+00
1.004597023204651052e+00
1.003892246603600436e+00
1.009795884326803561e+00
1.005670012513101286e+00
1.000157008746892950e+00
9.959329778139929257e-01
9.907975520503466971e-01
9.996569780180564191e-01
9.859189300106298015e-01
9.842480415288608064e-01
9.966125318567428115e-01
1.000875612325956565e+00
9.878036515077064372e-01
9.805905857886506594e-01
1.000178906406128609e+00
1.005853908834643207e+00
9.974043249811420653e-01
1.001079534396956960e+00
1.000679217309832225e+00
1.009154122599672077e+00
9.966390170919168234e-01
9.978907345573312382e-01
9.986062290175343747e-01
9.971972078789663740e-01
1.001707362028281922e+00
1.011975176207897231e+00
1.002922411347375142e+00
9.942739914557272574e-01
1.010188813449701906e+00
1.008493718300721209e+00
1.011170130802730105e+00
1.008538475116616873e+00
1.004393873891596289e+00
1.019155431977984971e+00
9.986580407755445421e-01
1.011210860270225442e+00
9.944476999125525518e-01
9.974360919968844330e-01
1.013306077309055864e+00
9.874967851185688650e-01
9.998591228428749256e-01
1.007865518501593005e+00
9.984812537183638259e-01
9.946207667659855423e-01
1.007760955326626462e+00
9.942594146493112239e-01
9.994023277514774151e-01
9.996962069993304834e-01
1.003777999945499211e+00
1.003493408939468257e+00
9.991056810179370640e-01
9.985944305159795142e-01
1.009062365023409402e+00
1.010270181021314162e+00
9.956248192841626876e-01
9.959315232030248044e-01
1.008998203769593038e+00
1.004870302197179655e+00
1.009987459351846972e+00
1.011969216665449478e+00
1.000513249890724099e+00
1.003614150045001541e+00
9.960746630011505509e-01
9.954816360024928423e-01
1.000705085477811895e+00
9.977355863473877928e-01
1.001826101508321853e+00
1.001974339040145878e+00
9.980212007234529059e-01
9.981126203949353126e-01
1.003098566004185122e+00
9.912277164258622708e-01
1.001838241768898907e+00
9.930630883604779635e-01
9.951077527039992043e-01
1.000423672089451044e+00
9.982902909794085788e-01
9.972010594422804353e-01
1.000329619220118982e+00
9.915890363990561562e-01
9.930154843866580983e-01
9.960578193301535821e-01
1.001094495877785873e+00
1.001019543861985550e+00
9.911541221492866649e-01
9.925338838487128834e-01
9.984908895307608168e-01
9.886270767740994447e-01
9.969973774363606323e-01
9.920173359266176716e-01
9.902942271494776794e-01
9.975202662447015811e-01
9.919600145751620301e-01
9.881371656087001298e-01
9.920621373813135468e-01
9.901763053545474813e-01
9.945200337024655557e-01
1.002138694355279025e+00
9.993721163843972688e-01
9.910639678209488546e-01
9.981562023394272565e-01
9.979648112250412151e-01
9.844673589350325660e-01
9.988155395252136248e-01
9.967905834561373579e-01
1.000581422162211798e+00
9.938009674273881044e-01
9.983456481077497280e-01
9.961841000009203917e-01
9.930666389754568835e-01
9.988061446618462513e-01
9.938680596362847730e-01
9.958783019339300102e-01
9.951890657022637310e-01
9.940150921353720914e-01
9.975191381533993207e-01
9.962857467711055959e-01
9.953348723801812570e-01
9.901978614582989113e-01
9.998188740174455136e-01
9.994986386301644155e-01
9.987708067115702582e-01
9.915715020561514104e-01
9.911590531066781784e-01
9.954268712873299840e-01
9.892251441049672023e-01
9.944075068812607832e-01
9.993076419825902557e-01
9.925200017686997001e-01
9.971248886784780385e-01
9.958206951754144942e-01
9.978743339382452060e-01
1.000684408477272358e+00
9.953354914420347033e-01
9.954320706505718208e-01
9.904622603089902055e-01
9.941512265946432780e-01
9.932827533788870511e-01
9.945864345682355889e-01
9.878357597364582077e-01
9.954725621855250450e-01
9.906284248340680998e-01
9.961463201020683833e-01
9.946049294850607403e-01
9.939999192582011922e-01
9.957842805137586684e-01
9.960099497991338202e-01
9.928390990521783754e-01
9.978017849976636988e-01
9.981575676435007205e-01
9.918558356905400331e-01
9.912964703674849165e-01
9.941439552896861320e-01
9.938653977924274407e-01
9.957233112332188885e-01
1.001892931480276250e+00
9.982137192238128565e-01
9.901498791042627756e-01
9.899163119592232496e-01
9.966376263456200313e-01
9.977022040849068407e-01
9.899979783923364973e-01
9.993548292436849056e-01
9.902032168826236935e-01
9.910104965644059849e-01
9.966037497094413222e-01
9.991090857112160384e-01
9.990940060358710628e-01
9.967679389422672287e-01
9.959828832173697188e-01
9.995731559494139828e-01
9.969132737947054013e-01
9.970565839956465615e-01
9.959929772868723052e-01
9.961728013314183894e-01
9.935417836035389527e-01
9.950472196287637461e-01
9.984382207055030323e-01
9.936321828726780714e-01
9.981506173918773817e-01
9.950503803876287190e-01
9.981685051881878934e-01
9.989701848367681380e-01
