0.000000000000000000e+00
0.000000000000000000e+00
0.000000000000000000e+00
0.000000000000000000e+00
0.000000000000000000e+00
0.000000000000000000e+00
0.000000000000000000e+00
0.000000000000000000e+00
0.000000000000000000e+00
0.000000000000000000e+00
0.000000000000000000e+00
0.000000000000000000e+00
0.000000000000000000e+00
0.000000000000000000e+00
0.000000000000000000e+00
0.000000000000000000e+00
0.000000000000000000e+00
0.000000000000000000e+00
0.000000000000000000e+00
0.000000000000000000e+00
0.000000000000000000e+00
0.000000000000000000e+00
0.000000000000000000e+00
0.000000000000000000e+00
0.000000000000000000e+00
4.286766697350915395e-02
6.260793445671307689e-01
2.548350466395810976e+00
3.091028320825256692e+00
2.042022085183423208e+00
1.027013012150232107e+00
5.024933732464337277e-01
2.615162566602454164e-01
2.060554895566627798e-01
2.150433197932065665e-01
2.176785621221066225e-01
2.510927743767317755e-01
2.797799033741376062e-01
2.949282693290079527e-01
2.724697668331707567e-01
2.893096325613884190e-01
3.822183444660350871e-01
4.903683836958856457e-01
6.847134504162412094e-01
8.747287460688225602e-01
1.085816715231564533e+00
1.237111295024193813e+00
1.365009104298019471e+00
1.476298320533444564e+00
1.554816791250871688e+00
1.597946647148067001e+00
1.674808090241108438e+00
1.628166035722787841e+00
1.564328902783780784e+00
1.394397136838972262e+00
1.217485537064091572e+00
1.077717123365325991e+00
9.926503739708535390e-01
9.143867098745246391e-01
8.842679533876469655e-01
8.680874684383793616e-01
8.796206260188448312e-01
8.701890480754277402e-01
8.888795999889040900e-01
9.227541569905413077e-01
9.321571624912177167e-01
9.602098028843771838e-01
9.928780492261184420e-01
1.001638846558400298e+00
1.006864550731441321e+00
1.028092148733674716e+00
1.040930190523200904e+00
1.061111422857248021e+00
1.058002007509967868e+00
1.081274123051681135e+00
1.062046728427759268e+00
1.047237824178398391e+00
1.051506072464764019e+00
1.030027991883656124e+00
1.024729123785259821e+00
1.007348028051725519e+00
9.778196348920803471e-01
9.858161576669874915e-01
9.813379313554907446e-01
9.869100932674904625e-01
9.927346599571931218e-01
9.746562187230853880e-01
9.828768582725752045e-01
9.948474999002357988e-01
1.003035029017893986e+00
1.008608411748509015e+00
1.023537948798176389e+00
1.024186559864914026e+00
1.031965823977234020e+00
1.018258261546292731e+00
1.027404074915673649e+00
1.036294257045096590e+00
1.013813136245477420e+00
1.015144162396377059e+00
1.029208648731462672e+00
1.018552151124577865e+00
1.010143252343409515e+00
1.009465591420426023e+00
1.012115043093977595e+00
9.951000275191678179e-01
9.780898006231053543e-01
9.934926294150441262e-01
9.923655994759691401e-01
1.003167015657686623e+00
9.947567951484737048e-01
1.009109466898140406e+00
9.960336123654460749e-01
9.987301987943850712e-01
1.006735260571070656e+00
1.001115971652033254e+00
1.005940887204352485e+00
1.015261677406408714e+00
9.989262114999584163e-01
1.008217583485917057e+00
9.981139942920873587e-01
9.967143873566793877e-01
9.966847185595091307e-01
1.004080909862044679e+00
1.010484711879066522e+00
1.002696956687249452e+00
1.003878171799617469e+00
1.011865417159060421e+00
1.006695628638374362e+00
1.009122696882017944e+00
9.965449456129515937e-01
9.935709440879731957e-01
9.944923207154382494e-01
1.002743301433913770e+00
9.963449913471525976e-01
9.947536472565788879e-01
9.998988511289762515e-01
9.934633081712003211e-01
9.973633279829565712e-01
1.011386003568619962e+00
1.007877498369310620e+00
1.003659929891456359e+00
9.945239438847756075e-01
9.969957678644998378e-01
1.001579215334837736e+00
1.006577957036949522e+00
1.002097210067262933e+00
9.979693216794903732e-01
9.961033025377812322e-01
1.001753258309270311e+00
1.004668752592261960e+00
1.001656130702623937e+00
1.010505354780115939e+00
1.003480727037665998e+00
1.013574311875069744e+00
1.014431341954781018e+00
1.002395501960549717e+00
1.000439632554955827e+00
1.002820099318735503e+00
1.015451870005927848e+00
1.003804907199250085e+00
1.002895488473666274e+00
9.994537484126445603e-01
1.007921599062879814e+00
9.984505071728810854e-01
1.003206477835641763e+00
1.003749949984737988e+00
9.987913674820461107e-01
1.007090367038009804e+00
1.004611853356695228e+00
1.006664519222351561e+00
1.001102465327694535e+00
1.000555941789297076e+00
1.001360095834273434e+00
9.938494773010912997e-01
1.009416303271549964e+00
1.008848476986096143e+00
1.006662599825150828e+00
1.001565940298155155e+00
1.004613364779487261e+00
9.990751597635177950e-01
1.005771638366524945e+00
1.002316555988204128e+00
9.971454762478282330e-01
1.012800746663403695e+00
9.995250155224676414e-01
9.987389661687744447e-01
9.916095002711097228e-01
1.002831471280077658e+00
1.004897840238953455e+00
9.957139318354504276e-01
1.002676982387231908e+00
1.003134470809604606e+00
1.001852736382105036e+00
1.002659089463737940e+00
1.001821588047064893e+00
9.940856311010813906e-01
9.991227513540945626e-01
1.002528988788344844e+00
1.003789941565165433e+00
1.002762502090413177e+00
9.991207670286978981e-01
9.902584896748930499e-01
9.938212631650075179e-01
1.006920477960267846e+00
1.001914786758038911e+00
9.942880066210958434e-01
9.942353894666977610e-01
1.008750127930941431e+00
9.957594796803507231e-01
1.000654299127236690e+00
1.001850910168234909e+00
9.930794378647151976e-01
9.916964708725864996e-01
9.991362178646560066e-01
9.920590866366228999e-01
9.946611888491628806e-01
9.935908566877573733e-01
9.966902753157602657e-01
9.890081608511904765e-01
1.000019201875962604e+00
9.950612153636908541e-01
9.911461837113618722e-01
9.880034786559235283e-01
9.980939729935524030e-01
9.844701383611779155e-01
9.896385531757440068e-01
9.891322497100279998e-01
9.843363968718213952e-01
9.859573044739301517e-01
9.892569209603937486e-01
9.847108181399080173e-01
9.884228382214262920e-01
9.889286214158605759e-01
9.886457653885964980e-01
9.843451540577073944e-01
9.928998790641273553e-01
9.934021178968904797e-01
9.927711357263974135e-01
9.830934120353786998e-01
9.854498590677007730e-01
9.844907456784885991e-01
9.828944604300232646e-01
9.863225672044196868e-01
9.910718719340922966e-01
9.896269538158811718e-01
9.877836769089723967e-01
9.948740143384526835e-01
9.839030191399033010e-01
9.926937249809963948e-01
9.876021171484667960e-01
9.897996394697694544e-01
9.961482002116588408e-01
9.859977979406698845e-01
9.963460527779035569e-01
9.956530642162123579e-01
9.853025304201107337e-01
9.925713745971560531e-01
9.896453082643178467e-01
9.932202866865031954e-01
9.880076594652243971e-01
9.952355554875230714e-01
9.955047914712555901e-01
9.949134916047291943e-01
9.965564465315673859e-01
9.972405081114118497e-01
9.967624549329682226e-01
9.957906629894224260e-01
9.885630780020179253e-01
9.921726960005772256e-01
9.960243894111924234e-01
9.937826218936045564e-01
9.968244566437671761e-01
9.909040219391448412e-01
9.901848275306468494e-01
9.919303544803730333e-01
9.933156255378597921e-01
1.000804253208493311e+00
9.988783101907041662e-01
9.947404072076077020e-01
9.955915763329673540e-01
