0.000000000000000000e+00
0.000000000000000000e+00
0.000000000000000000e+00
0.000000000000000000e+00
0.000000000000000000e+00
0.000000000000000000e+00
0.000000000000000000e+00
0.000000000000000000e+00
0.000000000000000000e+00
0.000000000000000000e+00
0.000000000000000000e+00
0.000000000000000000e+00
0.000000000000000000e+00
0.000000000000000000e+00
0.000000000000000000e+00
0.000000000000000000e+00
0.000000000000000000e+00
0.000000000000000000e+00
0.000000000000000000e+00
0.000000000000000000e+00
0.000000000000000000e+00
0.000000000000000000e+00
0.000000000000000000e+00
0.000000000000000000e+00
0.000000000000000000e+00
3.410072426805341173e-02
7.370727392959020019e-01
2.529189937528286691e+00
2.868857810970925737e+00
1.924168583281145706e+00
9.657600194564834872e-01
4.673960895473253663e-01
2.561288290227396458e-01
1.812235961481444280e-01
1.804524056720691327e-01
1.819930156270377630e-01
2.121062855638130018e-01
2.414949716803376778e-01
2.350977042361446778e-01
2.533954291897981270e-01
2.653726737496442944e-01
3.391917555326864342e-01
4.710962962174550794e-01
6.057208188528788728e-01
8.104541782190600729e-01
9.888450797192425146e-01
1.149841367113650703e+00
1.320416488389780874e+00
1.419256556790608581e+00
1.479892438998859916e+00
1.577890054937056474e+00
1.633311613142604868e+00
1.610994023921294982e+00
1.477176840614367936e+00
1.362458556298027590e+00
1.195732905659714129e+00
1.073197643297121973e+00
9.401831895739753975e-01
9.044276565263426049e-01
8.592491778780959599e-01
8.329838000234949247e-01
8.469910837741674303e-01
8.441110038556252082e-01
8.651897278820686044e-01
8.854794209600828081e-01
9.124066497312760537e-01
9.397616752093593817e-01
9.523132705823738053e-01
9.695431934102409777e-01
1.014777741714321557e+00
1.009778387662172427e+00
1.018665015011435138e+00
1.029814686972241322e+00
1.042330332481452349e+00
1.055519829151924549e+00
1.047863778214818131e+00
1.045766402526798755e+00
1.028764182623219892e+00
1.022462768028639113e+00
1.001915130141476373e+00
9.804043800245330065e-01
9.725190954324441917e-01
9.604434288871150915e-01
9.764721281933705921e-01
9.629036887336126505e-01
9.577599473270611563e-01
9.488692713519772948e-01
9.648771967367804070e-01
9.612358489826916541e-01
9.800591576974804209e-01
9.936428072295577785e-01
9.824109906924151092e-01
9.956453842784681596e-01
1.004540479910054795e+00
9.985057989730413697e-01
9.973654318214625336e-01
9.949689784524072822e-01
9.864617504071877541e-01
1.003040162050800710e+00
9.868840502573870133e-01
9.976424625174982186e-01
9.806646025948554390e-01
9.887621175482498304e-01
9.776148717236069485e-01
9.796501783785406259e-01
9.919077076632678569e-01
9.767756030936008971e-01
9.709694173459445521e-01
9.819493485767358809e-01
9.809007916519196790e-01
9.861119500123770587e-01
9.880741510743079603e-01
9.763439087090205470e-01
9.838574441029169781e-01
9.732718805885048896e-01
9.829000039222774987e-01
9.825318154835810391e-01
9.868525639020332418e-01
9.935954866368891247e-01
9.815173576127514954e-01
9.775999395208119225e-01
9.854385189110231869e-01
9.859672012514409944e-01
9.892160616639462667e-01
9.889226171064512405e-01
9.875071449819791125e-01
9.916352488764247353e-01
9.885749450970638952e-01
9.913604575907358774e-01
9.853657565741340552e-01
9.790284116677121506e-01
9.870228369557032533e-01
9.867253042338326452e-01
9.881035026221792750e-01
9.836226123913182073e-01
9.876209438973013732e-01
9.736794714568882680e-01
9.838659615296249106e-01
9.840125629829543641e-01
9.863330446216295178e-01
9.896435281231222847e-01
9.779203290504406842e-01
9.863040556906900180e-01
9.851597271406621337e-01
9.846200944771921204e-01
9.853490173951564568e-01
9.824826855865647079e-01
9.758462891658941096e-01
9.763384647067326894e-01
9.788564161121923179e-01
9.844384859829685697e-01
9.817826036993885230e-01
9.777764796193728625e-01
9.821005143352184996e-01
9.848507292649587574e-01
9.855362960046771814e-01
9.809499158007046749e-01
9.823261228451454219e-01
9.901472153208480398e-01
9.918425825768127924e-01
9.930991961696364889e-01
9.815190791931207581e-01
9.922474498428014433e-01
9.881110721641445105e-01
9.859450972408504432e-01
9.847770208848851681e-01
9.822172831877554744e-01
9.947569798110200701e-01
9.835204475027929938e-01
9.990543397894912081e-01
9.901813425275333147e-01
9.911194732860819645e-01
9.913305482472075658e-01
9.838090859282956346e-01
9.884841331890511507e-01
9.897181022128221928e-01
9.918166819911005128e-01
9.922165073986541906e-01
9.908746926409547351e-01
9.938471472075101065e-01
9.961290928549990653e-01
9.887410823761604295e-01
9.879800164042629174e-01
9.893595800623856684e-01
9.910980020021137316e-01
9.928336040991694311e-01
9.900119688705492083e-01
9.921141761889961108e-01
9.930640613238411740e-01
9.995673255240152821e-01
9.889785291162827008e-01
9.975961539206734674e-01
9.830521242680754224e-01
9.910756723280909064e-01
9.898046538678030304e-01
9.990182853862623613e-01
9.856268981759578329e-01
9.902096519899220572e-01
9.979950837352263848e-01
9.877604954252351410e-01
9.987375037689363300e-01
9.907373728932130641e-01
9.895831763658214930e-01
9.991293213731889944e-01
9.928665482799493569e-01
9.920494954884971905e-01
9.960159912744143140e-01
9.890584652385328024e-01
9.956850361922344739e-01
9.943879037634623108e-01
9.918692461238696190e-01
9.888862125613198106e-01
9.930714775807244488e-01
9.974965417340320162e-01
9.974719116938154384e-01
9.880178256988043639e-01
9.901993318610770034e-01
9.994916505876187962e-01
9.975704926297309649e-01
9.976285896597080205e-01
9.960025583341226563e-01
9.921438333174739110e-01
9.955838297523993408e-01
9.960305922097756337e-01
9.921177708792502381e-01
9.979168873509598470e-01
9.928670121442851881e-01
9.938292380394355696e-01
9.955739757433037518e-01
9.949168133002707082e-01
9.963802050211688632e-01
9.963388268900472688e-01
1.004571872493601914e+00
1.001645445338458451e+00
9.955520940513944428e-01
9.952840038569162884e-01
9.984853160085447321e-01
1.001238072540461710e+00
9.987299210447629916e-01
1.000105940098614532e+00
9.963416024795708203e-01
9.985913486095103764e-01
9.985290271783103799e-01
1.005337483671633114e+00
9.967067246809037107e-01
9.998524068692912214e-01
1.003477447339320650e+00
1.001787750317960413e+00
1.000605733242307060e+00
9.989931181869042831e-01
9.956577287744994287e-01
1.001379389162779132e+00
1.003282341043672199e+00
1.005508698351357921e+00
9.902169484766373264e-01
9.978846565539307711e-01
9.965523408881500345e-01
9.994821180780215641e-01
1.001720476873411592e+00
9.931681378433706575e-01
9.997035143470881513e-01
9.997721907763813531e-01
1.001171731261876197e+00
1.000458842811587479e+00
9.990125984497847389e-01
9.995282648392778135e-01
9.998742514580701846e-01
1.005048475541054920e+00
1.000089702238871059e+00
1.003542991329501977e+00
9.998344419321018028e-01
9.972706683020022833e-01
1.001731596363753196e+00
9.971726787746491016e-01
9.953443764356719736e-01
1.000052861296017337e+00
1.002545631139014848e+00
1.006029770983692950e+00
9.956157839362221873e-01
9.966232546793766245e-01
