0.000000000000000000e+00
0.000000000000000000e+00
0.000000000000000000e+00
0.000000000000000000e+00
0.000000000000000000e+00
0.000000000000000000e+00
0.000000000000000000e+00
0.000000000000000000e+00
0.000000000000000000e+00
0.000000000000000000e+00
0.000000000000000000e+00
0.000000000000000000e+00
0.000000000000000000e+00
0.000000000000000000e+00
0.000000000000000000e+00
0.000000000000000000e+00
0.000000000000000000e+00
0.000000000000000000e+00
0.000000000000000000e+00
0.000000000000000000e+00
0.000000000000000000e+00
0.000000000000000000e+00
0.000000000000000000e+00
0.000000000000000000e+00
0.000000000000000000e+00
2.824740309233673627e-02
7.314659552605243809e-01
2.533545347111374024e+00
3.013920329816506705e+00
1.933120817739849340e+00
9.770794144549449500e-01
4.615271578905706384e-01
2.434678346683769590e-01
1.975434921254175247e-01
1.958374598383415266e-01
2.005413883375729567e-01
1.963603069361550546e-01
2.297198106342077106e-01
2.341807690683813115e-01
2.452088250640662159e-01
2.761153021512419703e-01
3.622726666020568698e-01
4.597495783091310462e-01
6.079036469881408111e-01
8.076805580663936057e-01
1.009389040833886142e+00
1.200803152152993380e+00
1.386603560228038434e+00
1.449310287350821236e+00
1.562226391842156170e+00
1.563314426008044933e+00
1.635267361493769167e+00
1.574945532201159626e+00
1.491391942334606480e+00
1.371054697184471038e+00
1.255259028079292571e+00
1.088986295042798869e+00
9.646491445741820492e-01
8.819767603569330650e-01
8.479282384271022988e-01
8.445312598053902331e-01
8.512886708341458331e-01
8.664278804043956672e-01
8.839689968112038887e-01
8.843313543613336991e-01
9.294397515175051305e-01
9.442397267560878049e-01
9.594295331549660411e-01
9.981760252226107299e-01
1.001394869813430955e+00
1.007599257253915193e+00
1.034007579708361657e+00
1.030385552083692424e+00
1.021182720151347922e+00
1.057522883976229844e+00
1.017915589222739392e+00
1.000136923326185201e+00
1.015519577568106513e+00
1.016641067728567549e+00
9.973401134511384880e-01
9.544363459401813410e-01
9.451774554813675566e-01
9.504168687029416196e-01
9.478674502640992428e-01
9.487203962500461163e-01
9.612323467865846460e-01
9.503958477218074075e-01
9.470815886168256759e-01
9.618709330030954519e-01
9.704681841868103565e-01
9.859548365900694389e-01
9.881280100672682476e-01
9.888667514102880141e-01
9.814500285991184514e-01
9.773161037635177406e-01
9.989071395801973896e-01
9.768153395632993563e-01
9.834018290364370252e-01
9.818820311634066655e-01
9.860468443396891436e-01
9.884098179375261362e-01
9.836636869044478315e-01
9.775269766147065553e-01
9.747541030824131703e-01
9.633807970344656635e-01
9.821406181160253768e-01
9.707086449113553339e-01
9.633671155465253211e-01
9.718960822516228282e-01
9.779466610852378672e-01
9.698202823303904152e-01
9.841948656263398432e-01
9.811404470071464212e-01
9.674683198385477523e-01
9.861081222998950846e-01
9.818324701490726003e-01
9.900192641588775322e-01
9.794336925560810370e-01
9.973471841905721114e-01
9.846286792346127248e-01
9.842338638368152148e-01
9.899405887792622760e-01
9.852417495216196919e-01
1.001289018442844680e+00
9.884972521028504433e-01
9.888543673009878576e-01
9.868995029258190721e-01
9.996134925384126957e-01
1.001916170792263250e+00
9.903551694211936152e-01
9.876589217754160321e-01
9.940146187689936630e-01
9.955925706287162003e-01
9.872020526716871469e-01
9.920461568314224987e-01
9.899814946081161304e-01
9.946701631656450493e-01
9.882625955446164845e-01
9.870542565907588495e-01
9.955116664880946376e-01
9.931679944940247085e-01
1.006324901929405380e+00
9.886320384520504989e-01
9.982186637955761110e-01
9.845110252085345071e-01
9.916110372270935391e-01
9.986622297626035483e-01
9.903205226601755617e-01
9.949523114941216662e-01
9.931083583301932860e-01
9.932669701705559850e-01
9.949907975859398901e-01
9.985180375909518125e-01
9.939383465656778105e-01
1.001494223380053450e+00
9.955445846921935349e-01
9.918114128579751387e-01
9.969790355711889429e-01
9.965669330848343499e-01
9.991743153827148394e-01
9.950247370607384623e-01
9.874037015666686790e-01
9.902334912849424242e-01
1.009365588754249865e+00
9.876737572837024359e-01
9.969122926870869206e-01
9.987062345321435775e-01
1.001244363260296755e+00
1.007601082697917372e+00
1.001104836244662177e+00
9.989403664382151549e-01
1.000484075686247198e+00
9.941973669258201696e-01
9.951434702062705862e-01
1.000953746073551809e+00
1.002063281489089519e+00
1.002819137133170502e+00
1.000760025218425664e+00
1.000731725996135690e+00
1.008545310481496982e+00
1.002087016088084370e+00
9.999590925314680856e-01
1.006090810428914128e+00
9.934244116829460403e-01
9.983721697919655247e-01
9.962340420168236399e-01
9.935743060798334358e-01
1.007437234249987545e+00
1.000538245825835393e+00
1.003165757418059467e+00
1.002087324864276097e+00
9.987656537056138761e-01
9.962621775556742554e-01
9.983756325841068868e-01
9.992376833992224761e-01
1.001952459038200072e+00
9.930272616153882348e-01
9.987331619460576571e-01
9.928917240828798452e-01
1.003096440125182509e+00
1.001750565313981323e+00
9.879787609419514727e-01
1.003672077573235510e+00
9.987117592082239703e-01
1.002040241612836668e+00
1.004386793934452848e+00
9.993620061014666378e-01
9.985066273572928974e-01
1.003435662014922736e+00
1.002697585815251813e+00
9.976966235571292918e-01
1.002856166261151705e+00
9.966241174677977765e-01
1.001568228493051160e+00
1.001310524050082584e+00
1.010358005603071652e+00
1.004573300877769526e+00
1.004784019046587762e+00
1.008265862213055808e+00
9.973117976599429335e-01
1.007399407517655998e+00
9.887178276247728936e-01
1.000911784159205675e+00
1.005569390753646930e+00
1.000011979340264645e+00
1.002809917580614663e+00
9.971973457201187552e-01
1.004324299731938819e+00
9.950919367461263931e-01
9.987183919260139708e-01
1.003687237879535177e+00
1.004159779901459659e+00
1.002489473271692466e+00
1.006771065282366484e+00
1.002015777157986731e+00
1.001610794481714972e+00
1.002943579976311117e+00
1.003252651889068092e+00
1.002429934356290131e+00
1.008189932740689354e+00
1.000151813715747684e+00
1.000694654623510038e+00
1.004404571983319672e+00
1.000840531226728780e+00
9.983289258760517093e-01
1.004695596743661712e+00
1.004097834139841217e+00
9.926187845988081460e-01
1.004792720130572858e+00
1.000061604389638203e+00
1.006336882596332583e+00
9.981999028216957948e-01
9.991715728497516658e-01
1.000964321213377861e+00
1.000654068095599758e+00
9.972322420142994970e-01
1.000582563496701605e+00
1.000726875247289316e+00
1.004574015207996940e+00
9.996309698070632299e-01
9.986546481335633052e-01
9.978400010306884838e-01
9.992978158340010131e-01
9.989531148294160667e-01
9.987570848593554373e-01
9.968731709887116432e-01
9.971923758739852373e-01
9.989130672727715154e-01
9.929887701133472966e-01
1.000233368637357456e+00
9.951804147574508930e-01
9.943425378524600733e-01
9.961772939975280794e-01
9.958754530606879207e-01
9.964006493724217872e-01
9.964079306664910263e-01
9.961736143735373528e-01
9.985984755346921649e-01
1.000481028299784247e+00
1.001346183902226628e+00
