0.000000000000000000e+00
0.000000000000000000e+00
0.000000000000000000e+00
0.000000000000000000e+00
0.000000000000000000e+00
0.000000000000000000e+00
0.000000000000000000e+00
0.000000000000000000e+00
0.000000000000000000e+00
0.000000000000000000e+00
0.000000000000000000e+00
0.000000000000000000e+00
0.000000000000000000e+00
0.000000000000000000e+00
0.000000000000000000e+00
0.000000000000000000e+00
0.000000000000000000e+00
0.000000000000000000e+00
0.000000000000000000e+00
0.000000000000000000e+00
0.000000000000000000e+00
0.000000000000000000e+00
0.000000000000000000e+00
0.000000000000000000e+00
0.000000000000000000e+00
3.702229488083540881e-02
8.849963513048261232e-01
3.206818952382079146e+00
3.700988162191017672e+00
2.475192917238137280e+00
1.197961914921126914e+00
5.867778143856978712e-01
3.448915975045526161e-01
2.393645042479186080e-01
2.453850407601220196e-01
2.614169086603746472e-01
2.962722030055020550e-01
3.068135918328063760e-01
3.278424925064509776e-01
3.256662366601424941e-01
3.387530676428158194e-01
4.304120371977885329e-01
5.622783733255954930e-01
7.372850517885969346e-01
9.019293753663877311e-01
1.132340923388415188e+00
1.288982652258893857e+00
1.427637792789116622e+00
1.567347329122613875e+00
1.617918871347163723e+00
1.694598649535420165e+00
1.719489359436732645e+00
1.694608353927552269e+00
1.602411754749403006e+00
1.428321619065037851e+00
1.272823963485984811e+00
1.111662853017833186e+00
9.957223617507213742e-01
9.367937038987951270e-01
9.087915830923981586e-01
8.632458219639819186e-01
8.747678657607783625e-01
8.890092018132176310e-01
9.144970574670686636e-01
9.434718263360313273e-01
9.528380174531757563e-01
9.428794492342037481e-01
9.666016973082715014e-01
9.890870752480398487e-01
1.012904380299936902e+00
1.034472052936942221e+00
1.050727268105437151e+00
1.032549605953988703e+00
1.056014454121251056e+00
1.042239347823608941e+00
1.049492882264067894e+00
1.038799371840791075e+00
1.021342493712369182e+00
1.028491805930533909e+00
1.000575410574280344e+00
9.740134309573994509e-01
9.844072077095893381e-01
9.536128817965581206e-01
9.603519368514333854e-01
9.653532075788817668e-01
9.608452505423514811e-01
9.787266003638863676e-01
9.752691967296067688e-01
9.953387542565549362e-01
9.746447985877304543e-01
9.789856500600974121e-01
9.897916428486466245e-01
9.931654503951942159e-01
9.956619354494679053e-01
1.001662146025089850e+00
1.002400502561482609e+00
1.023304954550130264e+00
9.993559941606567909e-01
9.985629559226895102e-01
1.008607399046600905e+00
9.990489285563165511e-01
9.965575661210372971e-01
9.993400563449679197e-01
9.917153604214610230e-01
9.887816990354327817e-01
1.009973916165995744e+00
9.914874850155662722e-01
9.974155639644535221e-01
9.858963476442352825e-01
9.969292239053717530e-01
1.011450506843821540e+00
1.007455425985786190e+00
9.891742684807125485e-01
9.808705842922309515e-01
1.000880248031270625e+00
9.936455954538675472e-01
1.004903994031385084e+00
1.005678247147151483e+00
9.935141735105222915e-01
9.945260241725606409e-01
1.002131071660609329e+00
1.004888350019428556e+00
1.000371289330061142e+00
1.004093334319094977e+00
9.995553863486810187e-01
1.000102695507588013e+00
9.958753100722400609e-01
1.010599142906822623e+00
9.938568570708560257e-01
1.004107047362555072e+00
9.893727368975154812e-01
9.917501573852827157e-01
9.870502580151188088e-01
9.967774926827251969e-01
9.947945520808443298e-01
9.838579729850778222e-01
9.937072192303670892e-01
9.927109691225544097e-01
1.000095572967896640e+00
1.005148535632002904e+00
9.950960266494104367e-01
9.892451571562572710e-01
9.901995973136443752e-01
1.010692693380741636e+00
9.885896877462357901e-01
9.971050387722284469e-01
9.981523503981505341e-01
9.934299124531378311e-01
1.000035278702742891e+00
9.916626803669880141e-01
9.958995860484541884e-01
9.998833750635021111e-01
9.921258159944216226e-01
9.899974122604870974e-01
9.903358917696903907e-01
1.001693942686001426e+00
9.922190919827107436e-01
1.002723859956005326e+00
1.000930795078387003e+00
9.982818496452077195e-01
9.967524201119287719e-01
1.005386987183257030e+00
9.974900473356861363e-01
9.985512162405473235e-01
9.976632009397791157e-01
9.981810042895541413e-01
9.940205246880455814e-01
9.952401579786241959e-01
9.966510110753824536e-01
9.941882591677603243e-01
1.001914814873899884e+00
9.978475630561829401e-01
9.932959780141992212e-01
9.976019375497834352e-01
9.922351251431963393e-01
9.935288717832007066e-01
9.902551449643470782e-01
9.963230807823318935e-01
9.979377500494162057e-01
9.900746664523836227e-01
9.933701804616293929e-01
9.931672704311244049e-01
9.902839110469012773e-01
9.847322769162860645e-01
9.948403880945714262e-01
9.898513437482076016e-01
9.952039474754352799e-01
9.990346770700861967e-01
9.886412974240563756e-01
9.887504498035153411e-01
9.772972062941381877e-01
9.900614445700899324e-01
9.931043217048842742e-01
9.930363730775702003e-01
9.818130681720305120e-01
9.884219733688863752e-01
9.856566332252114648e-01
9.945918252692546035e-01
9.892914560808888647e-01
9.844451014710505765e-01
9.833813499013802639e-01
9.880016134987901211e-01
9.909531977816871118e-01
9.857514926580913661e-01
9.971634384217565872e-01
9.835814184275354366e-01
9.865297085682039890e-01
9.832244819078815867e-01
9.899500183138021381e-01
9.853869265171126823e-01
9.852412006835865599e-01
9.925045734383433071e-01
9.908604569495361725e-01
9.882861143152350536e-01
9.857579073811171266e-01
9.899055462236918679e-01
9.883924592844246515e-01
9.929459667245538190e-01
9.902084207105884550e-01
9.886366838474403007e-01
9.915876598820879684e-01
9.938898536283750085e-01
9.878813355013007502e-01
9.880667428650052875e-01
9.937159094542296067e-01
9.914386596266754337e-01
9.883600261040000889e-01
9.941113290758012422e-01
9.857204314161850389e-01
9.931723755104980844e-01
9.929928718356701989e-01
9.882276971009260613e-01
9.922867082913690018e-01
9.862460749093013845e-01
9.907802717323862529e-01
9.916604894031383344e-01
9.947673491273630875e-01
9.929567292946429591e-01
9.957640376346379441e-01
9.890014428449540596e-01
9.896560448471773963e-01
9.900920915869446670e-01
9.914246721851958100e-01
9.914944866757477993e-01
9.901733437574301577e-01
9.839418867537851332e-01
9.915013769437397428e-01
9.876738455940663464e-01
9.922276170267693152e-01
9.910278549663678049e-01
9.870085743299309433e-01
9.915763038861853396e-01
9.937352737387985524e-01
9.927433294123664265e-01
9.942307387389779372e-01
9.901806897223860426e-01
9.862501256974350872e-01
9.888389274148989827e-01
9.945251747193163405e-01
9.879852733262007858e-01
9.924030405134888211e-01
9.907667079327386883e-01
9.941837648317960463e-01
9.932954288662714237e-01
9.921203831411339324e-01
9.998963379124496953e-01
9.923440648095153138e-01
9.916591683030593352e-01
9.915545606712067306e-01
9.917207994968705309e-01
9.935027411593940760e-01
9.939938053664945095e-01
9.963024936851105906e-01
9.882509742571727873e-01
9.915325991409291717e-01
9.902161157336839548e-01
9.946276736314243472e-01
9.887638910354699107e-01
9.990349730967054143e-01
9.983469468931924773e-01
