0.000000000000000000e+00
0.000000000000000000e+00
0.000000000000000000e+00
0.000000000000000000e+00
0.000000000000000000e+00
0.000000000000000000e+00
0.000000000000000000e+00
0.000000000000000000e+00
0.000000000000000000e+00
0.000000000000000000e+00
0.000000000000000000e+00
0.000000000000000000e+00
0.000000000000000000e+00
0.000000000000000000e+00
0.000000000000000000e+00
0.000000000000000000e+00
0.000000000000000000e+00
0.000000000000000000e+00
0.000000000000000000e+00
0.000000000000000000e+00
0.000000000000000000e+00
0.000000000000000000e+00
0.000000000000000000e+00
0.000000000000000000e+00
0.000000000000000000e+00
3.701492271330453915e-02
8.767025081267298958e-01
3.053744432082226901e+00
3.548965896230865891e+00
2.387357683291291721e+00
1.166401437402126318e+00
5.362298316874273274e-01
2.968475572217729175e-01
2.376235605954829799e-01
2.464005429772232469e-01
2.769462195445737684e-01
2.938358939207046383e-01
3.139596038405145784e-01
3.183755168426651849e-01
3.085499432328863145e-01
2.962050909735672866e-01
3.883970980291034381e-01
5.067563691044887353e-01
6.983062507518281725e-01
8.883146961406706010e-01
1.090502550896433887e+00
1.249469494135021730e+00
1.386082667395585277e+00
1.532565299068199050e+00
1.592002632394090345e+00
1.679357869279334281e+00
1.737059717944244186e+00
1.687146331073119399e+00
1.565575845823890200e+00
1.446804714532153868e+00
1.254678842052644683e+00
1.114021161432465545e+00
1.020048158699982555e+00
9.406793672978960297e-01
9.200621888280557936e-01
8.822841133757920451e-01
8.754310877319446682e-01
8.962918141454546683e-01
8.877652602458548925e-01
9.068925319254605988e-01
9.556013134193732661e-01
9.786460515559082252e-01
1.009509041406343011e+00
1.002930335211332125e+00
1.046406980940568721e+00
1.046246468661282014e+00
1.075176341753347753e+00
1.077658185611549024e+00
1.062253442569519368e+00
1.071249787446597823e+00
1.082844981207430779e+00
1.069766530029369722e+00
1.051619306557078248e+00
1.066939000412162830e+00
1.013305586675241843e+00
1.004807309027022644e+00
9.864046788037591496e-01
9.890693210767734778e-01
9.895070238775187654e-01
9.823722327178019409e-01
9.789380596460239836e-01
9.793783358971738240e-01
9.875685297279532815e-01
9.857585403243528388e-01
9.971473076661974133e-01
1.024114401340727509e+00
1.005559411322910268e+00
1.017991772215291801e+00
1.027418794447912731e+00
1.031113587054683034e+00
1.021996257196438052e+00
1.026298377308947130e+00
1.010818490818648607e+00
9.986252781460446259e-01
1.005847149784689254e+00
1.009449365288280775e+00
9.910711156352981499e-01
9.866600872258270982e-01
1.007957434512918971e+00
9.965900100975559894e-01
9.874624123479177618e-01
9.970985015432178855e-01
9.938183442310837279e-01
9.900586756467939509e-01
9.956740652708367945e-01
1.004037749430603865e+00
9.790773595558116549e-01
1.007496533187531407e+00
9.989679598269701755e-01
1.003676706365333349e+00
1.014483885473681291e+00
1.001530059729772715e+00
9.944202084681381670e-01
9.982335215193942624e-01
1.001115056760567112e+00
1.005814298639814197e+00
9.969212572845336240e-01
9.885632865278095593e-01
1.003062732060572282e+00
1.001931059808569779e+00
9.951173953847262110e-01
1.002129585991695659e+00
9.891993831897557543e-01
9.919709484683624234e-01
9.915929310335627189e-01
9.774959156575613317e-01
9.986961596878020098e-01
9.987969841184084485e-01
9.793046861244888435e-01
1.002825527082272572e+00
9.963589251150674064e-01
9.978611751929191698e-01
1.008261089951926204e+00
9.913432464721170234e-01
1.006510883356196651e+00
9.881909871477820850e-01
1.001228956790097158e+00
9.908135149002689213e-01
1.004984922529488456e+00
1.003197942789696429e+00
9.916101599169308001e-01
1.003974782821284384e+00
9.949791006245011227e-01
9.996063361265994374e-01
1.004474633108028536e+00
9.910306912957199676e-01
9.922875839262614850e-01
1.000399523964794035e+00
1.001092000412396876e+00
1.001523558314400653e+00
9.948925991681855097e-01
9.945562055071153207e-01
9.959101553078226754e-01
9.929398618218980843e-01
9.948709113282806493e-01
9.943653319647016708e-01
9.960061114796044945e-01
9.933091626512660088e-01
9.977599532749399369e-01
9.978390939146075667e-01
9.847994648296799491e-01
9.961533588506625847e-01
9.900295133163899974e-01
9.967649107447178469e-01
1.000715229060143097e+00
1.001497394747244529e+00
9.928674893917190936e-01
9.934600936773989588e-01
1.000096924318928382e+00
9.916422763275665186e-01
9.862970716072055888e-01
9.899562839379110191e-01
9.892483425571764188e-01
9.883946732510285882e-01
9.885995688146477223e-01
9.912474694739574765e-01
9.966616260258195359e-01
9.933771168502031346e-01
9.869254293436977576e-01
9.929302107520233678e-01
9.972757416255101370e-01
9.949875621775363665e-01
9.945292500287237214e-01
9.984994908922270040e-01
9.941808678568510027e-01
9.973338039363135454e-01
9.921617262236333001e-01
9.952827595428025420e-01
9.972544062400965359e-01
9.910953180066068846e-01
9.946891221257783133e-01
9.898243627394258670e-01
9.940852086395637333e-01
9.913613297361822951e-01
9.935123670679608665e-01
1.000661093583401273e+00
9.862446821153141308e-01
9.924242787728676518e-01
9.910467403927312180e-01
9.882550466568917891e-01
9.918758238859552989e-01
9.945038074825899299e-01
9.941662044634996809e-01
9.919678212318512323e-01
9.969970052025007856e-01
9.944091011124982504e-01
9.994726317235116397e-01
9.972986197974896827e-01
9.963999481132701508e-01
9.996601458923003447e-01
9.962286422759683013e-01
9.960342822651210293e-01
9.979974789391207191e-01
9.924792052710271761e-01
9.974724900163018937e-01
9.920677156172539313e-01
9.950089287860758303e-01
9.965777235842445680e-01
9.938303355682925888e-01
9.942847334099189638e-01
9.964983569022973775e-01
9.942136738319350409e-01
9.889318734506916675e-01
9.918088669350442199e-01
9.951635509687197789e-01
9.892182296439153699e-01
9.931845417612570337e-01
9.913039576723771118e-01
9.911851193068498267e-01
9.911935264037777804e-01
9.932905617462244319e-01
9.934253642538283247e-01
9.924333177944753004e-01
9.874694593009759602e-01
9.946024877027139777e-01
9.853190727628774459e-01
9.962598426860334033e-01
9.941680677039974601e-01
9.924936518806778407e-01
9.916080656360953816e-01
9.933000515749165205e-01
9.913873450742870519e-01
9.951608135749637762e-01
9.918248707055384861e-01
9.935781001213567221e-01
9.870946979937780252e-01
9.932616811262503509e-01
9.919277823781341707e-01
1.003053886535878014e+00
9.957540963659681221e-01
9.943017585947475645e-01
9.942282447059676009e-01
9.938774816893846120e-01
9.928103396009556603e-01
9.980046072647776878e-01
9.980677913771979215e-01
9.984806343493209946e-01
9.942432068466398043e-01
9.972945044033095785e-01
9.930456158146455659e-01
9.982773339469522833e-01
9.927797370218742756e-01
9.951710291682455134e-01
9.962075336556903693e-01
9.911831661343044608e-01
9.880757563151242318e-01
9.977404628770610850e-01
9.978444094370125805e-01
9.954049731389164046e-01
9.935209927507705485e-01
9.967626160147222691e-01
9.964099404042597863e-01
9.947942850614346355e-01
9.933231113598507411e-01
9.947829297299891627e-01
