0.000000000000000000e+00
0.000000000000000000e+00
0.000000000000000000e+00
0.000000000000000000e+00
0.000000000000000000e+00
0.000000000000000000e+00
0.000000000000000000e+00
0.000000000000000000e+00
0.000000000000000000e+00
0.000000000000000000e+00
0.000000000000000000e+00
0.000000000000000000e+00
0.000000000000000000e+00
0.000000000000000000e+00
0.000000000000000000e+00
0.000000000000000000e+00
0.000000000000000000e+00
0.000000000000000000e+00
0.000000000000000000e+00
0.000000000000000000e+00
5.408827368046592528e-05
3.452064153134047630e-02
1.008890836268973468e+00
3.347390811994437776e+00
3.345677003964842022e+00
1.851017385240794955e+00
8.367532693915418207e-01
3.815319244875367555e-01
1.977310369838707893e-01
2.240639882076521094e-01
8.249274998329426678e-01
1.722224249873036683e+00
1.901376451931532152e+00
1.458443103076184411e+00
9.771924760697222601e-01
6.815300012296335863e-01
5.566147381460858634e-01
5.464508162551064974e-01
5.941699640033165641e-01
6.806179199717186101e-01
7.927602919468152987e-01
8.995788432758173858e-01
1.001015863138845052e+00
1.091110802089898968e+00
1.165971033080229979e+00
1.217960648062816231e+00
1.246279402135145986e+00
1.256563743853141180e+00
1.237220410842764240e+00
1.196459996414336535e+00
1.148850793258281877e+00
1.105291228405139936e+00
1.056213176260539122e+00
1.015911268218036456e+00
9.877141204983840295e-01
9.622920158108266842e-01
9.427994009528943842e-01
9.299996260008353000e-01
9.200276931951368864e-01
9.142472379568673535e-01
9.152965440918939821e-01
9.193381351093071752e-01
9.259777729570690674e-01
9.391719947796806078e-01
9.564974087928260760e-01
9.701147285559069688e-01
9.849670797406367972e-01
9.972750455025108929e-01
1.006196737687848897e+00
1.018147037212530304e+00
1.021206577779361302e+00
1.028689724865108124e+00
1.028996677345568767e+00
1.029697383768319430e+00
1.028900353078886054e+00
1.023372842710898123e+00
1.019468781444917260e+00
1.012210527644508584e+00
1.007602805418054359e+00
1.005820633731198566e+00
9.998931880321449972e-01
9.988756583428834990e-01
9.977937267237574348e-01
9.949409698174325190e-01
9.956205388176431192e-01
9.939281530771804096e-01
9.970868089300711778e-01
9.958468643031899159e-01
9.973804269877984963e-01
9.983928416270984041e-01
9.998458652900121812e-01
9.983686105764827401e-01
9.981839203913519531e-01
9.985432598183752173e-01
9.986893789376423136e-01
1.000394032692949686e+00
9.992870604157323422e-01
9.983041806530340567e-01
9.982657287823479830e-01
9.991053029122806128e-01
1.000366726402739603e+00
9.981462598981124534e-01
9.979249435882013852e-01
1.000678505519126515e+00
1.000544108259954434e+00
1.000484171715137816e+00
1.000629891897914625e+00
1.000179992474574231e+00
1.000339442344214458e+00
1.000830630917338704e+00
1.001864569107729919e+00
1.000738374032070555e+00
1.002787318158298246e+00
1.003035661070522222e+00
1.001623228762238416e+00
1.002393654574575077e+00
1.000122361494280909e+00
1.000425830264864535e+00
1.000076371276543252e+00
1.000759853824794599e+00
9.998503395503338664e-01
9.988858843436969615e-01
9.998095328078755450e-01
9.971991811407144857e-01
9.981867594933772070e-01
1.000071536239055758e+00
1.000365666558664879e+00
1.000277229368762733e+00
1.000171567398152161e+00
9.992333915314780546e-01
1.000415791072332361e+00
1.000239193128369397e+00
1.000719273238773965e+00
1.000576548444944480e+00
1.000375173317177513e+00
9.999698083453225639e-01
1.000238841948827062e+00
1.000734607221026140e+00
1.000151798041692519e+00
1.001458936023168045e+00
1.000717553810939853e+00
9.998771500412211299e-01
9.989359406197226843e-01
9.998735280873851661e-01
9.985658092858158419e-01
9.998402109749778832e-01
9.991839498046891643e-01
9.987340918274972834e-01
9.988216904860611756e-01
1.001481161024670108e+00
9.992754391409496284e-01
9.995510081523639734e-01
1.001734070216152350e+00
1.000778150385420506e+00
1.002342656550510469e+00
1.002292124567853993e+00
1.001198895317913617e+00
1.002174239832893887e+00
1.001743081606102592e+00
1.000197435660402867e+00
1.000522722828334876e+00
1.001551705553764604e+00
9.994498992564246898e-01
9.991346539506693603e-01
9.996613993427181377e-01
9.985976323098418872e-01
9.986919527454871659e-01
9.982643203866563564e-01
9.988378514598490465e-01
9.988571602720800469e-01
9.986676987975606767e-01
9.999854149041674800e-01
1.000519812717155510e+00
1.001295339432138887e+00
1.000025657240197541e+00
1.001228766682892068e+00
1.000536409171813634e+00
1.000844543780898155e+00
1.001545364099494240e+00
1.000122559226208185e+00
1.000949832078054547e+00
1.001891100224962194e+00
1.000792268091537096e+00
1.001312021996954904e+00
9.998101711869558095e-01
1.000419802631139055e+00
9.997866021062562503e-01
1.000444397483189141e+00
9.999871335029544284e-01
1.000036796491991398e+00
9.994677315774571635e-01
1.000070159993362795e+00
9.988312228100879597e-01
9.984995041918085512e-01
9.993036025267709732e-01
9.995836887362823386e-01
1.000231738155673789e+00
9.995876556731589924e-01
1.001127483683978081e+00
1.000764921630397764e+00
9.994695996592962706e-01
9.999357385670348819e-01
1.000133262404740098e+00
1.000175136282999366e+00
1.000603544991306215e+00
1.000264825351708797e+00
1.000907784942646428e+00
1.000454334862153738e+00
9.990917096568301403e-01
9.998625088345689527e-01
9.999802142359200952e-01
1.000097245094279996e+00
1.000505620520891314e+00
9.994200388107145061e-01
1.000572304054563544e+00
9.993732332846867461e-01
1.000114115957252414e+00
9.993794809555064385e-01
9.997006847162445142e-01
1.000458471510274006e+00
9.997162872263530842e-01
1.000892244687120236e+00
1.000357603990272182e+00
9.999335286463482131e-01
9.987402142582835207e-01
1.000440420393181151e+00
9.996263788456789534e-01
1.000041641088751598e+00
9.994111636919262853e-01
1.000675163599469952e+00
9.996549408747567034e-01
1.000456728594812494e+00
1.000058316354332177e+00
1.000188778152238722e+00
1.000527056354084232e+00
9.998130438856894786e-01
1.000104500965368182e+00
9.997830633378399501e-01
1.000329737278339293e+00
9.992876433299947569e-01
9.999540150967416441e-01
1.000048655346398307e+00
9.998703509492818942e-01
9.990191649929813789e-01
1.000026018643856096e+00
9.991898626001152195e-01
1.000354445292528371e+00
9.999251343274224713e-01
1.000075217567043540e+00
9.996668645939261744e-01
1.000150152329646769e+00
1.000133544026842181e+00
9.999348067458855294e-01
1.000804454939365096e+00
9.994598103777433407e-01
1.000238660530927470e+00
1.000149121333440583e+00
1.000007827154896445e+00
1.000527070124602291e+00
1.000230928590316370e+00
1.000073331379793595e+00
1.000286687027542865e+00
9.998902069527384473e-01
1.000278066872249294e+00
9.999376739964133121e-01
1.000510640447379140e+00
9.999069457780319636e-01
9.996663592559887901e-01
1.000399097174219820e+00
1.000361599983017324e+00
9.999151326773718651e-01
9.995275094828017792e-01
1.000831046312978589e+00
9.997477637660084904e-01
1.000668293289772137e+00
1.000258125392164299e+00
1.000172064536964944e+00
1.000279000517186656e+00
9.996255190315328498e-01
1.000634988457728802e+00
