0.000000000000000000e+00
0.000000000000000000e+00
0.000000000000000000e+00
0.000000000000000000e+00
0.000000000000000000e+00
0.000000000000000000e+00
0.000000000000000000e+00
0.000000000000000000e+00
0.000000000000000000e+00
0.000000000000000000e+00
0.000000000000000000e+00
0.000000000000000000e+00
0.000000000000000000e+00
0.000000000000000000e+00
0.000000000000000000e+00
0.000000000000000000e+00
0.000000000000000000e+00
0.000000000000000000e+00
0.000000000000000000e+00
0.000000000000000000e+00
0.000000000000000000e+00
3.329444287609625158e-02
1.010558570879009022e+00
3.338529459044059067e+00
3.338553150547936887e+00
1.857207126547995690e+00
8.397951298006920418e-01
3.837778351644124952e-01
2.005488657497925264e-01
2.205584707988987037e-01
8.225620312105200727e-01
1.711183759608658761e+00
1.908800504486406480e+00
1.461894263436050112e+00
9.798260052945594323e-01
6.867274475546379930e-01
5.560192225117992493e-01
5.418626827783051825e-01
5.934595798715285309e-01
6.870069797938603839e-01
7.925377335251984068e-01
9.010902269272992315e-01
1.004648242473431985e+00
1.094194498229496437e+00
1.160438844263651070e+00
1.211481640259852055e+00
1.242649380158068029e+00
1.249997205729085348e+00
1.238411086848113740e+00
1.198972572205288412e+00
1.148728349080697875e+00
1.101521644539472433e+00
1.056181729195591501e+00
1.016627572320663475e+00
9.866101646207956488e-01
9.612616366619344266e-01
9.436263185586367674e-01
9.279631936115964042e-01
9.262939944608824527e-01
9.148673183260335184e-01
9.147438534105696295e-01
9.191701586316255446e-01
9.272358586032127814e-01
9.409558329921812181e-01
9.555063357859688855e-01
9.704376063804329711e-01
9.845389779016181508e-01
9.967686480320213649e-01
1.005124720629981372e+00
1.014122812596168099e+00
1.021402137931551879e+00
1.026512730644634441e+00
1.030790295674454793e+00
1.032444829523875729e+00
1.028277297363646259e+00
1.024403625367180215e+00
1.020247668452583190e+00
1.012592686603781544e+00
1.010001100490053760e+00
1.000644269563903510e+00
1.001981282903612325e+00
9.970555232509352717e-01
9.951494086637572289e-01
9.945823872275892930e-01
9.951580496964163025e-01
9.963663675700084044e-01
9.960467298550896853e-01
9.959505659015540635e-01
9.967365517062610758e-01
9.992613654884504593e-01
9.987514750938539798e-01
9.974846106513814981e-01
9.981938996893381377e-01
1.000919231340229532e+00
1.000175870062000927e+00
1.000348401706935730e+00
9.968636393724948919e-01
9.967739773990552665e-01
9.989196724971362018e-01
9.998641276303105174e-01
9.981387721382085632e-01
9.989982727967856579e-01
9.975827757404365226e-01
9.985440381429840917e-01
1.000197941754325415e+00
1.000028865515588228e+00
9.994572062661918332e-01
9.999289145519323352e-01
9.998417177857384930e-01
1.001016920106540420e+00
1.000280290068571221e+00
1.001337488984791468e+00
1.000570658858990658e+00
1.001180817030857373e+00
1.001599771358762325e+00
1.003011468846664034e+00
1.001453907169957080e+00
1.001869846970373956e+00
9.980407063500357223e-01
9.996768795708914634e-01
9.991187222481799912e-01
9.993806535915225053e-01
9.985698304478547449e-01
9.983860695569440891e-01
9.992689909184241381e-01
9.990905228434245888e-01
9.996268371869332370e-01
9.988388002952919287e-01
1.000387257818313058e+00
9.996498315998388895e-01
9.996258443341183852e-01
9.989044763253178694e-01
9.992610528010661408e-01
1.001987751873506971e+00
1.000395612755680119e+00
1.000747346545745486e+00
1.000772144581624001e+00
9.995286223705796003e-01
1.000322860914133916e+00
9.992928428210240410e-01
9.992175421045729200e-01
1.000257360504146931e+00
9.986335288917196351e-01
9.998041836618687395e-01
9.985138546398072412e-01
9.987528923040313034e-01
9.986407693161976074e-01
9.994316519043864311e-01
1.000518001503585941e+00
9.999248832587367408e-01
1.001389778315171508e+00
1.000394078740458825e+00
1.000683581212684636e+00
1.000396227723665321e+00
1.001250735497466460e+00
1.002319357223551588e+00
1.002022017508323648e+00
1.000914912628627862e+00
1.001077730666951604e+00
1.002312067689659303e+00
1.001031038880564106e+00
1.000272291572129824e+00
9.994072660428604538e-01
9.984740428939121726e-01
9.992792965450036924e-01
9.981912939579725697e-01
9.987763536376428330e-01
9.984671280688514061e-01
1.000504145702237668e+00
9.987112570373911646e-01
9.991205918701141497e-01
9.991699457708037579e-01
1.000366330404656612e+00
1.000991457271109386e+00
1.000179463370084454e+00
1.000779637800125244e+00
9.995623830017928979e-01
1.001061052952291419e+00
1.002520222816143836e+00
1.000680332339257683e+00
1.002320142889356225e+00
1.000975994272633285e+00
1.000626068231790233e+00
1.000412690250503500e+00
9.997490403521631652e-01
1.000055796126082086e+00
9.984259759586218141e-01
9.996836572775141816e-01
1.000634876773766502e+00
1.000106661006493258e+00
9.982963223155715271e-01
9.999182798140135997e-01
9.989772269680123884e-01
9.990114337597003624e-01
1.001154340564830214e+00
9.992531860309228353e-01
9.985836271536508990e-01
9.998081302768214718e-01
1.000419519761773346e+00
1.000058671602120253e+00
9.991592024120355964e-01
1.000962758610701719e+00
9.996825754124789576e-01
1.000539098608085320e+00
9.998196445413827238e-01
1.000381305513134089e+00
1.000863891575017872e+00
1.000553790489956629e+00
9.997678955670835643e-01
1.000236910965108139e+00
1.000466666988546249e+00
1.000131192402279767e+00
9.998639499451137391e-01
1.000723806288861262e+00
1.000504467703442479e+00
9.994881902209084013e-01
9.999604637225155690e-01
9.990965870466038679e-01
9.995100941743548795e-01
1.000819865822139221e+00
1.000092739045007395e+00
9.999670305103969259e-01
9.998615027634299990e-01
9.998932942010803071e-01
1.000524325126507241e+00
1.000170335851447989e+00
1.000287720858541451e+00
9.991956030858987203e-01
9.996247451023519970e-01
9.996935643061740651e-01
1.000133755331711338e+00
1.000040722332972143e+00
9.999169099077480638e-01
9.996905548604710923e-01
9.996127888032216857e-01
1.000037970436945756e+00
1.000485477878871654e+00
9.999987566540574635e-01
9.996968580151077699e-01
1.000060596287711601e+00
1.000736147748184868e+00
1.000153009302262141e+00
9.997731696537442980e-01
1.000217523769501904e+00
1.000547958143397143e+00
1.000616116534089439e+00
1.000445363456580194e+00
1.000327468304227141e+00
1.000016688551485400e+00
1.000407792101793092e+00
9.992867706952707207e-01
1.000492235420621157e+00
9.999383349715932345e-01
9.992882481973918152e-01
1.000029558831327714e+00
1.000170691503021958e+00
1.000205444214656847e+00
9.996347686493776141e-01
1.000862534764736633e+00
1.000003685314245550e+00
1.000186619314095804e+00
1.000116232875823741e+00
9.999792797166748848e-01
1.000171066009075016e+00
9.996405780267503260e-01
1.000173648156319484e+00
1.000513712386546405e+00
9.996833478860166489e-01
9.999307192869594241e-01
1.000163176803858800e+00
1.000552871979131453e+00
9.995389054828189845e-01
1.000349585971651800e+00
9.997900376250432597e-01
9.998609982566085685e-01
9.999588073712595282e-01
9.999838421464519733e-01
9.995892530236810680e-01
1.000017923517816376e+00
9.993231340229963289e-01
