0.000000000000000000e+00
0.000000000000000000e+00
0.000000000000000000e+00
0.000000000000000000e+00
0.000000000000000000e+00
0.000000000000000000e+00
0.000000000000000000e+00
0.000000000000000000e+00
0.000000000000000000e+00
0.000000000000000000e+00
0.000000000000000000e+00
0.000000000000000000e+00
0.000000000000000000e+00
0.000000000000000000e+00
0.000000000000000000e+00
0.000000000000000000e+00
0.000000000000000000e+00
0.000000000000000000e+00
0.000000000000000000e+00
0.000000000000000000e+00
2.704189680140599809e-05
3.434568501629579190e-02
1.014419488075505971e+00
3.329559443184410217e+00
3.324099323610767431e+00
1.849116254308529328e+00
8.359233107453033496e-01
3.849568943421166622e-01
1.977986143889522153e-01
2.249335136874699714e-01
8.220490818626373652e-01
1.706744120797764497e+00
1.899658699134315176e+00
1.461077025263735729e+00
9.789354140670903925e-01
6.804905088147401582e-01
5.560908783404935329e-01
5.462924000620185128e-01
5.994270422023240119e-01
6.837304036173442734e-01
7.921957078809620523e-01
9.007252472702700352e-01
1.005608383668832539e+00
1.093435105424577003e+00
1.161638524207428524e+00
1.217420547027769251e+00
1.240025903781244443e+00
1.250419525300845658e+00
1.231952463328639613e+00
1.200781672922537791e+00
1.152410302737436387e+00
1.098629985859339353e+00
1.056509206037050674e+00
1.016299682149852446e+00
9.852635743111309852e-01
9.613746668142081342e-01
9.416673732818897635e-01
9.331747818689618557e-01
9.213431147477116889e-01
9.144123071197276520e-01
9.119942739035092893e-01
9.186849917697479384e-01
9.265063115142447847e-01
9.454535676376167874e-01
9.545275426027239885e-01
9.727844040948234738e-01
9.853687075088475300e-01
9.962644198606497303e-01
1.010485789856740979e+00
1.015344790142641562e+00
1.022876037664619764e+00
1.024675824021642256e+00
1.030851173206348559e+00
1.029795144594257472e+00
1.025517987218109273e+00
1.022653977618774412e+00
1.016500119877016939e+00
1.014081575227356202e+00
1.009917236089465264e+00
1.004625899371204722e+00
1.000264658113391603e+00
9.973931301048878373e-01
9.958774149888367511e-01
9.947069470786741308e-01
9.950461791855786942e-01
9.955670669758748259e-01
9.978017626227825287e-01
9.983668872595573562e-01
9.959278425723424588e-01
9.961021919201477060e-01
9.966529711915441681e-01
9.960892559561108639e-01
9.993034837345925459e-01
1.000525237984523086e+00
1.000848075534400472e+00
9.977799492969873230e-01
1.000625065936736391e+00
9.987786828181244303e-01
9.992491391110874810e-01
9.976000473726717166e-01
9.993520607896033692e-01
9.981617785405308974e-01
9.980078143749830932e-01
9.988543929453616022e-01
9.991955403618505427e-01
9.991799136465996378e-01
1.002309775712178164e+00
1.000369600999152286e+00
1.001268466865559370e+00
9.998964459957653261e-01
1.000878611767274329e+00
1.001909873483658453e+00
1.001322985632614682e+00
1.001066135613202679e+00
1.000723554787236624e+00
9.999078506211122042e-01
9.997832522858604021e-01
1.000429411400962421e+00
9.997110368089696664e-01
9.992633323865846018e-01
9.993839477843409203e-01
1.000472450929579704e+00
9.995085727659560604e-01
9.981927070658430656e-01
1.000098694618503314e+00
9.985605078936840018e-01
9.987364633209654396e-01
1.000596423855582673e+00
9.999710127539293003e-01
9.987188796328758666e-01
9.992997409705264289e-01
1.001679356641606677e+00
9.998167300801644730e-01
9.998801336518117200e-01
1.000710777762404469e+00
1.001497841534216837e+00
1.000633050404732050e+00
1.002255135127612329e+00
9.997720858096372787e-01
9.993924122604200821e-01
1.000339276683745560e+00
9.981809374697493409e-01
9.993972834812341333e-01
9.981640167071919034e-01
9.974444426195318014e-01
9.991861206097578663e-01
9.978248345551068432e-01
9.994261620036418714e-01
9.996657166103792846e-01
1.001204954413982717e+00
1.001629053485801668e+00
1.001489236917961323e+00
1.000435079271172478e+00
1.000927776616190368e+00
1.001930592108257967e+00
1.001327711952774147e+00
1.000709425474262781e+00
1.000790361035919895e+00
1.000353883824543155e+00
1.000965734548548536e+00
1.001271155550929715e+00
9.993995824141588269e-01
9.998126317440865218e-01
9.999758580538623542e-01
9.990363177689501883e-01
9.987800956541676989e-01
9.986777048237582832e-01
9.979122201856235330e-01
9.990101358349476879e-01
9.988598822286038903e-01
9.987276965348830249e-01
9.997959248996793891e-01
1.000226846367022970e+00
1.000315227942859098e+00
1.000494539303095953e+00
1.001646256592968687e+00
1.001747736321238147e+00
1.000730979186703840e+00
1.001098530958860033e+00
1.001498808068260526e+00
1.001626086210426703e+00
1.000319242370267814e+00
1.000002593458383604e+00
1.000455722266915259e+00
1.000325067480094976e+00
9.989214940838831991e-01
9.997224179617981710e-01
9.998038113010500050e-01
9.990981705332664387e-01
9.993864305068403953e-01
9.995387343343420383e-01
1.000085579512175915e+00
1.000515612130261855e+00
9.992689385700981308e-01
1.000382120210400627e+00
1.000045725433631461e+00
1.000445033946000484e+00
1.000271545361952841e+00
1.000778586818200644e+00
9.995302414150534220e-01
1.001155976107195311e+00
1.000899086879946998e+00
9.998392023766822234e-01
1.000214159251779478e+00
1.000775882697463315e+00
9.998382602981111811e-01
1.000827546320684380e+00
1.000077906979944364e+00
1.000598417983025401e+00
9.998146531903123746e-01
9.996008465213428451e-01
9.999971290493545606e-01
9.998790412137175121e-01
1.000169386808039240e+00
1.000074886584640721e+00
1.000438123180698691e+00
1.000319854276334519e+00
1.000385397171489554e+00
9.997914425973803976e-01
1.001190465503555060e+00
1.000214198862634740e+00
9.997735142417815135e-01
9.999847616797278294e-01
1.000681942169503680e+00
1.000637161194761759e+00
9.998827757054771226e-01
9.997296922666343288e-01
1.000338747384895699e+00
1.000985731472488593e+00
1.000392873288479478e+00
1.000755860801348485e+00
1.000045752395584353e+00
9.995496788277209443e-01
9.995586834058844961e-01
1.000662460985751512e+00
9.999790400054934247e-01
9.990941638147790016e-01
1.000180860860477861e+00
9.996849682032603601e-01
1.000594183723142017e+00
9.999991224926808586e-01
9.996955058171763664e-01
1.000741413336627028e+00
1.000864389985245406e+00
9.997501957609612466e-01
1.000111739824733004e+00
1.000426478180803658e+00
9.999406573363950335e-01
1.000321495402823890e+00
1.001054867335880560e+00
9.996615567479639752e-01
1.000593585608637204e+00
9.999193737648952585e-01
1.000418920579232429e+00
1.000207800518529089e+00
1.000443806216511522e+00
9.999944097529279707e-01
9.999114548744556519e-01
9.995969195485990832e-01
1.000208002154974407e+00
1.000983269223478578e+00
1.000243727429002583e+00
9.999909846490412368e-01
9.997533676396838098e-01
1.000506363757738715e+00
9.998887082965779438e-01
9.997474640004438973e-01
9.995683084420075026e-01
1.001102049429092977e+00
9.999181661907116103e-01
9.992547397650045626e-01
1.000846264234497296e+00
1.000152083741114639e+00
1.000939100805752879e+00
9.997548278969310420e-01
1.000202680552897849e+00
1.000033021837939851e+00
1.000867608915512408e+00
9.995692462503301678e-01
9.997508311626723820e-01
