0.000000000000000000e+00
0.000000000000000000e+00
0.000000000000000000e+00
0.000000000000000000e+00
0.000000000000000000e+00
0.000000000000000000e+00
0.000000000000000000e+00
0.000000000000000000e+00
0.000000000000000000e+00
0.000000000000000000e+00
0.000000000000000000e+00
0.000000000000000000e+00
0.000000000000000000e+00
0.000000000000000000e+00
0.000000000000000000e+00
0.000000000000000000e+00
0.000000000000000000e+00
0.000000000000000000e+00
0.000000000000000000e+00
0.000000000000000000e+00
0.000000000000000000e+00
3.390852490108125367e-02
1.014019019859706994e+00
3.366621341630974928e+00
3.329663578072739938e+00
1.855702567641318801e+00
8.419801597404099613e-01
3.863556867038194231e-01
1.964724845264327058e-01
2.242376986406613426e-01
8.223382791958117055e-01
1.726146663250105462e+00
1.905792984563725811e+00
1.463395316869379847e+00
9.833788555239914020e-01
6.816718042685883105e-01
5.533973867992617590e-01
5.368159706363339057e-01
5.948361618005483242e-01
6.810556043458602105e-01
7.902490808414843748e-01
8.982080258403151163e-01
9.991909746411221649e-01
1.088658200374423179e+00
1.165066179953911263e+00
1.218267017811078379e+00
1.250895191279705276e+00
1.255555463797448645e+00
1.236386183624047286e+00
1.201519529693081845e+00
1.146263206357404973e+00
1.105473496932262822e+00
1.058330634399055059e+00
1.017318716264607126e+00
9.870540591173906364e-01
9.584933895843884555e-01
9.406842312872076839e-01
9.294408174782764487e-01
9.201770761697366519e-01
9.135040475603087851e-01
9.141110851966796069e-01
9.198826364144009338e-01
9.266386635696244323e-01
9.435087250290026262e-01
9.564386656095210659e-01
9.723132984691391645e-01
9.858668445308180761e-01
9.988650663641026606e-01
1.009381326207577478e+00
1.016863775529180280e+00
1.026180907457593827e+00
1.029837221870069985e+00
1.030608014102451619e+00
1.030522391422773021e+00
1.028400651716551151e+00
1.023125248714415791e+00
1.020501701033192932e+00
1.011859407517339715e+00
1.008180886910799323e+00
1.003862453550722345e+00
1.001314437855366890e+00
9.992114366321833696e-01
9.965597822307556974e-01
9.946706341263812368e-01
9.950988686558613905e-01
9.958975381231756074e-01
9.973734944795519253e-01
9.971903153622668770e-01
9.969551848534907723e-01
9.989765142074281679e-01
1.000365736673149764e+00
9.996051669567689313e-01
9.985345284796640630e-01
9.997840099497736777e-01
9.998916085293053646e-01
1.000112033686223922e+00
9.990794969797415215e-01
1.001222367814458503e+00
9.980495533848713352e-01
9.984322668435100523e-01
9.983331907408200534e-01
9.991818607033758903e-01
9.997523448622112063e-01
9.999615207488299351e-01
9.974936454048165535e-01
1.000438377004716051e+00
9.992392897589194023e-01
1.000734800931337931e+00
1.002153422313818876e+00
1.001569151793636259e+00
1.002426431672318374e+00
1.001249409395302825e+00
1.001869790863978205e+00
1.002589176290427098e+00
1.002953808298844063e+00
1.000822279028635187e+00
1.001615332250776591e+00
9.998354296755186388e-01
1.000526117757480904e+00
1.000131882950974216e+00
9.991830411661999367e-01
9.985741557941425484e-01
9.992246276333018873e-01
9.992364592167776172e-01
1.000972360923382487e+00
1.000057032125096335e+00
9.988806107282499624e-01
9.991767046765830385e-01
9.995891074738983972e-01
9.988175785251759420e-01
9.982339194793038439e-01
1.000332018348800256e+00
1.001067008193016639e+00
1.001628892094204026e+00
1.002096760154213895e+00
1.001254166035682847e+00
9.998374412117867482e-01
1.000146539677859048e+00
1.000085880206532662e+00
1.000221515201053846e+00
9.999899448860176676e-01
1.001161672502394850e+00
9.987618829441301527e-01
9.976642141564203703e-01
9.997020141213285305e-01
9.992720531149521523e-01
9.994137422677454863e-01
9.992909633874357267e-01
1.001406865363689613e+00
1.000436439576067649e+00
1.001429504737494591e+00
1.000582627489411403e+00
1.000927575909634548e+00
1.000522940384711790e+00
1.001789888767944392e+00
1.000774199586099700e+00
1.002203024349925142e+00
1.001929776102947089e+00
1.000765456022545630e+00
1.000829512489499917e+00
1.000872974186478359e+00
1.000563587203852745e+00
9.985048124946788173e-01
9.984601292812774753e-01
9.992333716112062891e-01
9.984516024174562299e-01
9.984440135537929750e-01
9.987151177883124564e-01
9.988277910039894403e-01
9.987681792090085109e-01
9.988958276409088954e-01
1.000478954427671985e+00
1.000590981531185530e+00
1.000362424753581392e+00
1.000385860459648280e+00
1.000759043505046186e+00
1.001424497443471839e+00
1.001246150775586541e+00
1.001237637447419004e+00
1.001874241673289534e+00
1.000888137732353078e+00
1.000460594160298200e+00
1.001341123939916811e+00
1.000595444064415140e+00
1.001955142212386018e+00
9.996781936079550679e-01
1.000226077889431409e+00
9.997873946118133182e-01
9.999252699901387542e-01
1.000046032007718688e+00
9.993742434030955524e-01
9.990481703751084019e-01
9.998851931120541492e-01
9.994890146391302022e-01
1.000428646569530233e+00
9.993562757311423850e-01
9.997518909279619059e-01
1.000800286664131455e+00
9.997739485349936839e-01
9.993473879589699349e-01
1.000886282684622319e+00
1.000222843289308772e+00
1.000592403302352329e+00
1.000470477653731427e+00
9.998632429728135929e-01
1.000163694950908067e+00
1.000403981026440237e+00
1.000394368926238009e+00
9.998140670696650245e-01
9.998133655166364653e-01
1.000118271720230378e+00
9.995808131451267009e-01
1.000710020574906212e+00
1.000031677994693835e+00
1.000856847345661382e+00
9.993362936790165518e-01
9.994682823380363068e-01
1.001068381403581675e+00
1.000373105276897823e+00
9.996762862180307296e-01
1.000362968572422240e+00
9.996646369592607773e-01
1.000198657618105003e+00
9.997955351493245102e-01
9.999240202956657386e-01
1.000272704269208779e+00
1.000469674579224755e+00
1.000060907584134240e+00
1.000720733122493877e+00
9.994571783416590360e-01
1.000022914796276918e+00
1.000631328694831179e+00
9.997573754035931071e-01
9.999811423830781143e-01
9.997909629517155450e-01
1.000221430828819758e+00
1.000302174718762371e+00
9.995153283397107957e-01
1.000046330735101296e+00
9.997951658611552439e-01
1.000590281114245306e+00
9.999033294608173916e-01
1.000456225438528524e+00
1.000128064462153299e+00
1.000109151294478638e+00
1.000106399745182673e+00
1.000075825636348892e+00
1.000071922750165099e+00
1.000083005566764216e+00
1.000543542857336821e+00
1.000142358865178549e+00
1.000752415649305060e+00
1.000024424074824836e+00
1.000109802885953414e+00
1.000073799776455497e+00
9.996545474332049208e-01
9.996964476313753289e-01
9.995112320401031702e-01
1.000074913983552305e+00
1.000052923276879779e+00
1.000443395277916592e+00
1.000818939267575036e+00
1.000460698425485795e+00
9.992282965280188112e-01
1.000782323779505711e+00
1.000729928984366301e+00
1.000283740965013157e+00
9.998877351526500590e-01
9.997352641074584989e-01
1.000748511750309877e+00
1.000121195032060317e+00
9.997222508111217598e-01
9.998250407480702151e-01
1.000149758474216499e+00
1.000695778239817590e+00
1.000130456664723333e+00
1.000084222330298811e+00
9.998449707509881046e-01
1.000783927010460372e+00
1.000124141829287439e+00
