0.000000000000000000e+00
0.000000000000000000e+00
0.000000000000000000e+00
0.000000000000000000e+00
0.000000000000000000e+00
0.000000000000000000e+00
0.000000000000000000e+00
0.000000000000000000e+00
0.000000000000000000e+00
0.000000000000000000e+00
0.000000000000000000e+00
0.000000000000000000e+00
0.000000000000000000e+00
0.000000000000000000e+00
0.000000000000000000e+00
0.000000000000000000e+00
0.000000000000000000e+00
0.000000000000000000e+00
0.000000000000000000e+00
0.000000000000000000e+00
0.000000000000000000e+00
3.238659501837871241e-02
1.005388231693285839e+00
3.325002978114823371e+00
3.321976932930229776e+00
1.840572096842459482e+00
8.349736666344281799e-01
3.818620406503520082e-01
1.981117896728485095e-01
2.250917550281416324e-01
8.272192921583981784e-01
1.713774097164305177e+00
1.887121568275194727e+00
1.444255586596476570e+00
9.794558198213859646e-01
6.797239242085288957e-01
5.637331138111436601e-01
5.481691324686851496e-01
5.972692778176136308e-01
6.892128694851467063e-01
7.896818289687083103e-01
9.035544703215102613e-01
1.000347536333694665e+00
1.086426523537297628e+00
1.164470832936215228e+00
1.213900253311057220e+00
1.245806128395919643e+00
1.247493382046120480e+00
1.228733027357524987e+00
1.197978355553249052e+00
1.147870995032903130e+00
1.094327282493698039e+00
1.054917816527019880e+00
1.014604113160225030e+00
9.846530450213148988e-01
9.617298279297603614e-01
9.435662145295329317e-01
9.289652931612816245e-01
9.223572018713004361e-01
9.149968534877043203e-01
9.165420362009195632e-01
9.175668357886622717e-01
9.299291846528480177e-01
9.413288827106245371e-01
9.532853338475676397e-01
9.705576113785617798e-01
9.826244489406111837e-01
9.976128235197383454e-01
1.011776332252877886e+00
1.016126357954823867e+00
1.023708270679901444e+00
1.029593032777139427e+00
1.028080087683396648e+00
1.032383491473281234e+00
1.027030942184231410e+00
1.021988793289232422e+00
1.019767741704937336e+00
1.014736485817404388e+00
1.007544178039005311e+00
1.001559616407410536e+00
9.998369325059671686e-01
9.968902610434980938e-01
9.975067732160124434e-01
9.954076793455320926e-01
9.960227048135812389e-01
9.958919980387479498e-01
9.957593805166853329e-01
9.974055484385544457e-01
9.979207370203498906e-01
9.967106031281128820e-01
9.987067548098800263e-01
9.990295663790290659e-01
9.989735040402244470e-01
9.979200861936953215e-01
9.988617727133148883e-01
1.000132533995686357e+00
9.989460951303397174e-01
9.983367785401081607e-01
9.995417597687880074e-01
9.989534457861096728e-01
9.980531801477040554e-01
9.995678110195920230e-01
9.992850896888906265e-01
9.974108070356738631e-01
9.970375973792043878e-01
9.972735227232205624e-01
9.985206596160524084e-01
1.000705983865239901e+00
1.001883349707081150e+00
1.001642968067552930e+00
1.001831889858903812e+00
1.000721697226319318e+00
1.001630469951718450e+00
1.001399719959250367e+00
1.001210644434321173e+00
1.002136733690586867e+00
1.000739154594391112e+00
1.000538299764390793e+00
1.001348933543177111e+00
9.994160685172541747e-01
9.991192324260733670e-01
9.986258731023254231e-01
9.981449535690567476e-01
9.993457967701133704e-01
9.992865248785099963e-01
9.996761043493431753e-01
9.988137792832085804e-01
9.996751944219847141e-01
1.000035702982933428e+00
1.000311999822764308e+00
9.995992212265670807e-01
9.995431869883644183e-01
9.987545722908708345e-01
1.000496653694306293e+00
1.001682646271982335e+00
1.001069562695834581e+00
1.001137532360216742e+00
1.001893220349247882e+00
1.000509386791505806e+00
9.993191844744178098e-01
1.000086398190942250e+00
9.989787142531701969e-01
9.999199006619234886e-01
9.976123988411200738e-01
9.982321284703878916e-01
9.990295609908808050e-01
9.994770713707366028e-01
9.994762717824763332e-01
1.000708293175838870e+00
1.000571231834384456e+00
1.001889421155557569e+00
1.000996369230482408e+00
1.001499292554251630e+00
1.000640946728559300e+00
9.995136513952883606e-01
1.001770987763029641e+00
1.002554157236433818e+00
1.001346606338499479e+00
1.001342301890854936e+00
1.001248211326591919e+00
9.996390313507079739e-01
9.993388713133594115e-01
9.995098479175792416e-01
9.999672228884424197e-01
9.993359055180832673e-01
9.992856007130923590e-01
9.988613302227810076e-01
9.991098023452562593e-01
9.990273545960036694e-01
9.981372891835111893e-01
9.981926989283070872e-01
9.984561041380285440e-01
1.001237600550883622e+00
1.000147050907348900e+00
1.000269825046028238e+00
1.001058326229753881e+00
1.001393627040235268e+00
9.998964965884810097e-01
1.002108792151458427e+00
1.001623735503278878e+00
1.001448011715521114e+00
1.000839149548728324e+00
1.001585069009000017e+00
9.999485302582769020e-01
1.000620487027034322e+00
9.986470149860632306e-01
1.000639178116015326e+00
9.998340723017163922e-01
1.000204293831490121e+00
9.996046013304786815e-01
1.000897212073744491e+00
9.997419603136092903e-01
9.989695999659718995e-01
9.996525010927904686e-01
9.994583395392951930e-01
9.999446270453735686e-01
9.995707288151836067e-01
1.001204214601711717e+00
1.000156075591737359e+00
1.000365196273758084e+00
1.000673400629327414e+00
1.000767736358802340e+00
9.999616122942172058e-01
1.000494562506251128e+00
1.000324165350833905e+00
9.999255464001035598e-01
9.994855802532385258e-01
9.993324177187549173e-01
9.994469017205126482e-01
1.000420564366684362e+00
1.000015151285565285e+00
9.995391086777278833e-01
1.000640597976445889e+00
1.000263907412000108e+00
1.001148517564774965e+00
1.000124085628030901e+00
1.000673800464945362e+00
1.000672452676508062e+00
1.000040291235146928e+00
1.000143821914374787e+00
9.999868718451231375e-01
9.999048329706284877e-01
1.000545170210140444e+00
1.000273924933789749e+00
1.000393693600035716e+00
9.996315479620906386e-01
9.999687459158667080e-01
1.000468109472305800e+00
1.000601004855995457e+00
1.000108839211462319e+00
9.999104399042264557e-01
1.000013751235662385e+00
1.000180721490739444e+00
1.000009545566519664e+00
9.999018730424681367e-01
9.999567625797627368e-01
9.997432447345159234e-01
1.000789866970802855e+00
9.999121968347594036e-01
1.000178736638743127e+00
1.000564708226776567e+00
1.000267871157001665e+00
9.998860172856798290e-01
1.000008982059595652e+00
1.000164953871374163e+00
9.997436233264561656e-01
1.000455724781281752e+00
1.001067647534303662e+00
1.000339350685397921e+00
1.000924902939593242e+00
1.000707001521955908e+00
9.995062815387034671e-01
9.997969653656586519e-01
1.000239323294782601e+00
9.995841779782606018e-01
1.001087734526953543e+00
1.000485429339378785e+00
9.996048948599388639e-01
1.000168348663337481e+00
9.995293366166433380e-01
1.000990357714997891e+00
1.000229133996206388e+00
1.000505258803088271e+00
1.000650140185283865e+00
1.000247935063713678e+00
1.000056933671543025e+00
1.000121888887174348e+00
1.000498734292388114e+00
9.993998599735324229e-01
1.000913899085859704e+00
9.995720814430717471e-01
1.000026202918073537e+00
1.000686670504379761e+00
1.000492435680866876e+00
9.998231645217494634e-01
9.996964062317486022e-01
9.995836904295333225e-01
9.999453652152093808e-01
9.999552093722579027e-01
9.995810029715379574e-01
