0.000000000000000000e+00
0.000000000000000000e+00
0.000000000000000000e+00
0.000000000000000000e+00
0.000000000000000000e+00
0.000000000000000000e+00
0.000000000000000000e+00
0.000000000000000000e+00
0.000000000000000000e+00
0.000000000000000000e+00
0.000000000000000000e+00
0.000000000000000000e+00
0.000000000000000000e+00
0.000000000000000000e+00
0.000000000000000000e+00
0.000000000000000000e+00
0.000000000000000000e+00
0.000000000000000000e+00
0.000000000000000000e+00
0.000000000000000000e+00
0.000000000000000000e+00
0.000000000000000000e+00
0.000000000000000000e+00
0.000000000000000000e+00
0.000000000000000000e+00
0.000000000000000000e+00
0.000000000000000000e+00
0.000000000000000000e+00
0.000000000000000000e+00
0.000000000000000000e+00
3.438395138282585592e-04
4.190637917443965077e-03
4.946160520841366010e-02
2.295346101135256056e-01
5.415029424351044396e-01
8.834284421823664912e-01
1.166777252559185740e+00
1.309111316323974927e+00
1.398518369502030012e+00
1.423185757069682644e+00
1.409354706873641394e+00
1.406765058780742317e+00
1.358110814034511504e+00
1.335269226768504236e+00
1.288102590802543856e+00
1.265584121176694721e+00
1.236590904669082835e+00
1.221509353219635940e+00
1.195819145440482956e+00
1.198340779769690778e+00
1.181623326816603425e+00
1.170232873478395774e+00
1.131881216401296575e+00
1.074579378632383175e+00
1.037231244713923139e+00
9.961758380874515817e-01
9.687078668306574603e-01
9.656867880561581519e-01
9.580670937684175881e-01
9.643545216899936934e-01
9.724153753387102528e-01
9.797845882305240561e-01
9.856148661257289056e-01
9.925780699082823455e-01
9.943588135519064730e-01
1.006380073362660665e+00
1.004985432513475940e+00
1.011679285784930382e+00
1.006399294548946832e+00
1.011884967519532941e+00
1.016270493111600004e+00
1.011465122463669708e+00
1.006130644710709232e+00
1.011624871617904819e+00
1.012813418628529361e+00
1.019065234994336544e+00
1.010398278827021823e+00
1.016180584427955669e+00
1.010562272966191166e+00
1.009019754123533508e+00
1.008064227333902441e+00
1.005872269896989746e+00
1.000763835058367190e+00
9.966653374665508380e-01
9.986318915206232605e-01
9.917598485239904615e-01
9.859628669171972559e-01
9.843204992375962359e-01
9.885719662640503058e-01
9.775864888750989135e-01
9.862144704824187258e-01
9.847965737056647573e-01
9.821249484941734220e-01
9.783659677106159025e-01
9.832137635588240610e-01
9.884868020122601351e-01
9.923808696439808674e-01
9.947863804666284837e-01
9.924831547063498460e-01
9.940022134044126378e-01
9.991389797072536272e-01
1.000517616253908226e+00
9.996531708139988481e-01
1.002616696039628330e+00
1.001202806674208023e+00
9.987136919391405021e-01
9.988109462532327454e-01
9.997928427499014337e-01
9.965927567160606237e-01
9.962235570198202383e-01
9.972588338959593735e-01
1.003646002303473006e+00
1.000794912611300935e+00
9.992206553960381044e-01
9.980120710589940325e-01
1.001075486429577666e+00
9.947737873413226017e-01
9.935993497532954466e-01
9.913735363438640480e-01
9.940855175083533890e-01
9.954551036641857698e-01
9.883603174013391168e-01
9.915600629927526777e-01
9.967221535142621880e-01
9.918640627155307365e-01
9.934447402005165406e-01
9.935256706573855068e-01
9.893429978156766946e-01
9.944232830420622893e-01
9.936976688902852128e-01
9.938353746699235547e-01
9.958580021458123266e-01
9.909649941451434962e-01
9.963130417241129466e-01
9.975618293826321592e-01
9.925151701249821379e-01
9.959155182610590629e-01
9.984637343095710271e-01
9.948258517923720401e-01
9.997862690146670506e-01
9.969376008306206627e-01
9.985107552788412555e-01
9.996214056182018970e-01
9.963892807435957844e-01
9.989415045026233120e-01
1.000508693875909794e+00
9.968527485402237653e-01
1.000177803436779200e+00
9.976175984212226622e-01
9.978652351804191412e-01
9.985172279684120245e-01
9.927516770355684361e-01
9.949920701013671431e-01
9.978593201513916711e-01
9.990727708345724656e-01
1.001473439881349625e+00
9.968484104800096057e-01
9.994639054050078464e-01
9.977577839183714437e-01
1.000689058088431560e+00
9.943388568693788399e-01
9.971852869525869023e-01
9.962846710586321652e-01
1.000536727822183058e+00
9.963293570765117124e-01
9.986514909813131169e-01
9.984498805307507885e-01
9.983681063748243156e-01
9.973015843330279573e-01
9.977234468345178575e-01
9.975349759335662148e-01
9.968951373294674401e-01
9.953358659956929033e-01
9.979224584058172809e-01
9.969878893579516843e-01
9.973564497750517788e-01
9.985117987545933937e-01
1.001622020914487265e+00
9.970368930659256890e-01
1.000870764158252157e+00
9.993451570066377299e-01
9.995596188773715474e-01
1.000804278586405971e+00
9.974088699940885094e-01
9.999044845389775116e-01
9.995491785594067258e-01
9.971452114841236058e-01
9.992546691590933339e-01
1.000717195461754416e+00
1.000234499185275849e+00
9.983551865303594841e-01
1.001557497765388494e+00
9.982228012796469097e-01
9.970135854406018128e-01
9.973914560624888015e-01
1.001146520900562553e+00
1.001984551665953349e+00
9.988780484172238294e-01
9.975475347444364704e-01
1.000190630647936896e+00
9.996095925449728359e-01
9.983552603189869146e-01
9.957299384632550820e-01
9.982909490547404729e-01
9.971669703943109031e-01
9.989363521079794861e-01
9.985168270798612244e-01
9.967439537664710691e-01
1.000021628893903225e+00
9.979924745329933344e-01
9.967964842212965193e-01
9.982434153329224902e-01
9.994655398828083959e-01
1.001049104246519272e+00
9.976072873332453295e-01
1.000040975646271146e+00
9.987724686166236099e-01
9.974894654107198111e-01
9.994242744170473980e-01
9.990782396872723847e-01
9.996908234682766459e-01
1.001038386962535442e+00
9.987503349283431975e-01
9.984717233717026463e-01
9.976274090766251712e-01
1.000524813463535168e+00
9.990299145603289688e-01
9.974463514508749018e-01
9.994811846063182958e-01
9.990336590698944974e-01
9.996761217689532630e-01
1.000807422665751734e+00
1.000166203151531263e+00
9.988636354613685819e-01
9.987762142620182360e-01
1.000392291132480738e+00
9.963101105001067603e-01
1.002433110702602326e+00
9.992089678085146476e-01
1.001307116034252376e+00
9.989797075329782672e-01
9.997205969838525164e-01
9.995721711449706559e-01
9.979483805386791806e-01
1.001401121817428130e+00
9.979692243222749726e-01
9.992366034722214296e-01
9.972968225390274055e-01
1.001041900274042717e+00
9.999862597764139771e-01
1.003020922662697378e+00
9.986933007225371473e-01
1.000013661411337518e+00
1.000661581012961987e+00
9.982311188862047491e-01
9.999845616250658820e-01
9.978555590190253399e-01
1.000613257925156763e+00
9.952338291055518038e-01
9.991609854185590223e-01
1.001931716078876988e+00
9.997425228739287295e-01
9.993185315807974201e-01
1.002086423617748245e+00
9.976815350049458297e-01
9.987207276494004526e-01
9.987689134513134670e-01
9.990432785573680752e-01
9.971234789141835142e-01
9.976284402047668198e-01
9.994568629211789679e-01
9.980908725808536053e-01
9.998153237968034901e-01
1.000038211961668866e+00
1.000169055835236742e+00
9.992601613061573573e-01
9.981806253690307384e-01
9.985362663367330915e-01
9.985613752562351175e-01
1.000061979735381801e+00
9.962237416655026490e-01
9.978670755238732148e-01
9.988756725496223954e-01
1.000700942227797707e+00
1.001000456812791706e+00
1.000815989198607703e+00
1.001528125564721483e+00
1.000391094508594314e+00
1.000502488342332130e+00
1.000597378790104797e+00
1.000837828129038876e+00
1.001858308041851053e+00
9.991960468771345916e-01
1.000338180072407379e+00
9.995275703621330221e-01
9.994254626514873507e-01
9.994742220637905517e-01
9.986407523561020572e-01
9.984254607814999627e-01
9.992427895471819310e-01
9.991497940261759858e-01
9.992049572803223256e-01
9.997595899020441657e-01
9.996473964821741554e-01
9.978108082657067834e-01
9.975717142276668836e-01
9.985743885055892166e-01
9.988967854385409906e-01
9.997418865051604930e-01
9.988432114052777644e-01
1.003476344026028144e+00
9.993756830028844851e-01
1.001920358682919066e+00
1.001792199967961539e+00
9.986819009388095969e-01
9.979217940351651217e-01
9.988853283468899225e-01
9.994086503549298728e-01
9.987232023889369703e-01
9.993251226938366649e-01
9.987260667023118987e-01
9.990817240531564281e-01
9.994147971030239441e-01
9.997878355330896971e-01
9.991570914754075439e-01
1.000831947450109061e+00
1.000883182331523624e+00
1.001705476030436248e+00
9.992661507350013572e-01
9.998805297107100643e-01
1.000821588631024328e+00
9.992297398849868673e-01
9.982272349309380122e-01
1.000266463783517246e+00
1.000468099835840619e+00
9.998850910250479673e-01
1.000002298378846799e+00
1.000054693182725885e+00
1.000533834039480263e+00
9.976262860791924592e-01
9.992521521469768242e-01
9.977186256601442427e-01
9.988210629643484717e-01
1.000322118589707321e+00
9.990055376717759117e-01
9.988968880689087504e-01
9.989025133915302446e-01
9.940323531876920082e-01
9.847231651821853893e-01
9.756376500429793097e-01
9.668488189354579321e-01
9.602274040437288605e-01
9.520513089061691803e-01
9.410186375293516647e-01
9.343409075911957018e-01
9.257507203973850407e-01
9.181188166471392353e-01
9.101689161182174859e-01
9.020742789403105588e-01
8.951437248908267197e-01
8.845839696831008236e-01
8.774945659438072587e-01
8.693102699876229522e-01
8.620749769276122576e-01
8.533031751843261903e-01
8.452185520543915587e-01
8.387731748353940420e-01
8.317513620673361308e-01
8.234010966400714393e-01
8.167728982311105446e-01
8.083857306935912090e-01
7.994433785624716071e-01
7.944390891531161181e-01
7.869132338875086674e-01
7.765140712660999478e-01
7.723640250965887466e-01
7.641241562083403993e-01
7.571645544627889635e-01
7.491126021535563506e-01
7.423209664202630176e-01
7.342108502813693427e-01
7.278202067373304995e-01
7.209185321116734491e-01
7.139534261310841456e-01
7.044789880099826540e-01
6.990831596676760906e-01
6.916550973298292160e-01
6.841558287095697022e-01
6.778569719688435358e-01
6.708904746846724443e-01
6.643422721430982669e-01
6.577171717562300124e-01
6.502815505535979312e-01
6.433997809824938408e-01
6.376276064123218568e-01
6.302449399609306724e-01
6.240937708593518041e-01
6.174990903983087476e-01
6.103919260198560348e-01
6.044938808844562139e-01
5.961182938314827373e-01
5.909564992056540733e-01
5.833809550133911559e-01
5.774626385985608401e-01
5.725321109386971585e-01
5.660264955182701119e-01
5.594339889868436000e-01
5.538554173760380506e-01
5.475553642893712381e-01
5.409528130565787185e-01
5.345409032398056315e-01
5.288019609330669724e-01
5.225282808240993004e-01
5.154178736574738240e-01
5.101690871436872499e-01
5.042823136120120342e-01
4.969598509232656669e-01
4.915955901494890035e-01
4.858446091778086395e-01
4.791333643648182927e-01
4.732763921236794458e-01
4.679526830563271456e-01
4.622516963463436102e-01
4.566807233467090055e-01
4.500665093616352253e-01
4.450582777028459502e-01
4.391834259925754824e-01
4.334793821526655710e-01
4.277616012815443347e-01
4.227275586653982953e-01
4.162730982772377963e-01
4.107769754471297108e-01
4.047770915196389208e-01
3.996559810513712341e-01
3.940597530447337293e-01
3.881266643569390440e-01
3.833702907205175925e-01
3.778834154713471838e-01
3.725689822334473655e-01
3.668026829192079230e-01
3.609952741666895282e-01
3.564756814737928270e-01
3.508686923525686785e-01
3.461737959518988439e-01
3.410572094419629940e-01
3.351056916569977728e-01
3.291901036958733706e-01
3.246359676559162355e-01
3.189237812588329168e-01
3.145410177059478896e-01
3.085032717167922600e-01
3.036728955292609666e-01
2.989660002336126388e-01
2.935173343286581193e-01
2.891419141382903235e-01
2.836369870175547425e-01
2.792315116576378209e-01
2.740319283822467145e-01
2.691265806696417906e-01
2.636840633588719007e-01
2.594135567109963070e-01
2.551430034997494989e-01
2.493267314788570332e-01
2.447489281093911395e-01
2.397179474809228716e-01
2.348179423911847252e-01
2.296176649338804998e-01
2.254095805574526379e-01
2.196520851981874911e-01
2.154735129829147000e-01
2.106916693077215130e-01
2.069609176195003897e-01
2.020409788924380778e-01
1.974841137763160004e-01
1.928061227423587265e-01
1.880312902122432406e-01
1.831111781511307879e-01
1.784485167046330201e-01
1.746363098443104445e-01
1.697199557226281574e-01
1.658668598072493006e-01
1.610292367033017980e-01
1.567899442891598494e-01
1.523475828791671649e-01
1.476884203797760309e-01
1.432083565815195636e-01
1.389246751008070269e-01
1.343348112766461488e-01
1.297116222369625316e-01
1.258406246371960302e-01
1.213344053173850551e-01
1.171771694032432837e-01
1.137173425862117448e-01
1.100104910033596617e-01
1.067085422796591881e-01
1.037380702518933689e-01
1.006059416053156491e-01
9.708498455918268544e-02
9.498253323350258626e-02
9.178112019860626414e-02
8.948818312383899354e-02
8.630337937527648995e-02
8.435387092461409109e-02
8.137100721712189899e-02
7.891550964168651816e-02
7.664277841251003476e-02
7.426308732878707242e-02
7.216939712314392186e-02
6.984086258312052764e-02
6.796174024131862446e-02
6.600064126227232764e-02
6.409835930951462979e-02
6.218970332815977609e-02
5.997433500152760805e-02
5.818939127661817978e-02
5.648123051812007495e-02
5.454323255875915405e-02
5.298727515381402436e-02
5.126640769151514371e-02
4.952440678595207424e-02
4.803627181164174531e-02
4.662974867623367881e-02
4.487000903689158243e-02
4.353150778780052327e-02
4.199745126184559890e-02
4.039867871882435457e-02
3.917293312433479252e-02
3.792322770626158773e-02
3.665635036000530061e-02
3.550905455854811571e-02
3.434778682903751740e-02
3.289718616635660398e-02
3.191863031298911718e-02
3.096066002285083676e-02
2.966327041599077161e-02
2.871186047048938927e-02
2.762804079269920790e-02
2.652218530929745938e-02
2.539272320814522227e-02
2.448502428466036926e-02
2.346013099373987776e-02
2.247172597165342234e-02
2.159804696373629831e-02
2.077467853271626128e-02
1.987197097776866386e-02
1.921330998850888025e-02
1.829049632529026331e-02
1.743725225462664993e-02
1.680913561984904298e-02
1.589343108739464314e-02
1.525729929396953989e-02
1.455205171428111677e-02
1.387241458054145997e-02
1.317496652274341255e-02
1.266486781366730693e-02
1.194135109769110803e-02
1.143813868907485147e-02
1.082455731947534056e-02
1.026554408498905890e-02
9.777897814841018248e-03
9.228836286152381982e-03
8.774258211531915305e-03
8.266235737741550391e-03
7.847055067972541140e-03
7.290921191442425835e-03
6.926057509917919741e-03
6.431816648108164280e-03
6.074441136950261763e-03
5.712609752769499949e-03
5.259253292601804956e-03
4.936151615111405121e-03
4.641394617457554779e-03
4.263754416827247873e-03
3.997322915028586957e-03
3.629660558025647223e-03
3.360467026952914955e-03
3.002964704380154792e-03
2.838788789217677397e-03
2.591933373631059943e-03
2.308661536337882573e-03
2.119403751741438368e-03
1.889493362559473448e-03
1.647006468261645075e-03
1.452206512230940980e-03
1.323022989491529598e-03
1.139036252405471912e-03
9.730346115430874455e-04
8.458448476047289184e-04
7.503011316047390267e-04
6.152048705201292348e-04
5.122099548958727834e-04
4.166122390644825266e-04
3.174041414796463837e-04
2.560954867555042505e-04
1.939904112581312327e-04
1.280911357775559641e-04
8.570736563846541203e-05
5.615068254991656611e-05
2.976766027315668397e-05
7.120424359426038514e-06
2.956970468982385363e-07
0.000000000000000000e+00
0.000000000000000000e+00
0.000000000000000000e+00
0.000000000000000000e+00
0.000000000000000000e+00
0.000000000000000000e+00
0.000000000000000000e+00
0.000000000000000000e+00
0.000000000000000000e+00
0.000000000000000000e+00
0.000000000000000000e+00
0.000000000000000000e+00
0.000000000000000000e+00
0.000000000000000000e+00
0.000000000000000000e+00
0.000000000000000000e+00
0.000000000000000000e+00
0.000000000000000000e+00
0.000000000000000000e+00
0.000000000000000000e+00
0.000000000000000000e+00
0.000000000000000000e+00
0.000000000000000000e+00
0.000000000000000000e+00
0.000000000000000000e+00
0.000000000000000000e+00
0.000000000000000000e+00
0.000000000000000000e+00
0.000000000000000000e+00
0.000000000000000000e+00
0.000000000000000000e+00
0.000000000000000000e+00
0.000000000000000000e+00
0.000000000000000000e+00
0.000000000000000000e+00
0.000000000000000000e+00
0.000000000000000000e+00
0.000000000000000000e+00
0.000000000000000000e+00
0.000000000000000000e+00
0.000000000000000000e+00
0.000000000000000000e+00
0.000000000000000000e+00
0.000000000000000000e+00
0.000000000000000000e+00
0.000000000000000000e+00
0.000000000000000000e+00
0.000000000000000000e+00
0.000000000000000000e+00
