0.000000000000000000e+00
0.000000000000000000e+00
0.000000000000000000e+00
0.000000000000000000e+00
0.000000000000000000e+00
0.000000000000000000e+00
0.000000000000000000e+00
0.000000000000000000e+00
0.000000000000000000e+00
0.000000000000000000e+00
0.000000000000000000e+00
0.000000000000000000e+00
0.000000000000000000e+00
0.000000000000000000e+00
0.000000000000000000e+00
0.000000000000000000e+00
0.000000000000000000e+00
0.000000000000000000e+00
0.000000000000000000e+00
0.000000000000000000e+00
0.000000000000000000e+00
0.000000000000000000e+00
0.000000000000000000e+00
0.000000000000000000e+00
0.000000000000000000e+00
0.000000000000000000e+00
0.000000000000000000e+00
0.000000000000000000e+00
0.000000000000000000e+00
0.000000000000000000e+00
0.000000000000000000e+00
3.868866402392325508e-03
5.047866168753719490e-02
2.301394598552207738e-01
5.474083618059305545e-01
8.870313628039508957e-01
1.151345301937548582e+00
1.318864165734394245e+00
1.396499701412722727e+00
1.441103029843779693e+00
1.424911231287962599e+00
1.403077017843113561e+00
1.366345627643651195e+00
1.339528886483791981e+00
1.280435104970656823e+00
1.263921206655959306e+00
1.237221866434246698e+00
1.218102054275826962e+00
1.194458653268244630e+00
1.191471439649721464e+00
1.192088820633522950e+00
1.168118076020742580e+00
1.136269754305736290e+00
1.072282933362298962e+00
1.025288780248914788e+00
9.886752863108009270e-01
9.697898076877907725e-01
9.495442983321197294e-01
9.579004299232729558e-01
9.659764376563684252e-01
9.659196677474546355e-01
9.736734341469255316e-01
9.717861627938050306e-01
9.879677155878056061e-01
9.955089669877131842e-01
9.983792542193596908e-01
1.004076420630366284e+00
1.015015534398796104e+00
1.011687951525429341e+00
1.013208199008925892e+00
1.009472432152577648e+00
1.009448684391962336e+00
1.010928996682438408e+00
1.018963454609825403e+00
1.014964916265619355e+00
1.011885688369651870e+00
1.015161457647747456e+00
1.006817455722625709e+00
1.010195988675052003e+00
1.014791206167433568e+00
1.014420898966321483e+00
1.007806589518383200e+00
1.001353960805202004e+00
9.988657097832629450e-01
9.915840582830185435e-01
9.968261183970277273e-01
9.913143280086103015e-01
9.875059293508496872e-01
9.898516543716745497e-01
9.845641541666890761e-01
9.866761777283152846e-01
9.855315034779958960e-01
9.824854230463984095e-01
9.847108982697452273e-01
9.948983325669646938e-01
9.936760621238898139e-01
1.001978888313676208e+00
9.881722706764778374e-01
9.988985480857469623e-01
1.003728745944217238e+00
9.999870058800093275e-01
9.995406752778638326e-01
1.003235282956641772e+00
1.003694229671001414e+00
1.005270324216707145e+00
1.004987329499747339e+00
1.003719649397888380e+00
1.008443311956015886e+00
1.000810988802385948e+00
1.005224022234558756e+00
9.983093112737293495e-01
1.003103029748290353e+00
1.003086577487941389e+00
9.981797477504055216e-01
1.000188527842503783e+00
1.003545245805004482e+00
1.000118097040429088e+00
9.998673396631025945e-01
1.001639407340310317e+00
1.000822634440286407e+00
9.991971704988018566e-01
9.993460018038955450e-01
9.991436239575846034e-01
9.979706984136382797e-01
9.974838434078385774e-01
9.985242878814136747e-01
9.986542282673962490e-01
1.000225145364668222e+00
9.985650744082309460e-01
1.002038557800323249e+00
1.000429372609448198e+00
1.000091329412339469e+00
1.003458147714669124e+00
9.982170199540875144e-01
9.944645464509795918e-01
9.992927426014716064e-01
9.988192604595228508e-01
1.001226430983064963e+00
1.001647788258574590e+00
1.000288257147705195e+00
1.004808418360342293e+00
1.004195830588890503e+00
1.000791489506323684e+00
9.981402928456276635e-01
1.000798515926162091e+00
1.000498866327564018e+00
1.001291743102189047e+00
1.000000705638005138e+00
9.986631878254453865e-01
1.000864790939048010e+00
1.000810574591356028e+00
9.970231873448694992e-01
1.001470754857411105e+00
1.002767181663073659e+00
1.000979715820547566e+00
9.986347156175983120e-01
9.962198253912218915e-01
9.974053875888218013e-01
9.982865447054626307e-01
1.002969966577354599e+00
9.998421540763762216e-01
9.977491206042501393e-01
9.992341519408119987e-01
9.994434264125602319e-01
1.000913712950811885e+00
9.969298018119232552e-01
9.999242679473164808e-01
9.989752840390332400e-01
9.980046175434043043e-01
1.002217338230388277e+00
1.002689734210834072e+00
9.986812180736787115e-01
9.999305263241060615e-01
9.982930876738024262e-01
9.990264387556330172e-01
9.975385058892136669e-01
9.978001895268862054e-01
1.000192829855533150e+00
1.000822627018210120e+00
9.998240229261798895e-01
9.962918098640315412e-01
1.000047526644916696e+00
9.956276808744596307e-01
9.979049889370623649e-01
9.986209009508976164e-01
9.988171317088787582e-01
9.975566883674964469e-01
9.985170528496369879e-01
1.000517441305135202e+00
9.995572694221234178e-01
9.961876369018690669e-01
9.980448979349347827e-01
9.981723731156390000e-01
9.977995841735907145e-01
9.985543847466054057e-01
9.982761391135246409e-01
9.985124929628979018e-01
1.000377050757393915e+00
9.968052945464566106e-01
1.001360159626777602e+00
1.003055640376266933e+00
1.001448056051071012e+00
9.979013192661568832e-01
9.983492777067335400e-01
9.986107189680346607e-01
9.985091897469546840e-01
1.000381019226205259e+00
9.967808195305424279e-01
9.968243628960729019e-01
1.001005765313345730e+00
9.975249173179056017e-01
9.989761543432981172e-01
1.000889695901600485e+00
9.997687196626141581e-01
9.999369888519271665e-01
9.955444056598964364e-01
9.994400504872716917e-01
9.999916568105112757e-01
9.980542954658805366e-01
1.000172322427540506e+00
1.001320432669891680e+00
9.986292725057220876e-01
9.976908017071512980e-01
9.989622395738234628e-01
1.001656880515690018e+00
9.987446427451311948e-01
9.995635513176651665e-01
9.994249339546625865e-01
9.988358184525256700e-01
1.002047812213266553e+00
9.995202612174036716e-01
9.993828202888892509e-01
1.000106428266134051e+00
1.000751667677729495e+00
9.999784417978613282e-01
1.001168586487763745e+00
1.002781462291914893e+00
9.974932546942790745e-01
1.001287465243807961e+00
9.994673998727365838e-01
9.988284680227581536e-01
9.988350678551655148e-01
9.983487764601427505e-01
1.000104829403440254e+00
1.000419825307630850e+00
9.977450903608906518e-01
9.989086369388944231e-01
9.984417935115927900e-01
1.000949848800439357e+00
1.000504167292567193e+00
9.987607554185257142e-01
9.970707058939214384e-01
1.001210388800280571e+00
9.989161445099093983e-01
9.990259281918975054e-01
9.989923050772769875e-01
9.993826958387264092e-01
9.970300282030624128e-01
9.982570981127810716e-01
1.000701027452941982e+00
9.993441246398409028e-01
9.987553179958515992e-01
9.999773597925218915e-01
1.001402476557541332e+00
9.997714614936429323e-01
9.999838071329498757e-01
1.000100250602461438e+00
9.971273006688604612e-01
9.957802671940662043e-01
9.982228081295967392e-01
9.984304277477383804e-01
9.997334947477710676e-01
9.995472287624803664e-01
9.983004787659051082e-01
9.997117892525290150e-01
9.991401666570969287e-01
9.993387735138710148e-01
9.993077654684212607e-01
9.994989249124486275e-01
9.989587266063117976e-01
9.984604496533145968e-01
9.971136670992378770e-01
9.991430538984094056e-01
9.985050884065016508e-01
1.001118962942140866e+00
9.997218511564504029e-01
9.979391411008059487e-01
9.986574410299566829e-01
9.973814489619173829e-01
9.974798352444034233e-01
9.973409291660744191e-01
9.979987412003311631e-01
9.981294045691573302e-01
9.994545536015525533e-01
9.979364338959780811e-01
9.991272302455420640e-01
9.956926351429625788e-01
9.972218073808364336e-01
9.964664213988692065e-01
9.982300374435963963e-01
1.000481958227710910e+00
1.000421376328329170e+00
9.977373132706799375e-01
9.977042373239199957e-01
9.978870097212920731e-01
9.981408534370839192e-01
9.985676721966079139e-01
9.976967580687947645e-01
9.994684561049551608e-01
1.000213407722750247e+00
9.980310294819088046e-01
9.992158479234259927e-01
9.980849065656512975e-01
9.989261465801153594e-01
9.976351213587263400e-01
9.954939846240503654e-01
9.978377015415792473e-01
9.971319387632641140e-01
9.990814059655207524e-01
9.967872250005882506e-01
9.963616014672416199e-01
9.971301628201405531e-01
9.981807327621506909e-01
1.000037944035775617e+00
9.967176028246240715e-01
9.989803276247680719e-01
9.973261406817234276e-01
9.979464603501319031e-01
9.994005334487039427e-01
9.976380315250626962e-01
9.988553524586812893e-01
9.986113536204261898e-01
9.999804905965694601e-01
1.000070697510430540e+00
9.973388357502243062e-01
9.968321128548787158e-01
9.987295594469067783e-01
9.976696994335229052e-01
9.974183658047568457e-01
9.987561351320802805e-01
9.990372434714349659e-01
9.991278493883316569e-01
9.988339936121427565e-01
9.988736886211765365e-01
9.996275407464856322e-01
9.986861911517425083e-01
9.967122315356372608e-01
9.948380332269092241e-01
9.853910918368159466e-01
9.770695296422813314e-01
9.673918124326259527e-01
9.605133746770753156e-01
9.534458374500819344e-01
9.440464002523055731e-01
9.344008016224450985e-01
9.252249924053462804e-01
9.175923074473458785e-01
9.090191040434562053e-01
9.010457536523730493e-01
8.929233090169038656e-01
8.847801670479686909e-01
8.764530157188848980e-01
8.690684722205764823e-01
8.619761860754163729e-01
8.545327517534646589e-01
8.472040626180189493e-01
8.371295781752606802e-01
8.297096656432764172e-01
8.213235493180152114e-01
8.142024384326653763e-01
8.091598492264536757e-01
7.996385104779258901e-01
7.931996746688966260e-01
7.860086711506214519e-01
7.772048853035230520e-01
7.700454553658889756e-01
7.634122002169257959e-01
7.552465908819546714e-01
7.488060964015520460e-01
7.398867546494420910e-01
7.330564604067003609e-01
7.268649186594445810e-01
7.194006689996218507e-01
7.128541239296675158e-01
7.053357752011385484e-01
6.979503281430020634e-01
6.909116231341063674e-01
6.851868895451425079e-01
6.781305181435863805e-01
6.702046738294542561e-01
6.631307967617015020e-01
6.558295185592416532e-01
6.496413098256690333e-01
6.424957098643144793e-01
6.357313892135093569e-01
6.304159700700481261e-01
6.234169114641340270e-01
6.155697231000396563e-01
6.109006391033549033e-01
6.037327168499162511e-01
5.970375697652859914e-01
5.912007118097004632e-01
5.848226287768442111e-01
5.785954098270471579e-01
5.717929253981940407e-01
5.639485023314269041e-01
5.582026921551871412e-01
5.527112890468012241e-01
5.460475387820823423e-01
5.408890208155670010e-01
5.339034723309693531e-01
5.278843708942296820e-01
5.220984195070262901e-01
5.168829998835479111e-01
5.094821772792758052e-01
5.046575883553893194e-01
4.986272773428794269e-01
4.906072294515923526e-01
4.857543198208446045e-01
4.801548548646816239e-01
4.743099787871620232e-01
4.686891760445828226e-01
4.629495285304400243e-01
4.568960903278178609e-01
4.516058445225787366e-01
4.454984701277687753e-01
4.407003133891216895e-01
4.343893391008981086e-01
4.285889276391345315e-01
4.225620041993480847e-01
4.166715534497756335e-01
4.114307905385576336e-01
4.059010358459812506e-01
3.999871407168305026e-01
3.952593072795329565e-01
3.895562547553450550e-01
3.843283206661953222e-01
3.785250512850360516e-01
3.731095373051170339e-01
3.672518281008543828e-01
3.616934723080038050e-01
3.564065136396702416e-01
3.510829910736631421e-01
3.464902164341192026e-01
3.417149520261864026e-01
3.355040453569020920e-01
3.309067452728446934e-01
3.255605795401212976e-01
3.196904105365921400e-01
3.150736650898072200e-01
3.100769661659212861e-01
3.048415112996761267e-01
2.985232081391589465e-01
2.946745331748264474e-01
2.898180815554418643e-01
2.844611773617579109e-01
2.794943215728351582e-01
2.742736269258431725e-01
2.698364190606160062e-01
2.650099128852634323e-01
2.597429762202897452e-01
2.553002758319902199e-01
2.506093509578386502e-01
2.452793871608317522e-01
2.409582652906516187e-01
2.355803774810546758e-01
2.309588628421469780e-01
2.258803990248354210e-01
2.212765391975561047e-01
2.163600229661679919e-01
2.116947484879729002e-01
2.076959584418307525e-01
2.026146661022539819e-01
1.979996430983269329e-01
1.934051054905518152e-01
1.888049757169143195e-01
1.844371095093286506e-01
1.795718656265473112e-01
1.753404317080230479e-01
1.710554970907288697e-01
1.663224491472974631e-01
1.618341983300305709e-01
1.572305210537965348e-01
1.527392336270798623e-01
1.483745098299551479e-01
1.437304208645946990e-01
1.390583388489923800e-01
1.347572014053998180e-01
1.303484145508191083e-01
1.266723706500585689e-01
1.216989502190724964e-01
1.176412139353183728e-01
1.144652778039665086e-01
1.103419773521105707e-01
1.072698367312594631e-01
1.040400094458536207e-01
1.009763384420344634e-01
9.814756383159152497e-02
9.494240157065167440e-02
9.230493327217939581e-02
8.918966475625617063e-02
8.678626202796022038e-02
8.420360829925063739e-02
8.158986626798460373e-02
7.935483135613834171e-02
7.709884759465295001e-02
7.472618852735783690e-02
7.229128484518378139e-02
6.977224134144381640e-02
6.820167014867774269e-02
6.573931994624825081e-02
6.396702311447781397e-02
6.221900739944856429e-02
6.012658173245501864e-02
5.812245490263292375e-02
5.638021781901970259e-02
5.458626363896462719e-02
5.309922601167475775e-02
5.151018905558527733e-02
4.957813267771571386e-02
4.800614378584214248e-02
4.659837474001677499e-02
4.488070390566127610e-02
4.355988565644412780e-02
4.215692976330122355e-02
4.080024227020592753e-02
3.947740052739272948e-02
3.789485510370508431e-02
3.669015027794206296e-02
3.543721166785993026e-02
3.403126526819826025e-02
3.301050960370017356e-02
3.178392755539159731e-02
3.056330391238586131e-02
2.942586809224930974e-02
2.843765543564022100e-02
2.716537890270712477e-02
2.609800478412695190e-02
2.518657267054264307e-02
2.444659269102902183e-02
2.332204262194580158e-02
2.236965318210990331e-02
2.145528389115512399e-02
2.056589881218584548e-02
2.002425384214395754e-02
1.899294332328935533e-02
1.812079677450325471e-02
1.749147718984734451e-02
1.671065340921213879e-02
1.597706841466813715e-02
1.522160201394965294e-02
1.463139170198416231e-02
1.391154563500778506e-02
1.317870031414541433e-02
1.265291012754021262e-02
1.195214328728104285e-02
1.144882248163066676e-02
1.089825069466532001e-02
1.036522097325883081e-02
9.805949695313613546e-03
9.282169797180441287e-03
8.672757379752510376e-03
8.425225520261587012e-03
7.879476726436910466e-03
7.306080210798211738e-03
6.921436172901584104e-03
6.465688089683519976e-03
6.008801740271478044e-03
5.718423624169013605e-03
5.260377800919359588e-03
4.887748975317626060e-03
4.640464246101232669e-03
4.194443302377200491e-03
4.008303491940480925e-03
3.682231400676232429e-03
3.419900383891334977e-03
3.106741783853126607e-03
2.815555463928560466e-03
2.477606748598721459e-03
2.287734007584957437e-03
2.139978564603228165e-03
1.874640813206135143e-03
1.670828284308655898e-03
1.463075886312779125e-03
1.324159618628185887e-03
1.146674722135906065e-03
1.006975014467972407e-03
8.768702921740798234e-04
7.340945917428831234e-04
5.919749328788345049e-04
5.376724392221441133e-04
4.008251500070354376e-04
3.207937645440055142e-04
2.512900862320578319e-04
1.913040876794590403e-04
1.437484184651430371e-04
9.321336872172913751e-05
4.869120203975972426e-05
3.126077213943287240e-05
9.495335516123378015e-06
1.478708920474353152e-06
0.000000000000000000e+00
0.000000000000000000e+00
0.000000000000000000e+00
0.000000000000000000e+00
0.000000000000000000e+00
0.000000000000000000e+00
0.000000000000000000e+00
0.000000000000000000e+00
0.000000000000000000e+00
0.000000000000000000e+00
0.000000000000000000e+00
0.000000000000000000e+00
0.000000000000000000e+00
0.000000000000000000e+00
0.000000000000000000e+00
0.000000000000000000e+00
0.000000000000000000e+00
0.000000000000000000e+00
0.000000000000000000e+00
0.000000000000000000e+00
0.000000000000000000e+00
0.000000000000000000e+00
0.000000000000000000e+00
0.000000000000000000e+00
0.000000000000000000e+00
0.000000000000000000e+00
0.000000000000000000e+00
0.000000000000000000e+00
0.000000000000000000e+00
0.000000000000000000e+00
0.000000000000000000e+00
0.000000000000000000e+00
0.000000000000000000e+00
0.000000000000000000e+00
0.000000000000000000e+00
0.000000000000000000e+00
0.000000000000000000e+00
0.000000000000000000e+00
0.000000000000000000e+00
0.000000000000000000e+00
0.000000000000000000e+00
0.000000000000000000e+00
0.000000000000000000e+00
0.000000000000000000e+00
0.000000000000000000e+00
0.000000000000000000e+00
0.000000000000000000e+00
0.000000000000000000e+00
0.000000000000000000e+00
