0.000000000000000000e+00
0.000000000000000000e+00
0.000000000000000000e+00
0.000000000000000000e+00
0.000000000000000000e+00
0.000000000000000000e+00
0.000000000000000000e+00
0.000000000000000000e+00
0.000000000000000000e+00
0.000000000000000000e+00
0.000000000000000000e+00
0.000000000000000000e+00
0.000000000000000000e+00
0.000000000000000000e+00
0.000000000000000000e+00
0.000000000000000000e+00
0.000000000000000000e+00
0.000000000000000000e+00
0.000000000000000000e+00
0.000000000000000000e+00
0.000000000000000000e+00
0.000000000000000000e+00
0.000000000000000000e+00
0.000000000000000000e+00
0.000000000000000000e+00
0.000000000000000000e+00
0.000000000000000000e+00
0.000000000000000000e+00
0.000000000000000000e+00
0.000000000000000000e+00
1.146181720418588333e-04
6.017588786514724807e-03
5.067512077019622335e-02
2.222288402723161804e-01
5.646388693413949555e-01
9.079184298518138130e-01
1.187237049216011142e+00
1.356027353906450017e+00
1.412534969993953560e+00
1.427826629887056331e+00
1.434443884314848594e+00
1.426328719174278170e+00
1.374463152781844721e+00
1.344963347904454709e+00
1.306574138253929540e+00
1.291958540806133149e+00
1.242858411562967280e+00
1.234417224194095164e+00
1.192199527822044969e+00
1.201874489074504782e+00
1.185563346840556864e+00
1.193199932629465998e+00
1.142530724813158205e+00
1.086249484006833743e+00
1.043235796878702493e+00
1.000615711683798148e+00
9.869546991682535131e-01
9.688895368916254913e-01
9.692946224714181769e-01
9.749384266836275126e-01
9.762449732406504044e-01
9.863961702732849668e-01
9.978871469391284998e-01
1.000739844379841426e+00
1.004039419167337854e+00
1.015893460557273142e+00
1.011153833376783107e+00
1.010810699468130291e+00
1.021691656287013084e+00
1.025152476511218325e+00
1.022300476833411409e+00
1.018308966050747610e+00
1.015587524013437770e+00
1.025959570542316568e+00
1.015163051590946885e+00
1.013928006747371047e+00
1.022850602269380627e+00
1.023610355050786458e+00
1.016818506747263040e+00
1.020266413565924069e+00
1.017158394763962193e+00
1.014809830818701908e+00
1.013466232088900076e+00
1.009922621565177980e+00
1.004992508075694069e+00
1.001692853827446772e+00
1.002665675996172290e+00
9.948925897545410901e-01
9.971649896003481617e-01
9.799054849871245976e-01
9.837577786884871278e-01
9.905454342455042305e-01
9.851712571804115415e-01
9.941066164409132488e-01
9.906956264846175086e-01
9.898744882660002187e-01
9.954815164235654157e-01
9.932145281131502523e-01
9.970765088436570611e-01
9.997109495907315901e-01
9.982007370338459307e-01
1.001741214298821792e+00
1.000447843857288799e+00
1.003038702905743706e+00
1.004976582703084764e+00
1.001899640485752530e+00
1.010418171437768464e+00
1.003259772876641476e+00
1.000984051632896277e+00
1.007730431152383810e+00
9.973547441093926214e-01
1.004976354930462668e+00
1.005860043691000127e+00
1.003899635336087615e+00
1.000723409258297725e+00
1.005475506170703248e+00
1.004638006571361153e+00
1.001350747255812079e+00
1.001015213987495933e+00
9.975861723442736029e-01
1.002489748243303724e+00
9.998090686887848300e-01
9.996258575871999064e-01
1.000478003960747930e+00
1.001283971545482432e+00
1.000562958093009547e+00
9.976471414369602053e-01
9.987137461870220223e-01
1.005393244398134822e+00
9.976641811524725734e-01
1.000590918961292930e+00
9.975232415825958654e-01
9.989162783291472003e-01
9.987258268841255893e-01
1.001696123730433596e+00
1.001967107892094644e+00
1.000651843280762954e+00
9.978586905337435420e-01
1.001223106238479987e+00
1.003079241259757337e+00
1.003182352123208165e+00
1.003901333080437608e+00
1.000447453168477274e+00
1.001497124039783193e+00
1.001043157806155159e+00
1.004924387373834493e+00
9.997480951211816791e-01
1.000236146612608179e+00
1.004048764643650227e+00
9.991683137734683751e-01
9.981935870161846580e-01
9.991876825578758226e-01
9.957966133942887099e-01
9.983192113323909878e-01
1.000005331136290199e+00
9.970322568681496689e-01
9.957120427231037629e-01
9.982480167935056103e-01
1.003111255105292532e+00
1.000544102428486903e+00
9.990266824204850904e-01
9.970611744222082073e-01
9.977980323529954676e-01
9.991762835202483428e-01
9.992770278325938671e-01
9.984692644533464945e-01
1.001282134875205898e+00
9.976097236701185755e-01
9.993356196502801714e-01
1.001047959770601015e+00
9.976665346439167470e-01
9.968624989781722512e-01
9.993211916996077582e-01
9.967545145446207178e-01
9.976652280731235223e-01
1.000346193103690995e+00
9.978776199660469581e-01
9.993202666109550769e-01
9.965750464426497146e-01
1.000176415938942798e+00
9.970780725000196743e-01
1.002454995534665771e+00
9.969772273250472328e-01
1.000033319994636960e+00
9.989707559075895471e-01
1.000779657298902503e+00
1.001594166971572886e+00
9.990161888826817327e-01
1.001361061668385011e+00
1.002047919472219606e+00
1.000076534939072781e+00
9.980043400428904032e-01
9.994720675751389560e-01
9.999961495271689760e-01
9.970854526886447911e-01
1.000467603614735745e+00
9.999984694545386299e-01
9.986673934907159822e-01
9.974611587645054733e-01
9.984686769729735900e-01
1.002196995772299593e+00
9.980442724076263872e-01
1.002118373931819129e+00
1.000469108058872125e+00
1.000693492861211453e+00
1.001992305165371855e+00
1.002443887302376435e+00
1.001644046462160098e+00
1.000362061920434309e+00
9.996273641266906207e-01
1.002447136322265786e+00
9.989687382610481503e-01
1.001842232026510127e+00
1.002821562564596647e+00
9.991989649959506226e-01
1.001131645022300676e+00
9.997328592558244464e-01
1.001687289964356076e+00
1.001444539688718383e+00
1.003280449254526419e+00
9.995787259367195920e-01
9.993020321469691103e-01
1.000568749234802102e+00
1.000581675264052173e+00
1.000781048931822514e+00
9.966659526185518425e-01
9.988802012321298385e-01
1.001241661566837582e+00
9.974579888127280691e-01
9.981763290570733194e-01
1.001520027220781150e+00
1.000399425814355814e+00
9.990558539576772645e-01
9.996054272072008029e-01
9.995295121408734884e-01
9.981210194855879569e-01
9.990569503383034400e-01
9.987262044287684715e-01
9.987932815875846249e-01
1.000430597624553108e+00
9.990933506253703023e-01
9.994369434609873259e-01
9.983954380487231051e-01
9.990817712370465564e-01
9.981716353356261395e-01
9.993485488811999495e-01
1.002802328668430665e+00
9.975231169903320261e-01
9.993501568151986758e-01
9.991220154628377426e-01
9.992666984895525184e-01
9.998023241999430821e-01
9.998515749603757996e-01
9.975126700306136129e-01
9.989332039293014054e-01
9.996051253347825183e-01
9.985717095351199779e-01
9.967667075355282069e-01
9.987991182546056557e-01
9.993597630420952838e-01
9.991658379261073586e-01
9.994352859073458717e-01
9.998124583768412954e-01
9.993764846063160068e-01
9.986761624602091825e-01
9.998776755551183060e-01
1.000578140716013253e+00
1.000504046813304848e+00
1.000450628226727812e+00
9.998198896341977671e-01
9.993212196808727299e-01
1.001956368441490497e+00
9.995875408497266745e-01
9.987618028524538616e-01
9.995815315928829881e-01
9.997491170501279223e-01
9.982939159655839223e-01
9.994716013310154246e-01
1.001720252955273782e+00
1.001420094961359863e+00
1.000154123335887490e+00
1.000231874767479212e+00
1.000542675506479240e+00
1.002617959909544387e+00
1.001397203000944813e+00
1.002292152789172386e+00
1.001683546468583152e+00
1.000014177873517873e+00
9.984040591073084503e-01
9.999056387330701456e-01
1.002199400035085119e+00
1.000796440170592216e+00
1.002496355118142279e+00
1.001542949616831324e+00
1.000286738095084837e+00
9.999294509394638375e-01
1.001370002702233197e+00
1.001915618809076314e+00
1.003558796201170944e+00
1.001579526401090936e+00
1.001259914049876576e+00
9.999359623751266080e-01
1.001217895590150064e+00
1.000163330719575416e+00
1.002100332484994860e+00
9.999540076523537602e-01
1.000061793862105475e+00
1.001279261098069862e+00
1.000950745043170498e+00
1.000007777732224268e+00
1.001666414415423700e+00
9.995819311682060393e-01
1.000570781589553926e+00
1.000085857787950561e+00
9.993593852842560521e-01
9.991597846636984803e-01
9.989384918659744983e-01
1.000013948916098405e+00
9.994353222876627418e-01
9.999798158745549781e-01
9.990706893415741696e-01
9.985806077675796200e-01
9.990195937327391862e-01
9.995828397308896829e-01
9.996016985036419999e-01
1.000099646900866723e+00
1.000359688876168773e+00
9.980458267390636129e-01
9.989708164323928274e-01
9.997709397007021881e-01
9.985301320094748245e-01
9.989298370244431569e-01
9.993606898291937934e-01
9.974549845637975531e-01
9.994005370796034127e-01
9.977015171815281080e-01
9.992322844418017880e-01
9.998362060108170191e-01
9.986911135195560840e-01
9.988799104933610007e-01
9.982077177210019192e-01
9.991519629696886673e-01
9.980638018253965571e-01
9.991511524091307717e-01
9.978990586225056081e-01
9.997480116976752429e-01
9.977701894065023058e-01
9.929392473942466601e-01
9.846871118266647960e-01
9.766710353362968444e-01
9.674768987758494143e-01
9.582842618387399369e-01
9.503353155498287519e-01
9.426903940671594873e-01
9.342187596660781468e-01
9.266188288809095175e-01
9.180481249777620034e-01
9.084999133032350960e-01
9.022032439863049147e-01
8.926118444918060835e-01
8.846471807227550554e-01
8.768653875321137381e-01
8.682478377938253056e-01
8.582324505444085538e-01
8.542385106073981937e-01
8.451173400778313471e-01
8.369791311310725845e-01
8.292074184296295281e-01
8.223164483971173722e-01
8.130822825200106907e-01
8.075750547369398014e-01
7.998684401047176928e-01
7.924779786328539632e-01
7.841017731577677452e-01
7.771729230409732958e-01
7.690512680530176004e-01
7.615005513928573277e-01
7.548210877147126796e-01
7.470157859589162674e-01
7.416396065142689675e-01
7.320495389662549091e-01
7.260049258579436282e-01
7.174209702617351248e-01
7.107335044238233257e-01
7.040776836339059930e-01
6.965133152347909862e-01
6.895545025474333345e-01
6.826212252059349339e-01
6.764304595322586655e-01
6.710139317563476036e-01
6.636803720413263497e-01
6.556789144407502157e-01
6.497693389988374868e-01
6.416366592732428709e-01
6.365105094988454670e-01
6.295443736908713506e-01
6.226003098461089236e-01
6.159610186127256748e-01
6.101499651501384180e-01
6.036944524382885646e-01
5.966256140028923793e-01
5.896196222256367969e-01
5.835373913675703239e-01
5.769874563690224889e-01
5.712269501391664672e-01
5.650700113869230323e-01
5.576186092875351497e-01
5.525124452658575214e-01
5.460347676459137434e-01
5.392436073642737915e-01
5.325601529367678388e-01
5.277683519064823026e-01
5.217645996424195021e-01
5.160153673668339547e-01
5.097631021055355482e-01
5.043537291350496110e-01
4.974622279986121165e-01
4.908713076048130119e-01
4.861470900201536050e-01
4.799868280640165463e-01
4.728284650714666415e-01
4.678548610278507325e-01
4.621864422358598623e-01
4.558391528010707350e-01
4.509950707610808074e-01
4.462226528575040652e-01
4.399154205961836039e-01
4.339417339039847721e-01
4.279004807654221976e-01
4.217216980940736160e-01
4.173441840468308794e-01
4.114082643916301407e-01
4.063470226969673749e-01
3.998964194088188706e-01
3.941419011707212872e-01
3.893136037421036644e-01
3.836791597305528323e-01
3.773260867295455956e-01
3.727615898049709275e-01
3.678002223183914898e-01
3.619919555663184130e-01
3.567778915762203074e-01
3.512216437725358964e-01
3.460533672275208361e-01
3.413403187276132233e-01
3.352621534266919667e-01
3.306095726084327668e-01
3.250857032169093275e-01
3.193538337376374270e-01
3.149341976207685190e-01
3.098413029110690942e-01
3.040936323573605327e-01
2.988972820851154011e-01
2.942223202196440068e-01
2.891075550263874083e-01
2.839058202330457803e-01
2.787217671216873915e-01
2.741111335148595507e-01
2.692073077103214751e-01
2.646657391891875655e-01
2.594872279238830126e-01
2.542364142391488890e-01
2.496691150078558796e-01
2.443903187862614124e-01
2.395490048614703493e-01
2.348158854175315391e-01
2.304533193138642022e-01
2.259531755094072170e-01
2.202227876192973111e-01
2.157562330318235633e-01
2.112967195444657165e-01
2.063651033770868559e-01
2.017517554426896953e-01
1.973053395891934403e-01
1.925332117640929097e-01
1.881413639359781620e-01
1.831774030959201216e-01
1.784750097569078042e-01
1.746103974391883806e-01
1.693094925479301238e-01
1.650081197909497588e-01
1.608412489555086922e-01
1.565705167360694761e-01
1.520217033961424047e-01
1.476044665664090205e-01
1.430196247152693834e-01
1.389068583908673049e-01
1.338960245526903958e-01
1.300461641381928379e-01
1.256400677007768751e-01
1.212213610906621719e-01
1.171368165281447410e-01
1.137486815868752194e-01
1.104443762824640629e-01
1.063242209276846206e-01
1.031232636627386068e-01
1.002076113140464297e-01
9.759372224574468235e-02
9.437177282874124884e-02
9.141244362422634717e-02
8.921667236335398266e-02
8.592428687974075496e-02
8.391160395816278650e-02
8.138170816145422204e-02
7.877985909420670563e-02
7.686896128872683365e-02
7.429833298816063136e-02
7.192703298068359175e-02
6.996762739308390322e-02
6.781230816321943966e-02
6.554689079017682329e-02
6.367973016669979669e-02
6.185098794879301948e-02
6.011121254561527238e-02
5.814802177266423927e-02
5.616829820002137985e-02
5.448805330240558825e-02
5.305170198138058069e-02
5.102986840902592330e-02
4.923932079714216092e-02
4.787856781923491289e-02
4.636673187509311039e-02
4.476885145422816042e-02
4.365519469063804808e-02
4.158337243399929523e-02
4.048268952237715768e-02
3.919002934847937158e-02
3.790917038272418466e-02
3.684692595312447777e-02
3.537444592079200256e-02
3.416552044093744411e-02
3.276310887467350635e-02
3.162970762054634344e-02
3.046260548810065388e-02
2.957237262550576826e-02
2.825275740813944572e-02
2.706205741722028310e-02
2.625575059189661983e-02
2.542067489744914005e-02
2.450331156665643342e-02
2.320747511583179379e-02
2.248361623785630550e-02
2.161456908808227079e-02
2.073623726814253013e-02
1.986492543192928950e-02
1.916720498595289243e-02
1.827701294369298707e-02
1.753406087893664284e-02
1.682262875169938596e-02
1.601101647747652304e-02
1.531074489439106061e-02
1.466382402867019014e-02
1.387476647314804870e-02
1.338194217265293098e-02
1.256103125912094026e-02
1.202307878450577065e-02
1.135875563281807561e-02
1.073788592901708458e-02
1.017129735658283372e-02
9.812388136534809513e-03
9.231275491217058940e-03
8.664721283851751360e-03
8.219751574860973894e-03
7.738256564490891311e-03
7.279527278726691079e-03
6.859336871815942954e-03
6.528123527357344684e-03
6.076030578207634175e-03
5.646541668316099223e-03
5.279867080449173952e-03
4.858391588302085964e-03
4.660859577846425926e-03
4.302656224067348198e-03
3.936870236578941633e-03
3.582325968318041988e-03
3.359325811642306127e-03
3.043522017446639513e-03
2.774965975046297939e-03
2.568467922153311669e-03
2.318923234335625201e-03
2.097029185189541040e-03
1.899351647117913152e-03
1.699561077705652934e-03
1.494550752828386741e-03
1.338686762809993946e-03
1.151528178225912731e-03
9.984967288259893360e-04
8.563857633246486955e-04
7.370944937244279732e-04
6.216755363725346307e-04
5.055044762096413177e-04
4.376600425588042802e-04
3.271379670953369402e-04
2.564093871822941783e-04
1.961108382601970594e-04
1.205793111935705856e-04
9.620022646038631220e-05
4.569909187402632159e-05
2.649437358683321241e-05
9.494313380717237568e-06
8.871298459758294921e-07
0.000000000000000000e+00
0.000000000000000000e+00
0.000000000000000000e+00
0.000000000000000000e+00
0.000000000000000000e+00
0.000000000000000000e+00
0.000000000000000000e+00
0.000000000000000000e+00
0.000000000000000000e+00
0.000000000000000000e+00
0.000000000000000000e+00
0.000000000000000000e+00
0.000000000000000000e+00
0.000000000000000000e+00
0.000000000000000000e+00
0.000000000000000000e+00
0.000000000000000000e+00
0.000000000000000000e+00
0.000000000000000000e+00
0.000000000000000000e+00
0.000000000000000000e+00
0.000000000000000000e+00
0.000000000000000000e+00
0.000000000000000000e+00
0.000000000000000000e+00
0.000000000000000000e+00
0.000000000000000000e+00
0.000000000000000000e+00
0.000000000000000000e+00
0.000000000000000000e+00
0.000000000000000000e+00
0.000000000000000000e+00
0.000000000000000000e+00
0.000000000000000000e+00
0.000000000000000000e+00
0.000000000000000000e+00
0.000000000000000000e+00
0.000000000000000000e+00
0.000000000000000000e+00
0.000000000000000000e+00
0.000000000000000000e+00
0.000000000000000000e+00
0.000000000000000000e+00
0.000000000000000000e+00
0.000000000000000000e+00
0.000000000000000000e+00
0.000000000000000000e+00
0.000000000000000000e+00
0.000000000000000000e+00
