0.000000000000000000e+00
0.000000000000000000e+00
0.000000000000000000e+00
0.000000000000000000e+00
0.000000000000000000e+00
0.000000000000000000e+00
0.000000000000000000e+00
0.000000000000000000e+00
0.000000000000000000e+00
0.000000000000000000e+00
0.000000000000000000e+00
0.000000000000000000e+00
0.000000000000000000e+00
0.000000000000000000e+00
0.000000000000000000e+00
0.000000000000000000e+00
0.000000000000000000e+00
0.000000000000000000e+00
0.000000000000000000e+00
0.000000000000000000e+00
0.000000000000000000e+00
0.000000000000000000e+00
0.000000000000000000e+00
0.000000000000000000e+00
0.000000000000000000e+00
0.000000000000000000e+00
0.000000000000000000e+00
0.000000000000000000e+00
0.000000000000000000e+00
0.000000000000000000e+00
0.000000000000000000e+00
3.653879627122935247e-03
5.320378497133092938e-02
2.277608480312214301e-01
5.385314007924897339e-01
8.761885618120086594e-01
1.136361699438322992e+00
1.310429008481932556e+00
1.401876392404849403e+00
1.427277438768746132e+00
1.420340913207196021e+00
1.389374073845996982e+00
1.364555869376695263e+00
1.320857021601151260e+00
1.295549830085924725e+00
1.268900479115542046e+00
1.226404258721888185e+00
1.213264549521128277e+00
1.186735431805758578e+00
1.174307592223610142e+00
1.189480035836664618e+00
1.166172220712082153e+00
1.128090646829215560e+00
1.072678164398873202e+00
1.020571559438551601e+00
9.810799024810836766e-01
9.758564974116707980e-01
9.699160229431916802e-01
9.607853545819373675e-01
9.639149653523276795e-01
9.669262340362611008e-01
9.730962750417371243e-01
9.907464722852106220e-01
9.918419726618820098e-01
9.989046427244899773e-01
1.009600846823491826e+00
1.003821602091566900e+00
1.009946131639922751e+00
1.008674198763642949e+00
1.014872315694270277e+00
1.013771329220546136e+00
1.002905768000595499e+00
1.012436869307159704e+00
1.011408824191038613e+00
1.009628866674072478e+00
1.019560991828310392e+00
1.016988089991642585e+00
1.011420076290577397e+00
1.006028879515099783e+00
1.007893194839272200e+00
1.013600721396964444e+00
1.007230939456883689e+00
1.006808535167885266e+00
9.993568500827015866e-01
9.979479364807276598e-01
9.904667658628063531e-01
1.000322762155286815e+00
9.930361247041133987e-01
9.854130558162200737e-01
9.861350183350497955e-01
9.864804543361533895e-01
9.876834701320030829e-01
9.864105582788070814e-01
9.866614446340118416e-01
9.839462119158374209e-01
9.856762821399140950e-01
9.955407759566859971e-01
1.001059646884011167e+00
9.954995668067674330e-01
9.997941906382102895e-01
1.003425979274775282e+00
9.999825249784332071e-01
1.001353955192647360e+00
1.001231590482626999e+00
1.005871866246661694e+00
1.006171308611977455e+00
1.003132446942896161e+00
1.001573093785072643e+00
1.001214065972661382e+00
1.002728883017237393e+00
9.987760793805035009e-01
1.004032938642288153e+00
9.974443053093507983e-01
1.002586740013678757e+00
1.001281171198837638e+00
9.952737398288550308e-01
1.001558096545550613e+00
9.963237573885906917e-01
9.958464283054726529e-01
9.971721726558737675e-01
9.978689175819182022e-01
9.972735537017962670e-01
9.990021015904539947e-01
9.987122374068406749e-01
9.976491428014334639e-01
9.990929847401799346e-01
9.945088114361624321e-01
9.945567218623754258e-01
9.944697734540574041e-01
9.959075222567660424e-01
1.000459584151700332e+00
9.977157217852109516e-01
9.958211879363818575e-01
9.989753226334887604e-01
1.001642947279343998e+00
9.988725518676477844e-01
9.998702409828804649e-01
9.999210997585852301e-01
9.949350179000018279e-01
1.002395407031421160e+00
9.965238206577339275e-01
9.986482259348390400e-01
1.002552943095361915e+00
9.968734374858755354e-01
9.975723667297881070e-01
9.964956338050439122e-01
1.001516614078678424e+00
9.959039688590040074e-01
9.950274919880355284e-01
1.004582424045553202e+00
9.970068166217780359e-01
9.989285282370852226e-01
9.979216576972846919e-01
9.972408590273630358e-01
9.984776322423142281e-01
9.958602543457739653e-01
9.973078588900581298e-01
9.959258379245347070e-01
9.982135224120965988e-01
9.959013553569142640e-01
9.976468549993421364e-01
9.954622114336031391e-01
9.986107259777611267e-01
9.952251019622921913e-01
9.956113435571090076e-01
9.941557650641617006e-01
9.950751860183337794e-01
9.969889440162299499e-01
9.975665943475557906e-01
9.986848432438428791e-01
9.966268033170437857e-01
9.957524794068599583e-01
9.937920597333724793e-01
9.960653154951126798e-01
9.940116952406676809e-01
1.000100950170524250e+00
9.975675133362676972e-01
9.965236099247734014e-01
9.995371406832406214e-01
9.988935920850428030e-01
9.977610201796326406e-01
9.993896935563342243e-01
9.961328299143176190e-01
9.999563404516498277e-01
9.956843578134704220e-01
1.000006005676518983e+00
9.989442739264922100e-01
9.992951735137828306e-01
9.981718091555070727e-01
9.972213490497369159e-01
9.994065434559239458e-01
9.985518402230498802e-01
9.957960543577031309e-01
9.961027135518984998e-01
9.983378212495552795e-01
9.968423243911094245e-01
9.971649026128360793e-01
9.979137695158597499e-01
9.999123372990215142e-01
9.994816253444377407e-01
9.949642300076630974e-01
9.976758596007125890e-01
9.960152633365078056e-01
9.973442496351954123e-01
9.973476065656742273e-01
9.980486203926857147e-01
9.990694437768282699e-01
9.971288639811402010e-01
9.975123840444752865e-01
9.976779378068606485e-01
9.957496063128022934e-01
9.994941902446256021e-01
9.960701242171203784e-01
1.000134117138678835e+00
9.969728034300930908e-01
9.975034123778850903e-01
1.000545831848246303e+00
9.996173510690966602e-01
9.959186691151226123e-01
9.973720127169373173e-01
9.991507004734803132e-01
9.958986431453987764e-01
9.946226589289344222e-01
9.999712535433983307e-01
9.979213362861788505e-01
9.969316490871349412e-01
9.983733860430323848e-01
9.987437284598141840e-01
9.980726244426509908e-01
9.954922697283150601e-01
9.961425865201330998e-01
9.996139695412539217e-01
9.979029861246050404e-01
9.954276281547904670e-01
9.976725650381338406e-01
9.982917975757056306e-01
9.980888999896995184e-01
1.000644576124910756e+00
9.963974704501603608e-01
9.973919612081546537e-01
9.993034615358966644e-01
9.994833890788383801e-01
9.965688693046325097e-01
9.974868402889695007e-01
9.973931680402225997e-01
9.978571331369671116e-01
1.000116575530195506e+00
9.996572967078150018e-01
9.982698102459778289e-01
9.975251099954381973e-01
9.990649593635647641e-01
1.000370110177774441e+00
9.985673230495293318e-01
9.997555243246429857e-01
9.982450649557654820e-01
9.975002781448593092e-01
1.001184501767413693e+00
9.978527892105710784e-01
9.990622128010805403e-01
9.989374746991713794e-01
9.993965206772309484e-01
9.979962714806986934e-01
9.975138081985887029e-01
1.001594655669189704e+00
9.966039948037695995e-01
9.950926788392141509e-01
9.989664813955270173e-01
9.998157065830505230e-01
9.980447651174642054e-01
9.986599842164701757e-01
9.992330127370602222e-01
9.999079592744092304e-01
9.991717091875934598e-01
9.990424885426129054e-01
9.965562165845524012e-01
9.998866896507898616e-01
9.950037751960859600e-01
9.971268498101019118e-01
9.996750564296719155e-01
9.999908015679493944e-01
9.978857197389656708e-01
9.998293418541112088e-01
9.984679936254607924e-01
9.995675789680080747e-01
9.999485203852227500e-01
9.984286832950270973e-01
9.997379669045750594e-01
1.000613977187738035e+00
9.986324823290742003e-01
9.992120329949404356e-01
9.975169024420436070e-01
9.980930850631360984e-01
9.995430183129374591e-01
9.983094241560521720e-01
9.997881404507455994e-01
9.987704443796400211e-01
9.997222140314716565e-01
9.996734971634826383e-01
9.985222264105797496e-01
1.001322994577608094e+00
1.001280851503841385e+00
9.989272242773756805e-01
9.988238824554065420e-01
9.999957342839154162e-01
9.989327187334736680e-01
9.974679581948746598e-01
9.982770871498664045e-01
9.982380637672495505e-01
9.987119379108104766e-01
9.983617344502693225e-01
9.978382456581521565e-01
9.987208595618354279e-01
9.990202858803051145e-01
9.990232219845449624e-01
9.996948772404785633e-01
9.984941541434116941e-01
9.984117720762905046e-01
9.988236981582837570e-01
9.998636124824529237e-01
9.992140673123702799e-01
9.983392814892037004e-01
9.995659382178256891e-01
9.986377779657837905e-01
9.977845147060024900e-01
1.000161566914672173e+00
9.996541913126542056e-01
9.996414518208951439e-01
9.993566850898116805e-01
1.000118221902455140e+00
9.996753839459497915e-01
9.997204346161493449e-01
9.973109622492500881e-01
9.996582011534458356e-01
9.966043391406820273e-01
9.985633379154672529e-01
9.990592137053316835e-01
9.980877744358764847e-01
1.000873019487914961e+00
9.990512139178676643e-01
9.981050474464268074e-01
1.000074983683980179e+00
9.966626541670988715e-01
1.000187678921985901e+00
9.985735786127070135e-01
9.997738758210357179e-01
9.992631173063240002e-01
9.990258262807759637e-01
9.936154868789891514e-01
9.847656626530116863e-01
9.752341739111516361e-01
9.685540118420385980e-01
9.595888187438139649e-01
9.522493268110951981e-01
9.446189797842785563e-01
9.344814239400014433e-01
9.255490812469211459e-01
9.190482376632447270e-01
9.107648325993032978e-01
9.012467339687584289e-01
8.950697526954335403e-01
8.858767261632871648e-01
8.793527430601787431e-01
8.684682632059823604e-01
8.621024621399380194e-01
8.546495435555204745e-01
8.470999258149748412e-01
8.389839256493256681e-01
8.301492409033355280e-01
8.230448257091101949e-01
8.164924573165344146e-01
8.087067844519656434e-01
8.005432804978369621e-01
7.926009227204492413e-01
7.845485636225306703e-01
7.782291758229170631e-01
7.709675281793433310e-01
7.639547606804645286e-01
7.549721433531190184e-01
7.493020860562796814e-01
7.411843550419358051e-01
7.336932012161183625e-01
7.264805967868162018e-01
7.200549041270601913e-01
7.140923261358153029e-01
7.067262919334215132e-01
6.994779290270867200e-01
6.926648194844080564e-01
6.855440302874351577e-01
6.775941888708119087e-01
6.720070223446408253e-01
6.638637709149591837e-01
6.575454160587046459e-01
6.521058185767717452e-01
6.453100279746639689e-01
6.387631144090217816e-01
6.317238894924918080e-01
6.241695183258755275e-01
6.175267360043378284e-01
6.118203980233666295e-01
6.065075020519477000e-01
5.971205256167824160e-01
5.924052799393262347e-01
5.857559849272587771e-01
5.787912385278957128e-01
5.722824416590996943e-01
5.678983438770384140e-01
5.601189519153153551e-01
5.527686264452219556e-01
5.472517807284390523e-01
5.411614751445013027e-01
5.349132055624803428e-01
5.286669347254357998e-01
5.230032116419151000e-01
5.158381109255365526e-01
5.098470409323442309e-01
5.041787798370276352e-01
4.991430303785509004e-01
4.917678911822754850e-01
4.859510762856694144e-01
4.809894374647121773e-01
4.747733476462563385e-01
4.688010449546991532e-01
4.620739797582507635e-01
4.567120833099883037e-01
4.511227019535230531e-01
4.452532600341725932e-01
4.402804089714225655e-01
4.348467442472483957e-01
4.290204387262933072e-01
4.234442190234461445e-01
4.163879511534634426e-01
4.112608068595375310e-01
4.057849071808352082e-01
4.009702535152693259e-01
3.947641778021356851e-01
3.890634494765859430e-01
3.834622512927872706e-01
3.779415695437954859e-01
3.728892653789426803e-01
3.671281267620626898e-01
3.625805362004172472e-01
3.573558131777276325e-01
3.520100824389987282e-01
3.460208481562314642e-01
3.403814452460434681e-01
3.354597149678112955e-01
3.305358185493185164e-01
3.252472773964161235e-01
3.207543320749433602e-01
3.141156317033920731e-01
3.098488963244004912e-01
3.045925313769266007e-01
2.990696601207545879e-01
2.940736869313131940e-01
2.893262735760115945e-01
2.845899138741469492e-01
2.785171823942555469e-01
2.737466282005329155e-01
2.691889972253244112e-01
2.643532337049597780e-01
2.590208089179269479e-01
2.550379307028939335e-01
2.494991562284267772e-01
2.447860988984952857e-01
2.394197921693187736e-01
2.352503852597436218e-01
2.302681952386489983e-01
2.250692890025018933e-01
2.208411084476552544e-01
2.167237936981660507e-01
2.116504362800598060e-01
2.063173519891713381e-01
2.017420678822152147e-01
1.975193886858200021e-01
1.929259771017252934e-01
1.880378393716600482e-01
1.838042805459711437e-01
1.787654097588713131e-01
1.745909537129659295e-01
1.702901734283686352e-01
1.655405008529076960e-01
1.611576621906363194e-01
1.568170273719451668e-01
1.520428422579223893e-01
1.474775134829212631e-01
1.433936633695561957e-01
1.387518567164741090e-01
1.346597873759281805e-01
1.299949348519481296e-01
1.260288563316795951e-01
1.213098872975353903e-01
1.176042957597774469e-01
1.135052530763799444e-01
1.100580401416975523e-01
1.067869061148422893e-01
1.033996557079385342e-01
1.004688125099289647e-01
9.761237909681128033e-02
9.457805350043110848e-02
9.202371185618442306e-02
8.932978953991800586e-02
8.629830027523119340e-02
8.390471315127016882e-02
8.193538122395484236e-02
7.896953103034699828e-02
7.665124355777382104e-02
7.482909455935213283e-02
7.257227367070172297e-02
7.004844464372624036e-02
6.809269762597616737e-02
6.603591708624724499e-02
6.400895084206111030e-02
6.234767987087716512e-02
6.033607074946319149e-02
5.819740254114249417e-02
5.645770475898569812e-02
5.470544638215469463e-02
5.318212707738543404e-02
5.137739477817700878e-02
4.986038479617220520e-02
4.798777664415797978e-02
4.681733004568949114e-02
4.492735843802130730e-02
4.336472543601974095e-02
4.221372820627287276e-02
4.075489009564533388e-02
3.923103186336249909e-02
3.800241702969328617e-02
3.667476025942773693e-02
3.544319535433754914e-02
3.418919572462101458e-02
3.313879037324993226e-02
3.178988833255738666e-02
3.089673025721034749e-02
2.962144060896623743e-02
2.840974840362564535e-02
2.756811775269933998e-02
2.650258176718111452e-02
2.569116056175942478e-02
2.451953887648023259e-02
2.356885766754134720e-02
2.267957937060719603e-02
2.180285177506529823e-02
2.081508498989899369e-02
1.993117931914206720e-02
1.924892611640340381e-02
1.832122295231186984e-02
1.762393976659798814e-02
1.680825959895730290e-02
1.611317874928559768e-02
1.537939743980945399e-02
1.473918469533361773e-02
1.398926260118286274e-02
1.335987825785722727e-02
1.271690331626578081e-02
1.208814409708630806e-02
1.147931390764151890e-02
1.092589482944538413e-02
1.029225726256878526e-02
9.719626920610497864e-03
9.272199228552152964e-03
8.829923893978203903e-03
8.339838446078782011e-03
7.774920185562934211e-03
7.350155959650593943e-03
6.925343668201440830e-03
6.462277031064995840e-03
6.035872740665995835e-03
5.661921229366684814e-03
5.309298899496071866e-03
5.017762862253596912e-03
4.584893870539081401e-03
4.196013055779831448e-03
3.949885800642967057e-03
3.728709351353518952e-03
3.319392995522018122e-03
2.999848528552730934e-03
2.807523040439663040e-03
2.567116166079881114e-03
2.375667000895739355e-03
2.132987153454787756e-03
1.936745033818088003e-03
1.711349911926768070e-03
1.481536012175532161e-03
1.287307852661734526e-03
1.149147788258453621e-03
1.009131478439781850e-03
8.731507061547286045e-04
7.143776270846173950e-04
5.922737499748833429e-04
5.174797382639627092e-04
4.325195006221094381e-04
3.074231716719722386e-04
2.643051303528704769e-04
1.852667357375966447e-04
1.338225422810831772e-04
9.051464324698378920e-05
5.018411386425814327e-05
2.471055960171943388e-05
8.308305446879902265e-06
1.182951028771374229e-06
2.947552406322724204e-07
0.000000000000000000e+00
0.000000000000000000e+00
0.000000000000000000e+00
0.000000000000000000e+00
0.000000000000000000e+00
0.000000000000000000e+00
0.000000000000000000e+00
0.000000000000000000e+00
0.000000000000000000e+00
0.000000000000000000e+00
0.000000000000000000e+00
0.000000000000000000e+00
0.000000000000000000e+00
0.000000000000000000e+00
0.000000000000000000e+00
0.000000000000000000e+00
0.000000000000000000e+00
0.000000000000000000e+00
0.000000000000000000e+00
0.000000000000000000e+00
0.000000000000000000e+00
0.000000000000000000e+00
0.000000000000000000e+00
0.000000000000000000e+00
0.000000000000000000e+00
0.000000000000000000e+00
0.000000000000000000e+00
0.000000000000000000e+00
0.000000000000000000e+00
0.000000000000000000e+00
0.000000000000000000e+00
0.000000000000000000e+00
0.000000000000000000e+00
0.000000000000000000e+00
0.000000000000000000e+00
0.000000000000000000e+00
0.000000000000000000e+00
0.000000000000000000e+00
0.000000000000000000e+00
0.000000000000000000e+00
0.000000000000000000e+00
0.000000000000000000e+00
0.000000000000000000e+00
0.000000000000000000e+00
0.000000000000000000e+00
0.000000000000000000e+00
0.000000000000000000e+00
0.000000000000000000e+00
