0.000000000000000000e+00
0.000000000000000000e+00
0.000000000000000000e+00
0.000000000000000000e+00
0.000000000000000000e+00
0.000000000000000000e+00
0.000000000000000000e+00
0.000000000000000000e+00
0.000000000000000000e+00
0.000000000000000000e+00
0.000000000000000000e+00
0.000000000000000000e+00
0.000000000000000000e+00
0.000000000000000000e+00
0.000000000000000000e+00
0.000000000000000000e+00
0.000000000000000000e+00
0.000000000000000000e+00
0.000000000000000000e+00
0.000000000000000000e+00
0.000000000000000000e+00
0.000000000000000000e+00
0.000000000000000000e+00
0.000000000000000000e+00
0.000000000000000000e+00
0.000000000000000000e+00
0.000000000000000000e+00
0.000000000000000000e+00
0.000000000000000000e+00
0.000000000000000000e+00
1.146454466694487266e-04
5.266643144463254399e-03
5.199979566173315582e-02
2.321651333417808216e-01
5.592177909171953676e-01
9.116888211962984601e-01
1.183276708304766833e+00
1.340499154122320125e+00
1.415101644033664563e+00
1.444913669235496245e+00
1.451170881293154302e+00
1.409080936598600564e+00
1.399176612925521646e+00
1.359148811001402501e+00
1.308177664087606384e+00
1.298345045978907208e+00
1.265202725209829238e+00
1.234852779190243055e+00
1.211435999734036484e+00
1.206861528405762218e+00
1.219511681955718574e+00
1.193403441244008656e+00
1.143576517984450369e+00
1.097090596621609793e+00
1.039103280282337449e+00
1.008575334326402118e+00
9.849176197693417789e-01
9.839269025004452329e-01
9.789372355904669698e-01
9.784241049440716154e-01
9.805567422924377219e-01
9.911991516835527705e-01
1.007380657039015137e+00
1.007802290028558589e+00
1.009431378872015728e+00
1.010665962630661330e+00
1.030471901720600991e+00
1.035419835778684128e+00
1.029117576252349675e+00
1.023916997098728299e+00
1.027157433453905533e+00
1.025853324743431383e+00
1.034233514216801764e+00
1.024900668054842034e+00
1.025166648332267672e+00
1.030578758603847955e+00
1.024898270597404348e+00
1.025061455658030862e+00
1.025420297550536430e+00
1.019260413505930885e+00
1.016758545529768964e+00
1.021088891193118631e+00
1.018721949483954337e+00
1.011723276985198927e+00
1.013223200731138807e+00
1.008000698236347414e+00
9.996541975471994190e-01
1.000799151199268655e+00
9.986414877765665832e-01
1.002095282714514424e+00
9.954125924537639003e-01
9.925137032231224898e-01
9.937700011521500842e-01
9.994794717907499182e-01
9.931886744466090766e-01
9.979337145096294215e-01
1.002636294606752410e+00
1.001517859105902186e+00
1.005877379558939078e+00
1.014751247443326676e+00
1.007899937432716442e+00
1.013502308092089743e+00
1.014482244359565799e+00
1.019675916566996188e+00
1.010665692485492873e+00
1.012429857197270300e+00
1.015576680966201240e+00
1.014684590137821862e+00
1.013317475901073239e+00
1.011510589680813199e+00
1.010065797953291877e+00
1.013708828749966484e+00
1.012074341317622750e+00
1.009801659673011498e+00
1.013612169195009960e+00
1.015924625689125227e+00
1.013977239512477313e+00
1.007900624021068392e+00
1.009646438929869383e+00
1.007869238526934330e+00
1.007201684631065186e+00
1.005769217398939652e+00
1.003673383835839816e+00
1.010037652517452589e+00
1.008850550037226457e+00
1.008399039008759601e+00
1.003856546304853881e+00
1.006188229843553383e+00
1.004392298686959117e+00
1.003364783083785072e+00
1.005031394952044632e+00
1.010189059393616251e+00
1.006565742183685774e+00
1.007796666628132387e+00
1.007252574160106384e+00
1.013295261302128880e+00
1.006711649482345372e+00
1.008414290565996740e+00
1.005653783078679142e+00
1.007022965482243348e+00
1.003599371600361057e+00
1.008130126909976054e+00
1.005391736788186607e+00
1.004097303910618244e+00
1.011109318934930501e+00
1.006292056719149564e+00
1.007117323052195479e+00
1.009769134188207129e+00
1.002633569091786248e+00
1.006716965004778475e+00
1.007345092861636981e+00
1.002366973098263392e+00
1.003632927594359625e+00
1.000725038384878030e+00
1.001154815001768394e+00
1.002456800259090119e+00
1.003129998992631888e+00
1.005162912684791188e+00
1.000687987432595571e+00
1.004823758234310915e+00
1.004849831930730852e+00
1.004675532703210195e+00
1.002179611361089018e+00
1.001009995458645108e+00
1.003476030619039117e+00
1.006389760601426486e+00
1.004282822935281150e+00
1.001918611060488296e+00
1.002732718210902929e+00
1.006758247048793242e+00
1.006936969651674785e+00
1.005498266158835419e+00
1.007677647748590033e+00
1.005034758946291129e+00
1.008764515929866823e+00
1.004521553777117493e+00
1.005976055751264697e+00
1.008275220505022496e+00
1.004504698136550411e+00
1.007349465393678090e+00
1.003790731330404418e+00
1.003030264724144249e+00
1.003154824917190435e+00
1.004563306103049003e+00
1.004027482818053096e+00
1.002992252701538245e+00
1.005794367707852466e+00
1.006268139821424601e+00
1.005096362075175609e+00
1.005250560695316153e+00
1.006574653810640818e+00
1.004896286686151052e+00
1.004191383722510045e+00
1.006959669725959072e+00
1.006088204814633125e+00
1.001152175074152106e+00
1.004291472268662222e+00
1.002093334472452524e+00
1.001279754304660541e+00
1.002377652600818569e+00
1.003098772841824138e+00
1.001589041429841176e+00
1.005285592450502197e+00
1.004209893818056809e+00
1.003351946033220754e+00
1.003978480628131553e+00
1.003160165426988604e+00
1.000995566400373793e+00
1.006706819423582200e+00
1.006664693087917062e+00
1.005501962040331376e+00
1.004692891407103605e+00
1.002664040907876641e+00
1.002276325464234841e+00
1.002709951476006944e+00
1.000320293337162658e+00
1.001823021890012599e+00
1.002633607397746651e+00
1.002245823320881968e+00
1.004059341926086812e+00
1.003278246847680855e+00
1.003463785268966513e+00
1.001196799180962271e+00
1.003386291060518909e+00
1.004045398300209113e+00
1.001704293294335857e+00
1.001323733750590694e+00
1.003439720750805453e+00
1.003055607952969330e+00
1.001716663543639418e+00
1.005042599255720814e+00
1.002898328024718566e+00
1.005516743322310891e+00
1.003272573510874732e+00
9.982253900771954624e-01
1.000647080347583096e+00
1.001975816097928407e+00
9.985724467140250082e-01
1.001644805811871208e+00
1.001607681418272167e+00
1.001394549166246595e+00
1.002483770097196247e+00
1.000531986415613472e+00
1.000907904997668574e+00
1.002082774048593361e+00
1.000734869158925955e+00
1.000320181153520727e+00
9.998429431085289476e-01
1.000303022737469627e+00
1.001549467030086626e+00
1.000554916481327883e+00
9.986507779088904524e-01
1.002595516598301151e+00
1.000301052479603436e+00
1.000223163704915263e+00
1.001841194577955951e+00
1.002435817108125127e+00
1.000796910586330357e+00
1.003644878874505597e+00
1.000017297580770181e+00
1.002267301885171102e+00
9.994500698463275601e-01
1.002053326448745674e+00
9.995436340952673637e-01
1.001336328471100989e+00
1.002480572690323868e+00
1.002420118451064379e+00
1.003508593192660614e+00
1.001033412847692539e+00
1.001047584295723603e+00
1.001725122241990285e+00
1.000870830281233692e+00
9.997248585894500383e-01
9.996667766174063274e-01
1.000546960347179493e+00
1.003249994451787419e+00
1.000841752671400631e+00
1.000370110523367551e+00
1.001668470125789190e+00
9.991707986381450635e-01
1.003124995529870667e+00
1.002303113485642383e+00
1.003389547756968758e+00
1.001268059199655225e+00
1.002912388286494982e+00
1.002984717899510825e+00
1.002589803811087643e+00
1.002514186657170736e+00
1.000980295272422715e+00
1.002154312383226165e+00
1.001182860435051891e+00
1.001135007591456905e+00
1.002666344372240559e+00
1.003636049726137847e+00
1.002740815092442173e+00
1.002699485914209543e+00
9.999437285415703203e-01
1.002514358618413759e+00
1.002650845696100079e+00
1.001534868334809536e+00
1.000803656847529144e+00
1.003079074225958989e+00
1.000132040722201854e+00
1.001972624363524078e+00
1.000711083731970374e+00
1.002802126756908052e+00
1.001911982236636023e+00
9.994995543946736394e-01
1.002009275574188285e+00
1.001767836968621816e+00
1.002071822594162276e+00
1.000338617472049885e+00
9.998543111871168731e-01
9.991941193814833921e-01
1.001795918799342378e+00
1.000642640317603416e+00
9.996585317295711981e-01
1.001400958955882770e+00
1.000077945312149330e+00
1.001084996067569843e+00
1.000715377680932106e+00
1.000018317967160231e+00
1.000242826564831988e+00
1.001370858242933259e+00
1.000729901690213808e+00
9.986554628024860714e-01
1.001084991732130502e+00
1.000566524452773276e+00
1.000155401115308651e+00
9.984006724582877856e-01
1.000182625969730621e+00
9.985182301039404740e-01
1.000010443844797425e+00
1.000824323973346308e+00
9.990740363767089960e-01
9.990949629862758696e-01
9.999250213144715849e-01
1.000629395244077680e+00
9.987584180418970226e-01
9.975676095919734365e-01
9.983780961624506567e-01
9.986525840886945060e-01
9.988695708280863617e-01
9.971353783900089862e-01
9.986712482743573815e-01
9.990620240746802549e-01
9.984171531608500016e-01
9.936339366547930485e-01
9.858329921298195631e-01
9.763376280458462286e-01
9.673954370388085922e-01
9.581100141173412021e-01
9.513854976829325683e-01
9.413843469952798415e-01
9.327470290182311441e-01
9.250037400261403864e-01
9.176623457115624660e-01
9.086927337379105962e-01
9.016768475710039699e-01
8.928143478178941495e-01
8.862356477922064268e-01
8.773743961853934792e-01
8.700696685266720021e-01
8.612651384350937800e-01
8.537762758549968245e-01
8.458222350478822316e-01
8.382685282535143889e-01
8.281419537508751816e-01
8.210126978804777043e-01
8.143241442732905844e-01
8.081463998917099989e-01
7.996144067870979422e-01
7.911230585330961684e-01
7.839267197784514085e-01
7.767760875545831611e-01
7.696268651324821297e-01
7.622242595167969537e-01
7.546639042307010659e-01
7.466061377035697610e-01
7.400860943484396381e-01
7.326193415150163979e-01
7.242950340515503793e-01
7.192982959203005899e-01
7.120397620289169449e-01
7.059961704129433802e-01
6.980993976177564120e-01
6.900256080075475307e-01
6.835813473989289513e-01
6.756628666467408006e-01
6.695123224784518268e-01
6.629521061159870943e-01
6.562218471418066468e-01
6.498318781468673810e-01
6.411597622332532165e-01
6.355147279024917495e-01
6.279608646070128364e-01
6.217375948970973454e-01
6.146299599030630167e-01
6.079571675086876681e-01
6.021653911177916596e-01
5.957794692049621643e-01
5.900431119903870592e-01
5.835827632579800861e-01
5.774398602013924853e-01
5.702918644203723852e-01
5.637372193311886992e-01
5.582373373214997159e-01
5.509244764258435234e-01
5.458400081195915465e-01
5.390151053322712604e-01
5.319520273363708140e-01
5.265800174023053115e-01
5.202577568714974454e-01
5.137752110007436368e-01
5.078910426080094354e-01
5.020667677878581925e-01
4.956026502801734734e-01
4.896431540276772743e-01
4.844650598953944565e-01
4.778785440648870009e-01
4.732564546406765604e-01
4.668663622831280557e-01
4.612973956095469674e-01
4.546232569389123679e-01
4.491467907360993661e-01
4.428790108103382028e-01
4.376137217355551834e-01
4.315523953710762028e-01
4.276793297157471807e-01
4.209426277960075513e-01
4.147190562691104310e-01
4.087920458589708872e-01
4.036315183841386323e-01
3.982355273341731117e-01
3.918871639033629228e-01
3.867608764932133902e-01
3.820804481948241738e-01
3.771796075108810875e-01
3.711323950694357943e-01
3.658827936533612379e-01
3.602641788267859080e-01
3.544059322861311534e-01
3.496797937171082782e-01
3.437465146428599350e-01
3.390803303926757106e-01
3.337931382636968314e-01
3.283058979292014512e-01
3.234251551642532974e-01
3.189679906858608471e-01
3.126320926063405614e-01
3.075558847559891062e-01
3.039891482356269492e-01
2.978682577597408510e-01
2.934189948560437244e-01
2.883202759772943158e-01
2.827678950893487975e-01
2.777803267335805515e-01
2.731597475916176521e-01
2.676336092162727720e-01
2.630404930531087815e-01
2.583408588129803007e-01
2.534300526974117007e-01
2.476602409152647843e-01
2.431477144971365689e-01
2.388699391959742679e-01
2.333641043322113307e-01
2.288550233503250098e-01
2.240583048744261008e-01
2.192197463911975952e-01
2.142461428194180340e-01
2.101183839092904126e-01
2.053270544898405381e-01
2.009512982052810703e-01
1.962995128153528224e-01
1.912985587767844498e-01
1.874323084546763440e-01
1.827733176648926317e-01
1.779612806361850208e-01
1.736592552271903345e-01
1.690593844168901128e-01
1.646972162800370842e-01
1.605349473013145400e-01
1.559384281518150783e-01
1.512690234303272763e-01
1.473547019424539806e-01
1.423681231361831612e-01
1.382157346060644831e-01
1.338340888318119704e-01
1.292310197175796926e-01
1.249644292091610237e-01
1.209008709433803536e-01
1.171302521073826347e-01
1.131355073275115974e-01
1.094594395446935736e-01
1.063892140174271944e-01
1.032351209944066400e-01
1.002163133451415833e-01
9.669862893016728522e-02
9.410923739001732236e-02
9.186852434113408628e-02
8.858986254494470580e-02
8.600537770809024707e-02
8.330008477984908455e-02
8.053101855993541336e-02
7.887780734779560599e-02
7.611297521844508085e-02
7.392312562236938445e-02
7.200419577105085511e-02
6.966954713566474167e-02
6.732553712129871193e-02
6.548759302899437307e-02
6.350491131269751788e-02
6.203260336710472722e-02
5.959684022769760892e-02
5.758930192220186595e-02
5.632454947083999353e-02
5.431550707417269475e-02
5.276721886796232469e-02
5.099480035254042032e-02
4.947828160057317348e-02
4.771043864459233869e-02
4.626089537726988526e-02
4.473809246204484003e-02
4.307907329292144649e-02
4.153472380258568103e-02
4.062364216806131634e-02
3.906276253456245073e-02
3.767057291235522548e-02
3.656280670619725670e-02
3.511276545509998959e-02
3.403873106806882404e-02
3.263762568533907366e-02
3.150332639943875801e-02
3.061113019056384277e-02
2.939834173957212374e-02
2.839598351365189496e-02
2.724599425189235674e-02
2.633029675619895371e-02
2.546791877095529871e-02
2.435413488423640582e-02
2.341525927665713547e-02
2.260281898600845218e-02
2.149540713344054443e-02
2.069928709921646515e-02
1.993404756191091698e-02
1.902158337150515466e-02
1.830921756474281070e-02
1.753396349017481357e-02
1.667525139537812118e-02
1.602542342722865568e-02
1.539463278752022275e-02
1.466941749067308259e-02
1.391335815765776598e-02
1.334578617734894293e-02
1.257893657520695041e-02
1.198100627936613330e-02
1.142655044007222231e-02
1.096178384692687510e-02
1.020620195251785954e-02
9.811997355786701569e-03
9.242638762585526913e-03
8.745944209890331097e-03
8.278339241154857378e-03
7.783092911876538823e-03
7.201933488299599312e-03
6.962361114246968033e-03
6.477830392282665078e-03
6.067541047736955094e-03
5.697717664675782008e-03
5.289673778083911482e-03
4.894612203826734578e-03
4.628006453243468411e-03
4.311490168488266161e-03
3.978991401804075553e-03
3.658797446461790372e-03
3.407464513567916731e-03
3.112923116780456478e-03
2.831592963660286514e-03
2.556012221342063469e-03
2.335037730535904216e-03
2.106074032775862200e-03
1.923145054072004489e-03
1.702794591163043309e-03
1.509316643340688794e-03
1.314029699775282620e-03
1.166425293250122333e-03
1.004315585508462659e-03
9.140663374894168920e-04
7.474327614952984812e-04
6.248926882830069165e-04
5.096012467569657062e-04
4.209974542378571750e-04
3.269119915418791894e-04
2.558648053830189176e-04
1.964592857215983828e-04
1.476771324941225552e-04
8.243413564919523594e-05
4.780127212001469150e-05
2.739395949608376503e-05
1.127718002753534840e-05
5.915606320468110649e-07
0.000000000000000000e+00
0.000000000000000000e+00
0.000000000000000000e+00
0.000000000000000000e+00
0.000000000000000000e+00
0.000000000000000000e+00
0.000000000000000000e+00
0.000000000000000000e+00
0.000000000000000000e+00
0.000000000000000000e+00
0.000000000000000000e+00
0.000000000000000000e+00
0.000000000000000000e+00
0.000000000000000000e+00
0.000000000000000000e+00
0.000000000000000000e+00
0.000000000000000000e+00
0.000000000000000000e+00
0.000000000000000000e+00
0.000000000000000000e+00
0.000000000000000000e+00
0.000000000000000000e+00
0.000000000000000000e+00
0.000000000000000000e+00
0.000000000000000000e+00
0.000000000000000000e+00
0.000000000000000000e+00
0.000000000000000000e+00
0.000000000000000000e+00
0.000000000000000000e+00
0.000000000000000000e+00
0.000000000000000000e+00
0.000000000000000000e+00
0.000000000000000000e+00
0.000000000000000000e+00
0.000000000000000000e+00
0.000000000000000000e+00
0.000000000000000000e+00
0.000000000000000000e+00
0.000000000000000000e+00
0.000000000000000000e+00
0.000000000000000000e+00
0.000000000000000000e+00
0.000000000000000000e+00
0.000000000000000000e+00
0.000000000000000000e+00
0.000000000000000000e+00
0.000000000000000000e+00
0.000000000000000000e+00
