0.000000000000000000e+00
0.000000000000000000e+00
0.000000000000000000e+00
0.000000000000000000e+00
0.000000000000000000e+00
0.000000000000000000e+00
0.000000000000000000e+00
0.000000000000000000e+00
0.000000000000000000e+00
0.000000000000000000e+00
0.000000000000000000e+00
0.000000000000000000e+00
0.000000000000000000e+00
0.000000000000000000e+00
0.000000000000000000e+00
0.000000000000000000e+00
0.000000000000000000e+00
0.000000000000000000e+00
0.000000000000000000e+00
0.000000000000000000e+00
0.000000000000000000e+00
0.000000000000000000e+00
0.000000000000000000e+00
0.000000000000000000e+00
0.000000000000000000e+00
0.000000000000000000e+00
0.000000000000000000e+00
0.000000000000000000e+00
0.000000000000000000e+00
0.000000000000000000e+00
3.439079656042940726e-04
4.728840421909042205e-03
5.906285602407991553e-02
2.343315540556289434e-01
5.579173052341888095e-01
9.166062006383858263e-01
1.206152663247426204e+00
1.365186700663072461e+00
1.450886535038151015e+00
1.471587890906079998e+00
1.459828466763639865e+00
1.427788863279314091e+00
1.411460019538036903e+00
1.369181270908725656e+00
1.332034952753585300e+00
1.282165787340711738e+00
1.248624941871029792e+00
1.219341924668587707e+00
1.204807410410944080e+00
1.197882953201269363e+00
1.192396685483080088e+00
1.175210595576656303e+00
1.135395422318479675e+00
1.085933956841200310e+00
1.024260619257439719e+00
9.979321821477362686e-01
9.819298633458838355e-01
9.582988353878210130e-01
9.702866888088466091e-01
9.609918513003357088e-01
9.737161553095019517e-01
9.826583399505084415e-01
9.948206557975270981e-01
9.923524949078121882e-01
1.005989931392738956e+00
9.966868867377178809e-01
1.010852802315981069e+00
1.014572486078200386e+00
1.014850093320134539e+00
1.023633812570045265e+00
1.028810731184595317e+00
1.027708789440046067e+00
1.024713457936629712e+00
1.024026458344874824e+00
1.021142997136511577e+00
1.028716346139116000e+00
1.016613166749074093e+00
1.023520880366416197e+00
1.016682349208146929e+00
1.015936506098821468e+00
1.020130725858588994e+00
1.009380067252330537e+00
1.015049663076260211e+00
1.009330095970700114e+00
1.009136700425175226e+00
1.005204004820773322e+00
9.985454727358232807e-01
9.998111620959515555e-01
9.869986149031025890e-01
9.957150827542547988e-01
9.962419705503406941e-01
9.914509691702506622e-01
9.898115833544707254e-01
9.943099393871608349e-01
9.978478732210084301e-01
9.898061777502682457e-01
9.960829044616767991e-01
9.953995188467661404e-01
9.979349953149369012e-01
1.003065729507734760e+00
1.000710562260715752e+00
1.003077054276351188e+00
1.000034900179453956e+00
1.006778699771396113e+00
1.004634724437297955e+00
1.000551020442012273e+00
1.006983363746217996e+00
1.005685976547161076e+00
9.973347199641570127e-01
9.982452867081569314e-01
1.001396573794346878e+00
1.004086004294546974e+00
1.005081045673125173e+00
9.996762222462789449e-01
1.000252585754366041e+00
1.000994972622047730e+00
1.001179547735619568e+00
1.003476195970171903e+00
1.002682192845295139e+00
9.958816348680600283e-01
9.984737021537534174e-01
1.004190782103766111e+00
9.963983200176406152e-01
1.002011013709807719e+00
9.905202968400669272e-01
1.000799742911725687e+00
1.000614693027083613e+00
1.001637519548660427e+00
9.960486458523033493e-01
9.941180747003803830e-01
9.982227312585042478e-01
9.966668361610968585e-01
1.001793023300515451e+00
9.988870550019317562e-01
9.995644158075149832e-01
9.983472003306929077e-01
9.993134478751265481e-01
1.001545034525461064e+00
9.994216935807425095e-01
9.982644732332173199e-01
9.959258830499708726e-01
9.989918458105025989e-01
1.000461159763956998e+00
1.001238471167489097e+00
9.970309100435016392e-01
1.001372851478474546e+00
1.002805485168903887e+00
1.001661245061762573e+00
9.971923338361917688e-01
9.970618281904554125e-01
9.981556987921906821e-01
9.984043907714417188e-01
9.989734666690242015e-01
9.951023147610769115e-01
9.978553502545377540e-01
9.971078469588745552e-01
1.000639252586216443e+00
9.961804524015938078e-01
9.995738446710101810e-01
1.000582248949123398e+00
1.000254252373280694e+00
9.951144330419481321e-01
9.962729948355092402e-01
9.992238800630482976e-01
1.000445241192758239e+00
1.000843876403890054e+00
1.000306738525276185e+00
9.932907001693964677e-01
9.993820262583076319e-01
9.987610073279893363e-01
1.000103531536252532e+00
1.000400529194390709e+00
9.966737619302908913e-01
1.000994420661622586e+00
9.995189781925801764e-01
1.002745463254740788e+00
9.964681975576471507e-01
1.001699563576427421e+00
9.966931369641611749e-01
9.966346023880056082e-01
9.952591776937477208e-01
9.967801431620783026e-01
9.957104742368564354e-01
9.985069420441599064e-01
9.966854009115829749e-01
9.966426202790815703e-01
9.967826086710606104e-01
9.985829628413901426e-01
9.952646270455877131e-01
9.977399377158413518e-01
9.977663438646077187e-01
9.988109038870368606e-01
9.994115744979193972e-01
9.943864868098672982e-01
9.964905457869875915e-01
1.000450114177318994e+00
9.967013331126213238e-01
9.971657255766658290e-01
9.950448560634675976e-01
9.967883428841692872e-01
1.001365880093274985e+00
9.992947396333410337e-01
1.000058255236933480e+00
9.990305049458031439e-01
9.985691753784752267e-01
9.997211203332077023e-01
9.990807625349237275e-01
9.972222849014391599e-01
9.996883526597113434e-01
9.957661025297447344e-01
1.001743702469871433e+00
9.980773675548865187e-01
9.981553316169204937e-01
9.999545311566347960e-01
1.001866941099857300e+00
9.975784344823758198e-01
9.988871178991933775e-01
9.977241173823281351e-01
1.000063310788711801e+00
9.978958802274956463e-01
9.984552803308633928e-01
9.989921813901804226e-01
9.995932914950590442e-01
1.001422552127569920e+00
1.000456268868519460e+00
9.992160217822463331e-01
1.001361698646987097e+00
9.985721987174114300e-01
9.981461582534513211e-01
1.002703145293492248e+00
1.001782093688364572e+00
1.000001705167191668e+00
9.959143734186851615e-01
1.002865096356637009e+00
9.977415763022395856e-01
1.000977970872187317e+00
9.991683903397865496e-01
9.980306157923782839e-01
9.985098054522317801e-01
9.979682217741111527e-01
9.981441775689029461e-01
9.980160232520843833e-01
9.970471772945304068e-01
9.994529157726781410e-01
9.966391044697799906e-01
1.000464740200163627e+00
9.986176117007606878e-01
1.000987889744926918e+00
9.974192153896688229e-01
9.973482143204586148e-01
9.965395262567171564e-01
9.986122287865235592e-01
9.984462996153140590e-01
9.999762272410653852e-01
9.976658331693091242e-01
9.976954860355329302e-01
9.999475461860786174e-01
9.977355171255267718e-01
9.986303819590178765e-01
9.999442996029901387e-01
9.991262712960625736e-01
9.995937594752980493e-01
9.959731322048575031e-01
9.999496281525644958e-01
9.974792287621365716e-01
9.964942644394809701e-01
9.984316649682031253e-01
9.957858623165377621e-01
9.999034498921044456e-01
9.963527847494820788e-01
9.962276693698997043e-01
9.988668608015957018e-01
9.956654424861373087e-01
9.977664695188267485e-01
9.985975242876260483e-01
9.968062130084280881e-01
1.001640813285621601e+00
9.985827113766316820e-01
9.988701709712742849e-01
9.965340835823638388e-01
9.993756631514567612e-01
9.968369544673317817e-01
9.983061245514082138e-01
9.994869657397112972e-01
9.985499759459769420e-01
9.987935365217678330e-01
9.974645028605029218e-01
1.000096076339620943e+00
9.991422670346833401e-01
9.983673523043458120e-01
1.000417829907520595e+00
9.988421650831788012e-01
9.972272284777397022e-01
9.989996530906171124e-01
9.989567835438398768e-01
9.988085594798148392e-01
9.997617569715336883e-01
9.971164196303360372e-01
9.980030187708913703e-01
9.984465638635313667e-01
9.993073684314842664e-01
9.976123517331640933e-01
9.983770532296419864e-01
9.977634851969040541e-01
9.990711150526158102e-01
9.991187114279623804e-01
1.000145723743610660e+00
9.972165721795140936e-01
9.982678667480520129e-01
9.972027814035723248e-01
9.995488624149406753e-01
9.963509353707076244e-01
9.971650010680948029e-01
9.971280585691878473e-01
9.979372537899006135e-01
9.977979629462776501e-01
9.974222495820048717e-01
9.972800878503221833e-01
9.977865890686660189e-01
9.973509634039118277e-01
9.958433591539732621e-01
9.978742728253848782e-01
9.970040793618769603e-01
9.977295993860666456e-01
9.969262628079540445e-01
9.976510284703059561e-01
9.968835746338674531e-01
9.980130341110768910e-01
9.968154548682628402e-01
9.979794085874053033e-01
9.976992077004149806e-01
9.965026323606918091e-01
9.962940558335896535e-01
9.971488063076247021e-01
9.962636623991241169e-01
9.972312592699112965e-01
9.974869217123716325e-01
9.973671939244970197e-01
9.986127291808200024e-01
9.985484739329751891e-01
9.983739196592132936e-01
9.971445100325869726e-01
9.988926271089288988e-01
9.972808908539642081e-01
9.966127720182739180e-01
9.977055635786425958e-01
9.979821352303976933e-01
9.920019804539248476e-01
9.843589641173906557e-01
9.769450854214732916e-01
9.687931798983894227e-01
9.607802451400850874e-01
9.521721795472115613e-01
9.425143220225754570e-01
9.357090812324831974e-01
9.266286877604348327e-01
9.179567051557216972e-01
9.104744481064837025e-01
9.025393205765690485e-01
8.947764705836337429e-01
8.851162277207975659e-01
8.779010301153526985e-01
8.705757494812410568e-01
8.630093494174239099e-01
8.543143021233435830e-01
8.475814383446604872e-01
8.394784789369040823e-01
8.323015160021285386e-01
8.231668280610946464e-01
8.150287323922313920e-01
8.074651756018047521e-01
7.995793495869034651e-01
7.928955412142891790e-01
7.847809768790504625e-01
7.775150117610968303e-01
7.699377792564957579e-01
7.628693534845509827e-01
7.557855911610886768e-01
7.478897398377664096e-01
7.412698491189446681e-01
7.349787339782410944e-01
7.271912919592287139e-01
7.218485876916094224e-01
7.137076045056400808e-01
7.069464215536446217e-01
6.978286641136662860e-01
6.910338766519434905e-01
6.852686351013363986e-01
6.779544700260549117e-01
6.714964400772466258e-01
6.647032291871834975e-01
6.573512962788584657e-01
6.520122460708510648e-01
6.454660486830128274e-01
6.381663963766811554e-01
6.303574550213359995e-01
6.244798704480464258e-01
6.172858869646926649e-01
6.120957036457905787e-01
6.044738956527744289e-01
5.983859161370754798e-01
5.925329507984306021e-01
5.852139559259008639e-01
5.795086778715065057e-01
5.726069822593667924e-01
5.661106419667691902e-01
5.601017081305987855e-01
5.542880887475245544e-01
5.475595579927196033e-01
5.411355533015941299e-01
5.349397183679830414e-01
5.286937245798094542e-01
5.226849551398271565e-01
5.160020158768334753e-01
5.094096844406483804e-01
5.042190009744301760e-01
4.983781330658356157e-01
4.925928797560838457e-01
4.859035776610036717e-01
4.797517559804180820e-01
4.745690769090231687e-01
4.684720522905669871e-01
4.635726886991446416e-01
4.571795611659045799e-01
4.515706053580835766e-01
4.443911149721993525e-01
4.396929962505018996e-01
4.335178273898593337e-01
4.281493787901410331e-01
4.223122025473676211e-01
4.174499143798748868e-01
4.105895404222959510e-01
4.057357017747436068e-01
3.999909288000160767e-01
3.945720541216672927e-01
3.888472262178129246e-01
3.840964772297190688e-01
3.787236665005803693e-01
3.732083433503867731e-01
3.684194626591250632e-01
3.625335444396499129e-01
3.570412628499729513e-01
3.517582706661298575e-01
3.462481345957304502e-01
3.408724908223208505e-01
3.355227623114494517e-01
3.309402092625087777e-01
3.262700678936196197e-01
3.202544355186431324e-01
3.145614097441996049e-01
3.097701776074597291e-01
3.048367190904812674e-01
2.995052319621309134e-01
2.947233565137513112e-01
2.888287822572087604e-01
2.853419256770402535e-01
2.793807557910771844e-01
2.744874897956630089e-01
2.701983468038260949e-01
2.644083577410312191e-01
2.592293307768419597e-01
2.547756760626594397e-01
2.501850663377678252e-01
2.452950779062870734e-01
2.404260514395528125e-01
2.349759217591129989e-01
2.307826920348738930e-01
2.257950606783712677e-01
2.216510451372523671e-01
2.162871426252968576e-01
2.113334181202745632e-01
2.069512682449436702e-01
2.024275342564239855e-01
1.983411315038637601e-01
1.930894003431174732e-01
1.884861708687396442e-01
1.841241676380738768e-01
1.799873868798780308e-01
1.754023758697707269e-01
1.702727973454661592e-01
1.660938896963556066e-01
1.616924275665794497e-01
1.567922975273509378e-01
1.523902300438663426e-01
1.482153141218417181e-01
1.441078535887746759e-01
1.393254312839529718e-01
1.351545064033708721e-01
1.304212336667485705e-01
1.261300642873377509e-01
1.217375678805827782e-01
1.180309235351608282e-01
1.139875271750176861e-01
1.101939808357923350e-01
1.069914704241828191e-01
1.040388990573334616e-01
1.007159582227699079e-01
9.753908714401372804e-02
9.482591199010488581e-02
9.228839834128076125e-02
8.926672885949006597e-02
8.670475042470915383e-02
8.392844863612664019e-02
8.166822641347336320e-02
7.915665415605734057e-02
7.656162494922892636e-02
7.457926839314091283e-02
7.258625325854678456e-02
7.060502380391490973e-02
6.797650262045602798e-02
6.588610081217836922e-02
6.418530905237139483e-02
6.216269795159253680e-02
6.011610727035023721e-02
5.806117212393875626e-02
5.662611786731627794e-02
5.486112047994695651e-02
5.305636434182771366e-02
5.134881318967136205e-02
4.975082146715888165e-02
4.811472487356657779e-02
4.649864251216137556e-02
4.505981232338018144e-02
4.358842966899052762e-02
4.193292913048370096e-02
4.081609493408899780e-02
3.922228316942363152e-02
3.785833784095179316e-02
3.662966510496533379e-02
3.538222693170547939e-02
3.399575358287786064e-02
3.283540220313003327e-02
3.170420541359930677e-02
3.084466955040085501e-02
2.955643763321876005e-02
2.831888651077569055e-02
2.731192347202579182e-02
2.632037238971103588e-02
2.539924952637412359e-02
2.442430999522678808e-02
2.353160801399123772e-02
2.244164662750447112e-02
2.155306352000616391e-02
2.101963083296620391e-02
1.996118056243553068e-02
1.902144771627183734e-02
1.836876966226892727e-02
1.742364585323503967e-02
1.671074284968745299e-02
1.594003909665507937e-02
1.528391541222883475e-02
1.449042995266709363e-02
1.400724098770521862e-02
1.327923932385539560e-02
1.261674733548867090e-02
1.193577926715720140e-02
1.139874666622652313e-02
1.096225206552535122e-02
1.032468689501154190e-02
9.689561579837399630e-03
9.135281002008893356e-03
8.780740737313578667e-03
8.229455909830230356e-03
7.773046445983191818e-03
7.363659807150304756e-03
6.864071588174799898e-03
6.548080649821497352e-03
6.022003774856917943e-03
5.614420551049155265e-03
5.315543819283687597e-03
4.954501275884916518e-03
4.643298227855888367e-03
4.239873364589562439e-03
3.931645522436168216e-03
3.655910546797500570e-03
3.346967609071997869e-03
3.090524656833938677e-03
2.792345824729667268e-03
2.533812538258179217e-03
2.333574773927659957e-03
2.053996519641906101e-03
1.871891793242063924e-03
1.685681005045461950e-03
1.484446136610775152e-03
1.323910716636813884e-03
1.140818532648266029e-03
1.017254581258273272e-03
8.549739342746920899e-04
7.680030988899329844e-04
6.211583780789431712e-04
4.985483219789897192e-04
4.325460557867841162e-04
3.165559410204359927e-04
2.582658856378585496e-04
1.873904016202460185e-04
1.407478538946825683e-04
1.016104237685041449e-04
4.958972838398250559e-05
2.888037884366253063e-05
1.038601943424159004e-05
8.872677433295024293e-07
0.000000000000000000e+00
0.000000000000000000e+00
0.000000000000000000e+00
0.000000000000000000e+00
0.000000000000000000e+00
0.000000000000000000e+00
0.000000000000000000e+00
0.000000000000000000e+00
0.000000000000000000e+00
0.000000000000000000e+00
0.000000000000000000e+00
0.000000000000000000e+00
0.000000000000000000e+00
0.000000000000000000e+00
0.000000000000000000e+00
0.000000000000000000e+00
0.000000000000000000e+00
0.000000000000000000e+00
0.000000000000000000e+00
0.000000000000000000e+00
0.000000000000000000e+00
0.000000000000000000e+00
0.000000000000000000e+00
0.000000000000000000e+00
0.000000000000000000e+00
0.000000000000000000e+00
0.000000000000000000e+00
0.000000000000000000e+00
0.000000000000000000e+00
0.000000000000000000e+00
0.000000000000000000e+00
0.000000000000000000e+00
0.000000000000000000e+00
0.000000000000000000e+00
0.000000000000000000e+00
0.000000000000000000e+00
0.000000000000000000e+00
0.000000000000000000e+00
0.000000000000000000e+00
0.000000000000000000e+00
0.000000000000000000e+00
0.000000000000000000e+00
0.000000000000000000e+00
0.000000000000000000e+00
0.000000000000000000e+00
0.000000000000000000e+00
0.000000000000000000e+00
0.000000000000000000e+00
0.000000000000000000e+00
