0.000000000000000000e+00
0.000000000000000000e+00
0.000000000000000000e+00
0.000000000000000000e+00
0.000000000000000000e+00
0.000000000000000000e+00
0.000000000000000000e+00
0.000000000000000000e+00
0.000000000000000000e+00
0.000000000000000000e+00
0.000000000000000000e+00
0.000000000000000000e+00
0.000000000000000000e+00
0.000000000000000000e+00
0.000000000000000000e+00
0.000000000000000000e+00
0.000000000000000000e+00
0.000000000000000000e+00
0.000000000000000000e+00
0.000000000000000000e+00
0.000000000000000000e+00
0.000000000000000000e+00
0.000000000000000000e+00
0.000000000000000000e+00
0.000000000000000000e+00
0.000000000000000000e+00
0.000000000000000000e+00
0.000000000000000000e+00
0.000000000000000000e+00
0.000000000000000000e+00
1.146409091262936018e-04
4.836521659965340066e-03
4.846391074102655849e-02
2.185667917892535062e-01
5.419923943769571206e-01
8.981975453639146068e-01
1.176985918362009498e+00
1.319362985999460891e+00
1.388783793304343650e+00
1.431732607311070549e+00
1.430112027694743659e+00
1.389766714253586777e+00
1.383297277774341305e+00
1.336832326312183516e+00
1.309472305842498185e+00
1.258626723030130901e+00
1.237580707110827349e+00
1.210649527853231877e+00
1.192934764832244365e+00
1.184484704204900929e+00
1.182411131538539051e+00
1.160101310439533684e+00
1.129833490926352768e+00
1.062096076184559479e+00
1.024986807636224517e+00
9.899075646629990066e-01
9.652004425459138615e-01
9.566303181499015151e-01
9.538736427180681821e-01
9.630816335362989422e-01
9.770796661140158657e-01
9.761021857311491523e-01
9.805020275590713430e-01
9.935324300574597256e-01
9.957787165644300664e-01
1.006325319771197657e+00
1.004095143821843950e+00
1.009302438708298277e+00
1.008983991638669808e+00
1.006433189936492223e+00
1.008576920529456578e+00
1.015006129455228834e+00
1.008727853018330789e+00
1.021326239387859491e+00
1.010176157973633693e+00
1.010723889457202374e+00
1.007599361969133689e+00
1.008808774517389040e+00
1.008747255710479518e+00
1.011457671687644000e+00
1.004786148927865774e+00
9.989383383656449400e-01
1.002604357929364198e+00
9.993081378842411100e-01
9.896724588162317815e-01
9.962016490118894563e-01
9.842771730322906754e-01
9.833467899094658904e-01
9.799464319173293303e-01
9.814047004816617292e-01
9.820126558600977829e-01
9.779775602813383095e-01
9.773517257448045559e-01
9.808474982990837976e-01
9.856969828516320975e-01
9.886441696041992078e-01
9.850735040169444900e-01
9.876111843492820785e-01
9.924595249323908686e-01
9.949214606963933116e-01
9.932034887959823033e-01
1.000811516472352114e+00
9.985754143366998292e-01
1.003695663863980903e+00
9.941592452671842439e-01
9.987350003623094441e-01
9.949998908973379796e-01
9.935836824327017869e-01
1.000358183079102403e+00
9.965891861200323332e-01
9.973866314580709380e-01
9.953701683803314326e-01
9.971522948613442683e-01
9.926404926257959005e-01
9.899232301352424157e-01
9.923395180756187095e-01
9.889008471341148576e-01
9.939170637188244894e-01
9.952439645749748820e-01
9.880674026082059136e-01
9.956519455076658920e-01
9.845464249897680764e-01
9.953181383117721825e-01
9.887889628130668296e-01
9.900329941145075141e-01
9.938341407314829068e-01
9.907202484624969552e-01
9.948769825219303531e-01
9.887151459184618796e-01
9.934548193432324315e-01
9.880011681838349880e-01
9.886977492569677395e-01
9.934525605026388595e-01
9.908750577813096871e-01
9.932694978471204861e-01
9.913902682028653546e-01
1.000403861359945301e+00
9.994161654867272926e-01
9.950610523197153112e-01
9.913524438098697544e-01
9.991455135261542164e-01
9.959238955505941293e-01
9.977204023291130763e-01
9.997172936695101209e-01
9.950152301522202647e-01
9.937229436435974783e-01
9.935806555738236900e-01
9.983511238112329211e-01
9.951409687857196706e-01
9.966894676543995857e-01
9.982644654396137796e-01
9.974853641041208085e-01
9.962417976396011898e-01
9.993048565864381949e-01
9.970403128694188544e-01
9.976005465383888104e-01
9.961011668330933544e-01
9.977108311071432034e-01
9.931552569420677434e-01
1.001358855217648003e+00
9.977674932300164556e-01
9.949036204019662266e-01
9.954796926996368756e-01
9.944831080111621313e-01
9.958886278549665683e-01
9.966775682270272441e-01
9.968717772173740777e-01
9.966671921587602068e-01
9.967916548999123938e-01
9.943565989624431056e-01
9.962428190596142041e-01
9.970892584044909190e-01
9.953150994305457466e-01
9.971541973562779715e-01
9.976249629493679771e-01
9.969364350040119671e-01
9.950456532442490953e-01
9.978868527927849952e-01
9.971409475262509314e-01
9.988885642969370648e-01
9.993840494591422763e-01
9.975999537444066867e-01
9.947220983876096101e-01
9.955534268331995840e-01
9.975929380514150235e-01
9.955323919392383702e-01
9.978924784985556684e-01
9.981555999729229134e-01
9.954334150870772779e-01
9.960482750695728305e-01
9.990493943668042887e-01
9.975537649997447964e-01
9.954048940405678669e-01
9.990836085540585332e-01
9.968716322312887179e-01
9.964272826460441879e-01
9.955287554370938485e-01
9.989420614165023249e-01
9.972232326557525228e-01
9.973697549425328823e-01
9.968721143099287252e-01
9.982711516810947039e-01
9.992428772205387277e-01
9.972242335251247924e-01
9.942688822595132647e-01
9.975945959070982028e-01
9.968576178190384773e-01
9.971313266238013284e-01
9.978544253371651740e-01
9.969703925733759409e-01
9.977285260726730387e-01
9.987019721572916175e-01
9.978533402231055671e-01
9.955143659452299065e-01
9.945849064470224654e-01
9.959034071909863561e-01
9.963929001067595159e-01
9.953207619453253718e-01
9.978231343692510746e-01
9.960172677761460758e-01
9.983774888579565188e-01
9.952590805542581576e-01
9.986430396073507909e-01
9.976564815430564170e-01
9.965780010589082583e-01
9.932435251222669903e-01
9.968185482659663865e-01
9.958887553842501461e-01
9.961177020555580519e-01
9.948084205625244980e-01
9.941588024376768473e-01
9.961062151785002872e-01
9.956947099285502478e-01
9.973956917488816520e-01
9.951893396305373507e-01
9.940382590926883921e-01
9.980957742629381624e-01
9.964322225656605525e-01
9.960514178244982419e-01
9.970162935893261968e-01
9.969681754196401124e-01
9.980003431977020334e-01
9.947340394455016499e-01
9.970944356981402690e-01
9.962697560841845545e-01
9.947971911396948919e-01
9.963856469524937642e-01
9.971603593616805705e-01
9.969680692762542540e-01
9.977610995630971091e-01
9.966774823245551085e-01
9.979469009580576033e-01
9.972763462424691916e-01
9.977088893654243451e-01
9.961542162323246963e-01
9.949428985805424119e-01
9.975718247340891187e-01
9.963564225862526769e-01
9.947564492332906516e-01
9.978760027786605091e-01
9.949916503641750287e-01
9.964642854168933583e-01
9.961319691044508984e-01
9.988266578876774382e-01
9.981897734964085833e-01
9.972587547175167932e-01
9.957669556317743087e-01
9.983520107678457434e-01
9.971946631481877210e-01
9.968860152490029991e-01
9.944425804226112442e-01
9.945487839245635842e-01
9.967509327511843154e-01
9.966943102482097583e-01
9.939014775561584303e-01
9.975614299986239608e-01
9.983091993720287771e-01
9.975189541030219376e-01
9.971859481111784440e-01
9.972321813446568539e-01
9.958277372027828367e-01
9.966159409637548316e-01
9.951843483585859351e-01
9.983886454888222239e-01
9.979616638665101958e-01
9.975331669410542057e-01
9.962989155834791610e-01
9.979260816482287133e-01
9.985636728138703733e-01
9.967329626223893069e-01
9.966743643256756879e-01
9.984419659236993816e-01
9.990015561609991712e-01
9.994003494898036077e-01
1.000095345304505612e+00
9.970999245858830351e-01
9.986666992601210824e-01
9.968422922110219409e-01
9.972438759505830586e-01
9.980839696642467285e-01
9.972620670374002794e-01
9.990736732999031533e-01
9.996588758271368613e-01
9.984964043186144167e-01
9.975151108885997875e-01
9.977297177657239446e-01
9.974003168679556053e-01
9.992456858994337443e-01
9.991063729207743105e-01
9.987141774840789799e-01
9.962818564945312705e-01
9.972961144079178775e-01
9.964509508927124060e-01
9.979294014173601957e-01
9.991306268422959214e-01
1.000426243778623103e+00
9.981486049271383054e-01
9.981978702249478808e-01
1.000047825709389437e+00
9.984939552147905628e-01
9.983998224571494218e-01
9.986651952967589008e-01
1.001170246128191943e+00
9.996139921950999430e-01
9.984853025491770007e-01
1.001702307362142719e+00
9.997897585595698633e-01
1.001060908705312613e+00
9.996117617753252915e-01
9.997148375753784899e-01
9.992613360564037706e-01
1.001348579224572433e+00
1.000966440177810002e+00
9.999859250313392067e-01
1.000928509489676044e+00
9.996248852360086756e-01
9.981061841762645104e-01
9.987283614021139622e-01
9.996738982231989645e-01
9.982785724908800340e-01
1.001572972472000389e+00
1.000910350029225349e+00
9.982590625762943759e-01
1.000008305654093821e+00
9.998593029069136051e-01
9.992726549265132929e-01
1.000911137099103065e+00
9.945944133326175551e-01
9.864139530117381760e-01
9.785901032340031946e-01
9.709834703580031423e-01
9.607334356982526469e-01
9.518199302159521258e-01
9.430993055713415840e-01
9.367931251825287742e-01
9.288060987148339942e-01
9.195670656149063094e-01
9.093936312885511075e-01
9.043755159443636060e-01
8.951037115373329245e-01
8.868940358207250130e-01
8.780766394039896117e-01
8.702462577609512140e-01
8.636396684349644248e-01
8.540017740838371507e-01
8.474014618555362199e-01
8.401576664207028866e-01
8.330535011268486167e-01
8.248554742535254558e-01
8.167893347975647700e-01
8.089022569463811818e-01
8.014853626829719913e-01
7.960018462669508077e-01
7.870868571879497955e-01
7.799483858174560691e-01
7.721893824002129536e-01
7.645220128140778337e-01
7.571868881475187774e-01
7.495068148844499234e-01
7.423747240665562463e-01
7.355369956961692601e-01
7.288998980092604718e-01
7.213430434283444326e-01
7.125612684781437167e-01
7.069378098335518112e-01
7.004070894505414202e-01
6.931347605312021543e-01
6.863549580280985385e-01
6.793339521732167929e-01
6.728117759906323547e-01
6.645890796843171300e-01
6.573628118216801042e-01
6.509318494850360182e-01
6.446382739665735828e-01
6.377654731087526452e-01
6.307990733709527564e-01
6.246518549065571690e-01
6.191362328376066593e-01
6.125202455626926890e-01
6.059319195540219249e-01
5.988517816548394324e-01
5.924240761370291874e-01
5.860619927855588163e-01
5.806674869859850263e-01
5.730285311129210690e-01
5.664903900979364471e-01
5.601244588400872138e-01
5.553889802920732865e-01
5.495464896642097141e-01
5.415594728469923513e-01
5.359981438226310013e-01
5.291762097737451320e-01
5.234125424509439295e-01
5.164202607628658459e-01
5.109989879095359067e-01
5.060359212108186400e-01
5.000232648660476453e-01
4.931689972236706354e-01
4.864213438221591246e-01
4.816184008154615337e-01
4.750315771198767023e-01
4.687136789014947347e-01
4.628666467082655500e-01
4.567977872070133061e-01
4.513615285367459928e-01
4.461945320516276237e-01
4.395400756386091401e-01
4.339251046275160451e-01
4.292737263862210217e-01
4.236786101018132911e-01
4.176974501337469281e-01
4.114131188774259873e-01
4.062542984921030942e-01
4.010353531376589231e-01
3.955708475401461532e-01
3.898570156013865806e-01
3.853517347590749154e-01
3.790670072185934880e-01
3.727467873780043184e-01
3.682409183325129343e-01
3.629019809580985023e-01
3.571873602739787379e-01
3.522635927365189712e-01
3.469641118786395695e-01
3.414976383655143888e-01
3.362239375503563998e-01
3.311341666795269978e-01
3.255416439457472499e-01
3.197353145506223182e-01
3.160671716610337634e-01
3.098433832322605164e-01
3.048906128953497441e-01
2.990940883889635082e-01
2.949429241864701678e-01
2.895619481230053416e-01
2.843579540840266429e-01
2.798410806851736599e-01
2.744075508856141377e-01
2.693489882261706492e-01
2.651233594131784943e-01
2.605455949094375168e-01
2.550910775363101068e-01
2.497236285012307544e-01
2.454242592401267298e-01
2.405708259456461606e-01
2.357976400745709911e-01
2.304206206957285230e-01
2.261687964159590503e-01
2.206046694518471740e-01
2.165688315563111255e-01
2.118209078899575826e-01
2.071434157001304233e-01
2.028250881468801892e-01
1.980604161440460143e-01
1.934681237361906003e-01
1.891673945193167450e-01
1.841626036404600819e-01
1.792527634334371012e-01
1.748010836001688273e-01
1.702374295844004126e-01
1.658857521856873241e-01
1.614454318343011008e-01
1.568026926153466283e-01
1.525486962120884138e-01
1.479713292361437837e-01
1.435258149574605013e-01
1.393710663690134188e-01
1.352630772356924194e-01
1.310132166806330656e-01
1.266268856927582342e-01
1.219347432132959347e-01
1.176938271123216390e-01
1.138415996655530449e-01
1.103300894709038499e-01
1.070924541630265264e-01
1.037762082165130662e-01
1.009508852756391128e-01
9.790610453427142645e-02
9.523771101316255705e-02
9.223978071000581147e-02
8.965715507512421467e-02
8.661263258777313068e-02
8.405031825199145434e-02
8.173609998733204207e-02
7.896477909877396006e-02
7.685833216606362261e-02
7.451761456084686486e-02
7.241544662728881254e-02
7.017784447061256592e-02
6.828838416801642774e-02
6.585659828965337304e-02
6.392105377260759447e-02
6.202689970268888964e-02
5.995810906768416632e-02
5.808300396671511878e-02
5.631389190519200255e-02
5.477232204572948793e-02
5.285274571615193595e-02
5.152636607399498775e-02
4.971620419626286008e-02
4.772784033705732704e-02
4.646612783343648939e-02
4.509612505094219570e-02
4.324432425432828825e-02
4.175290139209776596e-02
4.073828597846512745e-02
3.922742950324711181e-02
3.797111840557988727e-02
3.680268617550221111e-02
3.538070242544408966e-02
3.430531716341845422e-02
3.304484026049007983e-02
3.193350151332621789e-02
3.053609839471836326e-02
2.965514313665953625e-02
2.858231145198102813e-02
2.736015476088123413e-02
2.626944981588938063e-02
2.561844261205976220e-02
2.429087727739688216e-02
2.350195145174469730e-02
2.255209314727870881e-02
2.183665441119118922e-02
2.101439505716571135e-02
2.008039007969750211e-02
1.928426699536146122e-02
1.833563299929473825e-02
1.764534751913278063e-02
1.684475476848992445e-02
1.614205749717905619e-02
1.540810091624088447e-02
1.476807385882185873e-02
1.410078062170596995e-02
1.342915756300022169e-02
1.274840824096531988e-02
1.214712517941840368e-02
1.154284565128652941e-02
1.083541268279842630e-02
1.036239996817642922e-02
9.837502551666627015e-03
9.415073306351573815e-03
8.783485610728525642e-03
8.308685876947248874e-03
7.844251769356502119e-03
7.419535376509385841e-03
6.969422839268545576e-03
6.501834583545160716e-03
5.991463779323329651e-03
5.681322035513514807e-03
5.256579964545722745e-03
4.990760140317757748e-03
4.636640049210062273e-03
4.253071641885429986e-03
3.937651203064300963e-03
3.646049963169844827e-03
3.345179132604582904e-03
3.100284529556191892e-03
2.850988497236817739e-03
2.620924256094063660e-03
2.344790701906802888e-03
2.177203165702370612e-03
1.934423781720471776e-03
1.702727196389275735e-03
1.502365322168820131e-03
1.324279726544505369e-03
1.211180032794857394e-03
1.021328991374238293e-03
8.645897183647562696e-04
7.329293637461516912e-04
6.337683342481575206e-04
5.028519154041598228e-04
4.365275116504159134e-04
3.402666719738853740e-04
2.552491053263038667e-04
2.042974997246041306e-04
1.356410401307534409e-04
8.752659968923243757e-05
6.393167101376712852e-05
2.620188069563207523e-05
9.496196790661242439e-06
2.366148874859536146e-06
2.947859902980797022e-07
0.000000000000000000e+00
0.000000000000000000e+00
0.000000000000000000e+00
0.000000000000000000e+00
0.000000000000000000e+00
0.000000000000000000e+00
0.000000000000000000e+00
0.000000000000000000e+00
0.000000000000000000e+00
0.000000000000000000e+00
0.000000000000000000e+00
0.000000000000000000e+00
0.000000000000000000e+00
0.000000000000000000e+00
0.000000000000000000e+00
0.000000000000000000e+00
0.000000000000000000e+00
0.000000000000000000e+00
0.000000000000000000e+00
0.000000000000000000e+00
0.000000000000000000e+00
0.000000000000000000e+00
0.000000000000000000e+00
0.000000000000000000e+00
0.000000000000000000e+00
0.000000000000000000e+00
0.000000000000000000e+00
0.000000000000000000e+00
0.000000000000000000e+00
0.000000000000000000e+00
0.000000000000000000e+00
0.000000000000000000e+00
0.000000000000000000e+00
0.000000000000000000e+00
0.000000000000000000e+00
0.000000000000000000e+00
0.000000000000000000e+00
0.000000000000000000e+00
0.000000000000000000e+00
0.000000000000000000e+00
0.000000000000000000e+00
0.000000000000000000e+00
0.000000000000000000e+00
0.000000000000000000e+00
0.000000000000000000e+00
0.000000000000000000e+00
0.000000000000000000e+00
0.000000000000000000e+00
