0.000000000000000000e+00
0.000000000000000000e+00
0.000000000000000000e+00
0.000000000000000000e+00
0.000000000000000000e+00
0.000000000000000000e+00
0.000000000000000000e+00
0.000000000000000000e+00
0.000000000000000000e+00
0.000000000000000000e+00
0.000000000000000000e+00
0.000000000000000000e+00
0.000000000000000000e+00
0.000000000000000000e+00
0.000000000000000000e+00
0.000000000000000000e+00
0.000000000000000000e+00
0.000000000000000000e+00
0.000000000000000000e+00
0.000000000000000000e+00
0.000000000000000000e+00
0.000000000000000000e+00
0.000000000000000000e+00
0.000000000000000000e+00
0.000000000000000000e+00
0.000000000000000000e+00
0.000000000000000000e+00
0.000000000000000000e+00
0.000000000000000000e+00
0.000000000000000000e+00
0.000000000000000000e+00
3.869387113765866693e-03
4.957671741787963993e-02
2.270343384369528372e-01
5.343998154137455936e-01
8.840195286521519424e-01
1.158705143753613553e+00
1.308196285550548232e+00
1.398342584987962267e+00
1.434051198207347833e+00
1.405206057224845040e+00
1.393729099952960127e+00
1.368832365423719555e+00
1.321785512100764448e+00
1.293264323671640570e+00
1.241526538411577008e+00
1.218792537209718141e+00
1.183616418780454316e+00
1.187772809525181827e+00
1.179095638446405081e+00
1.175646101521406806e+00
1.153275751564849072e+00
1.113011634767132385e+00
1.059310699191269300e+00
1.015839319168551969e+00
9.821948286178133758e-01
9.700873866876317253e-01
9.687048955655438442e-01
9.562529169084490466e-01
9.631841483018444006e-01
9.622615837672632289e-01
9.720279286665702845e-01
9.781969000255017477e-01
9.929941071155889976e-01
9.977964702671312525e-01
1.004057471354768305e+00
1.013376494298807495e+00
1.012998522915210975e+00
1.014574501572482079e+00
1.021006698933693002e+00
1.008964523858023821e+00
1.013256445581585785e+00
1.011288264392068648e+00
1.021450028878642335e+00
1.021615972619987378e+00
1.024633092497593712e+00
1.019234694459176138e+00
1.016772996760732850e+00
1.012028155380425565e+00
1.013543994085988720e+00
1.022276638289937090e+00
1.014397325508413550e+00
1.006707024023786312e+00
1.008423378136576121e+00
1.002099098693737256e+00
1.004415853587305785e+00
1.005374659264297144e+00
9.959973250570105519e-01
9.941110639610588606e-01
9.916871303589410713e-01
9.986464630323076408e-01
9.918045622263162997e-01
9.857963574119754657e-01
9.979221338645060113e-01
1.001577243605777046e+00
9.986747679343072059e-01
1.002090837791363542e+00
1.007244252372080151e+00
1.001396511353390251e+00
1.013161167806989393e+00
1.002180783085334648e+00
1.011632793310935918e+00
1.006202680531107507e+00
1.007055271207647040e+00
1.011451399186845679e+00
1.009693551411640744e+00
1.010719379359552361e+00
1.011274046463784826e+00
1.009018269159875469e+00
1.005777399805299899e+00
1.012114163904731079e+00
1.001093248308290162e+00
1.004367698255900443e+00
1.005169497101735754e+00
1.006969835815802128e+00
1.002073273313691892e+00
9.975179256730043464e-01
1.003308367417600211e+00
1.003566762817090563e+00
1.000636170946342718e+00
1.003239452410941368e+00
9.957451410937767644e-01
1.001268225454462701e+00
1.000811290527856334e+00
1.005331778773353113e+00
9.969047695506323414e-01
1.002941064190643550e+00
1.000963384263939826e+00
1.001787040716696664e+00
1.003661657023873444e+00
1.003513837189472735e+00
1.001471865852834320e+00
1.003277290831791735e+00
1.001804465026677082e+00
1.001455332489188832e+00
9.987010869597143792e-01
1.004712438666522711e+00
1.000244181156789702e+00
1.002839051369253554e+00
1.005591316578021921e+00
1.002922897349843412e+00
1.003297547767830533e+00
1.004623943544109999e+00
1.000921380756889301e+00
1.000110808628233316e+00
1.002019010007048738e+00
1.002743447760119366e+00
1.000826538775915653e+00
1.001984936112674696e+00
1.001500572289700353e+00
9.985437171869666617e-01
1.002348048912296008e+00
9.999453270031053442e-01
1.002205036877195088e+00
9.990858462168724641e-01
1.000727596645565987e+00
9.985704942899769065e-01
1.003129193885941239e+00
9.979369078506289403e-01
9.991891489258817316e-01
9.981466515264170170e-01
1.000210229418757368e+00
9.981972877506734010e-01
9.984647637187291647e-01
9.986007400124431443e-01
9.958996620485625062e-01
9.994817377372876566e-01
1.000489716861688638e+00
1.001125444546731469e+00
9.992783466666064207e-01
9.974129171613634881e-01
9.978836629521553592e-01
9.950935285836119970e-01
1.000684473950641307e+00
9.994130936066868420e-01
9.965611690173175052e-01
9.979550263397783949e-01
9.997485566953963065e-01
9.996953230242416888e-01
1.000203551538618063e+00
1.000485315662803298e+00
1.000761679911950530e+00
1.001932634318124293e+00
9.966329030925185073e-01
9.978059123749015713e-01
9.963075872633996299e-01
1.003081801802353512e+00
1.001005708760426272e+00
1.002210005824418770e+00
1.002070887088687412e+00
1.000906624871399364e+00
1.001369773415883735e+00
9.999387087348586833e-01
1.000939171149120899e+00
1.002097438061543055e+00
1.001307174747571915e+00
1.000160624615324956e+00
1.001195291808262056e+00
9.985094679704319409e-01
1.000114809901015978e+00
9.983698038505162131e-01
9.969095566641209549e-01
9.987665180184799318e-01
1.001497022367276779e+00
1.001267476290721881e+00
9.997094025444044352e-01
9.990049084647637523e-01
9.963031092300327352e-01
9.963819554808039936e-01
9.988270130835611438e-01
9.976447318255338148e-01
1.002401052908397316e+00
9.952800390519863649e-01
9.976382377163407478e-01
9.957876259229540006e-01
9.998836312032562956e-01
9.961908668188380611e-01
1.001197201740373410e+00
9.976993659865750486e-01
9.993793769170632446e-01
9.972037894655672030e-01
9.963462485127337898e-01
9.965044029882755838e-01
9.965792723425880295e-01
9.994701841085280591e-01
9.983840522586400201e-01
9.985234324536728101e-01
9.959942798536043362e-01
9.972114079800805664e-01
9.972821084218008725e-01
9.971373866526529461e-01
9.988924076508572947e-01
1.001263102274354999e+00
9.970071289128530356e-01
9.977350864031915290e-01
1.001147558201570531e+00
9.988165313584502769e-01
9.987885222931529583e-01
9.963651372832917907e-01
9.990254874113092542e-01
9.981072735659420880e-01
9.989109801512540132e-01
1.000369425856936445e+00
9.973108804695688390e-01
1.001121841559597936e+00
9.989995817034070802e-01
9.986990323366986555e-01
9.985796563396837078e-01
9.991120986909801660e-01
9.993075232746101433e-01
1.002063484876830390e+00
9.948390998846334821e-01
9.990448834709493298e-01
9.971335859708554406e-01
9.990253557926895844e-01
9.991349289190795124e-01
9.987990355053203428e-01
1.000315423834208461e+00
9.989644740870935458e-01
9.962107853161465965e-01
9.971052960407490451e-01
9.977308507928874803e-01
9.983891531768981364e-01
9.991853996820028172e-01
9.969834335323533026e-01
9.996720305537004636e-01
1.000430083867032582e+00
9.993676641163125041e-01
1.000145593257110610e+00
9.981001684839974075e-01
1.000280496149894560e+00
9.996784970340673038e-01
9.982267237786275338e-01
9.990151722011409996e-01
9.979580540260561961e-01
9.977260556592293383e-01
9.996839353566685515e-01
9.999824386382915042e-01
9.969505527144758572e-01
9.976145394245052866e-01
9.988808638880537494e-01
9.967592764806263439e-01
9.981856310091010709e-01
9.990667908151248389e-01
9.980897914482915745e-01
1.000204473593879317e+00
9.958826417656752028e-01
9.984486066542322957e-01
9.974170142464023892e-01
9.987988980279657314e-01
1.000096440820052557e+00
9.978079601377602970e-01
9.975693580346998157e-01
9.976748579862368960e-01
1.001238650990839307e+00
9.996171499550013939e-01
9.990356707945315939e-01
9.990889567303506968e-01
9.987037329365265892e-01
9.988174206597227878e-01
9.989807097667333657e-01
9.985895128269515197e-01
9.979788332544250462e-01
9.974482986357513514e-01
1.000181634393401353e+00
9.981826256831526356e-01
9.975349132502843164e-01
9.989849756987606577e-01
9.991154734063122378e-01
9.991020621303746685e-01
9.978644405155029373e-01
9.995503888235723888e-01
1.000255074812681944e+00
9.984148803506274206e-01
1.000683067107042135e+00
9.986582121476770268e-01
9.975599407058868273e-01
9.984702128284692613e-01
9.994051288811027778e-01
9.982013276447978534e-01
9.972682291343325511e-01
1.000613893642772423e+00
9.992359809102697721e-01
9.982799331545970656e-01
9.991510392055998890e-01
9.966262475823953748e-01
9.997735986465436930e-01
9.970674497354750088e-01
9.997752205052127250e-01
9.976671875420876079e-01
9.971833394646865134e-01
9.973083327827299005e-01
9.979665855949598763e-01
9.981147414506436055e-01
9.985816920848001876e-01
9.991314770319009719e-01
9.980331807276553446e-01
9.993180928683325082e-01
9.981911714546144454e-01
9.985722291604163248e-01
9.971478210891197014e-01
9.966896451598064033e-01
9.984728941644680500e-01
9.983392056427818906e-01
9.980922817231708821e-01
1.001058854444035751e+00
9.993799905864299005e-01
9.928830246139322968e-01
9.854692676431952014e-01
9.768150890781287510e-01
9.670696804710280370e-01
9.600202331497821318e-01
9.496719741665000658e-01
9.421975406496349015e-01
9.342914673112735491e-01
9.258229756816584999e-01
9.179675735556682703e-01
9.094110040854138655e-01
9.010964852046545737e-01
8.950456071754041565e-01
8.852907254699772244e-01
8.800805066770391871e-01
8.703631774434660295e-01
8.618589150323956449e-01
8.543756176686612136e-01
8.465037167692164299e-01
8.381149109110729301e-01
8.297273577413971646e-01
8.222109076394672478e-01
8.168657994209151951e-01
8.076588118421281770e-01
7.994408693490545614e-01
7.918405626206227454e-01
7.863499469543052678e-01
7.773391485382747934e-01
7.694758602275282300e-01
7.610793268055434657e-01
7.547210381109514810e-01
7.483574366584468951e-01
7.412993889124439573e-01
7.352885911492459403e-01
7.276904555736054547e-01
7.203045085298585004e-01
7.111674906703054910e-01
7.054451353971317173e-01
6.989184346732598696e-01
6.914894188319979929e-01
6.846980677881199240e-01
6.785461481177404997e-01
6.721298199017334829e-01
6.637425347170405887e-01
6.573241574469388393e-01
6.513979702843083475e-01
6.432103899192613827e-01
6.380155075971002399e-01
6.306351470143719551e-01
6.236215793479613634e-01
6.170809351944661625e-01
6.109445765047020194e-01
6.042637309570663140e-01
5.973905565366016690e-01
5.909421803151596597e-01
5.849816604104589590e-01
5.795432606077962623e-01
5.726866743182855712e-01
5.645498166829568953e-01
5.600296258413768324e-01
5.524728756465702162e-01
5.472613016034671984e-01
5.409268365720756311e-01
5.343430755545035549e-01
5.281217070867664232e-01
5.229070934859179065e-01
5.160386988842308176e-01
5.092086907070394464e-01
5.039483052156858989e-01
4.980463389605065960e-01
4.918315967679362521e-01
4.865791010545251205e-01
4.812007296715560267e-01
4.748618092287893999e-01
4.691304752202384853e-01
4.623641384521451903e-01
4.572436296708765058e-01
4.502348421176806115e-01
4.457557823893196214e-01
4.400055776398060225e-01
4.344075343497610930e-01
4.284630496159231305e-01
4.231016657083002119e-01
4.177267138242699573e-01
4.112427068833711674e-01
4.070430316003452731e-01
4.005744901549768144e-01
3.949469763382641996e-01
3.893657421365083193e-01
3.846761787332029781e-01
3.784372446987661620e-01
3.727220961714848846e-01
3.677937996049296387e-01
3.622758862120089574e-01
3.571483153883489026e-01
3.521325217393824758e-01
3.470574229167377456e-01
3.417841560030533965e-01
3.366374459226994520e-01
3.316558776673311781e-01
3.258813550665813907e-01
3.207721771616282580e-01
3.151340189294001837e-01
3.105985193906339870e-01
3.052707667393984026e-01
2.992124361351218287e-01
2.946322527846832462e-01
2.907549901219806388e-01
2.846870977521161472e-01
2.795954041873568441e-01
2.745775629258891959e-01
2.701350428278762594e-01
2.644287843683863493e-01
2.599061911621784460e-01
2.543310581277420379e-01
2.503339333200049754e-01
2.453416913949357514e-01
2.403693106631991094e-01
2.351804088676391347e-01
2.310688553864687633e-01
2.257975806446685108e-01
2.210978548612637928e-01
2.161109194375497589e-01
2.113016547973197434e-01
2.066909660023821538e-01
2.025697969937723109e-01
1.976680700237231636e-01
1.924713726870695696e-01
1.882775161896280691e-01
1.844741465572291850e-01
1.792975846152009833e-01
1.746839099798564443e-01
1.702685584576889843e-01
1.662750775982708429e-01
1.611544042019327216e-01
1.567536796733922932e-01
1.521557140580484246e-01
1.478551425215166026e-01
1.433248680124808994e-01
1.388535364294382624e-01
1.347349468627929148e-01
1.300468292297132233e-01
1.256019547667002745e-01
1.216209021580065830e-01
1.177343132298451917e-01
1.140717361744074676e-01
1.107860175844496142e-01
1.067320718776882532e-01
1.039071782535188615e-01
9.994156505104924426e-02
9.760099002643757293e-02
9.480882029968856761e-02
9.183514769981075687e-02
8.889978822009726722e-02
8.635477140288853881e-02
8.371735284512069053e-02
8.146831913290358829e-02
7.885006963549415215e-02
7.629654213655659434e-02
7.414296254325530855e-02
7.209188450892942135e-02
7.015782442197945890e-02
6.780408408418583943e-02
6.558732628851197954e-02
6.370045703910061363e-02
6.181440021470709784e-02
6.025197855815895426e-02
5.790181800717848076e-02
5.627863468992073959e-02
5.445407581713657824e-02
5.254839788794739980e-02
5.107793709735957560e-02
4.954488937173302798e-02
4.791378846055260876e-02
4.644934204900465213e-02
4.471796934172057869e-02
4.339100124047320234e-02
4.168068109486731954e-02
4.076981372147587407e-02
3.912603268468832496e-02
3.789727219588403390e-02
3.661069677249180476e-02
3.534383238751585138e-02
3.407147048736398898e-02
3.293113328262532030e-02
3.182281090786942546e-02
3.074541820833147018e-02
2.952166957076211504e-02
2.857687067566953842e-02
2.741471589139373929e-02
2.620931838338026038e-02
2.536430535367499919e-02
2.416185358583089124e-02
2.323244744063891407e-02
2.238575883341771544e-02
2.166800573355548085e-02
2.079433897755328040e-02
1.997190708790675881e-02
1.901019532756318547e-02
1.833250924455138639e-02
1.746963569218092788e-02
1.674658214198826781e-02
1.604527341451517791e-02
1.530952679336415774e-02
1.458146088784260247e-02
1.392529785693656305e-02
1.320693316297204961e-02
1.272156320339016926e-02
1.213867146564174236e-02
1.138148279956742621e-02
1.084206518618361682e-02
1.036251274174418424e-02
9.790914944730869443e-03
9.307863431124495032e-03
8.806536912116172747e-03
8.211292971042520941e-03
7.889942411396603031e-03
7.416848560494512105e-03
6.895685512928489101e-03
6.421358537465590537e-03
6.097373431481267064e-03
5.637019054042661896e-03
5.245958283441113680e-03
4.971316714694703522e-03
4.609738924782311870e-03
4.268553079519328206e-03
3.918366737471776738e-03
3.681111194729909646e-03
3.352732786313479801e-03
3.113257425239585215e-03
2.878297523005903923e-03
2.515547534192748118e-03
2.331554093740440762e-03
2.112729880612778700e-03
1.895395822113981948e-03
1.731092881798571275e-03
1.509323134178343047e-03
1.344630614351081379e-03
1.199099069813482164e-03
1.010211253204020476e-03
8.763702776569000895e-04
7.329615255461036701e-04
6.153807603948845432e-04
5.377448046452999817e-04
4.133779891325358976e-04
3.414968947147317712e-04
2.673723014940323096e-04
1.828799372382686249e-04
1.392562248275761082e-04
8.902924937103527312e-05
5.317914393019634769e-05
3.156274124179049540e-05
1.394815107065221313e-05
8.873447640925625164e-07
0.000000000000000000e+00
0.000000000000000000e+00
0.000000000000000000e+00
0.000000000000000000e+00
0.000000000000000000e+00
0.000000000000000000e+00
0.000000000000000000e+00
0.000000000000000000e+00
0.000000000000000000e+00
0.000000000000000000e+00
0.000000000000000000e+00
0.000000000000000000e+00
0.000000000000000000e+00
0.000000000000000000e+00
0.000000000000000000e+00
0.000000000000000000e+00
0.000000000000000000e+00
0.000000000000000000e+00
0.000000000000000000e+00
0.000000000000000000e+00
0.000000000000000000e+00
0.000000000000000000e+00
0.000000000000000000e+00
0.000000000000000000e+00
0.000000000000000000e+00
0.000000000000000000e+00
0.000000000000000000e+00
0.000000000000000000e+00
0.000000000000000000e+00
0.000000000000000000e+00
0.000000000000000000e+00
0.000000000000000000e+00
0.000000000000000000e+00
0.000000000000000000e+00
0.000000000000000000e+00
0.000000000000000000e+00
0.000000000000000000e+00
0.000000000000000000e+00
0.000000000000000000e+00
0.000000000000000000e+00
0.000000000000000000e+00
0.000000000000000000e+00
0.000000000000000000e+00
0.000000000000000000e+00
0.000000000000000000e+00
0.000000000000000000e+00
0.000000000000000000e+00
0.000000000000000000e+00
0.000000000000000000e+00
