0.000000000000000000e+00
0.000000000000000000e+00
0.000000000000000000e+00
0.000000000000000000e+00
0.000000000000000000e+00
0.000000000000000000e+00
0.000000000000000000e+00
0.000000000000000000e+00
0.000000000000000000e+00
0.000000000000000000e+00
0.000000000000000000e+00
0.000000000000000000e+00
0.000000000000000000e+00
0.000000000000000000e+00
0.000000000000000000e+00
0.000000000000000000e+00
0.000000000000000000e+00
0.000000000000000000e+00
0.000000000000000000e+00
0.000000000000000000e+00
0.000000000000000000e+00
0.000000000000000000e+00
0.000000000000000000e+00
0.000000000000000000e+00
0.000000000000000000e+00
0.000000000000000000e+00
1.649463181639066411e-05
1.955465620364733523e-03
2.734319470551256279e-02
1.868686567216161776e-01
7.174812056340892363e-01
1.513420221563308354e+00
2.026563676305214390e+00
2.085598861713797270e+00
1.888735927435545747e+00
1.634280283854650184e+00
1.406354888882403342e+00
1.249931656337029739e+00
1.152931998594304286e+00
1.078968714139425966e+00
1.008111610297985683e+00
9.446543328720680144e-01
9.129275835649510729e-01
9.014029851901543822e-01
9.113522229462253099e-01
9.199517638351211168e-01
9.364611921559726770e-01
9.503602959172697817e-01
9.601585546107836988e-01
9.679198508501816178e-01
9.739743051795898277e-01
9.767643701507827680e-01
9.848169090045731933e-01
9.890987483390608626e-01
9.882758609599466837e-01
9.850731007807701500e-01
9.817347795532692656e-01
9.758864683370499504e-01
9.685745771090291667e-01
9.617332647111535016e-01
9.555466152853676620e-01
9.535068739499429347e-01
9.535253745139803394e-01
9.569703094488715145e-01
9.653966206472517353e-01
9.754250639313685189e-01
9.849543828662737921e-01
9.974131101563786794e-01
1.005982807421817338e+00
1.016060982840351290e+00
1.024236637589469368e+00
1.028254478826125862e+00
1.031365663618430073e+00
1.033092417373288940e+00
1.031820173679985686e+00
1.028869784346587046e+00
1.026177960626536878e+00
1.021138089702922525e+00
1.015540332071650065e+00
1.011491524992223168e+00
1.005075564212148498e+00
9.990098410904528770e-01
9.949194434396340103e-01
9.909886979530165840e-01
9.879063383497046491e-01
9.850702084334976849e-01
9.851608346733714550e-01
9.843328341596314646e-01
9.863852333628018165e-01
9.873404215400984896e-01
9.890382279488550976e-01
9.908368570014834953e-01
9.932756039427528272e-01
9.954210064134511038e-01
9.969012145146398662e-01
9.973647421936666646e-01
9.992064732809893268e-01
9.999580925904023587e-01
1.000736055338999675e+00
1.001573429521847469e+00
1.000975551425200116e+00
1.003642707309696958e+00
1.003153648128963793e+00
1.003177323805949817e+00
1.003050675916865142e+00
1.003002508294059458e+00
1.002703010424611296e+00
1.002556793867700469e+00
1.002204263146146523e+00
1.001924374383146299e+00
1.001479978276834659e+00
1.000612900070187328e+00
1.000324586713856823e+00
1.000697690369370285e+00
9.997391142205386272e-01
1.000525123312925091e+00
9.991239741595033808e-01
9.989326825474015292e-01
9.987507166025335614e-01
9.991601583384394081e-01
9.979757601884338136e-01
9.983987798975703098e-01
9.980193595967654652e-01
9.974711313582632632e-01
9.974825754852276738e-01
9.985036239406203107e-01
9.984670242018299779e-01
9.979136894611160269e-01
9.981756464804446560e-01
9.991733271139840999e-01
9.988299522129029384e-01
9.996458094417077778e-01
9.993958005462016958e-01
9.994349827034718636e-01
1.000455860536977326e+00
9.997844080589730620e-01
1.000828879123509596e+00
1.000566157585216942e+00
1.000133572052190223e+00
1.000110963123577612e+00
1.000369905392874070e+00
1.000638529353053086e+00
9.997146925752402602e-01
1.000307855949766234e+00
1.000412365180379126e+00
1.000211933288240651e+00
9.997617992157160627e-01
9.993348294042974089e-01
9.996697016437214867e-01
9.991985335022576242e-01
9.996623912928271904e-01
1.000136669843462389e+00
9.993047754147873496e-01
9.993830884194611075e-01
1.000067879583864228e+00
9.990821305339754321e-01
9.989468770836638090e-01
9.990435000797230902e-01
9.985802785384860769e-01
9.998034182738754216e-01
9.990054167752216996e-01
9.987183861980252209e-01
9.996091110401394975e-01
1.000571246132725411e+00
9.997069083857577088e-01
1.000077514157091674e+00
1.000137701877551244e+00
9.998059867648843024e-01
9.999083717554028139e-01
9.992110653683667909e-01
9.995408330137426356e-01
1.000114549145587839e+00
9.996750083516755536e-01
9.997751206720404404e-01
9.994627274336912448e-01
9.992402053733369094e-01
9.992582759571959627e-01
9.999004672460154453e-01
9.995460730699683438e-01
9.998224251761184123e-01
9.995995255102251287e-01
9.991711304193775511e-01
9.996731689881303007e-01
9.997907211537757632e-01
9.996897675309539544e-01
9.996470042082171714e-01
9.996772347304738737e-01
9.999138992405715021e-01
9.996281664331384542e-01
9.997190237188600115e-01
1.000370053216787847e+00
1.000164936926640991e+00
9.995320122374841132e-01
9.995369221452544695e-01
1.000083073997425798e+00
9.994331780450496083e-01
9.997880693564411558e-01
9.995363907028593786e-01
9.998460584679456087e-01
9.999636662238815532e-01
1.000102578932164699e+00
9.999325046428503283e-01
1.000014016549276352e+00
1.000194647398622072e+00
9.996773837141893493e-01
1.000220633926548031e+00
1.000086363301911696e+00
1.000308664476491138e+00
1.000351988559868843e+00
9.998564677861065952e-01
9.998813699811438527e-01
1.000018816495884089e+00
1.000156002623126206e+00
1.000243697274012744e+00
1.000247090538513683e+00
1.000149221660866061e+00
9.996820082238930816e-01
9.998301170105584612e-01
1.000265022931455139e+00
1.000110638249402939e+00
9.999198874631837208e-01
9.999938055354680166e-01
1.000066562964388339e+00
9.999051839985673151e-01
1.000627938331042133e+00
1.000003795494836867e+00
9.999145179785674520e-01
1.000465181512222301e+00
1.000402877242729360e+00
1.000326981293476303e+00
1.000335391904491500e+00
1.000362096828233627e+00
1.000024297736752610e+00
9.999965318591216290e-01
1.000347182347302688e+00
1.000755117087058110e+00
1.000242965742873746e+00
1.000776295310824127e+00
1.000886516396210624e+00
1.000550153567481004e+00
1.000418367563546518e+00
9.998755897760881473e-01
1.000036286631410754e+00
1.000475579974717144e+00
1.000154062234237973e+00
1.000325020993631631e+00
1.000895813851439442e+00
1.000563492702393420e+00
1.000381437974581234e+00
1.000170273726866288e+00
1.000066775366843741e+00
1.000630856266134128e+00
1.000241043723260503e+00
1.000444742719148516e+00
1.000587829986699928e+00
1.000563219404579929e+00
1.000538391570400032e+00
1.000519992944116865e+00
1.000379354721145697e+00
1.000337608755473395e+00
1.000515692932520517e+00
1.000273115436971505e+00
1.000207102992420882e+00
1.000286467317548667e+00
1.000539550225069352e+00
1.000558028393024879e+00
1.000661853516475741e+00
1.000628178357596987e+00
1.000394069943867370e+00
1.000322068530603792e+00
1.000257720043182141e+00
1.000848313899241671e+00
1.000682911607622350e+00
1.000606116875886853e+00
1.000372221458526445e+00
1.000635922331521099e+00
1.000147105646269630e+00
1.000190340530569433e+00
1.000384904758623517e+00
1.000434129046681164e+00
1.000450303356491766e+00
1.000601470201855969e+00
1.000533526247299854e+00
1.000565358782854242e+00
1.000581706717291741e+00
1.000323039031707717e+00
1.000493912783617656e+00
1.000133462670114826e+00
1.000289499689202000e+00
1.000280601209791342e+00
1.000226520767412364e+00
1.000855081832514593e+00
1.000018195750325800e+00
1.000234434092307056e+00
1.000459408674742035e+00
1.000279883720118335e+00
1.000698440666210942e+00
1.000631266299870203e+00
1.000469719840368255e+00
1.000603097881815895e+00
1.000771173784078538e+00
1.000585274977183969e+00
1.000479422645093042e+00
1.000589261284270171e+00
1.000584912307897811e+00
1.000306167937778934e+00
1.000468124285572857e+00
1.000448568688347528e+00
1.000410879236249384e+00
1.000573258503840490e+00
1.000433662887262987e+00
1.000362667024436103e+00
1.000203957844500113e+00
1.000578868539036881e+00
1.000592922709557797e+00
1.000240031008865937e+00
1.000244772293186868e+00
1.000624553133959926e+00
1.000402265092484644e+00
1.000224622794437801e+00
1.000602183774647935e+00
1.000886585536004514e+00
1.000335300370428726e+00
1.000544618713437250e+00
1.000577788587833972e+00
1.000262328921289079e+00
1.000794053946502782e+00
1.000647759795865177e+00
1.000207402806160495e+00
1.000316770591809235e+00
1.000637178719690379e+00
1.000267481505214606e+00
1.000382833607929012e+00
1.000388164997543239e+00
1.000626247538258795e+00
1.000341264307977651e+00
1.000918542456253446e+00
1.000887745395307782e+00
1.000503299547211400e+00
1.000295871125567393e+00
1.000486551982858741e+00
1.000166998736900403e+00
1.000352551597554651e+00
1.000458971825625376e+00
1.000405761582937147e+00
1.000402364947116318e+00
1.000150511082707361e+00
9.953168577169348996e-01
9.867130301548434623e-01
9.781047727859625285e-01
9.697020208184201628e-01
9.612335250497779926e-01
9.528628157047448477e-01
9.444645707746822660e-01
9.357738595736105891e-01
9.280918561144601009e-01
9.195284779322108193e-01
9.116623255017505256e-01
9.036517957470815432e-01
8.951028366597451047e-01
8.872125048129342328e-01
8.790990435538579284e-01
8.714202340529529911e-01
8.630980060273653054e-01
8.553602898117385056e-01
8.475328631318422845e-01
8.397819514128217477e-01
8.318426046130725782e-01
8.244021763277985526e-01
8.166662716679774503e-01
8.090219314755391355e-01
8.014935329251287044e-01
7.941262958118955329e-01
7.863211818512847451e-01
7.790923832361543733e-01
7.716363195391333640e-01
7.643454077678382141e-01
7.567893612368380429e-01
7.498229650215162412e-01
7.424463864855140871e-01
7.349648065428913135e-01
7.281869734847634668e-01
7.209737562962965640e-01
7.139643287243122582e-01
7.069028884639431132e-01
6.995696580991693780e-01
6.927236532996887686e-01
6.858192464367222074e-01
6.787927529410999750e-01
6.721142124984712529e-01
6.652394265696986997e-01
6.585390424311510227e-01
6.517063639347440152e-01
6.450169193944105261e-01
6.379982524082140616e-01
6.312172904489606884e-01
6.246261519356343106e-01
6.182274871752938550e-01
6.114694055947962337e-01
6.050799136078701679e-01
5.983046431845173707e-01
5.921645567155026102e-01
5.856726495368721475e-01
5.793672206869534547e-01
5.729824782687050755e-01
5.666652879448634827e-01
5.602804428465986142e-01
5.538975347262252713e-01
5.477839727537473502e-01
5.413186624146718584e-01
5.354076683216867361e-01
5.292311393181957646e-01
5.231407952533742023e-01
5.169710068679542747e-01
5.110224008642161309e-01
5.048673497268918453e-01
4.989177764784408775e-01
4.930297563260236382e-01
4.867674018606157338e-01
4.810381281274140330e-01
4.750329285112717681e-01
4.691565480284254908e-01
4.633167418668927007e-01
4.576506193440855741e-01
4.518669480765650226e-01
4.461311842634746450e-01
4.402423815154669073e-01
4.345744594930966986e-01
4.289059237293646465e-01
4.232285310123994893e-01
4.177157368308700991e-01
4.120447190437193097e-01
4.064505039642707929e-01
4.009630340557484018e-01
3.953262562956269544e-01
3.897033689776713827e-01
3.842378919345341703e-01
3.787528896180003546e-01
3.734824633520212323e-01
3.680655887169899110e-01
3.626489215825658419e-01
3.573394459600384709e-01
3.520236020529395327e-01
3.467475388373993939e-01
3.412541274211838283e-01
3.361356194247719920e-01
3.309833103057011061e-01
3.255737549827900645e-01
3.205539989731738815e-01
3.153903498543350614e-01
3.102601298865475532e-01
3.052571182853878740e-01
3.000064780269434128e-01
2.947941921483909766e-01
2.899565820354841894e-01
2.849078648077966736e-01
2.798529874685712904e-01
2.749026689105283361e-01
2.698068416199645436e-01
2.650326189252704689e-01
2.600397170350775000e-01
2.552017618778687491e-01
2.502663147481414274e-01
2.453336689976862717e-01
2.405875722613627088e-01
2.357510172490899503e-01
2.309612900581638761e-01
2.261560654673239745e-01
2.212980231806720155e-01
2.167352521084616734e-01
2.118360001814701132e-01
2.072314661298051974e-01
2.026179470385264525e-01
1.980051356359359693e-01
1.933392914640400528e-01
1.887406220578027594e-01
1.841441856964138313e-01
1.795799678790422349e-01
1.749661236652758356e-01
1.704032404369348330e-01
1.659122611565659045e-01
1.613947211313510044e-01
1.569774264043914125e-01
1.524820228471938377e-01
1.480549126516828295e-01
1.436651246189337150e-01
1.392676394806847684e-01
1.348236011277884339e-01
1.303808622057743283e-01
1.261133137692414530e-01
1.218287282858545734e-01
1.177937805279954397e-01
1.139990428041118553e-01
1.104226065214466423e-01
1.070937550055131443e-01
1.038850138665184941e-01
1.007233317906931491e-01
9.769880439560325869e-02
9.480347217425014184e-02
9.210607775927423524e-02
8.930835867244284187e-02
8.668776681234652282e-02
8.409964868839132912e-02
8.163778489744591416e-02
7.915962184583175132e-02
7.681178552594933318e-02
7.452707281343398660e-02
7.233560373979643077e-02
7.012831295614604943e-02
6.798820540390936029e-02
6.589885139481932441e-02
6.397699941704182436e-02
6.205201782275721750e-02
6.008943977844058426e-02
5.826058621485761396e-02
5.645366778683066217e-02
5.467815495419843519e-02
5.295903027869985208e-02
5.129322530418398834e-02
4.968428386523063983e-02
4.814277703333009334e-02
4.653553169121214805e-02
4.501287303161354003e-02
4.354299507164492017e-02
4.214335128982990564e-02
4.071790218723417981e-02
3.938685803451437428e-02
3.798997104228205024e-02
3.672292567020796206e-02
3.545707329537892138e-02
3.422019926505708715e-02
3.302049250649932016e-02
3.186394781695694317e-02
3.067773716743820225e-02
2.960880563145780464e-02
2.850002068672023714e-02
2.746109690174117213e-02
2.646747300173811143e-02
2.543971214042189261e-02
2.446270008723562886e-02
2.352370791448179024e-02
2.258289223031936799e-02
2.172790086263504811e-02
2.081888270358286247e-02
1.997721515131955713e-02
1.913360583787190525e-02
1.836675649598465757e-02
1.757381508327926847e-02
1.681329084058478737e-02
1.607741560126525748e-02
1.536872658974130883e-02
1.467549085477764040e-02
1.398236167927232459e-02
1.333988335239013126e-02
1.271268264652527548e-02
1.206311522147457405e-02
1.148542604139592832e-02
1.089935114264566768e-02
1.034903943515560337e-02
9.814036430196983879e-03
9.267810838393626682e-03
8.778481277822507492e-03
8.288761918912888882e-03
7.806911453341914935e-03
7.375147913430408868e-03
6.888702984710139837e-03
6.489824884069204068e-03
6.091350897634463871e-03
5.685493922729227025e-03
5.315808974150861531e-03
4.974436877805955143e-03
4.606831142830595041e-03
4.283021279292918357e-03
3.958152490772150721e-03
3.654752441655180571e-03
3.365631100729750066e-03
3.088588917106903191e-03
2.828334029623714562e-03
2.574658753171265441e-03
2.335755908950302301e-03
2.112566097142233243e-03
1.901437054998316844e-03
1.699813114167284455e-03
1.502247000274200108e-03
1.342881048294111311e-03
1.165523406100261398e-03
1.020967967786616266e-03
8.844822776024687016e-04
7.450931670228214121e-04
6.272125104835257151e-04
5.167922766080508849e-04
4.222132946517281513e-04
3.360132509998459312e-04
2.555438163049934385e-04
1.912922474942491049e-04
1.350820948371613363e-04
8.940574820357036386e-05
5.296864160649521279e-05
2.708044998890590048e-05
9.895683732254654353e-06
1.734816494720678508e-06
4.269266642176094816e-08
0.000000000000000000e+00
0.000000000000000000e+00
0.000000000000000000e+00
0.000000000000000000e+00
0.000000000000000000e+00
0.000000000000000000e+00
0.000000000000000000e+00
0.000000000000000000e+00
0.000000000000000000e+00
0.000000000000000000e+00
0.000000000000000000e+00
0.000000000000000000e+00
0.000000000000000000e+00
0.000000000000000000e+00
0.000000000000000000e+00
0.000000000000000000e+00
0.000000000000000000e+00
0.000000000000000000e+00
0.000000000000000000e+00
0.000000000000000000e+00
0.000000000000000000e+00
0.000000000000000000e+00
0.000000000000000000e+00
0.000000000000000000e+00
0.000000000000000000e+00
0.000000000000000000e+00
0.000000000000000000e+00
0.000000000000000000e+00
0.000000000000000000e+00
0.000000000000000000e+00
0.000000000000000000e+00
0.000000000000000000e+00
0.000000000000000000e+00
0.000000000000000000e+00
0.000000000000000000e+00
0.000000000000000000e+00
0.000000000000000000e+00
0.000000000000000000e+00
0.000000000000000000e+00
0.000000000000000000e+00
0.000000000000000000e+00
0.000000000000000000e+00
0.000000000000000000e+00
0.000000000000000000e+00
0.000000000000000000e+00
0.000000000000000000e+00
0.000000000000000000e+00
0.000000000000000000e+00
