0.000000000000000000e+00
0.000000000000000000e+00
0.000000000000000000e+00
0.000000000000000000e+00
0.000000000000000000e+00
0.000000000000000000e+00
0.000000000000000000e+00
0.000000000000000000e+00
0.000000000000000000e+00
0.000000000000000000e+00
0.000000000000000000e+00
0.000000000000000000e+00
0.000000000000000000e+00
0.000000000000000000e+00
0.000000000000000000e+00
0.000000000000000000e+00
0.000000000000000000e+00
0.000000000000000000e+00
0.000000000000000000e+00
0.000000000000000000e+00
0.000000000000000000e+00
0.000000000000000000e+00
0.000000000000000000e+00
0.000000000000000000e+00
0.000000000000000000e+00
0.000000000000000000e+00
2.749392546072394712e-05
2.088430822988966533e-03
2.678505827889463356e-02
1.870346146965274348e-01
7.166263083959807378e-01
1.512570372278647657e+00
2.025287422291207839e+00
2.090352052320786136e+00
1.887956693891460702e+00
1.635980105650674865e+00
1.406188778268559370e+00
1.247892810825488530e+00
1.151564815714924972e+00
1.083405450005276549e+00
1.008746681122065336e+00
9.444458416699933467e-01
9.099399443738053206e-01
9.029482179894944283e-01
9.064901229256999704e-01
9.218088146241619762e-01
9.362893496682294092e-01
9.502559128692292800e-01
9.580802548336617708e-01
9.654771532509072163e-01
9.717728155329276030e-01
9.775245716079293823e-01
9.824370071503937263e-01
9.873765711377048282e-01
9.879799655605435715e-01
9.862755694530500605e-01
9.793839493879378244e-01
9.741113701121949520e-01
9.684342884041533539e-01
9.631831365381633425e-01
9.552455225489202562e-01
9.535932284331922748e-01
9.525720968962686497e-01
9.577780791596239851e-01
9.658567379556560750e-01
9.738661898575985409e-01
9.855821442956796963e-01
9.964095036209925649e-01
1.008879671812042300e+00
1.014567294349778104e+00
1.021031278457046554e+00
1.027246911099313209e+00
1.029381653804597008e+00
1.032361815632377278e+00
1.031325412694457322e+00
1.028574174014619924e+00
1.025189080898276872e+00
1.021100755898819656e+00
1.016356501452404082e+00
1.009589332512037529e+00
1.004718120412854798e+00
9.997404122175236330e-01
9.952208573114310619e-01
9.900204447300253729e-01
9.854074433812842759e-01
9.859233071852542274e-01
9.844095478687847622e-01
9.845204252305863601e-01
9.863955975710576585e-01
9.867247368855101008e-01
9.886191145307267059e-01
9.914680886712261554e-01
9.929921212313946866e-01
9.957246878981456106e-01
9.960513779700567172e-01
9.976777124575734179e-01
1.000735428318988873e+00
9.996104143158072164e-01
9.999219269858172776e-01
1.001511513378129381e+00
1.000527244536715266e+00
1.002043064704131625e+00
1.001946182072803060e+00
1.002900354230388924e+00
1.002052445244203893e+00
1.001618425818189717e+00
1.002216343400453402e+00
1.001482534270853542e+00
1.000203190579985968e+00
1.000933951715035963e+00
1.000328323696452859e+00
9.997143936581273094e-01
9.999982461089543806e-01
1.000015003831877358e+00
9.990190568812871152e-01
9.996456656305898747e-01
9.988268715419930110e-01
9.985710348764957889e-01
9.978570097348655743e-01
9.969022591962053426e-01
9.965616093165956535e-01
9.973174803359604601e-01
9.974712395919528296e-01
9.967980112775097767e-01
9.971084216470194050e-01
9.970649107752926898e-01
9.973849297902437350e-01
9.975829710911779946e-01
9.979995143733070284e-01
9.976166708923910331e-01
9.994538476769483371e-01
9.984555866299587024e-01
9.990186950619234230e-01
9.994304130594827695e-01
9.991597318035402298e-01
9.990504417455094988e-01
9.995573662453405284e-01
1.000124895771350886e+00
1.000288605968141509e+00
1.000216254651333347e+00
9.994271743252206575e-01
1.000607485005984287e+00
9.998438730608262270e-01
9.992621634571290379e-01
9.995044355063594788e-01
9.991742839471655646e-01
9.987241671282098832e-01
9.993458754386933540e-01
9.990244304700705014e-01
9.993463069087948902e-01
9.991044327868193742e-01
9.991977844547317300e-01
9.995171288234138141e-01
9.986053743238276770e-01
9.992843077525200846e-01
9.990368670898569503e-01
9.987410942803385261e-01
9.989626208159857468e-01
9.987722406853287715e-01
9.997415051295820421e-01
9.992703629141572730e-01
9.991450842047490122e-01
9.995228436581090614e-01
9.995649736514574668e-01
9.991161874878101701e-01
9.991194480393514876e-01
9.993915795305731153e-01
9.991731942896451280e-01
9.999863240224242666e-01
9.997633621364138135e-01
9.995542692283058139e-01
9.995455849972189055e-01
9.991385731645640034e-01
9.997211389185507446e-01
9.996966496465292673e-01
9.992893161689064829e-01
9.993668995827831303e-01
9.997100205453439692e-01
9.992670086175400312e-01
9.992231854033853944e-01
9.986506486135928728e-01
9.994672084428803949e-01
9.992324084268244810e-01
9.994243707452065140e-01
9.997967172011817949e-01
9.993119484319931134e-01
9.992589446740126613e-01
9.989335916445987174e-01
9.994771941338370658e-01
9.986818893385380758e-01
9.990469674551191170e-01
9.997376224867119410e-01
9.988792972341409282e-01
9.994633320416018707e-01
9.984714886252918919e-01
9.997649565694183282e-01
9.993963373889471757e-01
9.993112272477576719e-01
9.994127257159370892e-01
9.994739131727926607e-01
9.997059832064375540e-01
9.995029006576183761e-01
9.998278643815016187e-01
9.994310266683033017e-01
9.993999815014941168e-01
9.997248627982477931e-01
9.996262649555200941e-01
9.991447919760440000e-01
9.992413900381191816e-01
9.996386257253874197e-01
9.993160379372416635e-01
9.996663317605650745e-01
9.998372434978728407e-01
9.992351716674393591e-01
9.992443024979722477e-01
9.994286094351652050e-01
9.993285999069708714e-01
9.999630769339148406e-01
9.994035226667781213e-01
9.989759122100910771e-01
9.995077435295278701e-01
9.996470134129132878e-01
1.000034538855285815e+00
9.995335648673273621e-01
9.996929040083976092e-01
9.997776045074117102e-01
9.999191754249403541e-01
9.996158679238333900e-01
9.999074606094494611e-01
9.997650630981208542e-01
9.998985995880252942e-01
9.997036264792230620e-01
9.993865586394516942e-01
9.997562026039776839e-01
9.996220758275885521e-01
9.993442853317060504e-01
9.998222339650882917e-01
9.995891615638572425e-01
9.993619740046941757e-01
1.000032447999863239e+00
9.998298949732470353e-01
9.996519534019274733e-01
1.000142878072202590e+00
9.992545623466351223e-01
9.995421188140467539e-01
9.995113086471305586e-01
9.996067400969690375e-01
9.999406734958077303e-01
1.000136616490097330e+00
9.998427345010929557e-01
1.000009404659213841e+00
1.000052000422584797e+00
9.998708361060245631e-01
9.995945126316377882e-01
1.000398839929978356e+00
9.996075592345683436e-01
9.998796050532016144e-01
1.000034574726524239e+00
9.999943589420602352e-01
9.999403160964652759e-01
9.999333775185963447e-01
9.999835950596326350e-01
1.000120266945713654e+00
9.996681170816158479e-01
9.999149790872736698e-01
9.998201074091173091e-01
9.997587489557865359e-01
9.995445544862577858e-01
1.000052734846212710e+00
9.995738512765156569e-01
9.992644476934957609e-01
9.998629656029910384e-01
9.997367360355160493e-01
9.996759667504012681e-01
9.995817038738694649e-01
1.000032092149882423e+00
9.995264661037470688e-01
9.999498044900221316e-01
9.996850420914644708e-01
9.996498453268003459e-01
9.999184567663826906e-01
9.999021134941084021e-01
9.995731075786766784e-01
9.994717014215607209e-01
9.996665118561602892e-01
9.997485051434427117e-01
9.999691086851554278e-01
1.000000935223143816e+00
9.996936544926667834e-01
9.999515038574482428e-01
9.994245511255268610e-01
9.998674518759668173e-01
9.994728538523831585e-01
9.996984221302835927e-01
9.996971045960798552e-01
9.997246982720255915e-01
9.999677605616863474e-01
9.995049603176980879e-01
9.995020743520609541e-01
9.997536080160818184e-01
9.999956142956835103e-01
9.997988281128656896e-01
9.994837716599737076e-01
9.995456421606314645e-01
9.993483926183092114e-01
9.995462643661099378e-01
9.996957805774051575e-01
9.999138244338132697e-01
1.000103371045169665e+00
9.998478788176397014e-01
9.997628767597435129e-01
9.998201866225896461e-01
9.997247172890783018e-01
9.996646200662633319e-01
1.000127136610450940e+00
9.999914791074983045e-01
9.999282812914264129e-01
9.998019044174776271e-01
9.994317910460379650e-01
9.996926719742560419e-01
9.997357517624114731e-01
9.998841207120710006e-01
1.000021082126783867e+00
1.000074804187078170e+00
1.000097391818778769e+00
1.000271158958808249e+00
9.999140932668795223e-01
1.000064039564504181e+00
1.000155301760174309e+00
1.000462303433472311e+00
1.000031953759616732e+00
1.000344829794455936e+00
9.999545732443666513e-01
1.000021360819040028e+00
9.998065015122126198e-01
9.999483895020426782e-01
1.000339660593061897e+00
1.000224616171742964e+00
1.000178708135402772e+00
9.999925795216092483e-01
9.999958380734403907e-01
1.000290046855022652e+00
9.998782038848991194e-01
1.000379558965631910e+00
9.999883970884096973e-01
9.998899227274719026e-01
9.998403551102927889e-01
9.952199141543683902e-01
9.868178132797047475e-01
9.780723476097751279e-01
9.695656186783881969e-01
9.612001770194429362e-01
9.528188768172980438e-01
9.444365121776124861e-01
9.360330036433571754e-01
9.279219318133234973e-01
9.200753196075940332e-01
9.116178259042095888e-01
9.034959058369560481e-01
8.955415910518053080e-01
8.871762658484336761e-01
8.793185341305785885e-01
8.710181572093883551e-01
8.631775195225132036e-01
8.557724047486180430e-01
8.478975007240795447e-01
8.401329464863901419e-01
8.324697721372033010e-01
8.246148175408892778e-01
8.168878585485614963e-01
8.095879785042727761e-01
8.017694082026083358e-01
7.943771307236278112e-01
7.870614727993046067e-01
7.793300838081520521e-01
7.719739439237186529e-01
7.645110098850007585e-01
7.572237215945116784e-01
7.499925619121075027e-01
7.426512819129315046e-01
7.356271110561405369e-01
7.286603689354858027e-01
7.213065862317133980e-01
7.143330819868896064e-01
7.067715044062627960e-01
7.003654599955401183e-01
6.931688851357369341e-01
6.862487950435769424e-01
6.794472257321368946e-01
6.727391822620678585e-01
6.656938910397431908e-01
6.587424269974617719e-01
6.519345213573038977e-01
6.453960818442157077e-01
6.387391898781121791e-01
6.322174302392101763e-01
6.252121289701153550e-01
6.185915459168668251e-01
6.123000138987024776e-01
6.054454636162437398e-01
5.990603624329661203e-01
5.924733820129173267e-01
5.860594059256941657e-01
5.797972498009464903e-01
5.733194969499395555e-01
5.672098325751552261e-01
5.605402840880195914e-01
5.544822512305622730e-01
5.480674113990076091e-01
5.419265941648234719e-01
5.357410835447556918e-01
5.296966223829802090e-01
5.235596013812261473e-01
5.171940869484307202e-01
5.111086137237684790e-01
5.052247820032917947e-01
4.993016221972496060e-01
4.932512762336663248e-01
4.873513998437001837e-01
4.812343495927013381e-01
4.756620990291464679e-01
4.696050213387740757e-01
4.637750915413098585e-01
4.578721220411220427e-01
4.521535742165103122e-01
4.463412793683594337e-01
4.406011143041070333e-01
4.350657063365233057e-01
4.292689938646451209e-01
4.233947646567806089e-01
4.180020866965766801e-01
4.122371343144318745e-01
4.068527509933813069e-01
4.011676925488714129e-01
3.956318801952131148e-01
3.902020834725407616e-01
3.845780471592146199e-01
3.793017079743599695e-01
3.737919308672731367e-01
3.684286833535315164e-01
3.629797851646378581e-01
3.576309034483137195e-01
3.523920337566605054e-01
3.470294964644224933e-01
3.417353825404609302e-01
3.363880365367609704e-01
3.314580176646780840e-01
3.261404875343636434e-01
3.209690013181252799e-01
3.157170469583631123e-01
3.106288125455278770e-01
3.054052977545990144e-01
3.002141215408768993e-01
2.953845297602417652e-01
2.901932043829469343e-01
2.850788932175536416e-01
2.801694411237861115e-01
2.751481770901300083e-01
2.703177840245707952e-01
2.653790511297730026e-01
2.603459273073349123e-01
2.556127530093614819e-01
2.505375183505724190e-01
2.457229899223642433e-01
2.408480516067242894e-01
2.361044230280919809e-01
2.311741714085441268e-01
2.264586760729580539e-01
2.217586996234696406e-01
2.170578960491469922e-01
2.124471388213357015e-01
2.076314260669047118e-01
2.029616293968368457e-01
1.982712005766533447e-01
1.935945217055222711e-01
1.890717945825804158e-01
1.843875225054050770e-01
1.797454487826253833e-01
1.752499473544595621e-01
1.706472508906984042e-01
1.662445864696791287e-01
1.616952667412932254e-01
1.572621855478993358e-01
1.527311385919634668e-01
1.483528655226068471e-01
1.438764047478555408e-01
1.395020482337303580e-01
1.350343653646761677e-01
1.307044698702147512e-01
1.263805872288848997e-01
1.220796869111706734e-01
1.179997370270890050e-01
1.142019702627297545e-01
1.107441271638942154e-01
1.073720122265310745e-01
1.040710981227720849e-01
1.009377081931966263e-01
9.798131029985869545e-02
9.507009995237646061e-02
9.222208775218677934e-02
8.943543028585101973e-02
8.674150940191155401e-02
8.420869195145597175e-02
8.171076951899669538e-02
7.936716731740985076e-02
7.703555775341777712e-02
7.468478232473051148e-02
7.247079669630167309e-02
7.026780712832830789e-02
6.816803364281040500e-02
6.612099745500969739e-02
6.408622946121922404e-02
6.210899338179894091e-02
6.027807982081876542e-02
5.841159071511974055e-02
5.657670165738193369e-02
5.477896543138596058e-02
5.311057430513921318e-02
5.146753412155888330e-02
4.979236388317346412e-02
4.821188368792327789e-02
4.666024557495562081e-02
4.515903744138202031e-02
4.367123130169840023e-02
4.218680963053546285e-02
4.085389594488175041e-02
3.945043514660150075e-02
3.807903394698521071e-02
3.685355394646040034e-02
3.554536768593098001e-02
3.429883789262496568e-02
3.314293591700483155e-02
3.196261574517360315e-02
3.077342742319658445e-02
2.969412972079136029e-02
2.856206753775429596e-02
2.753325399090386996e-02
2.650456644436712667e-02
2.551263592053779408e-02
2.453699973439857351e-02
2.356111845329802654e-02
2.271631470946880796e-02
2.175956510958534235e-02
2.089065126277728224e-02
2.003345195692726385e-02
1.919211288888545905e-02
1.841046831483281188e-02
1.763860121426999439e-02
1.682792290257394824e-02
1.609356109022669692e-02
1.539063310943592638e-02
1.471820229429898069e-02
1.401603360752424511e-02
1.336975396565321175e-02
1.271804286477697804e-02
1.211336059231825010e-02
1.151759005436318178e-02
1.092086808885530877e-02
1.037612133505163257e-02
9.847483509110707342e-03
9.307539096079875049e-03
8.802022918524790573e-03
8.308278382176485441e-03
7.836515752970420884e-03
7.368355992701104522e-03
6.940096173762638591e-03
6.506833121652426909e-03
6.134089968624270757e-03
5.712293185791170874e-03
5.331629883084210847e-03
4.973568333705696148e-03
4.622530437169377650e-03
4.287333646766615033e-03
3.972820883481210236e-03
3.660610467205204117e-03
3.364105412927453128e-03
3.089109174122809959e-03
2.835565929459444700e-03
2.574039194621703490e-03
2.338702495368034148e-03
2.129278562865942730e-03
1.912131781259144257e-03
1.702699633797957485e-03
1.509028280324002441e-03
1.343982220062023367e-03
1.182746438641238277e-03
1.016684785001935321e-03
8.839369164531208451e-04
7.530213802668085871e-04
6.291561900108918592e-04
5.235802833284430077e-04
4.262642966761941740e-04
3.381275537484363975e-04
2.607893744922637914e-04
1.977810972870680051e-04
1.355536085394069704e-04
9.085866924546215199e-05
5.483481695356774640e-05
2.798893058674603232e-05
1.024057759198821848e-05
1.788547072509568434e-06
7.471997262228732737e-08
0.000000000000000000e+00
0.000000000000000000e+00
0.000000000000000000e+00
0.000000000000000000e+00
0.000000000000000000e+00
0.000000000000000000e+00
0.000000000000000000e+00
0.000000000000000000e+00
0.000000000000000000e+00
0.000000000000000000e+00
0.000000000000000000e+00
0.000000000000000000e+00
0.000000000000000000e+00
0.000000000000000000e+00
0.000000000000000000e+00
0.000000000000000000e+00
0.000000000000000000e+00
0.000000000000000000e+00
0.000000000000000000e+00
0.000000000000000000e+00
0.000000000000000000e+00
0.000000000000000000e+00
0.000000000000000000e+00
0.000000000000000000e+00
0.000000000000000000e+00
0.000000000000000000e+00
0.000000000000000000e+00
0.000000000000000000e+00
0.000000000000000000e+00
0.000000000000000000e+00
0.000000000000000000e+00
0.000000000000000000e+00
0.000000000000000000e+00
0.000000000000000000e+00
0.000000000000000000e+00
0.000000000000000000e+00
0.000000000000000000e+00
0.000000000000000000e+00
0.000000000000000000e+00
0.000000000000000000e+00
0.000000000000000000e+00
0.000000000000000000e+00
0.000000000000000000e+00
0.000000000000000000e+00
0.000000000000000000e+00
0.000000000000000000e+00
0.000000000000000000e+00
0.000000000000000000e+00
