0.000000000000000000e+00
0.000000000000000000e+00
0.000000000000000000e+00
0.000000000000000000e+00
0.000000000000000000e+00
0.000000000000000000e+00
0.000000000000000000e+00
0.000000000000000000e+00
0.000000000000000000e+00
0.000000000000000000e+00
0.000000000000000000e+00
0.000000000000000000e+00
0.000000000000000000e+00
0.000000000000000000e+00
0.000000000000000000e+00
0.000000000000000000e+00
0.000000000000000000e+00
0.000000000000000000e+00
0.000000000000000000e+00
0.000000000000000000e+00
0.000000000000000000e+00
0.000000000000000000e+00
0.000000000000000000e+00
0.000000000000000000e+00
0.000000000000000000e+00
0.000000000000000000e+00
2.749165723937233296e-05
2.047412396927839745e-03
2.721544335857395067e-02
1.864867455683734410e-01
7.157826793648426333e-01
1.507962583046328575e+00
2.027405164619328293e+00
2.091875887058561201e+00
1.885212079783816330e+00
1.628439450697675817e+00
1.407177067084637301e+00
1.245735921997116469e+00
1.149997917972059636e+00
1.080046733599956177e+00
1.009565116496096815e+00
9.441571674564572803e-01
9.124623574304563389e-01
9.046307578179666464e-01
9.091024463670840383e-01
9.215145336397813081e-01
9.378568994874915132e-01
9.499190847568584894e-01
9.579256991814357747e-01
9.653738627424632845e-01
9.720106228604219467e-01
9.796205702192064546e-01
9.850374977820984812e-01
9.875851766345992155e-01
9.897276662584917339e-01
9.870529533042081693e-01
9.813765210563702990e-01
9.774391109779362319e-01
9.673851229132286456e-01
9.611741167217717763e-01
9.542456984145267773e-01
9.541659389293180027e-01
9.523116148303548689e-01
9.579423126636746888e-01
9.659264974908315926e-01
9.767381232056061569e-01
9.883195827394793964e-01
9.981444203352731748e-01
1.009583201990653656e+00
1.016540605829669985e+00
1.024230401912926025e+00
1.028555806829797747e+00
1.031696892170975044e+00
1.031128656139302491e+00
1.032399453993251948e+00
1.029136954949551708e+00
1.025888405483102339e+00
1.020392872463265377e+00
1.016402997448066392e+00
1.010490958534433936e+00
1.005953969397766157e+00
1.001234032018983200e+00
9.958405805724963589e-01
9.923109298604581019e-01
9.887609195367939030e-01
9.864029677836361198e-01
9.857997472994806110e-01
9.848820443385285506e-01
9.852083299593908938e-01
9.869422257745426030e-01
9.901806975990179449e-01
9.925343218162001602e-01
9.944812522487905815e-01
9.957856588121968278e-01
9.979064496955355468e-01
9.994071863415959767e-01
1.000102999682532801e+00
1.001567577403993825e+00
1.002115276683937628e+00
1.000110508240317664e+00
1.001783622050015365e+00
1.003114884869273915e+00
1.002999636816087614e+00
1.003787327126111073e+00
1.005339787021874987e+00
1.002845526939508902e+00
1.002432589355051418e+00
1.002843483081934828e+00
1.003256299742924185e+00
1.003152849025378934e+00
1.001621536246082522e+00
1.001945684703175576e+00
1.001149640080992720e+00
1.000475376435025598e+00
1.000220881055186695e+00
1.000417719084128354e+00
9.989695282093131734e-01
9.999772287369239621e-01
9.984564160227303864e-01
9.993116486762858575e-01
9.985617710505181321e-01
9.987511098910900609e-01
9.980770641900240658e-01
9.982789404012910595e-01
9.983824471903504083e-01
9.982742603937067027e-01
9.995114361212283915e-01
9.997082061913539208e-01
9.995081659093741910e-01
9.989624870774774790e-01
1.000025119633267234e+00
1.000017716938181200e+00
9.996562005755685876e-01
1.000468389615842835e+00
1.000854402137952626e+00
1.001102202312899259e+00
1.001480933846749632e+00
1.000704980823544865e+00
1.000368945729174674e+00
1.001026706920929321e+00
1.000840650976693169e+00
9.998510561323853407e-01
1.000641495078705701e+00
1.000974191154320847e+00
1.000223888154437191e+00
1.000891683659437259e+00
1.000204442698133134e+00
1.000755284017791791e+00
9.995260155035424754e-01
9.994986680861734918e-01
9.998168333107794181e-01
1.000131900070707403e+00
9.995587073173591852e-01
1.000422818334993247e+00
9.997764982925962940e-01
1.000209550070120468e+00
9.998128301666522333e-01
1.000006964232550200e+00
1.000155969804895850e+00
9.996661617206703543e-01
1.000376239102354070e+00
1.000252290472547489e+00
9.999968271175740941e-01
1.000239751934179022e+00
9.998229234409652388e-01
1.000639048887098426e+00
9.997922156715415287e-01
9.999917520785090996e-01
9.996987219981436912e-01
1.000277262508482368e+00
1.000197238421104862e+00
1.000547874109933622e+00
1.000600351270733324e+00
1.000492524263088434e+00
1.000198301056936412e+00
1.000326494746998973e+00
1.000873007705547213e+00
1.000197117960039517e+00
9.997491118899843876e-01
1.000316855139555150e+00
1.000737667516139684e+00
1.000673641080809029e+00
1.000609009003853078e+00
1.000424072856163082e+00
1.000844701469127074e+00
1.001003092549026086e+00
1.000107662127228902e+00
9.995827320341164057e-01
1.000123547754201647e+00
1.000430410738572418e+00
1.000025456725589068e+00
1.000304646423817667e+00
1.000233537547732698e+00
9.999470952705407090e-01
9.999200881859868772e-01
9.996567125679164389e-01
1.000564126797462539e+00
1.000449762964507494e+00
1.000327975308557660e+00
1.000498328552128058e+00
9.999648111835287567e-01
1.000372201914159875e+00
1.000559216752932246e+00
1.000207491766116119e+00
9.999157985051220221e-01
1.000458056595852518e+00
9.996259341075264260e-01
1.000687072180664217e+00
9.999576270656413968e-01
1.000747288361649501e+00
1.000174470638434121e+00
9.999786391093371529e-01
1.000659790733465115e+00
1.000056257291855655e+00
1.000106333599761310e+00
1.000035996365892688e+00
9.996575959657135746e-01
9.995127518697390911e-01
9.997105364524188076e-01
1.000212769339668739e+00
1.000569717439981909e+00
9.995794982993552180e-01
9.997824576525615736e-01
1.000101101001446668e+00
1.000181247557115238e+00
1.000385130265320388e+00
9.998486514409229420e-01
1.000033527170178571e+00
1.000078580532383965e+00
1.000284154236063650e+00
1.000041571002856067e+00
1.000399503317646266e+00
1.000220727692274991e+00
1.000128575671226372e+00
1.000467763489796491e+00
1.000601646469655659e+00
1.000316799871773688e+00
9.999804499475118957e-01
1.000116458189228119e+00
1.000588570933883092e+00
1.000002115289487570e+00
1.000008007816952427e+00
1.000042505740999621e+00
9.998061574781884620e-01
9.997748935008899940e-01
1.000068420088952692e+00
1.000120659971110992e+00
1.000648965887654729e+00
1.000079620362713140e+00
1.000336299820751007e+00
1.000316392142650779e+00
1.000339775594960567e+00
1.000543038303345567e+00
9.998686338726296974e-01
1.000276779411666261e+00
1.000264708214507969e+00
1.000282051620634993e+00
1.000082471579242682e+00
1.000356785480541744e+00
1.000241233672938046e+00
1.000157721272337596e+00
1.000708528700958500e+00
1.000220007208347806e+00
1.000187706248587105e+00
1.000117087324404963e+00
9.998783603954095600e-01
9.997299898838513110e-01
9.999709993416346920e-01
1.000512849950736305e+00
1.000412535411421944e+00
1.000400614771125074e+00
1.000275599426674544e+00
1.000342433940866638e+00
1.000562338598811829e+00
1.000484304631154675e+00
1.000115961747500393e+00
9.999536086988740635e-01
1.000300582500077695e+00
1.000232335530631067e+00
1.000260711523089485e+00
1.000158864380296997e+00
1.000047543554212881e+00
1.000201075050979993e+00
1.000325060321687554e+00
1.000218917034667143e+00
1.000121076659556518e+00
1.000260017882925734e+00
1.000309992162957240e+00
1.000016590496012547e+00
9.996894038414783079e-01
1.000146185949150279e+00
1.000319137311532991e+00
1.000084498094577112e+00
1.000490827782121395e+00
1.000263225144909063e+00
1.000225095365757211e+00
1.000178340337773975e+00
1.000173530656307541e+00
1.000745678847544173e+00
1.000224545993446901e+00
1.000572503677131353e+00
1.000052713702162199e+00
1.000454568537588074e+00
1.000311793944686611e+00
1.000430897161910471e+00
1.000194011284289530e+00
1.000085252959611370e+00
1.000545743111417751e+00
1.000184747810862085e+00
1.000097577143206795e+00
1.000327757104802595e+00
1.000318390361248921e+00
1.000083426485343541e+00
1.000392261123915549e+00
1.000221917037709796e+00
1.000051009093130938e+00
1.000481403571648720e+00
1.000148813067435638e+00
1.000525397921396165e+00
1.000832814208186816e+00
1.000118687468350753e+00
1.000202247187386373e+00
1.000365083348651929e+00
1.000255026359694766e+00
1.000225533532313360e+00
1.000471472875113177e+00
1.000760988011724528e+00
1.000131384101319076e+00
1.000460200224631890e+00
1.000764259544045798e+00
1.000280465818158548e+00
1.000339822087056740e+00
1.000497383311744093e+00
1.000532262963789609e+00
1.000454311736404200e+00
1.000314533684006246e+00
1.000548789919012194e+00
1.000526276994801123e+00
1.000215668219192500e+00
1.000165346738051131e+00
1.000446756101236456e+00
1.000670271646305620e+00
1.000242958752096234e+00
1.000254449432308457e+00
9.997216344065373850e-01
1.000620847774569944e+00
9.998156676382488062e-01
9.948852716924192485e-01
9.865383464075215825e-01
9.780785645237007886e-01
9.693165791297102540e-01
9.610259567132853897e-01
9.526896438477672202e-01
9.442050729752158311e-01
9.358781923818877413e-01
9.277753145645506461e-01
9.191029443496712137e-01
9.114984743093242914e-01
9.032901847942154117e-01
8.948872668544872733e-01
8.871138609320053936e-01
8.789721219371181560e-01
8.713858725076878420e-01
8.632496019039609392e-01
8.553150288276588631e-01
8.473332447203829609e-01
8.399127604855659568e-01
8.320643262333474732e-01
8.245413844244958712e-01
8.168862836245053272e-01
8.090999146127489938e-01
8.016242459457315617e-01
7.938356934458723480e-01
7.865736753972384365e-01
7.792239931487265903e-01
7.716969895642545874e-01
7.644348621810255207e-01
7.569969280661393851e-01
7.498652950181503574e-01
7.425147489713985749e-01
7.354264716573486460e-01
7.281653542760733178e-01
7.212221628876802626e-01
7.138407803227576620e-01
7.067179242721327581e-01
6.996535044535658887e-01
6.926906406245181280e-01
6.859361357167362838e-01
6.788460498597650439e-01
6.718162291046904100e-01
6.652201134060526933e-01
6.586226757786393105e-01
6.517504163952417828e-01
6.449039303392948286e-01
6.382736800121930898e-01
6.314264435252610053e-01
6.248921950040023932e-01
6.182211807955855232e-01
6.114552201961218625e-01
6.051328935056593528e-01
5.985157388728638006e-01
5.922371006961602014e-01
5.858536166307418691e-01
5.794304746756597790e-01
5.729337080418555050e-01
5.668067929755632450e-01
5.601451540320582234e-01
5.537840378449598866e-01
5.477650490131599215e-01
5.415768959445478314e-01
5.350527493933431300e-01
5.290766577866912179e-01
5.232059435747723475e-01
5.169977270154416660e-01
5.107932932397143411e-01
5.049630202912407384e-01
4.987496970043540645e-01
4.930237106864309160e-01
4.870026442778337405e-01
4.809809603892581942e-01
4.749333199582015941e-01
4.690792199920907901e-01
4.634234089010954016e-01
4.574279261182614409e-01
4.518249121098462662e-01
4.460387373009607193e-01
4.405084650164759474e-01
4.343370420595862869e-01
4.288731400128396598e-01
4.231546839639692137e-01
4.175483687438769631e-01
4.118710334916776405e-01
4.064412907285413490e-01
4.007986370624826433e-01
3.952947104548923396e-01
3.899107585889995398e-01
3.842689354460958606e-01
3.789688773925999898e-01
3.735930364539004622e-01
3.680612832055799588e-01
3.627279000203393333e-01
3.574135090511851853e-01
3.520029001076639408e-01
3.465497789680535567e-01
3.413224314425133965e-01
3.361404193836162180e-01
3.309076422012895424e-01
3.256016211828679507e-01
3.205709886754135041e-01
3.155026481760871415e-01
3.102624774479244563e-01
3.050011010125440181e-01
2.999637910873840796e-01
2.950226870701053716e-01
2.897039283908957041e-01
2.847615998339875776e-01
2.798859521789803795e-01
2.748224949101891745e-01
2.699615822065763449e-01
2.649642066651318739e-01
2.600455779990977767e-01
2.552200990509099765e-01
2.502681324039094379e-01
2.453766652526864489e-01
2.405556681344987735e-01
2.359414491018188842e-01
2.310358725621379505e-01
2.262267822098957271e-01
2.214988621469799190e-01
2.166235860850946326e-01
2.120230715808281152e-01
2.072319387144583303e-01
2.025559971511780855e-01
1.980171005003329432e-01
1.932985181361071003e-01
1.887279129104599551e-01
1.841006110594320122e-01
1.795856084411285303e-01
1.750729862254239155e-01
1.705119584569080859e-01
1.659285690998771601e-01
1.613080405603930512e-01
1.569905470108880208e-01
1.524994152367821487e-01
1.480991455679173951e-01
1.436967559571478426e-01
1.392226340294230313e-01
1.347916128966298033e-01
1.304271615406556173e-01
1.260865602637795957e-01
1.218148093963404566e-01
1.178358696996414795e-01
1.140246810780230630e-01
1.104462332141220859e-01
1.071143802912258164e-01
1.038787879958484039e-01
1.008271655972077935e-01
9.785082710580160492e-02
9.482710943046268603e-02
9.209358414216484157e-02
8.934287969226352433e-02
8.665916293365068246e-02
8.415185799201331529e-02
8.170724254873122649e-02
7.918339184985716261e-02
7.685208576408442127e-02
7.460075315323880241e-02
7.232546867935257806e-02
7.014995617550008611e-02
6.800652441961624328e-02
6.601009935648897986e-02
6.406041142038297609e-02
6.209538620455809510e-02
6.017104504432602141e-02
5.829595944352617548e-02
5.648154517804677976e-02
5.472837072241823475e-02
5.299951650056458630e-02
5.133852206864503165e-02
4.974598789249198155e-02
4.809608469649962609e-02
4.657367131460968257e-02
4.509549286437271320e-02
4.362338284309043301e-02
4.215855345502143858e-02
4.071070042158090457e-02
3.941019414399917625e-02
3.807093799303429976e-02
3.678186944587153590e-02
3.549984777985394635e-02
3.427914448321086466e-02
3.306273394333369281e-02
3.190376097231585606e-02
3.075888125963048558e-02
2.962729876023471876e-02
2.857841618083823212e-02
2.751556713034211329e-02
2.649609759736182291e-02
2.551066432244396276e-02
2.449547791993545234e-02
2.351980994615356785e-02
2.262297680231484254e-02
2.175948884851907836e-02
2.090508602239772237e-02
2.001003441336664246e-02
1.920750387581293683e-02
1.841156130085468481e-02
1.759434982277129425e-02
1.684771358196382809e-02
1.609190087192814700e-02
1.538847141276224358e-02
1.470121903963882495e-02
1.399729302996295839e-02
1.337297444928882070e-02
1.270379364615617859e-02
1.212048302150278527e-02
1.150202578893709179e-02
1.092322238776245562e-02
1.035014588583092407e-02
9.822418551310090756e-03
9.308418362538111238e-03
8.776751238108131473e-03
8.295498046333355663e-03
7.828304810965381125e-03
7.371044322389812102e-03
6.952203007052382665e-03
6.515826457872422872e-03
6.102072511226234140e-03
5.710913841820199240e-03
5.340096142473346394e-03
4.972149505797131101e-03
4.621510620557331764e-03
4.294060994654179918e-03
3.971659514596257746e-03
3.657102610270680960e-03
3.364807283500280584e-03
3.100903414957295861e-03
2.838168846950158298e-03
2.575419217989245377e-03
2.348801328827708739e-03
2.113712650235151109e-03
1.903066256972982305e-03
1.703367217144645699e-03
1.520041700939517987e-03
1.342232365105736720e-03
1.172420500037807791e-03
1.024369534441391550e-03
8.839311214524362336e-04
7.492797034570743229e-04
6.311045108448240775e-04
5.188303158473584311e-04
4.218473045547775982e-04
3.333476071416746687e-04
2.607130442215592307e-04
1.937002226237785076e-04
1.405842944672967322e-04
9.233804612412224472e-05
5.475457562724440864e-05
2.767398207330135415e-05
9.949624901091753159e-06
1.649182790128163984e-06
1.280808142273362654e-07
0.000000000000000000e+00
0.000000000000000000e+00
0.000000000000000000e+00
0.000000000000000000e+00
0.000000000000000000e+00
0.000000000000000000e+00
0.000000000000000000e+00
0.000000000000000000e+00
0.000000000000000000e+00
0.000000000000000000e+00
0.000000000000000000e+00
0.000000000000000000e+00
0.000000000000000000e+00
0.000000000000000000e+00
0.000000000000000000e+00
0.000000000000000000e+00
0.000000000000000000e+00
0.000000000000000000e+00
0.000000000000000000e+00
0.000000000000000000e+00
0.000000000000000000e+00
0.000000000000000000e+00
0.000000000000000000e+00
0.000000000000000000e+00
0.000000000000000000e+00
0.000000000000000000e+00
0.000000000000000000e+00
0.000000000000000000e+00
0.000000000000000000e+00
0.000000000000000000e+00
0.000000000000000000e+00
0.000000000000000000e+00
0.000000000000000000e+00
0.000000000000000000e+00
0.000000000000000000e+00
0.000000000000000000e+00
0.000000000000000000e+00
0.000000000000000000e+00
0.000000000000000000e+00
0.000000000000000000e+00
0.000000000000000000e+00
0.000000000000000000e+00
0.000000000000000000e+00
0.000000000000000000e+00
0.000000000000000000e+00
0.000000000000000000e+00
0.000000000000000000e+00
0.000000000000000000e+00
