0.000000000000000000e+00
0.000000000000000000e+00
0.000000000000000000e+00
0.000000000000000000e+00
0.000000000000000000e+00
0.000000000000000000e+00
0.000000000000000000e+00
0.000000000000000000e+00
0.000000000000000000e+00
0.000000000000000000e+00
0.000000000000000000e+00
0.000000000000000000e+00
0.000000000000000000e+00
0.000000000000000000e+00
0.000000000000000000e+00
0.000000000000000000e+00
0.000000000000000000e+00
0.000000000000000000e+00
0.000000000000000000e+00
0.000000000000000000e+00
0.000000000000000000e+00
0.000000000000000000e+00
0.000000000000000000e+00
0.000000000000000000e+00
0.000000000000000000e+00
0.000000000000000000e+00
1.099761747949630111e-05
1.904616251857295904e-03
2.729387307103090313e-02
1.871996019716629933e-01
7.220259459792157664e-01
1.513273515406833525e+00
2.030575453488892901e+00
2.094493733922413892e+00
1.895871578034219462e+00
1.636232282492031453e+00
1.413476288429684979e+00
1.253264146709065718e+00
1.156131735320597764e+00
1.088555862942275132e+00
1.013405663075704899e+00
9.485555637559697217e-01
9.172559236196432542e-01
9.082461046713763420e-01
9.097391125944757073e-01
9.249093403676555969e-01
9.424819773039004867e-01
9.542224114665347479e-01
9.628225311125341301e-01
9.687407022995608852e-01
9.752705090935428478e-01
9.834113190956347283e-01
9.871476465087644092e-01
9.897757320352168486e-01
9.914895256919735722e-01
9.878106510931633499e-01
9.823206494742717787e-01
9.761795218240713057e-01
9.708048524157589787e-01
9.644461274617992519e-01
9.585014310899013790e-01
9.563705336468866225e-01
9.559959339922751154e-01
9.592944968688805751e-01
9.679597557836248090e-01
9.764880501889109388e-01
9.876744284923528738e-01
9.977835275093150935e-01
1.008193476619647200e+00
1.017920089377601700e+00
1.026259504898313857e+00
1.028192591328083383e+00
1.033818719254403051e+00
1.033346349865212010e+00
1.031188597790533734e+00
1.031411240196579815e+00
1.025712176766527373e+00
1.023166564771134990e+00
1.015377564127464494e+00
1.010362366604225182e+00
1.005911970360406027e+00
1.000172056557437683e+00
9.946957416764200532e-01
9.902329698723267848e-01
9.871830324913686283e-01
9.872107704420658436e-01
9.842935186874092190e-01
9.843506347698010028e-01
9.860152342164570927e-01
9.877125190562809909e-01
9.905085473343679947e-01
9.928478918585391666e-01
9.932437375323004414e-01
9.948021615064294165e-01
9.973206019978251291e-01
9.989286370479378840e-01
9.999281279418328339e-01
9.997613712560378119e-01
1.001192020555767836e+00
1.001234177188997210e+00
1.000833996679795668e+00
1.002491965332004575e+00
1.002242355421562481e+00
1.003011741276609969e+00
1.002145521212781443e+00
1.002507183849407735e+00
1.002475683466962142e+00
1.002237763297574524e+00
1.002498314185985118e+00
1.002136118325284153e+00
1.000811803774237285e+00
1.000971509463606024e+00
1.001074820547277255e+00
1.000243547444495062e+00
9.993382555014445057e-01
9.995651417761043378e-01
9.987250301573530331e-01
9.988256844220939623e-01
9.995395052980499129e-01
9.983379939538841175e-01
9.977398938025754394e-01
9.975768405597794652e-01
9.973803068516207126e-01
9.978272797200326005e-01
9.978280357905888742e-01
9.976996103055324472e-01
9.991271054935129126e-01
9.986183095543972321e-01
9.982956954891905044e-01
9.991938241850155666e-01
9.990944041269715914e-01
9.989485391787167323e-01
1.001004767809744678e+00
1.000151102225000699e+00
1.000115953847882100e+00
1.000208898906868038e+00
1.000924698119601830e+00
1.000332241200643679e+00
1.000673825809713868e+00
1.000478150433404823e+00
9.997411703242217174e-01
1.000306066285855611e+00
9.998377126292863348e-01
9.999275582099351745e-01
9.997911656314033557e-01
1.000150358536409767e+00
1.000459513826674529e+00
9.997304025076876322e-01
9.996213623407561588e-01
9.992635165897130189e-01
1.000150515427594922e+00
9.993641174541040284e-01
1.000177040621934799e+00
1.000367883432735638e+00
9.997288375390691595e-01
9.993706584704316054e-01
1.000734388360476679e+00
9.994999854375672399e-01
1.000244019840607956e+00
9.992237435048741956e-01
9.996311707427196769e-01
1.000155068725980367e+00
1.000580892584894688e+00
1.000049632118735987e+00
9.998045315785046849e-01
1.000183630698988191e+00
1.000285371413166757e+00
1.000025699857858719e+00
9.998069940785250242e-01
9.998507345968189464e-01
1.000227335225774006e+00
1.000273901247519026e+00
9.998062132956601067e-01
1.000860597630333970e+00
1.000137115068471028e+00
1.000751250816009907e+00
9.998932407092447905e-01
1.000425029512170605e+00
9.997691107122567145e-01
1.000232765971972082e+00
9.996567051404374737e-01
9.999549840841218673e-01
1.000481817788597683e+00
1.000060171016404986e+00
1.000016238226161480e+00
1.000753173171468058e+00
1.000169051526621056e+00
1.000246445661368000e+00
9.996615911403250454e-01
9.994993361135323662e-01
9.997426709224830343e-01
9.994999174091174776e-01
1.000112967468520742e+00
1.000298671062153311e+00
9.998313998520972357e-01
9.997619807893119992e-01
9.997458035308876001e-01
1.000587598563184022e+00
9.999066057100456373e-01
9.999538734629872527e-01
1.000048828809987356e+00
1.000529427926358794e+00
1.000201822588739242e+00
1.000243677814392163e+00
9.999609492196062099e-01
1.000084997091027050e+00
1.000436159093966992e+00
1.000243653577550962e+00
1.000543788657778821e+00
1.000498206584635952e+00
1.000429245778960530e+00
1.000538131809789233e+00
1.000566795549356458e+00
1.000413682846814423e+00
9.999415045993911288e-01
1.000629502480073318e+00
9.997300363710036608e-01
9.997494037034123648e-01
1.000440251585934082e+00
9.997445865988721092e-01
1.000158060100162283e+00
1.000542142774512477e+00
9.996604122625089017e-01
1.000715968608224538e+00
1.000026160385627083e+00
1.000660701912862161e+00
1.000339392962632079e+00
1.000444331685123700e+00
1.000536783010477881e+00
1.000579738851989475e+00
1.000581234445507839e+00
1.000274480969272739e+00
1.000301695126471824e+00
1.000044968593524430e+00
1.000131823371951389e+00
1.000108095188378954e+00
1.000630110368677217e+00
1.000079579063294144e+00
1.000431943596238549e+00
1.000499027507403493e+00
1.000237952696550581e+00
9.999143045268127361e-01
1.000373423174574228e+00
1.000083857544202370e+00
9.999029620359698445e-01
1.000232766968360387e+00
1.000123388486883647e+00
1.000264997726892480e+00
1.000321846080955313e+00
1.000349060197992301e+00
1.000257855961465658e+00
9.998807012759163282e-01
1.000706215764028517e+00
1.000507122922421610e+00
9.996785668617621523e-01
1.000415549189837217e+00
1.000269269223004187e+00
1.000139813563720725e+00
9.997830262916583832e-01
1.000577535633679016e+00
1.000060946884227198e+00
1.000130159873936719e+00
9.998707308901755297e-01
9.997879996251035628e-01
1.000236087316103140e+00
1.000046077807123623e+00
1.000456847315447151e+00
1.000228353175893314e+00
1.000258995029742248e+00
1.000006780169987231e+00
1.000130604499999798e+00
1.000425144226035457e+00
1.000545354400780074e+00
1.000408911042928395e+00
1.000187313067132822e+00
1.000285462508074819e+00
1.000199685433164953e+00
1.000392631042419822e+00
1.000591326360428912e+00
1.000167888551265483e+00
1.000057347041875877e+00
9.999350706693274082e-01
1.000208100595649796e+00
1.000385659194103161e+00
1.000242235221630693e+00
9.998914397870910520e-01
1.000121288092913785e+00
1.000281745663598842e+00
1.000223111120170927e+00
1.000292143521070543e+00
1.000240190183400379e+00
9.999841043400432561e-01
1.000135741934403022e+00
1.000283081142530950e+00
1.000365417102130339e+00
1.000272204909326446e+00
1.000428977798135222e+00
1.000118406901798540e+00
1.000272293668066359e+00
1.000144923736834279e+00
1.000272520282892152e+00
1.000150783510728170e+00
1.000004275549617683e+00
1.000326555119368299e+00
9.999142856055418527e-01
9.997158754930173252e-01
1.000396816997155325e+00
1.000353024484261333e+00
9.996356166732692783e-01
1.000352797174327124e+00
1.000504762592236974e+00
1.000145761098030439e+00
1.000517580054090194e+00
1.000027446011054311e+00
1.000259819051062760e+00
9.999318011725020217e-01
1.000155459431805616e+00
1.000425195745850759e+00
9.999519873139415260e-01
1.000231096274223130e+00
1.000410973131669934e+00
1.000148920272837305e+00
1.000107148104947941e+00
1.000133721627226580e+00
1.000021812389761955e+00
1.000220784123963647e+00
1.000260495065783184e+00
9.998930934738861076e-01
1.000117480138099424e+00
1.000310554288204257e+00
9.999724360214188312e-01
1.000417239814447301e+00
1.000535432618143039e+00
1.000088684055077781e+00
1.000161897030455771e+00
1.000286907972785189e+00
1.000481037943586005e+00
1.000368775865263959e+00
1.000329760954947744e+00
1.000114991221115801e+00
9.999851822861443029e-01
1.000448302169144599e+00
1.000024004007679768e+00
9.999398990226181505e-01
1.000331711441482252e+00
1.000146673768346206e+00
9.997494418113004322e-01
9.951875110653104484e-01
9.865745697210612786e-01
9.780509758722472080e-01
9.695865125797894502e-01
9.612126565557754798e-01
9.525438680908845379e-01
9.443341668399752864e-01
9.360776249452389397e-01
9.277432740463067429e-01
9.196561024471997525e-01
9.114928986162175173e-01
9.031248070396465932e-01
8.953069816946448434e-01
8.872111648664486871e-01
8.795254008013443370e-01
8.713079532785111825e-01
8.635106339901156280e-01
8.551389123873134324e-01
8.477413078625100074e-01
8.397739429332032879e-01
8.323138753587889793e-01
8.247915377806391835e-01
8.167695972138798721e-01
8.093352134797575648e-01
8.016792811307460465e-01
7.943174496792466677e-01
7.869654162779166073e-01
7.789467133863676729e-01
7.719267840707590977e-01
7.646191896855941694e-01
7.570125044786772950e-01
7.497511208487458445e-01
7.426538589357117859e-01
7.354708656036739178e-01
7.282108914384793907e-01
7.212214178325221381e-01
7.139348876857103399e-01
7.070168063085389143e-01
7.000916800942617035e-01
6.926368361765127268e-01
6.859594917392339841e-01
6.788491204904973930e-01
6.721233324898208128e-01
6.653118213515096802e-01
6.586754139587674972e-01
6.517414379523944756e-01
6.451149235921150860e-01
6.384987478991310805e-01
6.318294320100734662e-01
6.251474345879028949e-01
6.183912639440165560e-01
6.118939818736529590e-01
6.051055457345855260e-01
5.989732750738958611e-01
5.923551604529487813e-01
5.858736255470752274e-01
5.795279769859594809e-01
5.731688236397183278e-01
5.667628926042169724e-01
5.605238103539897931e-01
5.540430988401920942e-01
5.477600862536522452e-01
5.416954182192944556e-01
5.356056017490095078e-01
5.292632143777786791e-01
5.230889660586861556e-01
5.170641313846305875e-01
5.109224439675855711e-01
5.048728793977808049e-01
4.987696602914997723e-01
4.929572775016968778e-01
4.867861553572037092e-01
4.812106111044229251e-01
4.750846933225678081e-01
4.692421928528860975e-01
4.633853614703061785e-01
4.575806607170253559e-01
4.517136188088726190e-01
4.462121194626977871e-01
4.402538839992278241e-01
4.345562899484358144e-01
4.289645301397229660e-01
4.233308895666448857e-01
4.177197937473111633e-01
4.120323793037676818e-01
4.063418975853448356e-01
4.008382585507048734e-01
3.954494114020339346e-01
3.899020270377601127e-01
3.844883463696134873e-01
3.788560362864200060e-01
3.734656703148469536e-01
3.679508779830581444e-01
3.628404125864695962e-01
3.572599371856765571e-01
3.519498678898729249e-01
3.466563389927009298e-01
3.413272755929924185e-01
3.361451194318945124e-01
3.309831499624707463e-01
3.257093987291616033e-01
3.207120734196969858e-01
3.155080356604819669e-01
3.101516574172316631e-01
3.051629017772898855e-01
3.000733860692764710e-01
2.949380681686303296e-01
2.898664346340221187e-01
2.850451066524448129e-01
2.798175679373373081e-01
2.748834017657180717e-01
2.699447290482326345e-01
2.651246652183260055e-01
2.600097282928768849e-01
2.552379200856666475e-01
2.503104396105064744e-01
2.455035972287148149e-01
2.407941896876624743e-01
2.357980689207312686e-01
2.309436470193839408e-01
2.262401118411916656e-01
2.214713922453664663e-01
2.167192343171949753e-01
2.120203671036711701e-01
2.074494445690513722e-01
2.026450058147098721e-01
1.980134640803660473e-01
1.935295726256768545e-01
1.887870663210790001e-01
1.842657976240169859e-01
1.796251989746007194e-01
1.752177927440135008e-01
1.705610765248057603e-01
1.661359218167268448e-01
1.616373264538553678e-01
1.570847138579432589e-01
1.525816916734701878e-01
1.481961381515174148e-01
1.437516328886608297e-01
1.393426089132569212e-01
1.349975215444841892e-01
1.305711103726552025e-01
1.261824141045248537e-01
1.219447797674067385e-01
1.179071206992304832e-01
1.141155428603594091e-01
1.106371523294825271e-01
1.072493160498843023e-01
1.040138486122821615e-01
1.008930069598328039e-01
9.782856646065618555e-02
9.491648107788748512e-02
9.214981080689552129e-02
8.946601706551483846e-02
8.682171676667541083e-02
8.419340766242462692e-02
8.170883582336491147e-02
7.927912225817110303e-02
7.701235708892216481e-02
7.462848529076220039e-02
7.242185055523524262e-02
7.024092607545870393e-02
6.811967811247698901e-02
6.605870097554771003e-02
6.409897824495881802e-02
6.214591658576433530e-02
6.023403369048666717e-02
5.838737529015021466e-02
5.658009862109052851e-02
5.477645042639447265e-02
5.303317523800653993e-02
5.138621810217147701e-02
4.973399273787365571e-02
4.816340985444150791e-02
4.665625709532351950e-02
4.513358462452830150e-02
4.361207691187626856e-02
4.220671515128834178e-02
4.083487006230358818e-02
3.947070875140528540e-02
3.810036360353060564e-02
3.677640677885674059e-02
3.557565943244756640e-02
3.433948121546519239e-02
3.311878480500188987e-02
3.191682704352684363e-02
3.076901420127471296e-02
2.968265887246818863e-02
2.863439060677524378e-02
2.752283964326519838e-02
2.652383625978809931e-02
2.549631117511193951e-02
2.450601665638032362e-02
2.361876497001243885e-02
2.264959651831029847e-02
2.177652093266931044e-02
2.083645733095721569e-02
2.002918737767312232e-02
1.921393430032605071e-02
1.839268980587557140e-02
1.758837876590607641e-02
1.684429807246865321e-02
1.610274969338634093e-02
1.538213549932033325e-02
1.468688988549966302e-02
1.403484363083003922e-02
1.335938631910256642e-02
1.274300513068727173e-02
1.213193543179967061e-02
1.152225364515079009e-02
1.093965306033825927e-02
1.037975652790865642e-02
9.829155979358194378e-03
9.317204601337544800e-03
8.796266839668416895e-03
8.305787508666397437e-03
7.851764779604815392e-03
7.379028581477135688e-03
6.942179050639481035e-03
6.524503027464302607e-03
6.104077188563316290e-03
5.722188063851167857e-03
5.343179371005047848e-03
4.960442311387442543e-03
4.629633135323332586e-03
4.292065337955156337e-03
3.975292062840917427e-03
3.668138402892527107e-03
3.377634522935682188e-03
3.086856522176094700e-03
2.839689016752768719e-03
2.588244439853946630e-03
2.337620035215057755e-03
2.112062438668122714e-03
1.913750395883284574e-03
1.703845159814276452e-03
1.527251717518393311e-03
1.340890628211886555e-03
1.171733675310952230e-03
1.023953227555338043e-03
8.793643665250502114e-04
7.577415463908738786e-04
6.289699691127108175e-04
5.269717054645673988e-04
4.230981369980830239e-04
3.363358328225345118e-04
2.598146970571703156e-04
1.964160504175990621e-04
1.375253739962228482e-04
9.186848449509773650e-05
5.447806781557629078e-05
2.862516574793803342e-05
1.003645393918454588e-05
1.670745767738545231e-06
1.387662602050965908e-07
0.000000000000000000e+00
0.000000000000000000e+00
0.000000000000000000e+00
0.000000000000000000e+00
0.000000000000000000e+00
0.000000000000000000e+00
0.000000000000000000e+00
0.000000000000000000e+00
0.000000000000000000e+00
0.000000000000000000e+00
0.000000000000000000e+00
0.000000000000000000e+00
0.000000000000000000e+00
0.000000000000000000e+00
0.000000000000000000e+00
0.000000000000000000e+00
0.000000000000000000e+00
0.000000000000000000e+00
0.000000000000000000e+00
0.000000000000000000e+00
0.000000000000000000e+00
0.000000000000000000e+00
0.000000000000000000e+00
0.000000000000000000e+00
0.000000000000000000e+00
0.000000000000000000e+00
0.000000000000000000e+00
0.000000000000000000e+00
0.000000000000000000e+00
0.000000000000000000e+00
0.000000000000000000e+00
0.000000000000000000e+00
0.000000000000000000e+00
0.000000000000000000e+00
0.000000000000000000e+00
0.000000000000000000e+00
0.000000000000000000e+00
0.000000000000000000e+00
0.000000000000000000e+00
0.000000000000000000e+00
0.000000000000000000e+00
0.000000000000000000e+00
0.000000000000000000e+00
0.000000000000000000e+00
0.000000000000000000e+00
0.000000000000000000e+00
0.000000000000000000e+00
0.000000000000000000e+00
