0.000000000000000000e+00
0.000000000000000000e+00
0.000000000000000000e+00
0.000000000000000000e+00
0.000000000000000000e+00
0.000000000000000000e+00
0.000000000000000000e+00
0.000000000000000000e+00
0.000000000000000000e+00
0.000000000000000000e+00
0.000000000000000000e+00
0.000000000000000000e+00
0.000000000000000000e+00
0.000000000000000000e+00
0.000000000000000000e+00
0.000000000000000000e+00
0.000000000000000000e+00
0.000000000000000000e+00
0.000000000000000000e+00
0.000000000000000000e+00
0.000000000000000000e+00
0.000000000000000000e+00
0.000000000000000000e+00
0.000000000000000000e+00
0.000000000000000000e+00
0.000000000000000000e+00
2.749300148754472268e-05
1.848377875416563898e-03
2.719300399244565722e-02
1.866112315488548667e-01
7.199479628475256021e-01
1.514733909801663891e+00
2.029928160289282690e+00
2.094600147618808528e+00
1.892886291100475349e+00
1.634990560446219376e+00
1.416431415037520569e+00
1.250912710312412468e+00
1.150752356189425951e+00
1.085596555175215139e+00
1.012331352487023883e+00
9.468132776178120880e-01
9.138538821983102078e-01
9.052586564078215492e-01
9.096909765886067589e-01
9.256353337482056132e-01
9.413728862462167335e-01
9.539637371263162136e-01
9.626202208340565170e-01
9.689498443946259476e-01
9.754985340108114356e-01
9.845534172882692836e-01
9.858758732575204631e-01
9.903885255452239411e-01
9.927286793397436249e-01
9.877769674885075180e-01
9.827781909869015564e-01
9.764240098418560665e-01
9.700932534998862877e-01
9.629271502081236944e-01
9.570418291720697024e-01
9.542534353158906857e-01
9.552449283508347433e-01
9.591604455438610399e-01
9.662354959124139775e-01
9.791874245609909488e-01
9.879670814925421984e-01
9.978991164420172311e-01
1.008933829316579711e+00
1.018860890474574843e+00
1.024470066435974935e+00
1.030647187154285049e+00
1.031271984996821933e+00
1.034139977600385230e+00
1.032563348097145450e+00
1.030198750847409750e+00
1.027766441466138492e+00
1.022216058225832169e+00
1.019049057693812488e+00
1.012835359332330487e+00
1.006193855958148031e+00
1.001762643655871976e+00
9.956521044615914695e-01
9.918194154786701411e-01
9.895080449493139918e-01
9.861923458477003246e-01
9.856177559443785041e-01
9.856015573675733776e-01
9.872198885402369006e-01
9.882275744468544953e-01
9.895388187301066285e-01
9.920399464271575374e-01
9.942523023859903830e-01
9.961616796837274856e-01
9.985316889606323798e-01
9.990978296067766218e-01
1.001201513973817070e+00
1.001124188087452183e+00
1.002146365207736256e+00
1.001981049984363326e+00
1.001926281303366917e+00
1.002684872903542468e+00
1.004180439044367379e+00
1.003617221828046580e+00
1.003192142356446936e+00
1.003978832265296273e+00
1.003568420598206057e+00
1.004083188109011981e+00
1.003863687444691344e+00
1.003012838632661996e+00
1.001762548790170460e+00
1.001406965292157558e+00
1.001515319729852971e+00
1.000667890304481666e+00
1.000673343007083771e+00
1.001293410367342096e+00
1.000379606207289829e+00
9.993500509975862256e-01
9.990200649422819046e-01
9.986852444435836418e-01
9.990659234753345164e-01
9.978903565867917047e-01
9.988515881867596757e-01
9.983535789619787382e-01
9.984051043245401047e-01
9.989897487028529532e-01
9.992832614632191079e-01
1.000205838852965989e+00
1.000066188054373972e+00
1.000062555120750041e+00
1.000481964168455695e+00
1.000384632478617863e+00
1.000530844230740346e+00
1.000568447002180061e+00
1.000869611307981799e+00
1.001030629914812620e+00
1.001034951499220726e+00
1.001497835012112203e+00
1.001652374711437199e+00
1.000798224407438042e+00
1.001403319547741422e+00
1.000736646443826316e+00
1.000940319020792391e+00
1.000808028995203713e+00
1.001084917998394053e+00
1.001181050794857974e+00
1.001089872581510498e+00
1.000105736746974339e+00
9.999454472144105877e-01
1.000596876487024778e+00
1.001026134457685179e+00
1.000194936545677926e+00
1.000832244243158531e+00
9.998063043791174387e-01
9.998344438825385039e-01
1.000227313377529237e+00
1.000872262331994111e+00
9.998351069014307368e-01
1.000237463038311958e+00
1.000917755773203632e+00
1.000355443792037891e+00
1.000655812276993295e+00
1.000247252083382055e+00
1.000911009619548375e+00
1.000221885353183238e+00
1.000791747702607370e+00
1.000847578280379624e+00
1.000730393834553533e+00
1.001196596807667705e+00
1.000287729338934950e+00
1.001582565989135309e+00
1.000086432943062320e+00
1.000844599820623015e+00
1.000642922897791331e+00
1.000964907551500582e+00
1.000911295915565935e+00
1.001456863055379287e+00
1.001259831893510865e+00
1.000585702641176189e+00
1.000652945912740233e+00
1.000228545994413576e+00
1.000488929972590979e+00
1.000795103540447872e+00
1.000888164791617019e+00
1.000870722609341401e+00
1.000231865894652072e+00
1.000965299755131932e+00
1.000828840753931415e+00
1.000474704823794525e+00
1.000469434553963755e+00
1.000071162094020139e+00
1.000934220232890581e+00
9.998082642946299892e-01
1.000276739839974338e+00
1.000746346201953685e+00
1.000194432469659667e+00
1.000537138839777240e+00
1.000300175065220731e+00
1.000857336382958929e+00
1.001124096429105048e+00
1.000208334003334754e+00
1.000461445034599439e+00
1.000370343953086660e+00
1.000650954592177344e+00
1.000441000513325962e+00
1.000728643852122790e+00
1.000821711928681745e+00
1.000586035721313438e+00
9.999777391471234012e-01
1.000499347851404375e+00
1.000520747319439741e+00
1.000293179485284512e+00
1.000040794431996893e+00
1.000600275051585886e+00
9.997898688891793118e-01
1.000324720212336205e+00
9.999043785738164214e-01
1.000862314329121538e+00
1.000095514478577696e+00
1.000286043169209549e+00
1.000434526136925406e+00
1.000415663142673051e+00
1.000337142263653112e+00
1.000077639707522170e+00
1.000214981550820781e+00
1.000783470591911195e+00
1.000093936515250803e+00
1.000500424195528426e+00
1.000157066692511698e+00
1.000489312121504826e+00
1.000420174927934003e+00
1.000307758800757174e+00
1.000427377279333507e+00
1.000354838397961021e+00
1.000643514359007558e+00
1.000200675887643831e+00
1.000481707617541183e+00
9.999369865154924542e-01
1.000760840415017894e+00
1.000588011580046288e+00
1.000657059920040837e+00
1.000476645697804257e+00
1.000193128245594920e+00
1.000194775034786376e+00
1.000124882856209929e+00
9.999042690635743247e-01
1.000579439284257077e+00
1.000553334089020474e+00
1.000159977315844939e+00
1.000508729359960602e+00
1.000553010665262033e+00
1.000274272344739757e+00
9.997338981224286325e-01
1.000988478514645674e+00
1.000090891196464105e+00
1.000562317738240115e+00
1.000849085472748090e+00
1.000451182067754186e+00
1.000537929456304598e+00
1.000559506784639785e+00
9.997706472376206577e-01
1.000124664438165167e+00
1.000116920715299562e+00
1.000328163098896939e+00
1.000156219134322733e+00
1.000153460486889356e+00
9.998482559627537292e-01
1.000379276548354790e+00
1.000476544744818286e+00
1.000023639567334754e+00
9.997309988948634984e-01
1.000007492579866764e+00
1.000077432925037701e+00
9.997995766367757664e-01
1.000056171900313817e+00
1.000176515647920539e+00
1.000134696001362400e+00
9.999668008515926187e-01
1.000288562647802859e+00
1.000082765310078114e+00
9.999024246974639318e-01
9.998355656875199671e-01
9.997292537382502786e-01
1.000143623507898427e+00
1.000234473419904235e+00
9.999315697540993586e-01
9.999595450563050214e-01
1.000019703848871178e+00
1.000483723414929305e+00
1.000295419782090356e+00
1.000056934925927621e+00
1.000163259346562361e+00
1.000266104824021784e+00
1.000430360633234983e+00
1.000433381896230101e+00
9.998500501929600270e-01
9.999767218401333091e-01
1.000107330280376239e+00
9.999109604738329882e-01
1.000116440006579399e+00
1.000472386190570884e+00
9.998687182581621480e-01
1.000006630338772018e+00
1.000111375173245998e+00
1.000062684839947869e+00
9.998248724192396741e-01
1.000263851765672563e+00
1.000330460817445033e+00
1.000013601937006946e+00
9.998055289840972470e-01
1.000051732250366143e+00
9.997601990673911088e-01
1.000162579314750388e+00
9.998225017878816789e-01
1.000131515654723025e+00
1.000313368380519430e+00
1.000153708576237754e+00
9.998854936920941183e-01
1.000314762926436840e+00
9.998498221857361479e-01
1.000002920374165605e+00
1.000051415025251744e+00
1.000097382477249441e+00
1.000235003017036384e+00
1.000072253936138633e+00
9.999585943921017739e-01
1.000229968637857958e+00
9.999230616634046109e-01
1.000278365238246314e+00
1.000244321971000216e+00
1.000069268585109805e+00
1.000407782321373507e+00
1.000101387264731301e+00
1.000041989254410568e+00
9.998214290967246676e-01
1.000237805512186107e+00
1.000134935218186305e+00
9.997933452533218635e-01
1.000134512715126656e+00
9.998557765117570550e-01
1.000374796367515806e+00
1.000135332186699033e+00
1.000272740074602318e+00
1.000352911181865645e+00
9.999436298326956907e-01
1.000241177502278589e+00
9.999122243001186128e-01
9.951581016271531244e-01
9.863486141409718577e-01
9.782336291800449724e-01
9.692184294646379872e-01
9.612660520968262512e-01
9.523172726852212611e-01
9.443343116395865877e-01
9.358875693012798092e-01
9.275236008839724544e-01
9.195812226313571092e-01
9.112387943057527195e-01
9.033587816949586458e-01
8.951408193670903346e-01
8.869728821410011177e-01
8.789951534551734280e-01
8.712831242066858550e-01
8.630257864288884972e-01
8.553496421981379161e-01
8.473228151900109584e-01
8.397137616802263782e-01
8.320521975432458861e-01
8.243337102567583896e-01
8.167109444337984359e-01
8.091770346243000178e-01
8.012379495361821036e-01
7.940115256693867085e-01
7.865856711670965451e-01
7.789251712782282455e-01
7.720591449573929177e-01
7.644498189157250545e-01
7.568864671562488544e-01
7.500310555220880415e-01
7.421283497634464377e-01
7.354552829064395780e-01
7.281871878226836570e-01
7.211873213514566894e-01
7.138747394054942852e-01
7.066962140862907971e-01
6.997348544837327378e-01
6.930713687498915032e-01
6.858583129717717997e-01
6.788019970676506532e-01
6.719430091248080883e-01
6.653748852047199902e-01
6.584041295500228097e-01
6.517338036787178046e-01
6.449207989063302504e-01
6.381263260600509302e-01
6.315776025774074709e-01
6.248474597519464435e-01
6.185359286695110148e-01
6.115741243412506911e-01
6.054938120456549999e-01
5.987437542974159976e-01
5.922626811960164384e-01
5.860928923478847530e-01
5.794719238095625835e-01
5.728929920398017073e-01
5.665827823718939671e-01
5.603526388239447042e-01
5.541257500176574036e-01
5.478230984303982254e-01
5.416209488312542231e-01
5.355085934902649170e-01
5.294418861248155750e-01
5.230155070303467157e-01
5.171238088871622507e-01
5.111251532846815548e-01
5.049892994819279446e-01
4.987956338289096236e-01
4.928917985766975707e-01
4.869349283990935806e-01
4.811354451825591849e-01
4.751116758798564765e-01
4.692372954380704120e-01
4.633820313495669585e-01
4.576976762255038911e-01
4.517385431622277792e-01
4.459353384592855685e-01
4.402977231126087854e-01
4.346843120685207618e-01
4.289447780507937846e-01
4.232129108868152856e-01
4.176224840805108918e-01
4.120448647854306756e-01
4.064165289945746995e-01
4.009868700702608479e-01
3.952469850261282613e-01
3.898747041515052691e-01
3.844723731039983994e-01
3.789435849951824919e-01
3.734920033147183793e-01
3.680318168160961467e-01
3.627355059019239936e-01
3.572212924823943148e-01
3.520312552328568878e-01
3.466832320139032197e-01
3.414234411888850684e-01
3.360837709794479156e-01
3.309021850340527204e-01
3.257412715671877956e-01
3.205912903733058039e-01
3.152518076829992633e-01
3.103476542539194138e-01
3.050761628413038995e-01
2.999473569781518356e-01
2.950929573304362230e-01
2.899594474921542986e-01
2.848306370656844000e-01
2.798643904801296767e-01
2.748877423830852762e-01
2.700015846943413789e-01
2.649766686681860883e-01
2.599662726912433941e-01
2.551214639751495095e-01
2.502021600300981530e-01
2.455228010881684575e-01
2.405940101979659740e-01
2.357559282263162470e-01
2.309301191044222101e-01
2.261800636276077858e-01
2.214064307673278831e-01
2.166690597534593754e-01
2.120007464757616145e-01
2.073189916862122339e-01
2.026756215885056611e-01
1.980357397794623164e-01
1.932937848060763408e-01
1.886988642201978816e-01
1.841927511588651589e-01
1.796381221099945247e-01
1.749983430223868985e-01
1.704944965295994430e-01
1.659652849803734120e-01
1.614889465852284711e-01
1.569898794215310034e-01
1.525289918241645171e-01
1.480997735737651089e-01
1.436652473475353298e-01
1.392682750419872717e-01
1.348547202929606392e-01
1.304972363143661052e-01
1.261948441143188882e-01
1.218703008401023496e-01
1.177991718312324243e-01
1.140706333110215603e-01
1.105420185460251753e-01
1.071826000208988272e-01
1.039313224558982701e-01
1.008566599134076008e-01
9.778834698814442561e-02
9.491763849060035063e-02
9.208435791894581390e-02
8.936947891545708733e-02
8.668701645619758533e-02
8.422634076006427217e-02
8.162507774397734228e-02
7.931896573949816232e-02
7.687553591143528320e-02
7.458561415473193013e-02
7.239983773216092378e-02
7.021350077203841744e-02
6.804961515401908301e-02
6.597948160557297326e-02
6.398978503650194771e-02
6.206648742344739178e-02
6.016697184378645008e-02
5.825965312989641459e-02
5.649368034399868121e-02
5.473664904318876340e-02
5.305027183047598960e-02
5.131477360198287430e-02
4.971618101760218872e-02
4.815318819761103819e-02
4.655893707356590500e-02
4.505091823681294655e-02
4.360027772775817989e-02
4.218648684338083266e-02
4.077047537795373128e-02
3.939851007139494321e-02
3.804318227796170404e-02
3.678328081788594106e-02
3.551836046050611817e-02
3.426974678098950594e-02
3.306590905080620396e-02
3.193379899843674236e-02
3.075370964462306733e-02
2.966981393070755244e-02
2.857992130517553880e-02
2.751247151618846018e-02
2.646770475680574816e-02
2.547309108825982285e-02
2.450736984422992662e-02
2.355852884181608431e-02
2.262260790580187739e-02
2.176166817241843507e-02
2.086100418383487337e-02
2.002471582386292082e-02
1.918927463808433806e-02
1.838087237658686882e-02
1.762368221576478614e-02
1.683413497642499701e-02
1.607801793986174746e-02
1.541417516656170758e-02
1.468386991658984959e-02
1.402057244239852951e-02
1.334894677382828833e-02
1.274227088266063727e-02
1.211425505430835728e-02
1.151650467144332488e-02
1.094981227148552477e-02
1.038313921076244699e-02
9.831781178908489960e-03
9.309512728103964962e-03
8.815127370504327597e-03
8.316249987552405687e-03
7.858764385974929823e-03
7.366557134139853011e-03
6.958158376500639571e-03
6.525049921890604433e-03
6.096159426672716555e-03
5.725806807931217539e-03
5.347311031166604445e-03
4.977708346203564040e-03
4.638006361860894620e-03
4.294801180488625782e-03
3.972980911890996829e-03
3.685059110135227838e-03
3.376760237111830956e-03
3.114057536272717575e-03
2.828731343271966969e-03
2.593708387358513012e-03
2.347800701328240421e-03
2.125310549222072382e-03
1.914774246917174804e-03
1.710677824441286582e-03
1.518879679575436178e-03
1.345270907614788203e-03
1.181568898667177594e-03
1.023510244887312947e-03
8.789394281761735758e-04
7.536985684160415772e-04
6.296573529701715837e-04
5.256005429745287108e-04
4.275193281221757085e-04
3.407343468245788024e-04
2.614603545842374404e-04
1.916445352758347075e-04
1.399050923687990614e-04
9.128976043049678260e-05
5.480052220252437667e-05
2.755674205866185782e-05
9.982347185863414221e-06
1.767067960216805513e-06
3.202176923545926055e-08
0.000000000000000000e+00
0.000000000000000000e+00
0.000000000000000000e+00
0.000000000000000000e+00
0.000000000000000000e+00
0.000000000000000000e+00
0.000000000000000000e+00
0.000000000000000000e+00
0.000000000000000000e+00
0.000000000000000000e+00
0.000000000000000000e+00
0.000000000000000000e+00
0.000000000000000000e+00
0.000000000000000000e+00
0.000000000000000000e+00
0.000000000000000000e+00
0.000000000000000000e+00
0.000000000000000000e+00
0.000000000000000000e+00
0.000000000000000000e+00
0.000000000000000000e+00
0.000000000000000000e+00
0.000000000000000000e+00
0.000000000000000000e+00
0.000000000000000000e+00
0.000000000000000000e+00
0.000000000000000000e+00
0.000000000000000000e+00
0.000000000000000000e+00
0.000000000000000000e+00
0.000000000000000000e+00
0.000000000000000000e+00
0.000000000000000000e+00
0.000000000000000000e+00
0.000000000000000000e+00
0.000000000000000000e+00
0.000000000000000000e+00
0.000000000000000000e+00
0.000000000000000000e+00
0.000000000000000000e+00
0.000000000000000000e+00
0.000000000000000000e+00
0.000000000000000000e+00
0.000000000000000000e+00
0.000000000000000000e+00
0.000000000000000000e+00
0.000000000000000000e+00
0.000000000000000000e+00
