0.000000000000000000e+00
0.000000000000000000e+00
0.000000000000000000e+00
0.000000000000000000e+00
0.000000000000000000e+00
0.000000000000000000e+00
0.000000000000000000e+00
0.000000000000000000e+00
0.000000000000000000e+00
0.000000000000000000e+00
0.000000000000000000e+00
0.000000000000000000e+00
0.000000000000000000e+00
0.000000000000000000e+00
0.000000000000000000e+00
0.000000000000000000e+00
0.000000000000000000e+00
0.000000000000000000e+00
0.000000000000000000e+00
0.000000000000000000e+00
0.000000000000000000e+00
0.000000000000000000e+00
0.000000000000000000e+00
0.000000000000000000e+00
0.000000000000000000e+00
0.000000000000000000e+00
5.498088017141015374e-05
1.705250535481172159e-03
2.718096338251962951e-02
1.857508547737622695e-01
7.199223949934203670e-01
1.511055575229093062e+00
2.032056666227127550e+00
2.093537973901550497e+00
1.898672487116918495e+00
1.629332471177163955e+00
1.409355145732289039e+00
1.247210171671093049e+00
1.152356636046996563e+00
1.086611543237550048e+00
1.009515711271738336e+00
9.466309027285272348e-01
9.116566446915718158e-01
9.050008666673589053e-01
9.101912005225650804e-01
9.240607034950419907e-01
9.377439453003848513e-01
9.542462344827660203e-01
9.623975715889989679e-01
9.669338167270696838e-01
9.731410253398699028e-01
9.815732163130165278e-01
9.850513256894923853e-01
9.919906884058814489e-01
9.904183583574445171e-01
9.854848814238386101e-01
9.829854044829752224e-01
9.779167228724447991e-01
9.695865237449594609e-01
9.635344046564813247e-01
9.563545057685159945e-01
9.550149648563150961e-01
9.546596951101037343e-01
9.598352749382013105e-01
9.657175903141991258e-01
9.762637582602057273e-01
9.878479683894129115e-01
9.986375436431206287e-01
1.008266244935805078e+00
1.019090534349400556e+00
1.025037323383045429e+00
1.028942316834314807e+00
1.032257289781790099e+00
1.033007197471889294e+00
1.031505660546839565e+00
1.030470608034701252e+00
1.026668421400872111e+00
1.021737652594719936e+00
1.017762897593577076e+00
1.012194185943690483e+00
1.008648685110853593e+00
1.000418839707941210e+00
9.961561833536343169e-01
9.920836788404049367e-01
9.892352297270159411e-01
9.862848166824125240e-01
9.862190271372799355e-01
9.859182586976196205e-01
9.876889694281753007e-01
9.876452469100397424e-01
9.913537209576347431e-01
9.932154171688887256e-01
9.944670089517273492e-01
9.978060786208010624e-01
9.978332979120401180e-01
9.991499720574018584e-01
1.000430675271051673e+00
1.001215739612863809e+00
1.001527246844099883e+00
1.001475431336998234e+00
1.002879709712712897e+00
1.003615832246995909e+00
1.003973681869463785e+00
1.003615278984469006e+00
1.003991179774088582e+00
1.004710651842000368e+00
1.003821840479425243e+00
1.004701370856039055e+00
1.002455153645917640e+00
1.001966445498025271e+00
1.001641072936300336e+00
1.001050900489058870e+00
1.001124537132523251e+00
1.000983822407855328e+00
1.000847555123143051e+00
1.000485447975751674e+00
9.988234450033174339e-01
9.994309130055367696e-01
9.993523989882794334e-01
9.990275552995263597e-01
9.985936190762764175e-01
9.982718886606029018e-01
9.988704655464986093e-01
9.984894358302820461e-01
9.984966875071096259e-01
9.976840722932075467e-01
9.976165934071200558e-01
9.995988602416064905e-01
9.985425257127821252e-01
9.992118374141829573e-01
9.998683809638786446e-01
1.000796773665300732e+00
9.992140552613858473e-01
9.987837183829092469e-01
1.000553730070372183e+00
9.999947274435740940e-01
1.000484295910418320e+00
1.000311011646371373e+00
1.000684185710026375e+00
1.000849242179075782e+00
1.000433084532541761e+00
1.001224689741515794e+00
1.000532728235990820e+00
1.000462947707330130e+00
9.991447121589313030e-01
9.999534231967345255e-01
9.994100760357433888e-01
9.995125772951373166e-01
9.992395916642082820e-01
9.991256334152950336e-01
9.995550319020073404e-01
9.995295700424036145e-01
9.990726198321538964e-01
9.992564119980037463e-01
9.994908746168136293e-01
1.000147221636036754e+00
9.985222531606900986e-01
9.995601393553407155e-01
9.993868048711919139e-01
9.996990103049626653e-01
9.988791118656910051e-01
9.994670152895607229e-01
1.000075389831329709e+00
9.990415996803814203e-01
9.997197229072544156e-01
9.994334943812126504e-01
9.995671507007839462e-01
9.997484608827382768e-01
9.994631031736633808e-01
1.000085131549949713e+00
9.994539905257338042e-01
9.996327420680164444e-01
1.000159602635915190e+00
1.000207706186940548e+00
9.997076378354957660e-01
1.000282582842280998e+00
1.000077651560022707e+00
9.995699290967170469e-01
9.996329820077467510e-01
9.998914560411438224e-01
1.000574483596391895e+00
9.999866220675639461e-01
9.994602771361752458e-01
9.999556996641478790e-01
9.996339005587858706e-01
1.000072245096473633e+00
1.000181285687472554e+00
9.994126029491888774e-01
9.996458712303871730e-01
9.994075818543871614e-01
1.000204952766685640e+00
9.997439823749774135e-01
9.998369333205006093e-01
1.000304212520033431e+00
9.998710206848820947e-01
9.998820085387063461e-01
9.995977668533694294e-01
1.000232918587356412e+00
1.000154227150672481e+00
9.998057348513413878e-01
9.999220760755905824e-01
1.000594111149832210e+00
9.998695841084355163e-01
9.996123179169769113e-01
1.000094148930101179e+00
1.000448783806977993e+00
9.999584778240304672e-01
9.999531832267236631e-01
9.998160016521987492e-01
1.000007320436527625e+00
1.000109797068126083e+00
9.996242893540260299e-01
9.997467530772410349e-01
9.998622904859005844e-01
1.000063566005889859e+00
1.000089421869625905e+00
9.993851362339398747e-01
1.000465006528779677e+00
9.999701489900174600e-01
9.998049413225951199e-01
9.998334207924483019e-01
1.000347015033690834e+00
9.998799975900575232e-01
1.000454240283330742e+00
9.999104879841821392e-01
1.000014912245041243e+00
1.000026428998424866e+00
9.997115572640906667e-01
9.996980929685791439e-01
1.000187155083620327e+00
1.000136767717832109e+00
1.000030613124728296e+00
1.000415035791512253e+00
1.000153420651349379e+00
1.000468200157974330e+00
9.999389962701639156e-01
1.000313659292034973e+00
1.000660056961183209e+00
9.999179434189436888e-01
1.000543328832732337e+00
9.999448899568555982e-01
1.000385223351460295e+00
1.000205073576961201e+00
1.000500034017127282e+00
1.000106441651565925e+00
1.000570464172778840e+00
1.000230428027604423e+00
1.000231099073309649e+00
9.998385553962473304e-01
1.000082282380178489e+00
1.000177952393879188e+00
1.000149946216861707e+00
1.000161931042160779e+00
9.999930373069594314e-01
1.000422675640908032e+00
1.000259226925615863e+00
1.000186057824633323e+00
1.000372417246168766e+00
1.000662572331941336e+00
9.999879918741225726e-01
1.000254845922417646e+00
1.000017708762471091e+00
9.998493486703387001e-01
1.000781163438970056e+00
1.000056305143040669e+00
9.998938576607553363e-01
1.000405316382624976e+00
1.000184730582592385e+00
1.000461054843122088e+00
1.000352346840460038e+00
1.000323550821550000e+00
1.000393814871808562e+00
1.000164395633590386e+00
9.997636791711681514e-01
9.998590718344365635e-01
1.000372308174675373e+00
9.999251968480067365e-01
1.000321584551009391e+00
1.000074490632377300e+00
1.000361157545926805e+00
1.000025654052581370e+00
9.999423552018475991e-01
1.000228064815638307e+00
9.999687679956398290e-01
1.000502482224953527e+00
1.000378476925103399e+00
1.000080480984191000e+00
1.000174138734233109e+00
1.000093172867543956e+00
1.000034240286581388e+00
1.000171457308728584e+00
1.000024861670529619e+00
1.000364643219217919e+00
1.000315996664674856e+00
9.998182333565592828e-01
1.000065966982889076e+00
1.000164761985059325e+00
1.000534960487904135e+00
9.998946842599645279e-01
1.000151333702812728e+00
1.000010433401355092e+00
1.000225848155681163e+00
1.000138976442004557e+00
1.000241473301930251e+00
1.000130685907646644e+00
1.000033880691733268e+00
1.000115293284725926e+00
9.999035772282566237e-01
1.000201367139618602e+00
1.000119289841145287e+00
1.000264564172649084e+00
1.000302119024328418e+00
1.000072482820081987e+00
1.000148849627045200e+00
1.000256729324314753e+00
1.000361846445819269e+00
9.999927218970117160e-01
1.000141459927634147e+00
9.998384731095271150e-01
1.000227061230462233e+00
1.000257483002768399e+00
1.000236978484286832e+00
1.000008403212076180e+00
1.000053886940663439e+00
1.000216857725877873e+00
9.998938607161266257e-01
1.000030140162288417e+00
1.000188667623430394e+00
1.000550774628611972e+00
1.000316945655367773e+00
1.000255128408755967e+00
1.000414548770333090e+00
1.000546589470489689e+00
1.000154770844453145e+00
1.000073980692096853e+00
1.000443594218174415e+00
1.000303833735315395e+00
1.000250710389985809e+00
1.000349795948500375e+00
1.000381580022204231e+00
9.999885044402716527e-01
1.000131586989140731e+00
1.000061933037315720e+00
1.000027811864748095e+00
1.000016602915841935e+00
9.999670947869271354e-01
9.997896383044473367e-01
9.951338830213402042e-01
9.863571903361338933e-01
9.781315534999881489e-01
9.691432192428213188e-01
9.610797018896956034e-01
9.530041955851188407e-01
9.441769279968333928e-01
9.358958460168823601e-01
9.276928678233348213e-01
9.194107493777744500e-01
9.114676665227887664e-01
9.029796351017580491e-01
8.947885475894793439e-01
8.868643371889964877e-01
8.789379640454746401e-01
8.710918710969677292e-01
8.629718886648044540e-01
8.552805615035853348e-01
8.474011484819323758e-01
8.396945487704795541e-01
8.320754360643641823e-01
8.244281282926125831e-01
8.165573595912464233e-01
8.090208280836792554e-01
8.015685261383532767e-01
7.940839888464736873e-01
7.866243836363168151e-01
7.791496816330419906e-01
7.717197327114115879e-01
7.643639972601935506e-01
7.569475613835211503e-01
7.497577567235865770e-01
7.425723124779001205e-01
7.353418225115160300e-01
7.280525123919947550e-01
7.207508908128799074e-01
7.140444798386458292e-01
7.068497244481463104e-01
6.999169269870095800e-01
6.927207971158996225e-01
6.855981207766748131e-01
6.788838443550688773e-01
6.720357216570321812e-01
6.651124141206772311e-01
6.584404647430150970e-01
6.517855280955177077e-01
6.450519905401156384e-01
6.384173929168315276e-01
6.313564960725421837e-01
6.250562863765365407e-01
6.183185457466628954e-01
6.114798940513322956e-01
6.052363666600730774e-01
5.986388608557960955e-01
5.920166587121683532e-01
5.856982047514260881e-01
5.792420959203987696e-01
5.729897160908956621e-01
5.667724926699559962e-01
5.603402534189693140e-01
5.539498314011180868e-01
5.477659048224043925e-01
5.414046212535700286e-01
5.354333809389186793e-01
5.292166942710146982e-01
5.230145276937133714e-01
5.171584016457678734e-01
5.111926300676472579e-01
5.048074220359073383e-01
4.988434342476883998e-01
4.929908060332194863e-01
4.868868509462891958e-01
4.810862094220790253e-01
4.751543945551887638e-01
4.692761281892083858e-01
4.632144747507550009e-01
4.575863317009879472e-01
4.517523646079387722e-01
4.460461404643881744e-01
4.402976095870320128e-01
4.345869135786731841e-01
4.288042675196482301e-01
4.233950143940069522e-01
4.175435714555802424e-01
4.118904817211275771e-01
4.064740171121662970e-01
4.007504601984659964e-01
3.953234964273557583e-01
3.898460569748699589e-01
3.842998333271738232e-01
3.788014373509898669e-01
3.734039682710366126e-01
3.680176399748684157e-01
3.627563978768610919e-01
3.573713966728120917e-01
3.521414744933279439e-01
3.468545968350802422e-01
3.413971241070629659e-01
3.363418714082100358e-01
3.309573168798354281e-01
3.257154551313518054e-01
3.205897952342715573e-01
3.154005756077919997e-01
3.103434943653516909e-01
3.050118250948459231e-01
2.999793648222603415e-01
2.948712096056348431e-01
2.899254980167744189e-01
2.849636558105956841e-01
2.799073035901665785e-01
2.749294157701432928e-01
2.699994824322505815e-01
2.649366011295706813e-01
2.599897796044509102e-01
2.551524134836675173e-01
2.502539291023896384e-01
2.454466865245953089e-01
2.406487675334266219e-01
2.357916838925660230e-01
2.310216513806765959e-01
2.262133210506235281e-01
2.214669766058148803e-01
2.166752206683729420e-01
2.119447475468148601e-01
2.073883140832809835e-01
2.026104199185685684e-01
1.979727159181181861e-01
1.933912694288605627e-01
1.887452435560627306e-01
1.841123074969610307e-01
1.796229441194807652e-01
1.750355524071260105e-01
1.704523786645608940e-01
1.660314410832603171e-01
1.614499338555642205e-01
1.569861010725239481e-01
1.525698033847753821e-01
1.481115062495964030e-01
1.436593330434214055e-01
1.392400617484067515e-01
1.350017301626408872e-01
1.305560678306559586e-01
1.262078891732476282e-01
1.218906616494262601e-01
1.177984592563292854e-01
1.141248956660228520e-01
1.104482722281667495e-01
1.071813311750089009e-01
1.039486442355373880e-01
1.007529163071095024e-01
9.787364165445754105e-02
9.493110950988306596e-02
9.211646758215058517e-02
8.935339895387282849e-02
8.680474839750035310e-02
8.419676291005198654e-02
8.167849233886921578e-02
7.926384596619766298e-02
7.686885732988907316e-02
7.462409245740482533e-02
7.240862509856278717e-02
7.016415876404191732e-02
6.805890923734532472e-02
6.603329940891616845e-02
6.404004127826783133e-02
6.210735340640913954e-02
6.017608405380159287e-02
5.829661692248896271e-02
5.648494415174110800e-02
5.477244093229051425e-02
5.304088832873289638e-02
5.140197605640264150e-02
4.972631519920520105e-02
4.817099403272342983e-02
4.660971843473740717e-02
4.513605660203912767e-02
4.362297323711714775e-02
4.214321174974427348e-02
4.079848895949458182e-02
3.936395618005798097e-02
3.809289964474549262e-02
3.677849903253120611e-02
3.553148234707132619e-02
3.430119940898931213e-02
3.311027480757831876e-02
3.191687896161364557e-02
3.073706031611789929e-02
2.964193634688572221e-02
2.859146518090205369e-02
2.750888870239329501e-02
2.645494714147988632e-02
2.548133096020751068e-02
2.449528230520559013e-02
2.353732661408245927e-02
2.262384522255768415e-02
2.172223375961952058e-02
2.083370017536902152e-02
1.998421971854586615e-02
1.917371854518324856e-02
1.838253445511215181e-02
1.757313985064096196e-02
1.681606058714037524e-02
1.609519122520937720e-02
1.538254037482194268e-02
1.467654750357974200e-02
1.398915922405336715e-02
1.334752665070752450e-02
1.270547924779083689e-02
1.211900787488200126e-02
1.149862379261366342e-02
1.092671449133161485e-02
1.034117044619567265e-02
9.822230386641208136e-03
9.309468929912342872e-03
8.778493763734612071e-03
8.283927306956366532e-03
7.819469890456547806e-03
7.375965025831664884e-03
6.933830904346967305e-03
6.521349665232321555e-03
6.105938938267899997e-03
5.697625770176278220e-03
5.331025434414833619e-03
4.961381973329048387e-03
4.624557295122705414e-03
4.276351658094442940e-03
3.970697058996743717e-03
3.674069060759008361e-03
3.366582059339200995e-03
3.094747658343943286e-03
2.835484350945022703e-03
2.583612891658647846e-03
2.335979799158822198e-03
2.111911663118694674e-03
1.908383528610253050e-03
1.697442203650304264e-03
1.516832788643157365e-03
1.335786860795969274e-03
1.173202144968698646e-03
1.019901201165470707e-03
8.731294611513915364e-04
7.469385489276567439e-04
6.272874211076775097e-04
5.213322786692700618e-04
4.247644315080150302e-04
3.364127456196684554e-04
2.622472275975803882e-04
1.939538647578539115e-04
1.368213364300811916e-04
9.263783091204888358e-05
5.407072403862589791e-05
2.707984620211489578e-05
1.007811551100874663e-05
1.820445855439003596e-06
7.471050045264896668e-08
0.000000000000000000e+00
0.000000000000000000e+00
0.000000000000000000e+00
0.000000000000000000e+00
0.000000000000000000e+00
0.000000000000000000e+00
0.000000000000000000e+00
0.000000000000000000e+00
0.000000000000000000e+00
0.000000000000000000e+00
0.000000000000000000e+00
0.000000000000000000e+00
0.000000000000000000e+00
0.000000000000000000e+00
0.000000000000000000e+00
0.000000000000000000e+00
0.000000000000000000e+00
0.000000000000000000e+00
0.000000000000000000e+00
0.000000000000000000e+00
0.000000000000000000e+00
0.000000000000000000e+00
0.000000000000000000e+00
0.000000000000000000e+00
0.000000000000000000e+00
0.000000000000000000e+00
0.000000000000000000e+00
0.000000000000000000e+00
0.000000000000000000e+00
0.000000000000000000e+00
0.000000000000000000e+00
0.000000000000000000e+00
0.000000000000000000e+00
0.000000000000000000e+00
0.000000000000000000e+00
0.000000000000000000e+00
0.000000000000000000e+00
0.000000000000000000e+00
0.000000000000000000e+00
0.000000000000000000e+00
0.000000000000000000e+00
0.000000000000000000e+00
0.000000000000000000e+00
0.000000000000000000e+00
0.000000000000000000e+00
0.000000000000000000e+00
0.000000000000000000e+00
0.000000000000000000e+00
