0.000000000000000000e+00
0.000000000000000000e+00
0.000000000000000000e+00
0.000000000000000000e+00
0.000000000000000000e+00
0.000000000000000000e+00
0.000000000000000000e+00
0.000000000000000000e+00
0.000000000000000000e+00
0.000000000000000000e+00
0.000000000000000000e+00
0.000000000000000000e+00
0.000000000000000000e+00
0.000000000000000000e+00
0.000000000000000000e+00
0.000000000000000000e+00
0.000000000000000000e+00
0.000000000000000000e+00
0.000000000000000000e+00
0.000000000000000000e+00
0.000000000000000000e+00
0.000000000000000000e+00
0.000000000000000000e+00
0.000000000000000000e+00
0.000000000000000000e+00
0.000000000000000000e+00
2.620960240347724318e-02
4.812834538102937487e-01
1.691568781514894981e+00
2.150830564569286008e+00
1.566381134142977860e+00
9.138469786313342391e-01
5.134984513999130140e-01
3.574972163431593963e-01
2.864326247801589620e-01
2.720486663732046839e-01
2.845999848213227601e-01
2.897619278462497117e-01
2.836393460982144510e-01
2.686825578910350121e-01
2.709319781878655187e-01
2.909770775533961906e-01
3.373583630159271429e-01
4.371544406950460537e-01
5.624703930451865341e-01
7.133528411315417372e-01
8.794552196786700193e-01
1.053050160110058586e+00
1.179609950969352505e+00
1.292627651753581963e+00
1.376821274037063336e+00
1.466110418816300554e+00
1.502858606691727772e+00
1.521514365352317100e+00
1.463604919471640287e+00
1.388748617075142855e+00
1.268644246758865002e+00
1.156471494792061128e+00
1.063396722952015150e+00
9.890717087629256055e-01
9.356457918300375987e-01
9.131676466683158466e-01
8.999746977383259461e-01
8.906649083220464780e-01
8.840480007205259172e-01
8.932589107466298861e-01
9.023206235568304034e-01
9.054404553905410769e-01
9.346581018827557763e-01
9.453524201307181851e-01
9.696585458400884816e-01
9.861313444415399365e-01
9.917501338087011398e-01
1.006678943789070191e+00
1.019324423625827203e+00
1.018637406424886427e+00
1.028335514709721510e+00
1.020492582149427729e+00
1.021740122612564194e+00
1.016153291266968184e+00
1.007186985381136157e+00
9.986413867789057930e-01
9.929161701432990261e-01
9.816937613294588472e-01
9.737526173004495966e-01
9.800244542691931571e-01
9.726086867058367780e-01
9.807960412601205435e-01
9.721607452670422145e-01
9.755837233334909708e-01
9.771987231272959429e-01
9.801896519118465934e-01
9.941714378060877433e-01
9.955102700269800042e-01
1.005913775948809485e+00
1.001747880907509103e+00
1.007519081070048950e+00
1.007641284154675354e+00
1.018809347329991732e+00
1.009518247886018738e+00
1.010106697553402988e+00
1.005272868045783419e+00
1.001647443390655035e+00
1.006093594222990051e+00
1.002592232688843676e+00
1.002140902834648406e+00
1.003785715912724141e+00
1.002307982992738156e+00
1.003171117675515367e+00
1.000495297583048560e+00
1.000128900545516064e+00
1.003332522620244749e+00
9.996318154073985385e-01
1.001361791474546514e+00
9.954575670352174832e-01
9.998724053104484089e-01
9.900691283667876208e-01
9.996029085818042281e-01
9.973022175211893048e-01
9.970984165286901346e-01
1.001855807171665225e+00
9.964904208765692495e-01
9.994965889831132211e-01
1.001519155160914387e+00
9.997526719085246816e-01
9.948584151004093989e-01
1.000257788782159762e+00
9.978004403273454948e-01
1.001986908294169698e+00
9.989537116171385289e-01
9.955450613154527284e-01
9.948205353071984947e-01
1.000577698212881561e+00
9.931974400363760003e-01
9.961790377923580575e-01
9.917262777681651320e-01
9.933654495836157228e-01
9.909255606876179456e-01
9.940360737364533072e-01
9.970286388670122069e-01
9.986674109264158661e-01
9.901282133144534425e-01
9.983455245433068281e-01
9.933355307141753521e-01
9.982545097076375162e-01
9.922766279242878351e-01
9.947378608104595621e-01
9.990868567666860711e-01
1.000779716226918303e+00
9.979439551627571348e-01
9.963273876302218834e-01
9.972486813966917607e-01
9.958204635194614074e-01
9.987488367715628979e-01
9.983361046588649090e-01
9.975920115579536285e-01
9.950550744490980204e-01
9.974028139903954315e-01
9.962868097756478747e-01
9.973864218810783999e-01
9.992490713650085121e-01
9.987478793757251783e-01
9.994281268370829308e-01
1.002673088532430867e+00
1.000173987287837463e+00
9.960482145799643972e-01
9.959769395395178249e-01
9.988825560078360422e-01
9.979159462909090728e-01
9.994653941464455293e-01
9.989441815283689463e-01
9.978925777127564123e-01
1.001223662338386777e+00
9.992140362616908078e-01
1.003821031852802692e+00
9.987321323873240564e-01
1.001252099459157607e+00
9.973535930418261364e-01
9.973965018893597989e-01
9.994043941544022980e-01
9.972182000704059579e-01
9.968339131450655310e-01
9.997324685853888893e-01
9.983726854112459081e-01
1.000124170935405621e+00
9.990082060669935871e-01
1.000589085572225478e+00
9.992486017485961991e-01
1.000473313801601094e+00
9.981973345833874411e-01
9.979595609580007576e-01
1.001776201658451049e+00
9.968076282803043364e-01
9.989194173326854109e-01
1.001119665745981102e+00
9.990468902443012666e-01
1.000152188781426199e+00
9.980153261969724188e-01
9.971207335513455616e-01
9.968114027305684521e-01
9.971605712362276996e-01
9.979270226716493442e-01
9.989701144822132894e-01
9.949036098373085224e-01
9.989778836642251303e-01
9.973718936458613182e-01
9.965873542399819041e-01
9.976602226598010326e-01
9.983386597756596093e-01
9.958869082092393077e-01
9.968627366271876067e-01
9.987885786504389074e-01
9.976999354394281427e-01
9.958134244456106066e-01
9.981194969975116793e-01
9.983798733259424685e-01
9.987050680492429722e-01
9.982615719421062961e-01
9.993329631406366875e-01
9.990482037146434235e-01
9.963123267282477658e-01
9.970483450997804642e-01
9.977513416937402457e-01
9.987683489561993699e-01
9.987383425536930925e-01
9.987411891840232148e-01
1.000085095256286305e+00
9.984941574310888246e-01
9.989383117813164237e-01
9.998418625139158245e-01
9.995899439737739867e-01
9.980066272858459930e-01
9.994015778116013271e-01
9.986083205980024191e-01
1.001958168503292113e+00
9.984894773883170593e-01
9.974521512561266290e-01
1.003060014386489396e+00
9.988661159451464044e-01
9.985140574748172515e-01
1.000312114633773453e+00
9.979899333009417672e-01
1.001404449466934299e+00
9.985696026234620604e-01
9.989841354350755820e-01
1.000060254954422634e+00
9.995563407361410801e-01
1.000459432377727387e+00
9.972373516882705458e-01
9.983256861583370556e-01
9.990425286431324770e-01
9.985107599934547329e-01
9.987857394280622580e-01
9.993117613611202099e-01
9.983605026323770781e-01
9.992434169466968275e-01
1.000345117970794284e+00
9.973542973178681770e-01
9.981864265049523732e-01
9.997015769659212125e-01
9.997496544446790034e-01
9.983656019951735461e-01
9.967548766559258810e-01
9.919656456306955583e-01
9.792268925177608496e-01
9.702171255069220734e-01
9.565269704061081235e-01
9.470211932358615359e-01
9.355580669341438949e-01
9.253889416493032982e-01
9.169242920637187266e-01
9.036975919707344040e-01
8.905242168311096052e-01
8.821527265762303394e-01
8.711075321000224525e-01
8.607028770225525482e-01
8.499639731808482646e-01
8.407192548060079540e-01
8.291362258856173062e-01
8.204923958450973664e-01
