0.000000000000000000e+00
0.000000000000000000e+00
0.000000000000000000e+00
0.000000000000000000e+00
0.000000000000000000e+00
0.000000000000000000e+00
0.000000000000000000e+00
0.000000000000000000e+00
0.000000000000000000e+00
0.000000000000000000e+00
0.000000000000000000e+00
0.000000000000000000e+00
0.000000000000000000e+00
0.000000000000000000e+00
0.000000000000000000e+00
0.000000000000000000e+00
0.000000000000000000e+00
0.000000000000000000e+00
0.000000000000000000e+00
0.000000000000000000e+00
0.000000000000000000e+00
0.000000000000000000e+00
0.000000000000000000e+00
0.000000000000000000e+00
0.000000000000000000e+00
1.555387880819621973e-04
2.563606988492058911e-02
4.862788251618305746e-01
1.696092149010292260e+00
2.128028561578781730e+00
1.564794438726440751e+00
8.966074975207917186e-01
4.969825027117847349e-01
3.327473121838068204e-01
2.779627975965296427e-01
2.655743149664197000e-01
2.768079099443768731e-01
2.831730180450612866e-01
2.790268274826620543e-01
2.540578406264153988e-01
2.603519555300286559e-01
2.767929079460614283e-01
3.413671980328562006e-01
4.362884102205440429e-01
5.693698011837278194e-01
7.290081460876424169e-01
8.997964446838313535e-01
1.046921564126213511e+00
1.203848532044670128e+00
1.305716070273477358e+00
1.412453447080393332e+00
1.483338940296080377e+00
1.521611247640940023e+00
1.520426050631559001e+00
1.490037589619424674e+00
1.383268903666280636e+00
1.268546307618305891e+00
1.161754694047423486e+00
1.063470989810973766e+00
9.947396862702185816e-01
9.502453376186471568e-01
9.055012468385156277e-01
9.008652911777202954e-01
8.879423200685537809e-01
8.869303603727415330e-01
9.010557157244929449e-01
9.095908444270484061e-01
9.192042540464675504e-01
9.348571403698295867e-01
9.509731449852765195e-01
9.753090843644370844e-01
9.977232254142784917e-01
1.009916931495609127e+00
1.018797891276162826e+00
1.026586173119552026e+00
1.029898425391791550e+00
1.040275493404452911e+00
1.036725798697443857e+00
1.034495513147390522e+00
1.022158062332880979e+00
1.019351141615978618e+00
1.002896238925005346e+00
1.001736789892095469e+00
9.902765734438467859e-01
9.832541072979418262e-01
9.847001382913171952e-01
9.748801705032446030e-01
9.764659295026296704e-01
9.760654907247618972e-01
9.814372027697130241e-01
9.851241422308599782e-01
9.945296811950965488e-01
9.915731107661506227e-01
1.003938133981809866e+00
1.007110686150819889e+00
1.003121130572950603e+00
1.007443654283470602e+00
1.010389146235940450e+00
1.016521368895716204e+00
1.008227294005022756e+00
1.009554360861287581e+00
1.004958645232670644e+00
1.002351784398884726e+00
1.007589324585075996e+00
9.989665034794663612e-01
1.005773963165602414e+00
9.961338906265686521e-01
9.956573141639527558e-01
9.981222407437552180e-01
9.978259276585699222e-01
1.000160273709432612e+00
9.966448836029953018e-01
9.971239530592858058e-01
1.000737174258831574e+00
1.000376910461627356e+00
9.981654096968735068e-01
1.001270483397851185e+00
1.002228144911177177e+00
1.001872877724625077e+00
9.997953424578389647e-01
1.002859232613501295e+00
1.002028229497935685e+00
9.999514265977844651e-01
1.005954204423561427e+00
1.001344689378145691e+00
1.004569605624838324e+00
1.007327600877258922e+00
1.003217940236906136e+00
1.003946994004887960e+00
9.957700489665388677e-01
1.002258888779946844e+00
1.002194481185254338e+00
1.001942933869192975e+00
9.993502521985571097e-01
9.985240805065318526e-01
1.000704049064508050e+00
9.988641367409785143e-01
9.937669445361533294e-01
9.969701005054957266e-01
9.998132752576344151e-01
9.964641795634141541e-01
9.990860237519075815e-01
9.959672876315140977e-01
9.976422024609310490e-01
9.971893241752055603e-01
1.000720690514729005e+00
9.975826619274572593e-01
9.965063955305829557e-01
1.000382039785980171e+00
9.981364288733776124e-01
9.995060708143246320e-01
9.979277769129131226e-01
9.943127452519134879e-01
9.963435549756397558e-01
9.974674113431626354e-01
9.966854333069338212e-01
1.000905242627791791e+00
9.965011647616556223e-01
1.000543331366887667e+00
9.997501493467416678e-01
1.000241910087785291e+00
9.972437012631921727e-01
9.971698866446779830e-01
9.973940834778498576e-01
9.989259508551132649e-01
9.967289538648628211e-01
9.969973159454998957e-01
9.990053178120319455e-01
9.999443349229598654e-01
9.995066437617829980e-01
9.993374749711674276e-01
9.968103931214655766e-01
9.957328914328377190e-01
1.003028055149084441e+00
9.985874367161429177e-01
9.984388317234166310e-01
9.976515065692799222e-01
1.002003501225432691e+00
1.001274900803540868e+00
9.993826730056014629e-01
1.002370008621719322e+00
9.983283514359926336e-01
9.968234246042980695e-01
9.980105465177124824e-01
9.979991081784487239e-01
9.974154822125430586e-01
9.991600007812484474e-01
1.000215078652706202e+00
9.960247164620160687e-01
9.982300059550669458e-01
1.003302694650987759e+00
9.990550606556921620e-01
9.979040143918390671e-01
9.961911319372475093e-01
9.985034664927916470e-01
9.983557586778597503e-01
1.003018841833197783e+00
9.974229691970067924e-01
9.963221475773007541e-01
9.970357994668958002e-01
1.001170617894999948e+00
9.965819988662762974e-01
9.999162069592646418e-01
9.987403034197750440e-01
9.956577532733099645e-01
1.000084879907332969e+00
9.979988004490436548e-01
9.996511602130798702e-01
9.985943546282082250e-01
9.986805861770909898e-01
9.975832710360068578e-01
9.982574598912531405e-01
9.984984775150143044e-01
9.961125880636771956e-01
1.000934248486630818e+00
9.984316085450543055e-01
1.000241983529245093e+00
9.976470036165853150e-01
9.981465946962021496e-01
9.995971255669225952e-01
9.986356793437252133e-01
1.001262915491777372e+00
9.982962197909333035e-01
1.002476386810214892e+00
9.990285223514762114e-01
9.972652337949767798e-01
9.991219705164333664e-01
9.970809006314970135e-01
9.992024514097604948e-01
9.996590913887166696e-01
9.997122876221661292e-01
9.977020426241287598e-01
9.996956326388694025e-01
1.001763255262699603e+00
9.978436491087510074e-01
1.000372525603585805e+00
9.988263173942820705e-01
9.981977485976043507e-01
9.976263810329493165e-01
9.991123657559817239e-01
9.969523709701901826e-01
9.994505795146682026e-01
9.982134123149339899e-01
9.992437208585305264e-01
9.991510444784333922e-01
9.967123324045379373e-01
9.984020642811896051e-01
9.985293250173955526e-01
9.981701099669667565e-01
9.984231563535824749e-01
9.960595818622723918e-01
9.969994701229366596e-01
9.997177752847999921e-01
9.978462972199357850e-01
9.987000402747739924e-01
9.979324787088699189e-01
9.957812537222183735e-01
1.000075577990816811e+00
9.991134160653035723e-01
9.973237171748627894e-01
9.988440953649000420e-01
9.986524153928765246e-01
1.000069971905333643e+00
9.901685980408507781e-01
9.801234982195851098e-01
9.656079943613338212e-01
9.570006287514859489e-01
9.450907922711766496e-01
9.354178989859623927e-01
9.238122322697457367e-01
9.121794955244212355e-01
9.039600995609177181e-01
8.899899982749078786e-01
8.816262814763443645e-01
8.701897911630407378e-01
8.613919545101313968e-01
8.497056053077044480e-01
8.397084595009602914e-01
8.302409265550445561e-01
8.206346550617849012e-01
