0.000000000000000000e+00
0.000000000000000000e+00
0.000000000000000000e+00
0.000000000000000000e+00
0.000000000000000000e+00
0.000000000000000000e+00
0.000000000000000000e+00
0.000000000000000000e+00
0.000000000000000000e+00
0.000000000000000000e+00
0.000000000000000000e+00
0.000000000000000000e+00
0.000000000000000000e+00
0.000000000000000000e+00
0.000000000000000000e+00
0.000000000000000000e+00
0.000000000000000000e+00
0.000000000000000000e+00
0.000000000000000000e+00
0.000000000000000000e+00
0.000000000000000000e+00
0.000000000000000000e+00
0.000000000000000000e+00
0.000000000000000000e+00
0.000000000000000000e+00
3.110879157905608282e-04
2.981372387456775880e-02
4.995356932673155059e-01
1.695525901272012748e+00
2.174938398340918511e+00
1.591050451345423111e+00
9.139665783608323935e-01
5.141402208559402442e-01
3.387970532545377944e-01
2.751676717676433404e-01
2.604464479543071032e-01
2.770448810368083548e-01
2.772842947252860402e-01
2.638866729454077409e-01
2.522510627799003924e-01
2.600522711312785451e-01
2.842022916798961352e-01
3.496106057856797067e-01
4.336835973963369395e-01
5.695930459401639112e-01
7.294232528117494674e-01
8.959903365629354743e-01
1.053725959315883642e+00
1.208661785733557981e+00
1.307699738367487097e+00
1.392827244968531053e+00
1.491206590232422080e+00
1.543534587895083687e+00
1.548466021821516714e+00
1.498634981386324672e+00
1.390835038230649134e+00
1.270299568910166821e+00
1.159192781064085409e+00
1.076895859002376277e+00
9.981728516955792330e-01
9.451643403750217276e-01
9.200534361761457669e-01
9.036142339264920942e-01
8.940928361351925258e-01
8.950321741123546948e-01
8.971246417164923104e-01
9.164603337174951347e-01
9.223651558251160232e-01
9.299515240352718148e-01
9.524916146498866309e-01
9.752600944288839502e-01
9.873288778925047859e-01
1.003830753428392342e+00
1.011941176998884417e+00
1.026547394461055918e+00
1.026348060746854918e+00
1.033050525272520392e+00
1.033004611982902166e+00
1.027931020908748438e+00
1.021375794141502036e+00
1.011065105333440961e+00
9.988177706728601501e-01
9.955726504263218146e-01
9.885540063196033289e-01
9.807934382454039923e-01
9.813427244842379826e-01
9.697887837044044668e-01
9.722837596793525439e-01
9.782547561011115667e-01
9.774667110200645492e-01
9.785740232572377462e-01
9.897903055133270289e-01
9.934503454006550216e-01
9.993663414154650981e-01
1.005501720670758603e+00
9.989509084601025934e-01
1.010551233364739954e+00
1.006836764844363685e+00
1.011456897910262054e+00
1.005318201493901498e+00
1.004109679992444271e+00
1.004078909945392839e+00
1.005100208562855757e+00
9.996813416747954983e-01
9.996018044448417017e-01
9.937836183755380803e-01
9.960243058848569087e-01
9.971784596219798180e-01
9.977429697143951337e-01
9.999091421891238562e-01
1.001618435837376753e+00
9.933176443044300363e-01
9.971890654596547998e-01
1.000432789711840575e+00
9.995460025008330307e-01
1.003605034548018526e+00
9.960940744770981903e-01
9.999315536108132063e-01
9.984772621600529474e-01
9.954792755385468705e-01
9.989634784502622322e-01
9.969154839638757482e-01
1.003193307000424861e+00
9.974189315886190510e-01
9.976255130709439367e-01
1.000293544765452847e+00
1.006943877262105991e+00
9.993684304581225142e-01
1.001958765972998044e+00
1.002649247861380877e+00
1.001098318130528853e+00
9.994725710391499929e-01
9.978335294071624118e-01
9.957112471153609645e-01
9.965386717591598886e-01
9.946052877337298037e-01
9.947387032292309694e-01
9.980481500013349550e-01
9.956216166003578616e-01
9.967432824976123484e-01
9.959694970771897360e-01
9.967598869999263478e-01
9.998959023959439474e-01
9.952241317204787441e-01
1.003476758278543102e+00
9.979252767930884005e-01
9.969276982510842933e-01
1.000719391097702582e+00
9.999153008213633731e-01
1.000885146290084293e+00
9.978198989484612369e-01
9.955017310334965952e-01
9.992651760200602640e-01
9.940068811034072915e-01
1.001556048533726928e+00
9.922088821521226620e-01
9.953587658622906620e-01
9.977657840455381733e-01
9.984385087214862065e-01
9.967376229700597445e-01
9.997018448780695676e-01
9.967649105910535434e-01
1.000574069319212667e+00
9.959855270926395443e-01
9.972470833357531816e-01
9.989557885547108995e-01
9.971946537625989704e-01
9.978234896377341512e-01
9.968102665359730441e-01
9.968921803319732433e-01
1.000971343263543645e+00
9.904740938188280053e-01
9.969727954707672257e-01
9.950132725164161362e-01
9.952787152457358566e-01
9.978972774421855929e-01
9.968761332791368224e-01
9.958595390394415769e-01
9.974000455633625917e-01
9.966939525836850944e-01
9.952001893732931315e-01
9.980299003453024786e-01
9.968292230137385523e-01
9.945018718421608783e-01
9.970575837336076441e-01
9.986509641422165462e-01
9.969422321406770093e-01
9.996613541024277350e-01
9.967609957507903573e-01
9.992857159041814707e-01
1.000451090782003449e+00
1.000682598214901464e+00
9.980600226587147406e-01
9.995094284250515271e-01
9.976970428413860503e-01
9.979416601508210860e-01
9.996150424343341889e-01
1.000671823060338861e+00
1.001936452811369227e+00
1.002121584566428636e+00
1.000119376871703158e+00
1.003785285181994835e+00
1.002014174232594312e+00
9.987295321273651494e-01
9.982838108533668153e-01
9.995432425560034639e-01
9.974507871811182369e-01
1.000992987911001775e+00
1.000277312366347093e+00
9.996356728992953355e-01
1.000963139052740480e+00
9.990187944717248136e-01
1.001580463454129655e+00
9.992991522956845563e-01
9.993933651379659500e-01
9.997368518247895519e-01
1.001429815886382579e+00
9.999382147344664240e-01
9.993895936078777131e-01
9.989669029554092416e-01
9.992035649124219043e-01
9.992715339505473526e-01
1.000074364444831110e+00
9.980728468792203767e-01
9.980080328291419667e-01
9.986789395327901886e-01
1.000647794841412530e+00
9.989512293332706294e-01
9.996192653384592397e-01
9.989759571690690620e-01
9.973332610490518446e-01
9.986506408590067885e-01
9.978294947985032470e-01
1.002382827552721567e+00
1.000030884991158109e+00
1.001888626112854785e+00
9.978847176749213732e-01
9.986989870819202864e-01
9.983673146012249644e-01
9.976042681458378025e-01
9.980995401278013324e-01
9.964676429926534462e-01
1.001059028114294369e+00
9.998552832549967295e-01
9.997511141260998491e-01
9.974100924687651082e-01
9.991178057144769475e-01
9.978342705048539596e-01
9.993024406433685947e-01
9.997173249480379997e-01
9.967858618925328207e-01
9.989916728216911013e-01
9.981961418090619098e-01
1.000091076018546632e+00
9.989690602354083238e-01
9.964145442403142816e-01
9.986771683354683793e-01
9.995946991328957809e-01
9.992192869304160618e-01
9.995770470659013363e-01
9.990964193239724178e-01
1.000169308975259908e+00
1.000514256079774622e+00
9.924378387939031265e-01
9.801806559046860601e-01
9.702221255185665694e-01
9.565325166771460053e-01
9.449497403144977437e-01
9.343741875515758633e-01
9.245448807262885982e-01
9.144908817890087249e-01
9.027742878476175958e-01
8.927536083156463187e-01
8.838949988428539406e-01
8.711584423023487345e-01
8.609407990902384622e-01
8.509762552432520444e-01
8.398966288555445026e-01
8.298890051403916557e-01
8.193411673307852139e-01
