0.000000000000000000e+00
0.000000000000000000e+00
0.000000000000000000e+00
0.000000000000000000e+00
0.000000000000000000e+00
0.000000000000000000e+00
0.000000000000000000e+00
0.000000000000000000e+00
0.000000000000000000e+00
0.000000000000000000e+00
0.000000000000000000e+00
0.000000000000000000e+00
0.000000000000000000e+00
0.000000000000000000e+00
0.000000000000000000e+00
0.000000000000000000e+00
0.000000000000000000e+00
0.000000000000000000e+00
0.000000000000000000e+00
0.000000000000000000e+00
0.000000000000000000e+00
0.000000000000000000e+00
0.000000000000000000e+00
0.000000000000000000e+00
0.000000000000000000e+00
0.000000000000000000e+00
2.707827103076227218e-02
4.960779853864663580e-01
1.751133198568309846e+00
2.215589052519900015e+00
1.613295332730138698e+00
9.271531666128554061e-01
5.182784674985549955e-01
3.515192458421266819e-01
2.942999975944949886e-01
2.758674573053717660e-01
2.860151836907752765e-01
3.055642908203952124e-01
2.791836412545510293e-01
2.744984078230794378e-01
2.677096572281885134e-01
2.907330166646672764e-01
3.454802589336409824e-01
4.407571670071040448e-01
5.771246646674543790e-01
7.315531865645987786e-01
8.889616647440783392e-01
1.054664368666110130e+00
1.193529296498756054e+00
1.301393809164499205e+00
1.400180808156147316e+00
1.467466430515109055e+00
1.515776579386524991e+00
1.521491036319277512e+00
1.478635010680597439e+00
1.389182428004639647e+00
1.268702097336444456e+00
1.159758823140428996e+00
1.068987248207215801e+00
9.967265718394778817e-01
9.464730654767392615e-01
9.143396523367826045e-01
9.030803086171702576e-01
8.966871325317558039e-01
8.931710393123923897e-01
8.981033152562056809e-01
9.100231026231404563e-01
9.257541835332278035e-01
9.452948582668058153e-01
9.587911612505159997e-01
9.748306139512300517e-01
9.865369184210894815e-01
1.006160699726238228e+00
1.016419117570828146e+00
1.026132410582108356e+00
1.036166887529693659e+00
1.038467177800147523e+00
1.034645531649655670e+00
1.026280913577745757e+00
1.021752364425581039e+00
1.010824169971133557e+00
1.000380284324889901e+00
9.973510029856312853e-01
9.877516591839913263e-01
9.813989807938826582e-01
9.719164940800093522e-01
9.761544497955111366e-01
9.733924859357421244e-01
9.762140905267879809e-01
9.717594082797499366e-01
9.779334757027348113e-01
9.873525815228220148e-01
9.913497777247526344e-01
9.921623453961206929e-01
1.002664333276146458e+00
1.004170271724416530e+00
1.008755422762452447e+00
1.011005457393659102e+00
1.005241182679227130e+00
1.006441107125097378e+00
1.009567813882292997e+00
1.010432349768279892e+00
1.006266546441496823e+00
1.003205504999212350e+00
1.001234703956246141e+00
9.991580054044959525e-01
9.992388334563714336e-01
9.983821859016188682e-01
9.981949536641689935e-01
9.940177146577209299e-01
9.954942642680646436e-01
9.942520380706866279e-01
1.001968289493750275e+00
9.931538216879045589e-01
1.005812412692167479e+00
9.992769934732699255e-01
1.004324767929227757e+00
9.998026394959352858e-01
9.955344016043452537e-01
9.955966288821762600e-01
9.935550548404136206e-01
9.953651836274547415e-01
9.978199279795859633e-01
9.924841469395314641e-01
1.003114468376722579e+00
9.967749992824185279e-01
9.983738219699700434e-01
9.995262483772984208e-01
1.002997039968893889e+00
9.964880194863490193e-01
9.959939702056598287e-01
9.940307496025609924e-01
9.905322778854767085e-01
1.000285805414369067e+00
9.954709477441732179e-01
9.961653540151462760e-01
9.938008417550231455e-01
9.907895222849043559e-01
9.958139870777040770e-01
9.944227641393701411e-01
9.992578835952449223e-01
9.985373703425102221e-01
9.963237986863854312e-01
9.964081607079423586e-01
9.998102933368724354e-01
9.982562847396012629e-01
9.931823691047250158e-01
1.000554445107790347e+00
9.984090066366319016e-01
9.987930073247072160e-01
9.966669650746434739e-01
9.965768951278261012e-01
9.974517602067969335e-01
9.945700327926177975e-01
9.959551122724027428e-01
9.994940776819393191e-01
9.991525883726388724e-01
9.994161031112986926e-01
1.000201473319117351e+00
1.000395573889838907e+00
9.990110314891837984e-01
9.961334182349050881e-01
9.980316909450518414e-01
9.975159374326563189e-01
9.951221135293496500e-01
9.969492953998476681e-01
9.983434558854037411e-01
9.966262988932532707e-01
9.961585452739402102e-01
9.992590467770813278e-01
9.960974910534224902e-01
9.982002830706765417e-01
1.001588138263450167e+00
9.995725817518056333e-01
9.987930680186188903e-01
9.970204676095731910e-01
9.975813061784851721e-01
9.970484391496287069e-01
9.987984061210533060e-01
9.963190028103584561e-01
9.968603793760929532e-01
9.971819704432760556e-01
1.001858897950774763e+00
9.970708258568419247e-01
9.995131118308887563e-01
9.967267359765806800e-01
9.994625494706350644e-01
9.965185279064822099e-01
9.984858830007269370e-01
9.996886909784400421e-01
9.992920924906110169e-01
9.984796017476709196e-01
9.962186672316601932e-01
9.973930312485914662e-01
9.982900860286483269e-01
9.973433236827689008e-01
9.986433663307464625e-01
9.975008179963281707e-01
9.949826889980613043e-01
9.986842704192163689e-01
1.000576711446421907e+00
9.995247710907239069e-01
1.000487368821365131e+00
9.996924465861247722e-01
9.954448558269761715e-01
9.974604917564929840e-01
9.986693181857223545e-01
9.977551313030005309e-01
9.974175114931552733e-01
1.000154671847482524e+00
9.995919083380012671e-01
1.000311202917978370e+00
1.000168483751792570e+00
9.999512528868595984e-01
1.000061757900820636e+00
9.993582245135836928e-01
9.994882638871053215e-01
9.990818368480730571e-01
9.999038048726781591e-01
1.000784833527292417e+00
1.001881343472381225e+00
9.990678164825653740e-01
9.989533473054370560e-01
9.999775155933239290e-01
1.002579637172503757e+00
9.987741994807435297e-01
9.996344741285739799e-01
1.000740104538549113e+00
9.975760885863449445e-01
9.989233373919514936e-01
9.985132535206768800e-01
9.992508068150571798e-01
9.974704172092417886e-01
1.001613588312878722e+00
9.978519562365226747e-01
9.990208615629238009e-01
9.970434541662861472e-01
9.966079801370112401e-01
9.974002869673674887e-01
9.992521667743473612e-01
1.000905902466034281e+00
9.988139833308598003e-01
1.000154283349045325e+00
9.988678077296685442e-01
1.000090231444205280e+00
9.999756346319670364e-01
9.990241940501595197e-01
1.001589471413680599e+00
1.000973618174681112e+00
9.984227642902628874e-01
1.000987771240972712e+00
9.996101896150602073e-01
9.987529308144118545e-01
1.000066149218698852e+00
1.000314308967204635e+00
9.992355726464046128e-01
9.992640963400959420e-01
9.992299994472434443e-01
1.000753042728182329e+00
9.993717801288949376e-01
9.997397275041647324e-01
9.982162804837609871e-01
9.988788171149426409e-01
9.920735744479668439e-01
9.789137846472786286e-01
9.712321070043755666e-01
9.599531952341106011e-01
9.459810035061049227e-01
9.345332761492088913e-01
9.258768049360419639e-01
9.139409166946760310e-01
9.018301861375845885e-01
8.932003852545946643e-01
8.822314503299351074e-01
8.688341392275763519e-01
8.617985672433458033e-01
8.500916827478064430e-01
8.395187247296718169e-01
8.288576224006777293e-01
8.201466877394837374e-01
