0.000000000000000000e+00
0.000000000000000000e+00
0.000000000000000000e+00
0.000000000000000000e+00
0.000000000000000000e+00
0.000000000000000000e+00
0.000000000000000000e+00
0.000000000000000000e+00
0.000000000000000000e+00
0.000000000000000000e+00
0.000000000000000000e+00
0.000000000000000000e+00
0.000000000000000000e+00
0.000000000000000000e+00
0.000000000000000000e+00
0.000000000000000000e+00
0.000000000000000000e+00
0.000000000000000000e+00
0.000000000000000000e+00
0.000000000000000000e+00
0.000000000000000000e+00
3.570748850911615452e-02
1.046512249291610352e+00
3.455555173143664227e+00
3.430225337680698594e+00
1.917916088837475108e+00
8.810062406585486006e-01
4.090052806368882909e-01
2.086417685207260231e-01
1.295411394540494088e-01
1.910036999933889257e-01
7.112270378499176982e-01
1.500494544561226329e+00
1.764433553305024827e+00
1.491427651804193788e+00
1.103853162775125352e+00
8.381311199962019343e-01
7.270366334109538142e-01
7.140654089668119209e-01
7.656201114723664158e-01
8.362386209125899361e-01
9.244788716936057638e-01
1.005416653355176937e+00
1.074961749988682991e+00
1.127962112004874173e+00
1.167079466808565114e+00
1.190301753774615223e+00
1.195945718733238738e+00
1.176763232305565898e+00
1.148588799052199905e+00
1.119713399572919821e+00
1.082044769491887992e+00
1.051696277496051435e+00
1.022733974240316090e+00
9.979781743057420940e-01
9.749129885674368001e-01
9.602195985155591584e-01
9.464746061855400239e-01
9.349793821659776460e-01
9.312780897422492377e-01
9.289635447282833525e-01
9.327890431258022419e-01
9.395753098632557698e-01
9.467537097088750686e-01
9.584298859676018134e-01
9.674837642151464800e-01
9.791377880812823786e-01
9.834886110941737369e-01
9.941642437708270164e-01
9.994407922265848843e-01
1.004033310339735641e+00
1.009349385099288066e+00
1.011927588710832993e+00
1.015780941832565398e+00
1.016517240152673862e+00
1.017048192618297264e+00
1.016960187241650715e+00
1.016064398854788609e+00
1.013980219971495345e+00
1.012035852982666961e+00
1.007806713256220510e+00
1.004624269285794957e+00
1.003534125616849737e+00
1.003295496594886815e+00
1.000511883008470715e+00
9.994200696004928997e-01
9.989162031043610224e-01
9.978248402635268022e-01
9.966824128645097591e-01
9.940931339977882031e-01
9.946827235545201429e-01
9.951515526817815704e-01
9.933997842441157911e-01
9.929774464388844146e-01
9.966613917290233493e-01
9.958077215951403049e-01
9.957665688111794200e-01
9.981097919703556531e-01
1.000842519627465066e+00
1.000077430008681878e+00
1.001598894012568852e+00
1.001558911021551923e+00
1.001724996072194562e+00
1.000942532610119340e+00
1.001795264124041740e+00
1.002679709378690109e+00
1.001046272512724045e+00
1.000780624749533221e+00
1.000283281283123937e+00
1.000117565149549304e+00
9.987172104615671397e-01
1.000096323172781965e+00
9.979982830755430578e-01
9.992679079387047913e-01
9.997002078755229393e-01
9.989846999866571764e-01
9.999785581114046806e-01
9.998731432825079812e-01
9.979095788773266751e-01
9.973082226228996428e-01
9.982504547971057240e-01
9.992870960968832650e-01
1.000546745296907680e+00
1.000163473702962325e+00
1.000499185889706544e+00
1.000353084482004329e+00
1.000764352542952818e+00
1.000226192834718697e+00
9.994740816461840094e-01
1.000456108443729342e+00
1.000731272239436587e+00
9.994004945535706064e-01
1.000345000271102291e+00
1.000978754359869827e+00
9.992885272955319698e-01
9.989071481614812953e-01
9.999252169834164095e-01
9.993949163623689902e-01
9.980547131490193902e-01
9.993833116827426366e-01
9.984670602510554716e-01
9.992539199154740759e-01
9.981440850342047089e-01
9.991701538223072276e-01
1.000392669440659521e+00
9.999497361237957849e-01
1.000336590633186473e+00
1.000916914327239615e+00
1.001484574665149285e+00
1.001971612063287997e+00
1.002500130494220265e+00
1.002722133239951186e+00
1.001845183871638456e+00
1.002740015730230194e+00
1.001189115302102861e+00
1.000633453988569732e+00
9.999850802956916640e-01
1.000066358869090344e+00
9.999726379630261563e-01
1.000542227919451133e+00
9.991629011384230985e-01
9.994767790589492718e-01
9.996007938015009087e-01
1.000300928243324616e+00
9.989917094297323663e-01
9.989567201693768661e-01
9.983762339914382666e-01
9.986268525924018036e-01
1.000017501862899172e+00
9.998531377545314403e-01
9.993045454858534571e-01
9.995370512603443114e-01
9.995168812985416595e-01
1.000371802763018181e+00
9.997549482322799497e-01
1.000125618559895457e+00
1.000935153189057347e+00
1.001367898468453310e+00
1.000844604121128745e+00
1.000727073978117554e+00
1.000546151303813636e+00
1.000639375224861016e+00
1.001241170112575851e+00
1.000678824529433131e+00
9.998582991828107724e-01
1.000161869146949822e+00
9.996138759510521110e-01
1.000026354495135106e+00
9.993283832374052489e-01
1.000238046537894610e+00
9.994555294671298995e-01
9.985717170020206312e-01
9.998227426345847046e-01
9.999869625636719217e-01
9.997418953092213068e-01
9.999869080917225261e-01
9.999956648043079044e-01
9.998354068770420877e-01
9.999872149873976213e-01
1.000278650512615553e+00
9.996121993093389779e-01
9.999045221922829851e-01
1.000149295333133459e+00
1.000128793303137753e+00
1.000181545615952627e+00
1.000048708395141484e+00
1.000319848293537595e+00
1.000181791706825640e+00
1.000789171921574905e+00
1.000230141453574362e+00
9.996012131870638528e-01
9.998742267461068201e-01
1.000171055969217404e+00
9.995794160804332140e-01
9.999390982540254935e-01
9.997217597643492937e-01
1.000175213140266806e+00
1.000133560139877309e+00
1.000136813611628650e+00
9.999377698501069611e-01
1.000832437892858584e+00
1.000328759613532181e+00
9.998056642351123013e-01
9.997312123283748075e-01
1.000261637390190916e+00
9.993908450842068358e-01
9.998072347732480658e-01
9.998778295434261887e-01
1.000604479681022951e+00
1.000195804057189664e+00
1.000328159923769222e+00
9.998966396628692355e-01
1.000276837860713863e+00
9.996951165872792755e-01
1.000549526864468852e+00
1.000212443539541418e+00
9.997919556106339423e-01
9.996298066102129454e-01
1.000068580351550551e+00
1.000225251111168889e+00
1.000403325342622329e+00
1.000228796901827533e+00
1.000080272500808887e+00
1.000106256189435161e+00
9.997375890732692616e-01
1.000209481368995901e+00
1.000506966674324705e+00
1.000433391058424881e+00
1.000165486929365022e+00
1.000080316263749269e+00
1.000189727851789723e+00
1.000348873157838270e+00
1.000168676395628120e+00
1.000251179499680898e+00
9.997129710502651312e-01
1.000455341300994894e+00
1.000330545151923545e+00
9.995399068737268466e-01
9.994528135500294619e-01
1.000297520209445068e+00
1.000086905170400442e+00
1.000096004977297559e+00
9.991315560992252154e-01
9.920481528680389349e-01
9.806283033729370491e-01
9.696328224850576660e-01
9.586341814871109923e-01
9.470414783625827893e-01
9.361156278042098711e-01
9.251062036712540682e-01
9.144674193447067667e-01
9.039040333262694515e-01
8.938090807298457730e-01
8.828115898483860358e-01
8.721240963920358080e-01
8.618061416025679655e-01
8.513789644675036072e-01
8.413529397633886520e-01
8.311489783396500686e-01
8.207311697834396291e-01
