0.000000000000000000e+00
0.000000000000000000e+00
0.000000000000000000e+00
0.000000000000000000e+00
0.000000000000000000e+00
0.000000000000000000e+00
0.000000000000000000e+00
0.000000000000000000e+00
0.000000000000000000e+00
0.000000000000000000e+00
0.000000000000000000e+00
0.000000000000000000e+00
0.000000000000000000e+00
0.000000000000000000e+00
0.000000000000000000e+00
0.000000000000000000e+00
0.000000000000000000e+00
0.000000000000000000e+00
0.000000000000000000e+00
0.000000000000000000e+00
1.306483645175141143e-05
3.651291164068791451e-02
1.050241468277664625e+00
3.452610322683330679e+00
3.433345215300291908e+00
1.911409787370266011e+00
8.858681865752455753e-01
4.079626578960122707e-01
2.099264193475565976e-01
1.267628891620370124e-01
1.920717217756220396e-01
7.112203718659361185e-01
1.502571821319652168e+00
1.763034052321284406e+00
1.489334800965386618e+00
1.100262036549255917e+00
8.383743827104580548e-01
7.261272379119427800e-01
7.164686241251456700e-01
7.630301591868224875e-01
8.422548841745846060e-01
9.240914427130297870e-01
1.005069731340258343e+00
1.074759632570521761e+00
1.130086368701805011e+00
1.168031484092570293e+00
1.192907644417291468e+00
1.195141648266785150e+00
1.179970454129334101e+00
1.154015278037558101e+00
1.119661297635382358e+00
1.085959284035484806e+00
1.050844151481454380e+00
1.024687019260715148e+00
9.994489777945562148e-01
9.768724344343148180e-01
9.579821927002212245e-01
9.442915163380829480e-01
9.345265590540681178e-01
9.314342475852191994e-01
9.310946738256075106e-01
9.320122539778408211e-01
9.386395048153528542e-01
9.469901614002951273e-01
9.614376706501033265e-01
9.699051826684097488e-01
9.794552669703451286e-01
9.860725866572765952e-01
9.945466736021705279e-01
9.996862245358302257e-01
1.005214405456040128e+00
1.010641643452740324e+00
1.011838958794400778e+00
1.016999961562107924e+00
1.017306212269749821e+00
1.016855135677598998e+00
1.017252779996512091e+00
1.016790403117335151e+00
1.014500976399066445e+00
1.011861767162610004e+00
1.007651701496474761e+00
1.005943297109058721e+00
1.002632566450649687e+00
1.001010343738034658e+00
9.994866439724652274e-01
9.995455721438204488e-01
9.979966587788271504e-01
9.964621810935370139e-01
9.954233366381551873e-01
9.956044096739592453e-01
9.930509336329427228e-01
9.946793845621219043e-01
9.945320685524355886e-01
9.952564652286016722e-01
9.965614845401313815e-01
9.983037861066517138e-01
9.993863354674861199e-01
9.992747916734493474e-01
9.997173640865397726e-01
1.001308225457564038e+00
1.002961087055536771e+00
1.001248706574475511e+00
1.000906278265042415e+00
1.000255773979445317e+00
1.001826857097070755e+00
1.001375318780480361e+00
1.002523470972908060e+00
1.000890659562557072e+00
1.001725695774026370e+00
1.001798702882045200e+00
1.000536552696243975e+00
1.000325337022292427e+00
1.001246098526069384e+00
9.999837966509802500e-01
9.997813185619571774e-01
9.991526862777143636e-01
9.993616100228350785e-01
9.988268488383781341e-01
9.999920853233233986e-01
9.994222953728886250e-01
9.994729847136356593e-01
1.000293918187760811e+00
9.999013747965427301e-01
1.000438790276354739e+00
1.000557190106347472e+00
1.001916092650330103e+00
1.001802739859562363e+00
1.001334209522353857e+00
1.000969719462438290e+00
1.001483004123737919e+00
1.000125332699290048e+00
1.001037934809937857e+00
1.000475699533177387e+00
1.000026823643262341e+00
1.000079875339660251e+00
1.000869785242937793e+00
1.000471482515402633e+00
1.000320141696976473e+00
9.988650218959915783e-01
9.992365469815306378e-01
9.993444397312321037e-01
9.986690096861667865e-01
9.993514188866228221e-01
9.993037117382288503e-01
9.991297755007157999e-01
9.991172978021726214e-01
9.997952749913432413e-01
1.000086185335410605e+00
1.001188051294005898e+00
1.001283065279849005e+00
1.002504745319750645e+00
1.001872867491050423e+00
1.002464831844506632e+00
1.001716001569401326e+00
1.000872365411940024e+00
1.001130535224665996e+00
1.000462052464375695e+00
1.000559503594123711e+00
1.000512993887067603e+00
1.000041234866303919e+00
1.000137301794562950e+00
1.000452238902378888e+00
9.995646395168269471e-01
9.996713195421225162e-01
9.989206289282541729e-01
9.988069359412897752e-01
9.994350887561791463e-01
9.984777610259031322e-01
9.992401429329013096e-01
9.996962216776391630e-01
9.986980213085602243e-01
1.000083411069851991e+00
9.997705022359015814e-01
1.000215630071779271e+00
1.000649121080319670e+00
9.999563983320987059e-01
1.000963097174943917e+00
1.000773574037987945e+00
1.000178507819246665e+00
1.000226524967967379e+00
1.000845682478583409e+00
1.000512481588341718e+00
1.000519211162068878e+00
1.000676915923468080e+00
1.000965533610333136e+00
1.000466834987486342e+00
1.001072066700601004e+00
9.999031559276351233e-01
1.000721856002763754e+00
1.000348373789507583e+00
9.995571219117117545e-01
9.992390358672776918e-01
9.999663887369978355e-01
9.994628806255168030e-01
9.997049279668102084e-01
1.000220779619358735e+00
9.997652821288475211e-01
9.995237931120349861e-01
9.994729260705565999e-01
1.000097649983354486e+00
1.000333046923792990e+00
1.000455278712365503e+00
9.996133771666527723e-01
1.000601608579168911e+00
1.000548010219224127e+00
1.000799559938066796e+00
1.000587603729868436e+00
1.000441903328560311e+00
1.000040481651231827e+00
1.000352216940944672e+00
1.000914933350951275e+00
1.000181515733326698e+00
1.000175673952035549e+00
1.000315686286663341e+00
1.000172100185748425e+00
1.000852030608233134e+00
1.000383761049412845e+00
9.999214711637430808e-01
1.000577352660200869e+00
1.000308653818504867e+00
1.000186409892943606e+00
9.999598881137603534e-01
9.998836021954032871e-01
9.994431198836565278e-01
1.000287999927771843e+00
9.999202619138464199e-01
1.000712901850201453e+00
1.000222713271790909e+00
9.996214518946490157e-01
9.998319867724200227e-01
1.000471331293806942e+00
1.000420060597336569e+00
1.000855538249738608e+00
1.000258692914530956e+00
1.000649530470292703e+00
1.000466538561920693e+00
1.000092780276780502e+00
1.000350109418546518e+00
9.998900439106777061e-01
1.000017024151451217e+00
1.000436588114247405e+00
1.000257595902198871e+00
1.000677682281415626e+00
9.997248203745157102e-01
1.000349601051058412e+00
1.000366949460689492e+00
1.000696515515419716e+00
9.998287598465537274e-01
1.000314889531721763e+00
9.997196192242416846e-01
1.000281390555060712e+00
9.999284408534103719e-01
1.000194061342784657e+00
1.000343537505855140e+00
9.999604827155041953e-01
1.000346383152285412e+00
1.000390635667357309e+00
9.998517752343187848e-01
1.000067338796933436e+00
9.999944767667886536e-01
1.000092494050498715e+00
9.999115385178813931e-01
9.992583265366202783e-01
9.921170643136573153e-01
9.806467870357872263e-01
9.693681339423609877e-01
9.590415542607325650e-01
9.475081043294210081e-01
9.363540896034744376e-01
9.254246669363805911e-01
9.146984414350392001e-01
9.042100390781451225e-01
8.930311128064052362e-01
8.824395490233519768e-01
8.722528090038428328e-01
8.620317804163267761e-01
8.514201473811874310e-01
8.412297692786154801e-01
8.308695638203794642e-01
8.208395431631692052e-01
