0.000000000000000000e+00
0.000000000000000000e+00
0.000000000000000000e+00
0.000000000000000000e+00
0.000000000000000000e+00
0.000000000000000000e+00
0.000000000000000000e+00
0.000000000000000000e+00
0.000000000000000000e+00
0.000000000000000000e+00
0.000000000000000000e+00
0.000000000000000000e+00
0.000000000000000000e+00
0.000000000000000000e+00
0.000000000000000000e+00
0.000000000000000000e+00
0.000000000000000000e+00
0.000000000000000000e+00
0.000000000000000000e+00
0.000000000000000000e+00
1.307005177975042133e-05
3.552933852188393249e-02
1.045029498925052591e+00
3.451054349045784786e+00
3.442951858093341588e+00
1.927640418653254084e+00
8.836404949463529945e-01
4.082707857579394584e-01
2.089213828110152438e-01
1.275204655743952531e-01
1.909260239104920431e-01
7.104966900654411388e-01
1.501309743786763740e+00
1.771643197423225846e+00
1.490381627898102357e+00
1.099602783037994858e+00
8.392038630032911950e-01
7.216707560066285554e-01
7.161727613207163889e-01
7.629967453415379408e-01
8.398380729637595632e-01
9.261445065532263321e-01
1.004102314213912051e+00
1.075002860566672824e+00
1.131866312528326368e+00
1.167688408988835524e+00
1.192306594354113791e+00
1.194554715820666635e+00
1.179841271357328747e+00
1.154440074414778916e+00
1.116407438366380012e+00
1.085816964680122121e+00
1.052092785313142764e+00
1.023798591279828862e+00
1.000201209939178604e+00
9.780756669241037482e-01
9.567452138290564179e-01
9.452068222758986948e-01
9.347037677147256307e-01
9.297034185271318973e-01
9.291324630348296587e-01
9.337539945905007910e-01
9.384769624710687097e-01
9.476161512132065257e-01
9.586231802632801946e-01
9.691847235015272899e-01
9.777617072478563820e-01
9.873669070483869215e-01
9.943266738673839367e-01
1.001347745666110844e+00
1.005659887698325816e+00
1.010794694865010168e+00
1.012823989192241481e+00
1.015096494769885282e+00
1.017773677116299069e+00
1.019452652490406175e+00
1.018935532141105327e+00
1.016980433040253429e+00
1.014133905987207429e+00
1.010926217917946124e+00
1.008291317400416220e+00
1.007296006232322183e+00
1.003678530961413129e+00
1.001926823675070910e+00
1.000595784175953185e+00
9.980808375504768293e-01
9.974596339794092881e-01
9.962493245640112738e-01
9.952567537864867031e-01
9.946884663974192575e-01
9.946473440960298396e-01
9.947221102555438010e-01
9.945919863994464594e-01
9.942241247990273312e-01
9.962678357533615303e-01
9.970241055649389228e-01
9.979841720017995632e-01
1.000117523062731495e+00
9.992450072893844792e-01
1.000610881876674130e+00
1.001868939372257516e+00
1.001245785114376563e+00
1.000278326569412179e+00
1.001397152554226011e+00
1.001409775994759999e+00
1.000645237241256202e+00
1.001204670997747126e+00
1.001082932726104380e+00
9.994118948431310878e-01
1.000310432953955164e+00
1.000970149614974547e+00
9.987750169751368201e-01
9.992188793836044303e-01
9.990306789588412339e-01
9.993012696081420287e-01
1.000379700543844619e+00
9.988910807548078141e-01
9.985152863662944966e-01
9.994742278093402543e-01
9.999566706260262228e-01
9.985261690166981063e-01
9.998897553226240298e-01
1.000147861001767557e+00
9.995573085147523296e-01
1.002085813699631567e+00
1.002310813630719499e+00
1.000532095906736529e+00
1.000213844854825451e+00
1.000537193068337771e+00
1.001140139786027117e+00
1.000941999552684036e+00
1.001036917298046225e+00
1.000981784287800380e+00
1.001390236263326905e+00
9.997915505965820904e-01
9.996780687963112699e-01
9.989731922119311491e-01
9.993145094660937922e-01
9.985451848562122423e-01
9.998130011615274926e-01
9.993946535258514396e-01
9.986511538515695507e-01
9.985353302165532741e-01
9.994699831911517673e-01
9.995659775821783555e-01
9.995187286323442555e-01
9.998470260279004318e-01
1.001615407981048200e+00
1.002056815305206960e+00
1.002688099791231524e+00
1.001699958084730779e+00
1.001907546037350771e+00
1.001909937377582827e+00
1.001584271406656068e+00
1.001898602678044758e+00
1.001219819100647168e+00
1.000774394322748506e+00
1.000556952918278730e+00
1.000843720974054163e+00
1.000198578194668064e+00
1.000400055138479738e+00
9.986427080370740006e-01
9.993026861588825138e-01
9.996784677401043817e-01
9.987501192161950536e-01
9.995149323712365641e-01
9.985972626151075060e-01
9.981287297175828188e-01
9.993275005942958700e-01
9.989919563826556992e-01
9.997165516735097013e-01
9.994439219432552646e-01
9.999076151723121919e-01
1.000120320070326807e+00
1.001121096266382571e+00
1.000147235845851634e+00
1.000644564165855899e+00
1.001181789527972654e+00
1.000385861158547662e+00
1.000815747868034400e+00
1.000540871890106986e+00
1.000462430359143173e+00
1.000950276399429351e+00
1.000353928049902530e+00
1.000280241833905626e+00
1.000202524068703358e+00
1.000081587920831794e+00
9.998216278118319256e-01
1.000397741135702345e+00
9.997252955435252941e-01
1.000420428226706182e+00
9.998904951441682787e-01
9.992563212370387804e-01
9.997334687800097930e-01
9.994949392893408557e-01
9.999933509111291752e-01
9.996854607465303078e-01
1.000288138542813066e+00
9.998731586766752555e-01
9.999140997784912166e-01
9.997395329715896839e-01
9.994918368766868566e-01
1.000428132003467141e+00
1.000432321578760497e+00
9.994523383711254594e-01
1.000215190446066327e+00
1.000497972939263791e+00
9.998085129103153612e-01
1.000188327818727796e+00
1.000698723715577776e+00
1.000452673004432969e+00
1.000598830079486135e+00
1.000212503210219595e+00
1.000827449626987775e+00
1.000462222571083304e+00
1.000370596907427467e+00
1.000087594434510230e+00
1.000231090212998275e+00
1.000412461011972676e+00
1.000932481063284696e+00
9.997850009894835299e-01
1.000533742011853633e+00
9.999767962228774953e-01
9.996008986881456115e-01
1.000088441562312358e+00
9.997227232684164910e-01
1.000202676244359656e+00
9.999094256638461076e-01
1.000277541247265090e+00
1.000150375801720504e+00
9.999118616055534536e-01
9.996230160566336176e-01
9.993634172812110306e-01
1.000361038775497979e+00
1.000523680370195123e+00
1.000331198969401703e+00
1.000316188322510458e+00
1.000161162584658037e+00
9.996793728782492616e-01
9.999033353442472460e-01
1.000016067736313907e+00
1.000497129080004877e+00
1.000079398876975612e+00
1.000006318477120404e+00
1.000146160418332597e+00
1.000073891365183654e+00
1.000494275139556688e+00
1.000091199603703629e+00
1.000016720063007014e+00
9.997855403969794219e-01
1.000061188735277939e+00
1.000012143257071218e+00
1.000093291997684597e+00
9.999407968530222846e-01
1.000164485743909593e+00
9.999497553684898454e-01
1.000301828224513301e+00
9.999034952830807566e-01
1.000390094160105159e+00
9.998335187343992958e-01
9.997636715810035435e-01
9.997497634284794321e-01
9.996991556645171695e-01
9.923544616587847145e-01
9.811539199616811091e-01
9.699073823807616845e-01
9.584985562776491275e-01
9.479232673945662269e-01
9.365014667476325716e-01
9.260418830475506402e-01
9.152499318625945124e-01
9.045332023203647154e-01
8.938639090584401536e-01
8.833037127359921747e-01
8.722849379728979669e-01
8.622922203045144673e-01
8.512900671990217827e-01
8.417659776487710355e-01
8.314643723985751800e-01
8.208518772406390163e-01
