0.000000000000000000e+00
0.000000000000000000e+00
0.000000000000000000e+00
0.000000000000000000e+00
0.000000000000000000e+00
0.000000000000000000e+00
0.000000000000000000e+00
0.000000000000000000e+00
0.000000000000000000e+00
0.000000000000000000e+00
0.000000000000000000e+00
0.000000000000000000e+00
0.000000000000000000e+00
0.000000000000000000e+00
0.000000000000000000e+00
0.000000000000000000e+00
0.000000000000000000e+00
0.000000000000000000e+00
0.000000000000000000e+00
0.000000000000000000e+00
1.306445110077294900e-05
3.502713092969147318e-02
1.045796383776841365e+00
3.448998880277281298e+00
3.445848916164672815e+00
1.924103872127479908e+00
8.814947886874864302e-01
4.067744097633893552e-01
2.084262536493721174e-01
1.297498838154602097e-01
1.912987131526910356e-01
7.124389767280484564e-01
1.503697181116683046e+00
1.765496983200269598e+00
1.486974970923609973e+00
1.097850596189147820e+00
8.390709450297429983e-01
7.269883011898300440e-01
7.151323653388642620e-01
7.653058162210371052e-01
8.396321884075014230e-01
9.277052971943577919e-01
1.005623784699795076e+00
1.075546277302878329e+00
1.127673819844404290e+00
1.169535444891228515e+00
1.191181097210968209e+00
1.198988280106437987e+00
1.183885554164230358e+00
1.157815749739421696e+00
1.120616600091735471e+00
1.084125994426964557e+00
1.052269522903118260e+00
1.026448687160265161e+00
9.975799856425605627e-01
9.799295390990536703e-01
9.613719570198352438e-01
9.466138099851014731e-01
9.358725195806147923e-01
9.290863234762553047e-01
9.296824778607984952e-01
9.325132416163998128e-01
9.360687730847410126e-01
9.489723170155422993e-01
9.564357481565385344e-01
9.677825722205672943e-01
9.777934788349739170e-01
9.882056826884358935e-01
9.947127787942665611e-01
1.000437762972387512e+00
1.004127424267136304e+00
1.010376594957266061e+00
1.014424061682994926e+00
1.015482838243922048e+00
1.018555483147362217e+00
1.019244118698722890e+00
1.017581218186797143e+00
1.015581915588481321e+00
1.012157686597251693e+00
1.011553889884041491e+00
1.008266003335028360e+00
1.006257546715922935e+00
1.004179502125818413e+00
1.003443650383726959e+00
9.997778665007742704e-01
9.988903518503360335e-01
9.974835701734757754e-01
9.964765417710617079e-01
9.925081565861820776e-01
9.933010994321065379e-01
9.942405692089854030e-01
9.930745713058161117e-01
9.939636255427068967e-01
9.939821329777541736e-01
9.961262446866726572e-01
9.958574799561269453e-01
9.975924947459521297e-01
9.999985858452486998e-01
9.996708974433579087e-01
1.000922593039124786e+00
1.000133145233925269e+00
1.001228235928930843e+00
1.001100462236190536e+00
1.001434018825680727e+00
1.001064637518964684e+00
1.000562797372637647e+00
1.001213800833255396e+00
1.001385269744464956e+00
1.000156803095798352e+00
1.000392443752152527e+00
1.001043576426603243e+00
9.990135624206470943e-01
9.997131464574319226e-01
1.000453896846119184e+00
9.999302650711193730e-01
9.991577938114326596e-01
9.998840138249768250e-01
1.000138987967180482e+00
9.992809690491157859e-01
1.000159983501417660e+00
9.983505399773120459e-01
9.995468476343640774e-01
9.999212843877893775e-01
1.000614503891771312e+00
1.001454114889608560e+00
1.000212302043680168e+00
1.001511014134456534e+00
1.001116519096742374e+00
1.000890643396350921e+00
1.001899450268866509e+00
1.000326707643074631e+00
9.998118273876975826e-01
1.000422105487733582e+00
1.000878551886960066e+00
1.001370845116766217e+00
9.994363276229185633e-01
9.996618348586647773e-01
9.995810573200557547e-01
9.999388643073668925e-01
9.995321519410899080e-01
9.994359733753902519e-01
9.998487878373493176e-01
9.980100909762713579e-01
9.988552933354607477e-01
9.990911010638888756e-01
1.000037983043646994e+00
1.000419516584455160e+00
1.000637220809120320e+00
1.002565471736062586e+00
1.002221580881679674e+00
1.002381593003800031e+00
1.002916847074533768e+00
1.001333736213433578e+00
1.002234611487446525e+00
1.002034975247322102e+00
1.001743026553234106e+00
1.001068851332428178e+00
1.000955025794999509e+00
1.001492264100656060e+00
1.000583754239896539e+00
9.998328084587950748e-01
9.999047971870288487e-01
9.994236912672507245e-01
9.998897789858198770e-01
9.989660476228976460e-01
1.000044758454438298e+00
9.992766557283350171e-01
9.997203502243400264e-01
9.990495576864838467e-01
9.986972894569180470e-01
9.998822554008496288e-01
1.000981836266861880e+00
1.000390617065475052e+00
1.000043654350261546e+00
1.000418166467073489e+00
1.000944768039299326e+00
1.000598295587941777e+00
1.001762466804799967e+00
1.001001098093331487e+00
1.001014251656023424e+00
1.001063762617430575e+00
1.000806698899404212e+00
1.000583680048706237e+00
1.001113169047958218e+00
1.001029414775361781e+00
1.000907148563809912e+00
9.998822819020972696e-01
1.000224176626393957e+00
9.998975029448905483e-01
9.994308591920075813e-01
9.997995603028306810e-01
9.997162932605788699e-01
9.995533755011597465e-01
9.995700915879074389e-01
1.000005823933567628e+00
1.000358950154284887e+00
1.000741569627508598e+00
9.991709335851943763e-01
1.000060010358461371e+00
1.000334580254495176e+00
1.000129374959643380e+00
1.000904957151927732e+00
1.000836414235297234e+00
1.000074434264698997e+00
1.000114852109150965e+00
9.997244290929790944e-01
1.000067057935114301e+00
1.000176955339699081e+00
1.000567298371711100e+00
9.997198978491835808e-01
1.000334042032049897e+00
1.000650428238655465e+00
9.995763129157433369e-01
1.000003432399056980e+00
9.999499657399092412e-01
1.000531622887810723e+00
1.000156844824124480e+00
9.999920410775393620e-01
1.000316645896999868e+00
1.000291914801588078e+00
1.000547698869114654e+00
1.000592221322536668e+00
1.000295364718066127e+00
1.000227037434113786e+00
9.996266596716878450e-01
1.000118847887842000e+00
1.000536526063078968e+00
9.995690163372401571e-01
1.000310522351424147e+00
9.999884968094856497e-01
1.000092059961400714e+00
1.000127111296657212e+00
1.000021346591299931e+00
1.000266254527047982e+00
9.997711921859940842e-01
9.994965817355916382e-01
9.996356111332636019e-01
9.992415238047753778e-01
1.000210992319959136e+00
9.999290339376389891e-01
9.999983585678576814e-01
9.995791667240220280e-01
1.000130926824382316e+00
1.000402642318343194e+00
9.999787435240982125e-01
1.000602218383789710e+00
9.999913526990812374e-01
9.998802205329165860e-01
9.997481794506667407e-01
1.000141352855579591e+00
1.000091739518784051e+00
1.000299871984167366e+00
9.999427719042437435e-01
9.996926161697263780e-01
1.000029252120270717e+00
1.000441965069246653e+00
9.995727922989309233e-01
1.000325161302014543e+00
1.000158398823112194e+00
1.000018476699512382e+00
1.000045274028660947e+00
1.000055744963481485e+00
9.997155446543577462e-01
9.915466656924624145e-01
9.804644864871014942e-01
9.695196544157039797e-01
9.583753023616997657e-01
9.472419480582908724e-01
9.368845083695440668e-01
9.250384607540801385e-01
9.145807268531811474e-01
9.041075301483522120e-01
8.928307629186811312e-01
8.830365728825656513e-01
8.722834167969809593e-01
8.615171930674297984e-01
8.511553442061415842e-01
8.411825652144500065e-01
8.306399490780913553e-01
8.206824055063900447e-01
