0.000000000000000000e+00
0.000000000000000000e+00
0.000000000000000000e+00
0.000000000000000000e+00
0.000000000000000000e+00
0.000000000000000000e+00
0.000000000000000000e+00
0.000000000000000000e+00
0.000000000000000000e+00
0.000000000000000000e+00
0.000000000000000000e+00
0.000000000000000000e+00
0.000000000000000000e+00
0.000000000000000000e+00
0.000000000000000000e+00
0.000000000000000000e+00
0.000000000000000000e+00
0.000000000000000000e+00
0.000000000000000000e+00
0.000000000000000000e+00
0.000000000000000000e+00
3.478544391602346464e-02
1.044901048910112040e+00
3.447837574281801487e+00
3.427750215048088300e+00
1.924177544152495978e+00
8.816832319614048563e-01
4.069230752694991127e-01
2.092231935550059041e-01
1.282199630695015913e-01
1.901841302511121656e-01
7.102009097278810801e-01
1.497724706507978398e+00
1.765983054272101560e+00
1.483568398768449814e+00
1.100404819469423368e+00
8.419127029277720942e-01
7.267674105538689533e-01
7.154620374518338988e-01
7.651101124816461763e-01
8.432212018739558834e-01
9.287441978416274280e-01
1.006945404243261954e+00
1.076705864030647719e+00
1.127503308407787230e+00
1.169381968706083574e+00
1.194690081512139068e+00
1.194888055830297446e+00
1.182103704118033560e+00
1.156195082270072172e+00
1.118813630271029869e+00
1.084533043769376759e+00
1.052053451030692255e+00
1.023307565568939870e+00
9.983180137489527928e-01
9.784305613393856627e-01
9.600030769995927526e-01
9.460670424122937794e-01
9.349221223507290235e-01
9.299075573637246572e-01
9.291391773695981682e-01
9.340510659306048291e-01
9.406332472123269950e-01
9.486659872714088282e-01
9.594449701488485527e-01
9.707979280287694079e-01
9.784831528369580811e-01
9.884847749566217923e-01
9.938491435061383994e-01
1.000550209134234869e+00
1.006172174243817441e+00
1.009619560458786536e+00
1.013654077222990724e+00
1.016424703512202488e+00
1.018139019062328066e+00
1.020702489526340351e+00
1.018461005127881958e+00
1.017215412157213894e+00
1.014607791689751792e+00
1.010539854685066352e+00
1.009726274642407828e+00
1.006353416981771609e+00
1.005544973268026610e+00
1.003135316231941632e+00
1.000414318336896535e+00
9.987325686497007249e-01
1.000056923746371895e+00
9.972256945425265195e-01
9.969564442070424359e-01
9.939659016078996601e-01
9.949333855505659852e-01
9.941432914172204649e-01
9.950149580106953939e-01
9.940093029988275042e-01
9.956031993884373321e-01
9.972764634382856874e-01
9.999651095389993083e-01
9.986837401089559973e-01
9.990244848808318423e-01
1.001590947048231373e+00
1.001416794125800092e+00
1.002513718102928220e+00
1.001839876521033013e+00
1.002836802852276721e+00
1.002327674296114912e+00
1.001553433453749031e+00
1.001903547354123347e+00
1.001052133998638238e+00
1.001683557030834670e+00
1.000554254111820196e+00
9.997073262611395617e-01
1.000231374714398935e+00
9.997452124855886746e-01
1.000292486981459561e+00
9.997004264471399670e-01
1.000894195084907068e+00
9.997735734297853449e-01
9.997585494772580628e-01
9.990997919194024579e-01
9.996534092309715680e-01
9.991769232641923848e-01
9.985865796015189755e-01
1.000184178171660943e+00
1.001263669877092477e+00
1.001188784015367039e+00
1.001466547785428096e+00
1.001069142846916726e+00
1.001477946303417799e+00
1.001414528939585047e+00
1.001699691651356305e+00
1.001368633637264249e+00
1.001374535635256358e+00
1.000910465177434316e+00
1.000199019026621672e+00
1.000511382121891835e+00
1.000273023103374959e+00
1.000519388598631654e+00
9.994085072536654790e-01
9.995753640032452036e-01
1.000239881584420898e+00
9.994676206974029142e-01
9.994634966167813550e-01
9.992885577422587762e-01
9.991382356702229739e-01
9.995087333714268718e-01
1.000013384371080560e+00
1.000999523636763699e+00
9.999731126568945916e-01
1.001251411565664329e+00
1.001428784198120647e+00
1.002729415824993975e+00
1.002659378263876189e+00
1.001920160845732211e+00
1.001305954822026667e+00
1.001220540607471232e+00
1.000321018010259300e+00
1.000094639143513264e+00
1.000692975003053986e+00
1.000200972185134596e+00
9.999472387559753539e-01
1.000565871476393864e+00
9.987636519041982464e-01
9.998429844944476397e-01
9.991045813591563629e-01
9.985915086020876741e-01
9.985574782725252785e-01
9.986600598116440741e-01
9.979713161679436562e-01
9.986243066757358733e-01
9.985640546859386735e-01
9.986522814044485052e-01
9.995574139038034822e-01
9.998541445802563432e-01
1.000019436713859289e+00
1.000736690525729777e+00
1.001128037860128384e+00
1.000525219872057781e+00
1.000088223654345576e+00
1.000378584824965777e+00
1.001368900807409146e+00
1.000758968526582304e+00
1.000437283934881627e+00
1.000415944948196634e+00
1.000683910141550559e+00
1.000534576821935584e+00
1.000715939916410724e+00
9.998421342810843715e-01
9.995429001884122977e-01
1.000667966412581933e+00
1.000086548504936390e+00
1.000171852584971877e+00
9.995563502844008186e-01
9.995577388743318581e-01
9.989190690686892138e-01
9.999687263416391358e-01
9.996078995100404763e-01
9.995303502839718579e-01
1.000402050249288743e+00
1.000135049048435310e+00
9.996434342147133556e-01
1.000761811658065437e+00
1.000177066053281161e+00
9.997256799219824686e-01
1.000883868654889319e+00
9.997635745037622979e-01
1.000299750259537435e+00
1.000542957059592064e+00
1.000132769602521510e+00
9.999238309704363559e-01
1.000086275757306575e+00
1.000313434570590410e+00
1.000592157500429957e+00
1.000353893678379791e+00
1.000374657906532683e+00
9.999689436899052986e-01
9.997896356405655549e-01
9.997538878892451297e-01
1.000287023530096908e+00
1.000880136664298981e+00
1.000265876666829312e+00
1.000214430574332125e+00
9.996064757065664663e-01
1.000502768504387241e+00
9.997502955380451750e-01
9.996593816431894597e-01
9.999811820467362500e-01
9.997259100711775037e-01
1.000229123135880416e+00
9.998786967754403898e-01
1.000118747962012833e+00
9.997215313445880769e-01
1.000078806480878324e+00
1.000399361449283653e+00
9.999575527170981859e-01
1.000108656583626576e+00
9.998377653478893734e-01
1.000212392221516700e+00
1.000243988972672637e+00
9.997239607174007725e-01
1.000150805223758432e+00
1.000495732827480611e+00
1.000280802465101981e+00
9.996949318359998893e-01
1.000883281477238596e+00
1.000081116114998725e+00
1.000024393492939145e+00
9.997702477237015994e-01
1.000330954584878196e+00
9.996053805239107914e-01
1.000528414695383228e+00
1.000388723304929339e+00
9.996002043515963553e-01
1.000247164988947723e+00
9.998398955675675825e-01
9.998557978851626560e-01
1.000078429153331783e+00
1.000024594804657330e+00
1.000315275064653342e+00
1.000243812709333824e+00
1.000127264295080476e+00
9.998767477398680104e-01
1.000528209565632931e+00
9.993897928391950458e-01
9.924634238782755746e-01
9.817959915123771752e-01
9.701556646113222993e-01
9.586138953959335574e-01
9.475237764525461515e-01
9.369167270050514640e-01
9.260293282769322953e-01
9.149794552952984494e-01
9.042007824866856724e-01
8.934224726176122067e-01
8.832089484929327439e-01
8.724252912777503699e-01
8.619149641855887722e-01
8.512799778090828218e-01
8.415771304595187630e-01
8.308134887869659257e-01
8.209802271421516862e-01
