0.000000000000000000e+00
0.000000000000000000e+00
0.000000000000000000e+00
0.000000000000000000e+00
0.000000000000000000e+00
0.000000000000000000e+00
0.000000000000000000e+00
0.000000000000000000e+00
0.000000000000000000e+00
0.000000000000000000e+00
0.000000000000000000e+00
0.000000000000000000e+00
0.000000000000000000e+00
0.000000000000000000e+00
0.000000000000000000e+00
0.000000000000000000e+00
0.000000000000000000e+00
0.000000000000000000e+00
0.000000000000000000e+00
0.000000000000000000e+00
1.306653371390287441e-05
3.395167799554111437e-02
1.044498722700516247e+00
3.446167790960509958e+00
3.438036263675340987e+00
1.923008664947619240e+00
8.798523311707162620e-01
4.073548378343903043e-01
2.087907748984833278e-01
1.284137947224232301e-01
1.910753541606054207e-01
7.082243862052720607e-01
1.493038943844588351e+00
1.766238424814543517e+00
1.487576523373511206e+00
1.100866900773218360e+00
8.385368866343426708e-01
7.281508391372277789e-01
7.154946115916553939e-01
7.648012625504965190e-01
8.407437332910767669e-01
9.295687961976099034e-01
1.007961146629132276e+00
1.075859948251654652e+00
1.129586971738601342e+00
1.168042622432744038e+00
1.187248584470739887e+00
1.192315051301098050e+00
1.177877637961459723e+00
1.152710495923621403e+00
1.118045140322604381e+00
1.082919701113179478e+00
1.052020810246064420e+00
1.022640358658291060e+00
9.992441385749500915e-01
9.759580562363823208e-01
9.579053503702517069e-01
9.461567312083369874e-01
9.362223127442169668e-01
9.315816238347115474e-01
9.296446182167086292e-01
9.318487221259376119e-01
9.391410637925567961e-01
9.484425608982733902e-01
9.596404208320782336e-01
9.687292642052364178e-01
9.764416269905639156e-01
9.862332344107502813e-01
9.945529750762697185e-01
9.986392543402060618e-01
1.004869836534201699e+00
1.008932620525074819e+00
1.012596297706293447e+00
1.015940563153154619e+00
1.017634300974118888e+00
1.016817659167976728e+00
1.019334155654008978e+00
1.016971873653554903e+00
1.013888560917066473e+00
1.011486598297564932e+00
1.007673274419197185e+00
1.005050323520088495e+00
1.003962738292816237e+00
1.002079357045379648e+00
9.997557120560441879e-01
9.982223973841117814e-01
9.975405487548596462e-01
9.960851804309119872e-01
9.946599817051530179e-01
9.939154007069295194e-01
9.941086992699136315e-01
9.955033142635312249e-01
9.929127367225013545e-01
9.951828375827835860e-01
9.940974252327618998e-01
9.973958792577722887e-01
9.981755790085290458e-01
9.989863159818189731e-01
9.999327162008168068e-01
1.000309371419018101e+00
1.001545432673150771e+00
1.001617080659670256e+00
1.002542903457923185e+00
1.001550077925629667e+00
1.000048841314776116e+00
1.001585347590955744e+00
1.001863930146432935e+00
1.001675123368568343e+00
1.001245125885606324e+00
1.000650858095868179e+00
1.000161399270802054e+00
9.994224189893893273e-01
9.999866420090806063e-01
1.000193431496905649e+00
1.000322589201526391e+00
9.982132855727126053e-01
9.996197178025766350e-01
9.989581983819755262e-01
9.996467788161833568e-01
9.989463768245731012e-01
1.000384289121373227e+00
9.977507007001134021e-01
9.998493712989701132e-01
9.996019010292559459e-01
1.001852933026985637e+00
1.001091135426642964e+00
1.000724411801902969e+00
1.001833908016687369e+00
1.001426387045977640e+00
1.000940420590757052e+00
1.000828021479882590e+00
1.001697761715508728e+00
1.000689512798491831e+00
9.998846241614047781e-01
9.994960231459976141e-01
9.994036009400063536e-01
9.994571475885541956e-01
9.993217899736613896e-01
9.999522416770616484e-01
1.000091408671645032e+00
9.989033428524193292e-01
9.988782969990672722e-01
9.988480697990018697e-01
9.985928439403809476e-01
1.000188356708051174e+00
9.999594990065918676e-01
1.001029641314561180e+00
1.001713364560099073e+00
1.001141534553664947e+00
1.002332444087090435e+00
1.003229789934029004e+00
1.002383734377939817e+00
1.002374013620014326e+00
1.000941953512095139e+00
1.001200726114851891e+00
1.000854922330141727e+00
1.000601217270218557e+00
1.000543579672826811e+00
1.000518356586849400e+00
9.994882925882360158e-01
1.000378524723327223e+00
9.989068699000200890e-01
9.994085050005506732e-01
9.989251261346991928e-01
9.985334476424472250e-01
9.986984743297306899e-01
9.995148021632810353e-01
9.988799714946423602e-01
9.990788231308701528e-01
9.989125044912741114e-01
9.996159848048229435e-01
1.000414072285709333e+00
1.000615983589658198e+00
1.000151072525687024e+00
1.001707836688461528e+00
1.001131968853423926e+00
1.000424233346587144e+00
1.001036419878325257e+00
1.000956402877072771e+00
1.001360819383085188e+00
1.001035379360005972e+00
1.000762834085156650e+00
1.001169291999060462e+00
1.000658973655005113e+00
1.000668968748699372e+00
1.000355313494058818e+00
1.000918835352471614e+00
1.000561094698244391e+00
1.000506701472681836e+00
9.994049629683631197e-01
9.998592037875271288e-01
9.997116640265081289e-01
9.996560969110118711e-01
9.991605819589853832e-01
9.999301851972911548e-01
9.995845053395252533e-01
1.000000279261823666e+00
1.000657302353967548e+00
1.000085755396991738e+00
1.000061839792555363e+00
9.999957494272488923e-01
1.000192152368271525e+00
1.000312741339396627e+00
9.999390320351502215e-01
9.997656367465311833e-01
1.000854272210694340e+00
1.001151901775113373e+00
1.000193526156641033e+00
1.000024095762828358e+00
1.001091590043949875e+00
1.000528707986262367e+00
1.000089829548246767e+00
1.000862301388052211e+00
1.000292733847885973e+00
9.993169837286377533e-01
9.997830740882672762e-01
9.999804548845206975e-01
1.000065652059229038e+00
9.997710241224612160e-01
1.000247663604658888e+00
1.000053366907630137e+00
9.997323521345080621e-01
9.999873156223006987e-01
1.000375379281532195e+00
9.998067158056360704e-01
9.998408405915105712e-01
1.000108597763064600e+00
9.995674828154348379e-01
9.999436036974409525e-01
9.999840866356405344e-01
1.000084536174484784e+00
1.000022443720650633e+00
1.000090333780449203e+00
1.000089656161844420e+00
9.996970526911201915e-01
9.999317138793341053e-01
1.000268167523106877e+00
9.997480359508658099e-01
1.000013567673920134e+00
9.994299548369138808e-01
1.000163276454568706e+00
1.000698494257547422e+00
9.995857759617312599e-01
1.000319239083212519e+00
9.997451108935461184e-01
1.000151715934612051e+00
1.000366613027752205e+00
1.000277930871839693e+00
1.000265091864180000e+00
1.000257112601725895e+00
9.998362905331990014e-01
9.995801607862021543e-01
1.000565031424893725e+00
1.000224527887672687e+00
1.000304753923627388e+00
9.999239987360549753e-01
9.994662532301286095e-01
1.000143437978891159e+00
1.000382931280654031e+00
9.998410461778109992e-01
9.999390621221424524e-01
1.000300943652383312e+00
9.996577888179271065e-01
9.921112386866463018e-01
9.806792699081861020e-01
9.693655044312992075e-01
9.586570674172464335e-01
9.470695033725345935e-01
9.370865010832815090e-01
9.258489571902475124e-01
9.145252049472964995e-01
9.045730158134009935e-01
8.935558524893740806e-01
8.830614750002374613e-01
8.724954311703395637e-01
8.616483773456268258e-01
8.512234264671627582e-01
8.411087530325686012e-01
8.307632981003904016e-01
8.216855833765461803e-01
