0.000000000000000000e+00
0.000000000000000000e+00
0.000000000000000000e+00
0.000000000000000000e+00
0.000000000000000000e+00
0.000000000000000000e+00
0.000000000000000000e+00
0.000000000000000000e+00
0.000000000000000000e+00
0.000000000000000000e+00
0.000000000000000000e+00
0.000000000000000000e+00
0.000000000000000000e+00
0.000000000000000000e+00
0.000000000000000000e+00
0.000000000000000000e+00
0.000000000000000000e+00
0.000000000000000000e+00
0.000000000000000000e+00
0.000000000000000000e+00
2.613203233013638418e-05
3.570843304308413124e-02
1.046344689725808852e+00
3.452444798306985696e+00
3.439702319809498032e+00
1.917130763918634351e+00
8.815300100292923213e-01
4.050586054652739465e-01
2.075723087756277119e-01
1.301503568261634936e-01
1.872660293077878513e-01
7.144115928805344629e-01
1.497809857866243766e+00
1.765346366738086870e+00
1.490493569566409882e+00
1.100653348772510087e+00
8.368877891926675971e-01
7.240839703305459452e-01
7.147586119732096677e-01
7.598045130772772549e-01
8.407840917987411400e-01
9.232055067039678375e-01
1.004111527655626723e+00
1.073124018501423027e+00
1.129974866897281105e+00
1.172047110961959238e+00
1.191161242751945348e+00
1.195149768738251295e+00
1.181928448990651637e+00
1.154058965205854381e+00
1.117527091208685652e+00
1.082613834140702336e+00
1.052726340502693869e+00
1.024249972174537726e+00
9.987386172285704911e-01
9.759782371444979399e-01
9.558321787697244831e-01
9.431708392377562422e-01
9.359027893974906087e-01
9.300151535645160283e-01
9.301929647440452253e-01
9.324768450209184323e-01
9.365267720292339559e-01
9.464600426634771635e-01
9.580512858217268279e-01
9.696829763411612957e-01
9.785191437204594500e-01
9.879528104735786354e-01
9.914259684004618212e-01
1.000504172122449464e+00
1.005790256100175251e+00
1.009605980510260181e+00
1.012945919259998551e+00
1.017760724768224989e+00
1.018491474729940283e+00
1.018908572953657332e+00
1.018671593311978318e+00
1.014748048851816575e+00
1.015602350953299204e+00
1.012029603069147576e+00
1.008115589225664799e+00
1.005685208234663675e+00
1.003904413726661948e+00
1.000879389099976091e+00
9.992846124058978319e-01
9.991580160440637348e-01
9.983011046437637592e-01
9.960643772193252810e-01
9.943555284714866715e-01
9.940817203782347233e-01
9.935154441274992587e-01
9.945396080031171371e-01
9.947059570512131188e-01
9.942846470588765362e-01
9.970192360034314527e-01
9.978483547136992593e-01
9.975834333521602648e-01
9.996775742763314154e-01
9.995178137666950180e-01
1.000708547473168730e+00
9.993824089733247540e-01
1.001026191687701461e+00
1.001814745243857274e+00
1.002579874453847442e+00
1.001063356359126466e+00
1.000710786158224952e+00
1.002154963672968968e+00
1.002303166599170847e+00
1.002135717723419139e+00
1.000485719941922147e+00
1.000316992874198618e+00
1.001185647341847229e+00
1.000420461728885213e+00
1.000997515560969608e+00
9.999650131267322495e-01
9.996953539325800220e-01
9.989274192327638469e-01
9.986708050010510984e-01
9.991053913025101929e-01
1.000153267996684914e+00
9.988423201658348516e-01
9.992037793503465437e-01
9.997475512050671975e-01
1.000825833833153489e+00
1.000363018080573818e+00
1.001694479356087575e+00
1.001042050867302580e+00
1.000078324015249764e+00
1.001245364755746214e+00
1.001605528683720880e+00
1.000933177168048971e+00
1.001484357364772704e+00
1.000333296578593156e+00
9.999818418405015397e-01
1.000533275523338261e+00
1.000127987676698194e+00
1.000249375433921006e+00
9.996183038936780063e-01
1.000247044202358326e+00
9.996338294992638263e-01
9.985015399593994978e-01
9.985397480862679975e-01
9.986681371554924080e-01
9.988135952070986701e-01
9.989617016759934076e-01
9.999209295726128044e-01
9.998837620774435608e-01
9.998639741588608576e-01
1.002241024627179566e+00
1.002076503140082231e+00
1.001299980419025459e+00
1.001594360463228695e+00
1.002301957722879555e+00
1.002076135427225401e+00
1.001414847870941260e+00
1.001585705118919867e+00
1.000895921773690356e+00
9.998131864501458299e-01
9.996678897173671974e-01
9.999650912436621741e-01
1.000816040779140881e+00
9.991347247230618622e-01
1.000229555497945233e+00
9.995253224522956392e-01
9.987918377690490068e-01
9.990731743085228267e-01
9.989809272387295547e-01
9.984833555576143604e-01
9.987889454880716222e-01
1.000332825522670666e+00
9.992701455641019859e-01
9.993186916639339445e-01
1.000301158809632218e+00
1.000642926086981799e+00
1.000287309063440322e+00
1.000898133054525463e+00
1.000308447240532361e+00
1.001236455647784407e+00
1.001408352972639193e+00
1.000800420024224868e+00
1.000581889111984202e+00
1.000973272238210754e+00
1.000422892569709843e+00
1.000340105288626713e+00
1.000744691929268848e+00
1.000612716722388829e+00
9.996859504214360426e-01
1.000017501716597979e+00
1.000693820641497478e+00
1.000348009387359349e+00
9.995317570316524236e-01
1.000019062750741705e+00
9.996892724196541069e-01
9.998542652256295904e-01
9.999704264033679735e-01
9.991304958296309824e-01
9.994251501957246431e-01
9.992251580222581975e-01
1.000040846649799864e+00
9.998231078034907071e-01
9.999006740262165183e-01
9.996424510126820095e-01
1.000028827278127697e+00
1.000367837722519360e+00
1.000276291737580925e+00
1.000263735105672458e+00
9.998181240216372778e-01
1.000083371439157043e+00
1.000368797488850880e+00
9.997131515538137947e-01
9.988594382176795294e-01
1.000333708341275774e+00
1.000765252096079250e+00
1.000032863143234030e+00
1.000306816810419219e+00
1.000074013555633634e+00
9.997548964154306939e-01
1.000665730391699482e+00
1.000196169482583164e+00
9.996737733558083150e-01
9.997283098175183680e-01
9.998761132103393123e-01
9.997939487657464541e-01
1.000487591739785298e+00
9.996191346060967486e-01
1.000319769401425196e+00
1.000323450333054920e+00
1.000005935704965765e+00
1.000437402750804061e+00
1.000413393229492742e+00
1.000307793983396865e+00
1.000342842393873610e+00
9.999864091543160249e-01
9.996562869035622301e-01
1.000064540720215778e+00
9.995108530897225396e-01
9.993539560933255572e-01
1.000096734438193913e+00
9.999394894716155946e-01
1.000191867155021841e+00
1.000386869483458785e+00
1.000482010849383263e+00
1.000135678346040002e+00
9.998761336738530847e-01
1.000124627997608817e+00
1.000033005441982592e+00
1.000250342197115394e+00
9.996219166691275859e-01
1.000293865370056379e+00
9.998380347499341569e-01
1.000137064284322364e+00
1.000156614300038216e+00
1.000052912813665928e+00
9.992488288529529639e-01
9.997014281014320325e-01
1.000129549962728959e+00
1.000459013577335243e+00
1.000006830897343102e+00
1.000720474169862095e+00
1.000264361826700199e+00
1.000569735802991245e+00
1.000092582566967980e+00
9.990863315854024984e-01
9.924706843973877257e-01
9.808841776428235404e-01
9.696062697850845735e-01
9.584813733746444520e-01
9.474413088531120630e-01
9.364017676976037485e-01
9.259632168597894397e-01
9.149182434088872773e-01
9.037789294556750619e-01
8.932040541719958870e-01
8.827147513527946465e-01
8.720345549320470679e-01
8.620078822159591425e-01
8.512774231778602596e-01
8.416181820359466270e-01
8.307305342366414491e-01
8.211197903300435641e-01
