0.000000000000000000e+00
0.000000000000000000e+00
0.000000000000000000e+00
0.000000000000000000e+00
0.000000000000000000e+00
0.000000000000000000e+00
0.000000000000000000e+00
0.000000000000000000e+00
0.000000000000000000e+00
0.000000000000000000e+00
0.000000000000000000e+00
0.000000000000000000e+00
0.000000000000000000e+00
0.000000000000000000e+00
0.000000000000000000e+00
0.000000000000000000e+00
0.000000000000000000e+00
0.000000000000000000e+00
0.000000000000000000e+00
0.000000000000000000e+00
0.000000000000000000e+00
0.000000000000000000e+00
0.000000000000000000e+00
0.000000000000000000e+00
0.000000000000000000e+00
0.000000000000000000e+00
0.000000000000000000e+00
0.000000000000000000e+00
0.000000000000000000e+00
0.000000000000000000e+00
0.000000000000000000e+00
4.129616892362662946e-03
5.786795620208528418e-02
2.364205670877628784e-01
6.125130999272709875e-01
9.762587447609780700e-01
1.268244229618319396e+00
1.444095003723000481e+00
1.513580738697687167e+00
1.588056629798081376e+00
1.570147728827937295e+00
1.534651794101723921e+00
1.489564459931000284e+00
1.472939973660629454e+00
1.441113551533501402e+00
1.379456213879382442e+00
1.342875138241314215e+00
1.291622128027317018e+00
1.284785142102267574e+00
1.245943785740705634e+00
1.228690655111096985e+00
1.208734937357420325e+00
1.143428482988211092e+00
1.108004017121721807e+00
1.047138025117248405e+00
9.818066965220207942e-01
9.671511089598707755e-01
9.583863879455549739e-01
9.509478282037234775e-01
9.937187605622753717e-01
9.831587641569059510e-01
9.995698503854800743e-01
9.883841655836712592e-01
1.020339337564512672e+00
1.019564090200103301e+00
1.027036218442861637e+00
1.030280688402403388e+00
1.044125977547618600e+00
1.027764112367073324e+00
1.031276161236161837e+00
1.036718958671111412e+00
1.019746428095523738e+00
1.026827991981890564e+00
1.028092251095202414e+00
1.022950944472100776e+00
1.023590501927755803e+00
1.021571515332367230e+00
1.012833634262321647e+00
1.025154124830687685e+00
1.026434253969742416e+00
1.014265838718798829e+00
1.017034368038199244e+00
1.015859312139624437e+00
1.011705662681767981e+00
1.003493338348049324e+00
1.007345012582595123e+00
9.963746632988584873e-01
1.004417718856448483e+00
9.980234093473681067e-01
9.941777858921971855e-01
9.949690271919300333e-01
9.989962028171565089e-01
9.944357401828792797e-01
9.966767072123582372e-01
9.948530869025394852e-01
9.984659545278661286e-01
1.004173164039737998e+00
1.003617838901236903e+00
1.010093409897960148e+00
1.004965847247856425e+00
1.010254942956450908e+00
1.009440168719139885e+00
1.001411384332096199e+00
1.008868510088510861e+00
1.009666382225957060e+00
1.013996018706491586e+00
1.000372516988999649e+00
1.011605070336611290e+00
1.005778715886304298e+00
1.006033452745573875e+00
1.012910447588364127e+00
1.010535173996942149e+00
1.007112553795283860e+00
1.004395384402822833e+00
1.004093634887562203e+00
1.001373417817403411e+00
1.000812422282886471e+00
1.001386855960829880e+00
9.995377664551148289e-01
9.977296336100441865e-01
9.989715578847834232e-01
1.008157258678419765e+00
1.006670536692107376e+00
9.923821807621552304e-01
9.989104940601200022e-01
1.004368366663727308e+00
9.957222496491675567e-01
9.955625205936985411e-01
1.005669149020574915e+00
1.004166726444090108e+00
9.960149396280597589e-01
9.919832139484422440e-01
9.989104497201001243e-01
1.004465723919249154e+00
9.974379749109838489e-01
1.004252669244717566e+00
9.967586189271387953e-01
1.000032446849564938e+00
1.001185454639749395e+00
1.006431891237598020e+00
9.925024910897123354e-01
1.000406372400412192e+00
1.001466329667215271e+00
1.001802669190045014e+00
9.942815696957505445e-01
1.001744565389325103e+00
9.907091620926633535e-01
9.967849566176772980e-01
9.977143051241494920e-01
9.990491695117923454e-01
9.903701429029403425e-01
9.975292754800372252e-01
9.930653294467853831e-01
9.979518599654596533e-01
9.901110625049587277e-01
9.915686494442899068e-01
9.956410763905200190e-01
9.992413640192601143e-01
9.979413344405918540e-01
9.967831774263439248e-01
9.940915675785025885e-01
9.979103041329234758e-01
9.952490438961210106e-01
9.889117058084991863e-01
9.948451808535266894e-01
9.934568446570097855e-01
9.981522627052125118e-01
9.901281028018025232e-01
9.919179305567126237e-01
1.002226148453936316e+00
9.964366991438748933e-01
9.971692592636866026e-01
9.954537648087307122e-01
9.975005226527524638e-01
9.971472834056344103e-01
9.970033983674655431e-01
9.911422809495947783e-01
9.953647969136533158e-01
9.930536087485553054e-01
9.957452200483026816e-01
9.968908811027046291e-01
9.977332129177752806e-01
9.945497907648442881e-01
9.958285395457858735e-01
9.932190366050682728e-01
9.918681502044019993e-01
9.995806081556891654e-01
9.968732124552739382e-01
9.961466901434370413e-01
9.986322590008495093e-01
9.988277280712237749e-01
9.975771598187800349e-01
9.958838991997396306e-01
9.975012821384783290e-01
1.000540355897107325e+00
9.899466470620741365e-01
1.000583169107714054e+00
9.948450476660101183e-01
9.990864184324019792e-01
9.928623628704587034e-01
9.981635397199445370e-01
9.980288813330859821e-01
9.976066839976598377e-01
9.963034480729089370e-01
9.973051840660354106e-01
9.995260412239171943e-01
9.986620709225396686e-01
9.967451378279958973e-01
9.979611424808857434e-01
1.001551697144367203e+00
9.978539944481300550e-01
9.949828723092766225e-01
9.971505581505057947e-01
9.951435157419025179e-01
9.965223990402208853e-01
9.987447177960062650e-01
9.926507441065506310e-01
9.955849290294821463e-01
9.993681216965033531e-01
1.001311759592337980e+00
9.981220199432797591e-01
9.979349717900374284e-01
1.000966827822256322e+00
1.000288109085183841e+00
1.001329860378152414e+00
9.946377683928439017e-01
9.981291993442455990e-01
9.945598872599815676e-01
9.965479764386490080e-01
1.001186860838535031e+00
9.986247764039903885e-01
9.981977880610189979e-01
9.989288566968750338e-01
9.993352218407238752e-01
1.001834619167167428e+00
1.000407185819979672e+00
1.002466487942387463e+00
9.962401316005006224e-01
1.001567540452689364e+00
1.000037982825933591e+00
9.998512236507531847e-01
9.996683898694876946e-01
9.982873264644979150e-01
1.001767751444768928e+00
1.000016686581911562e+00
9.984025036139950737e-01
1.005296146167999005e+00
9.985659573169221037e-01
9.979280696047500010e-01
9.995339643675853480e-01
9.999450528364274282e-01
9.971434271119743453e-01
9.970810712639801565e-01
1.003339011675775438e+00
1.002355506584494016e+00
9.990705822005662151e-01
1.000368780950063874e+00
1.001374654394853403e+00
9.998002378050124817e-01
1.001181883640669401e+00
9.984417242107244128e-01
9.968627203743306575e-01
9.964037527653285542e-01
1.000797164438627540e+00
1.001254204113966484e+00
1.000673146755422183e+00
1.000288972163651646e+00
9.947140394053468615e-01
9.992554951183642009e-01
1.000034842162115467e+00
1.000500011439411141e+00
9.989390916276068566e-01
1.002064958346857493e+00
1.000439033339081130e+00
9.990911516816489701e-01
1.003455019432033080e+00
9.986487547423306133e-01
9.997437597601002146e-01
9.984285743590703976e-01
1.000586228384758858e+00
9.980349859478170327e-01
9.978778416054074896e-01
1.002995387668101257e+00
9.957918544898480828e-01
9.954700680542811764e-01
1.000788509504323409e+00
9.961400725204022644e-01
9.947008578347739105e-01
9.980211274782047060e-01
9.955836754507941810e-01
9.965511970631334426e-01
9.993427883802511458e-01
9.964968763390411599e-01
9.995297214884275583e-01
1.000860484957181828e+00
1.001094443388244049e+00
9.969052155704846152e-01
1.002225925384184091e+00
9.988909808651047495e-01
9.951517630193233988e-01
9.965946837201524744e-01
9.986840812975315007e-01
1.001601120674570078e+00
9.962610540075350629e-01
9.993889360968852831e-01
9.980345009810350776e-01
9.989302420690887585e-01
9.977382596881303467e-01
9.991887993249763955e-01
1.001876075013363954e+00
1.001599984502507645e+00
9.980126173148201607e-01
1.000661111898070388e+00
9.989122504748695341e-01
9.994578797572474249e-01
9.996437506929358729e-01
1.000267548474378376e+00
9.982653407884637398e-01
9.974635933256019715e-01
9.979436216507565627e-01
1.000848422721726694e+00
9.999743610919362702e-01
9.994103694536213833e-01
9.991377032959691817e-01
9.969457287094225517e-01
9.928923479379253569e-01
9.987333008244203558e-01
9.978396520087207122e-01
9.979858315166550975e-01
9.962906751241746850e-01
9.952855361922253730e-01
9.977548358370376125e-01
9.949840448478690647e-01
9.962691336400492093e-01
9.983176816563145151e-01
9.975056506822795876e-01
9.976778530825969327e-01
9.973807962699680063e-01
9.951415387458705242e-01
9.954534239487938807e-01
9.978976076868154577e-01
9.995845746038746205e-01
9.982829484932795872e-01
9.943515579093582524e-01
9.980108563208067718e-01
9.999032846506785699e-01
9.970612917731949132e-01
9.951092502247177451e-01
9.939251530558765868e-01
9.971443272738869101e-01
9.990263783855015678e-01
9.981898392222048333e-01
9.960137631283800808e-01
9.961910372114721746e-01
9.961466577427723346e-01
9.959816287914017297e-01
9.962353790286316846e-01
9.932482965492391846e-01
9.816646831268402984e-01
9.748951212221309559e-01
9.697358021929830540e-01
9.559558824528079368e-01
9.526380075314230256e-01
9.423045221060485366e-01
9.340285395441929595e-01
9.254633470138615703e-01
9.175267513790009710e-01
9.078345780725419756e-01
9.018628732334723619e-01
8.983036077171436817e-01
8.850175369319148722e-01
8.785495859470033864e-01
8.722465291758314532e-01
8.645784713237086860e-01
8.533249736017068932e-01
8.494181517992930308e-01
8.415392171218739614e-01
8.351911188940426278e-01
8.237470655564096411e-01
8.224585153223167300e-01
8.126618494536150816e-01
8.015955688182559991e-01
7.981892964165463455e-01
7.872589066582020845e-01
7.845598189751324947e-01
7.762183006830701837e-01
7.689515018491124287e-01
7.587654343712849636e-01
7.531063112308582497e-01
7.457709795377861495e-01
7.414725786709962518e-01
7.334317855172045597e-01
7.265094878099652709e-01
7.206845533423397177e-01
7.132460055841999269e-01
7.056092129795243917e-01
6.988613825455316508e-01
6.921573089758454866e-01
6.872836126366876908e-01
6.803552160395961446e-01
6.717096247222148486e-01
6.666857567434457676e-01
6.606558247770289993e-01
6.532070686029329831e-01
6.459615551333316441e-01
6.384139560128131441e-01
6.334168172480189041e-01
6.280990351997670640e-01
6.206871257554920085e-01
6.156555029732700968e-01
6.080208215347761014e-01
6.015460552554715568e-01
5.961002257865991583e-01
5.893658061118582925e-01
5.826913449663332356e-01
5.789068439640771002e-01
5.705611688334264464e-01
5.638031552912570188e-01
5.565357436667384139e-01
5.533325253906380414e-01
5.474109742860575611e-01
5.423581649103986768e-01
5.355525366103954799e-01
5.288869385537479095e-01
5.201859488768615369e-01
5.162951674608210473e-01
5.120296041711561719e-01
5.040704218238187817e-01
4.984359044687337037e-01
4.934777530966353853e-01
4.886984357882579455e-01
4.800385872452629377e-01
4.743215827975097443e-01
4.698333541635676402e-01
4.635634615594168007e-01
4.596328580121379348e-01
4.520662640540469290e-01
4.479895242104168229e-01
4.417038965204089229e-01
4.365262339863896224e-01
4.311340325897277670e-01
4.262293965323321054e-01
4.194618819352875505e-01
4.145253938245687109e-01
4.094285390427648830e-01
4.037985242835960276e-01
3.979321468586290989e-01
3.922351909336662112e-01
3.879856335301475334e-01
3.835857404670441340e-01
3.770672427370424518e-01
3.724688562631290334e-01
3.678706984904799859e-01
3.614912149875510461e-01
3.552138482385043261e-01
3.507031118084631416e-01
3.472116786175353242e-01
3.396505335855203311e-01
3.368742634028624727e-01
3.309601536690799928e-01
3.268607620882490461e-01
3.200503337266599191e-01
3.152880888800905779e-01
3.097357393421611427e-01
3.041253500357447015e-01
3.006405334770356208e-01
2.965723455315365520e-01
2.909330423446180869e-01
2.858167780090050125e-01
2.801620061253835559e-01
2.773170996453222514e-01
2.725506019167224236e-01
2.671917268481957541e-01
2.605337376655172954e-01
2.571934844652328800e-01
2.536720745672845778e-01
2.482046249188387399e-01
2.433363678577188660e-01
2.384215808938080772e-01
2.347368293403619688e-01
2.302523557519413899e-01
2.245407389775640195e-01
2.208693869811727273e-01
2.150936767425441765e-01
2.105144531265148999e-01
2.068650010930479510e-01
2.016248708655206390e-01
1.977752322561792120e-01
1.936348369746974385e-01
1.879873571825785850e-01
1.829704920596748885e-01
1.789060696409986440e-01
1.755137125136143894e-01
1.709737087094899688e-01
1.663181299254323786e-01
1.617654669537407497e-01
1.568200344544869174e-01
1.532527524215010206e-01
1.492057172412919464e-01
1.448832362919296735e-01
1.406363358331328972e-01
1.353983223251550017e-01
1.316452410233062975e-01
1.278723836952165571e-01
1.234186031966838376e-01
1.192743325085531686e-01
1.156729576954959732e-01
1.121958053171615843e-01
1.086367861948835528e-01
1.061282913633903036e-01
1.024107805916738001e-01
9.890554222357750280e-02
9.671661824209912273e-02
9.401428043191024930e-02
9.064588060663722469e-02
8.767298653570657074e-02
8.521781428725477836e-02
8.305128040185769112e-02
8.011706741607790838e-02
7.808550190138714708e-02
7.544121097618086691e-02
7.359638289311996873e-02
7.142487412755785248e-02
6.919588479856048080e-02
6.737438487006526533e-02
6.488732444993185189e-02
6.299766636931296293e-02
6.137222108897082140e-02
6.001292299283445680e-02
5.724567190428447166e-02
5.584696206063408108e-02
5.387447954608504813e-02
5.239573069053715670e-02
5.130922368559248659e-02
4.907458190482019700e-02
4.806976266145216586e-02
4.599954351714796719e-02
4.505667515125779538e-02
4.342214293728256791e-02
4.191204399683924608e-02
4.076583481228132633e-02
3.904431777442534529e-02
3.785271831805853138e-02
3.714360795473473087e-02
3.529682656555664655e-02
3.423681800458897029e-02
3.324263890370948021e-02
3.229080478920706015e-02
3.103466832628756777e-02
2.988697875485679667e-02
2.891193812213127198e-02
2.768552690236164918e-02
2.696115274652589530e-02
2.594866679508004911e-02
2.466008321801818962e-02
2.406563011849287975e-02
2.318748316927472797e-02
2.197376714954952376e-02
2.144518129174543403e-02
2.050241512790965809e-02
1.958906174708112402e-02
1.868099589303386099e-02
1.799403791549859452e-02
1.749251320613445446e-02
1.645537986606497929e-02
1.584407401670976864e-02
1.508161824732089790e-02
1.440183992945984377e-02
1.371723731934319443e-02
1.327636469927117799e-02
1.263599295880309809e-02
1.191532679174148700e-02
1.135277680432831074e-02
1.081587868049721686e-02
1.040577358457521299e-02
9.842756980068019176e-03
9.128426336741709418e-03
8.885904833871131892e-03
8.298061186798261560e-03
7.714218709230935382e-03
7.280276363460403723e-03
6.933094088172519522e-03
6.500689398880994674e-03
6.150443265244560920e-03
5.836539592134166315e-03
5.329493970574152549e-03
4.974785527356899266e-03
4.699632088670183637e-03
4.407583837576159978e-03
4.170554009861588904e-03
3.848918723016675827e-03
3.565547023479661431e-03
3.252936262663530791e-03
3.048085083473334005e-03
2.755699125789078715e-03
2.553853517492076560e-03
2.323592089573210586e-03
2.086247563811954430e-03
1.921977126594861607e-03
1.696078084164161486e-03
1.577738309229037095e-03
1.388440927203356745e-03
1.239901843304787614e-03
1.044519711659372321e-03
9.223814086557526873e-04
7.796203413131496925e-04
6.350098917816753789e-04
5.403887287698922424e-04
4.648313075148192411e-04
3.254182028178454790e-04
2.574666509176522212e-04
2.036563430482322122e-04
1.784143928559650202e-04
1.070628683754505796e-04
6.059224307169235025e-05
4.416985438747149433e-05
2.066558370299760781e-05
3.582383452139491400e-06
8.927021794075053369e-07
0.000000000000000000e+00
0.000000000000000000e+00
0.000000000000000000e+00
0.000000000000000000e+00
0.000000000000000000e+00
0.000000000000000000e+00
0.000000000000000000e+00
0.000000000000000000e+00
0.000000000000000000e+00
0.000000000000000000e+00
0.000000000000000000e+00
0.000000000000000000e+00
0.000000000000000000e+00
0.000000000000000000e+00
0.000000000000000000e+00
0.000000000000000000e+00
0.000000000000000000e+00
0.000000000000000000e+00
0.000000000000000000e+00
0.000000000000000000e+00
0.000000000000000000e+00
0.000000000000000000e+00
0.000000000000000000e+00
0.000000000000000000e+00
0.000000000000000000e+00
0.000000000000000000e+00
0.000000000000000000e+00
0.000000000000000000e+00
0.000000000000000000e+00
0.000000000000000000e+00
0.000000000000000000e+00
