0.000000000000000000e+00
0.000000000000000000e+00
0.000000000000000000e+00
0.000000000000000000e+00
0.000000000000000000e+00
0.000000000000000000e+00
0.000000000000000000e+00
0.000000000000000000e+00
0.000000000000000000e+00
0.000000000000000000e+00
0.000000000000000000e+00
0.000000000000000000e+00
0.000000000000000000e+00
0.000000000000000000e+00
0.000000000000000000e+00
0.000000000000000000e+00
0.000000000000000000e+00
0.000000000000000000e+00
0.000000000000000000e+00
0.000000000000000000e+00
0.000000000000000000e+00
0.000000000000000000e+00
0.000000000000000000e+00
0.000000000000000000e+00
0.000000000000000000e+00
0.000000000000000000e+00
0.000000000000000000e+00
0.000000000000000000e+00
0.000000000000000000e+00
0.000000000000000000e+00
0.000000000000000000e+00
4.475127675901985173e-03
5.174145725624777065e-02
2.559727840731478299e-01
5.885952090982835561e-01
9.738486184472752161e-01
1.300170700472923491e+00
1.461785234171462333e+00
1.540317410688537780e+00
1.613065076687565380e+00
1.614155181273085882e+00
1.561304230659270820e+00
1.536733573761380534e+00
1.493972145830573028e+00
1.454666577547861772e+00
1.392090380641282099e+00
1.352134957788243552e+00
1.302617175634887881e+00
1.290698606405337623e+00
1.266820311348251238e+00
1.267376512598231253e+00
1.239501820335517701e+00
1.197939020727600834e+00
1.107390068985099951e+00
1.073336095972981630e+00
1.007726015444325052e+00
9.822155266364110959e-01
9.716991487383446202e-01
9.796876978500004274e-01
9.979804379413098614e-01
9.921404108784003251e-01
1.006470293984107922e+00
1.002504973285069934e+00
1.008115270695255195e+00
1.030387659636310849e+00
1.039932262424434262e+00
1.046509973126140247e+00
1.037999463902675501e+00
1.044969810976515312e+00
1.027420879614276750e+00
1.034426167450229972e+00
1.020795092950955274e+00
1.024154352412935287e+00
1.027965847696350243e+00
1.025727429395675960e+00
1.035531093436949490e+00
1.037995885428572018e+00
1.027875408703372573e+00
1.020258668056987394e+00
1.027506638071046696e+00
1.024435242891150066e+00
1.018170035609937907e+00
1.017225735410966170e+00
1.005892613945279290e+00
1.009208038653747197e+00
1.012047338556058884e+00
1.004898920916374561e+00
9.953571222373083227e-01
9.908723444762774779e-01
9.923086766651003643e-01
9.869334857606517630e-01
9.963657875791565033e-01
9.857986769762028256e-01
9.964752991918733871e-01
9.891535509982145591e-01
9.820681669029927008e-01
9.981359240446743275e-01
1.002668839959985458e+00
1.000052893460241288e+00
1.004412355200873463e+00
1.001062032081323050e+00
1.001527550464034411e+00
1.008254684907713861e+00
9.936490664739469070e-01
1.002750973606591600e+00
9.988703160384114765e-01
9.997465739900299742e-01
1.002664044118675379e+00
1.016911530227783134e+00
1.004120690573261143e+00
9.996814127009502338e-01
1.001503865267979521e+00
1.011902754317159037e+00
1.002211715448911189e+00
1.005366543306841276e+00
1.007852627241826005e+00
9.965898420610167507e-01
1.010132012160355197e+00
1.006267412724240362e+00
1.006767721470378518e+00
1.000455109292677225e+00
1.004579817436511036e+00
1.008482581625505192e+00
1.005901451832135418e+00
1.007746572784179451e+00
1.004070013081141521e+00
1.004844815982113504e+00
1.004042963469427452e+00
1.010405631699317075e+00
1.000768360923971034e+00
1.003662673384270398e+00
1.003627412928500551e+00
1.013908067868363849e+00
1.001573782805755375e+00
9.997274927837891401e-01
1.014217763111568527e+00
1.007387130854659585e+00
1.009337949103314980e+00
1.008509802318889204e+00
1.007584029884064369e+00
1.012119860511788705e+00
1.006821923588715473e+00
1.010639770731666998e+00
1.003255429893856965e+00
1.012959626933166435e+00
1.003279008243362691e+00
1.011307196552128973e+00
1.014896755300747300e+00
1.012009094404324294e+00
1.006188384750011933e+00
1.007611307124600453e+00
1.001393152982178680e+00
1.010203836280104461e+00
1.004536348008068680e+00
1.004182504994086456e+00
1.007865675022567631e+00
1.006644880192221425e+00
1.005470127542968051e+00
1.006053258654071803e+00
1.004166089519999305e+00
1.002817909625322246e+00
1.002382102043684498e+00
9.996430486415113226e-01
1.001483318869984096e+00
1.001829111671220129e+00
1.000210233121701320e+00
9.995806001039129196e-01
1.004178848638260568e+00
1.003304006816432947e+00
1.001963698273048875e+00
1.001326019814930302e+00
1.003190167873108107e+00
9.972293822421073317e-01
1.004287045737649153e+00
1.001189685991969780e+00
1.003132746340718695e+00
1.002259136688223418e+00
1.006773477326719846e+00
1.003211806437418696e+00
1.007226047754121501e+00
1.002523833393573538e+00
1.008959368714093641e+00
9.994095151287382128e-01
9.979507693811145996e-01
1.001753392860486702e+00
9.983579329947184222e-01
9.988863064226664035e-01
1.005196059531620500e+00
1.003048165939944392e+00
9.985874526470440715e-01
1.000189206397639419e+00
1.004907477718123499e+00
1.004302437596015229e+00
1.003291258776603412e+00
1.004360706626335586e+00
1.004703377586978030e+00
1.000563592637764954e+00
9.965259848158205536e-01
1.001925234139594334e+00
1.005012120694395605e+00
1.001980014245403172e+00
9.930606894703063459e-01
9.995129765462382743e-01
1.003126432160951209e+00
1.005167622517667114e+00
9.989194191211648866e-01
1.003102840264628259e+00
9.971786592297515739e-01
9.997610984223660457e-01
1.002085464702542561e+00
9.977985788686902779e-01
9.957241947293703488e-01
1.000399994219693944e+00
1.002149384579547720e+00
9.930201679570908047e-01
9.994932553581691304e-01
9.967093393223022124e-01
9.986495935884044384e-01
9.991746513227794946e-01
9.990602330535655051e-01
9.981971690759041671e-01
1.000706678438922248e+00
1.004959389729400243e+00
9.983458968566791825e-01
9.959580870550728271e-01
9.990482647124928617e-01
9.958726465403686667e-01
1.003340433794489783e+00
9.924579074024740821e-01
9.992832001596565483e-01
1.001355855782655180e+00
9.983390891890034924e-01
9.998806832562503466e-01
9.985273666935455816e-01
9.959866464529492092e-01
9.993659876085472238e-01
1.001864824579227653e+00
9.980060723735361128e-01
9.929395622486066886e-01
9.946939395718744636e-01
9.987885816509893822e-01
9.973987325801367820e-01
9.895731249073888014e-01
9.987112724577116296e-01
9.968271352328764712e-01
9.924579879128303528e-01
9.951654377487053615e-01
9.976183649783016971e-01
9.975048163645130472e-01
1.000269430754461952e+00
9.948741247976813362e-01
9.999452133107595841e-01
9.964394027334442239e-01
9.997671348651244738e-01
9.960290684841999198e-01
9.971905513585341829e-01
9.981582995603491826e-01
9.951913060918967657e-01
9.948218623552521622e-01
9.964627224119293469e-01
9.924514306128214836e-01
9.982083930363121471e-01
9.977413827268902802e-01
9.967754627984953819e-01
9.999899137769941992e-01
9.948845733165952998e-01
9.959984978965960023e-01
9.956024083487372556e-01
9.997097374727602626e-01
9.987856457175765534e-01
9.982120171711963419e-01
9.957891958267837129e-01
9.926251390592122359e-01
9.968102359117072542e-01
9.907711858905198232e-01
9.943752917003019220e-01
9.931473098278623679e-01
9.936012933979244677e-01
9.930586355522768027e-01
9.943304783544208991e-01
9.953332087397471772e-01
9.957879404131314560e-01
9.912546213528817818e-01
9.964296599151198919e-01
9.928515117642416898e-01
9.930665746929722149e-01
9.921932171101836007e-01
9.924692751193004980e-01
9.898365284942867159e-01
9.943084544172213768e-01
9.935222696667997955e-01
9.929767207838343657e-01
9.926230154425714769e-01
9.938967697953675628e-01
9.932122350172343239e-01
9.943450251683831898e-01
9.916941435962788320e-01
9.945486236071902075e-01
9.930756265896087953e-01
9.914629974971539417e-01
9.932014950732144243e-01
9.915431102395503293e-01
9.901312943403975941e-01
9.932891442086289047e-01
9.907215877920851899e-01
9.886091846997889787e-01
9.924594528777902491e-01
9.882511802466606987e-01
9.952930687687308042e-01
9.908403529057733250e-01
9.969723757482066295e-01
9.885854309979048571e-01
9.926506633293659121e-01
9.931891311436555903e-01
9.937421333347635777e-01
9.933999374143799299e-01
9.939083936386411411e-01
9.953463557072078638e-01
9.935745588467933542e-01
9.948874405996832593e-01
9.991210295612492631e-01
9.935597829543738602e-01
9.953724699252632924e-01
9.971111487491709502e-01
9.957633435247575937e-01
9.973601407927127349e-01
9.997454706518537071e-01
9.938278354038677653e-01
9.999262148656733462e-01
9.957538909174670216e-01
9.944470575839533533e-01
9.958857696321481434e-01
9.972088741882817464e-01
9.962745762784889214e-01
9.988415086863823289e-01
9.969839563688248640e-01
9.960961917089175000e-01
9.965329694307646369e-01
9.970634766038158903e-01
9.966013083935412187e-01
1.001525084761117013e+00
9.949037279899412001e-01
9.977425963762521777e-01
9.962931420502914026e-01
9.971952763169714684e-01
9.986798297441200623e-01
9.980166749358023726e-01
9.967788323958007846e-01
9.966778606903305970e-01
9.960499509250311245e-01
9.961665218482860240e-01
9.989558258562271087e-01
9.996576071255736107e-01
9.976237046175475687e-01
9.996496974195154817e-01
9.981584248094762524e-01
9.985415410876367082e-01
9.980013487842203102e-01
9.850737272701632907e-01
9.778804197955591748e-01
9.717320891899708935e-01
9.618699803357901867e-01
9.532247738609744836e-01
9.479148999816535692e-01
9.382702298213945191e-01
9.302689229239706759e-01
9.245915380076978884e-01
9.144270072121979398e-01
9.059765843405264141e-01
8.961104169345716075e-01
8.913368809481260202e-01
8.819855299746695021e-01
8.745335573562982301e-01
8.674326909507559247e-01
8.599444997453487005e-01
8.531995990914623684e-01
8.458514212649179687e-01
8.367304546465096360e-01
8.297946405096086053e-01
8.195165428032940014e-01
8.131949426202252917e-01
8.084797040637161647e-01
8.006412253329621143e-01
7.921440825873307112e-01
7.842049974485699737e-01
7.788200511778643476e-01
7.723574651156571713e-01
7.634441112078584890e-01
7.568030270658591130e-01
7.483713719386311247e-01
7.413377372937672849e-01
7.363184694466867741e-01
7.300457140974770942e-01
7.223622644066147735e-01
7.141238729248285955e-01
7.095890503423460949e-01
7.021487724959610821e-01
6.940975997760648886e-01
6.861634706706508657e-01
6.808855338952927161e-01
6.742610079574375970e-01
6.684843686015895514e-01
6.596697976795894425e-01
6.542010759806715647e-01
6.490747659742199804e-01
6.427341262846250070e-01
6.351931101291771187e-01
6.283518838509523086e-01
6.237419057754314267e-01
6.158244961497657544e-01
6.096005126411337960e-01
6.045634292940648136e-01
5.979759598831941858e-01
5.928935254763956220e-01
5.842543899940848551e-01
5.788435049291038581e-01
5.713943750110511699e-01
5.648996252341711433e-01
5.594238611433397512e-01
5.527631480854835466e-01
5.484699593489256175e-01
5.413309523511575794e-01
5.355718239972654393e-01
5.303619104373459292e-01
5.235704929168948363e-01
5.154973748179210169e-01
5.128518851846511906e-01
5.057151875474933389e-01
5.006078013968249252e-01
4.946480254056071502e-01
4.893021782262458319e-01
4.827859649704027700e-01
4.766187334272066756e-01
4.717047568998051776e-01
4.644623834913230165e-01
4.584612145105064207e-01
4.559201564155557218e-01
4.481380255811691637e-01
4.421204531306178742e-01
4.377322040363639810e-01
4.324303094085950039e-01
4.248883966390569755e-01
4.204213245503354845e-01
4.165650334741363703e-01
4.092519098915695652e-01
4.035561157178673142e-01
3.993156574107305512e-01
3.935311456682198950e-01
3.878145746275020733e-01
3.819403504361753576e-01
3.769155963785337793e-01
3.723588729500418859e-01
3.663038389696366970e-01
3.600128432632146991e-01
3.562375909208446156e-01
3.513592420361698054e-01
3.448121031669278969e-01
3.407342423829384237e-01
3.353139277605163282e-01
3.300718033768267889e-01
3.261526421311450874e-01
3.203428465954747950e-01
3.146089395201387973e-01
3.091663532472971321e-01
3.044753789652315246e-01
3.005170312843760128e-01
2.956197162625264774e-01
2.900878597642783108e-01
2.849802328470169011e-01
2.821341665285076461e-01
2.758531028074326374e-01
2.714481911091740085e-01
2.662227408854048183e-01
2.620658924195994333e-01
2.568568755323976660e-01
2.527393474475967960e-01
2.466726519872844692e-01
2.433033424492289098e-01
2.374475627743874440e-01
2.342459352462074318e-01
2.289797361801243214e-01
2.244462537633594434e-01
2.194597309405978691e-01
2.142363212433097130e-01
2.102517764660093158e-01
2.054619955832397704e-01
2.005943158464639220e-01
1.968212770592675798e-01
1.911119752772114100e-01
1.879724702349907794e-01
1.833575946704383841e-01
1.785651567913330573e-01
1.743339927663086486e-01
1.704357869844226880e-01
1.659753408848612388e-01
1.610444225457807466e-01
1.558816241892559407e-01
1.526263659718667953e-01
1.476721480119237428e-01
1.432232177456736755e-01
1.392995523484165388e-01
1.358909051682763436e-01
1.310296038123588691e-01
1.271530866927193804e-01
1.221788490742334032e-01
1.178953127938516393e-01
1.146552728768876206e-01
1.113549452555533115e-01
1.075353709496475324e-01
1.048186909325662247e-01
1.012232598329366740e-01
9.818260112179998111e-02
9.599854207890463897e-02
9.294979242997514213e-02
8.999626351148734549e-02
8.710863658763536022e-02
8.460377674654803726e-02
8.279747912190200954e-02
8.021159504695156428e-02
7.788927879903335960e-02
7.574055073914809366e-02
7.314925277113908109e-02
7.120159647910226375e-02
6.925456263359064391e-02
6.679410876093448690e-02
6.517324026618459554e-02
6.364182847906026119e-02
6.155069255046128479e-02
5.976598896087674528e-02
5.799431574924745342e-02
5.611418327642753862e-02
5.479193514174454660e-02
5.289493289196593728e-02
5.125059354881859874e-02
4.968035469124909564e-02
4.787608039285004558e-02
4.660353517060016049e-02
4.533302544024693514e-02
4.387136161566268511e-02
4.268193617978398996e-02
4.113968914239708036e-02
3.953164345217249215e-02
3.811623304573820425e-02
3.720822854872033597e-02
3.574090631754520131e-02
3.484314433803001321e-02
3.352508129427716338e-02
3.213435567884848076e-02
3.136327418213254864e-02
2.995613120945753854e-02
2.882952687232558098e-02
2.793776080934679343e-02
2.717087703704475221e-02
2.591985232243554718e-02
2.500541405051537672e-02
2.373428729853689634e-02
2.325197301454640098e-02
2.246961702540012373e-02
2.137402185456773601e-02
2.076188843400447737e-02
1.977993602999377973e-02
1.879834003333548734e-02
1.795746701975113949e-02
1.769476505073089290e-02
1.656549647580630655e-02
1.578058228229419976e-02
1.525763133173602126e-02
1.452506676593944002e-02
1.372462736594672571e-02
1.342263721482361491e-02
1.265562298987845183e-02
1.222334646165980712e-02
1.162516713962785664e-02
1.085763403094175232e-02
1.043795414843526337e-02
9.975741356765320186e-03
9.382024380220392590e-03
9.107832317381167955e-03
8.662974287567584697e-03
7.817295723955007200e-03
7.694083200465271118e-03
7.113026997723897148e-03
6.726190504960346921e-03
6.337948526474856265e-03
5.983318283930458628e-03
5.603170488876693667e-03
5.113360492677651234e-03
4.877244305515298153e-03
4.534204700381203566e-03
4.234748565138686700e-03
3.877533334868833899e-03
3.591052723575004994e-03
3.283128821941191933e-03
3.056780944829941109e-03
2.769111631848446709e-03
2.529593554434680144e-03
2.350228420121551910e-03
2.071579658994787600e-03
1.942595043919366276e-03
1.730816904269475093e-03
1.510964363373306979e-03
1.375649663626313029e-03
1.188526327197350456e-03
1.081419800136888950e-03
8.992946722959762945e-04
7.956995912007584597e-04
6.918536267325491908e-04
5.618439211479056951e-04
4.557486007723174338e-04
3.724149989560124763e-04
2.813757073177869644e-04
2.155949785179050462e-04
1.593475623155994972e-04
1.098185734643586934e-04
7.779904014739649363e-05
4.147833162603533984e-05
2.246950005528720141e-05
8.062841984471062079e-06
8.929767579374490903e-07
0.000000000000000000e+00
0.000000000000000000e+00
0.000000000000000000e+00
0.000000000000000000e+00
0.000000000000000000e+00
0.000000000000000000e+00
0.000000000000000000e+00
0.000000000000000000e+00
0.000000000000000000e+00
0.000000000000000000e+00
0.000000000000000000e+00
0.000000000000000000e+00
0.000000000000000000e+00
0.000000000000000000e+00
0.000000000000000000e+00
0.000000000000000000e+00
0.000000000000000000e+00
0.000000000000000000e+00
0.000000000000000000e+00
0.000000000000000000e+00
0.000000000000000000e+00
0.000000000000000000e+00
0.000000000000000000e+00
0.000000000000000000e+00
0.000000000000000000e+00
0.000000000000000000e+00
0.000000000000000000e+00
0.000000000000000000e+00
0.000000000000000000e+00
0.000000000000000000e+00
0.000000000000000000e+00
