0.000000000000000000e+00
0.000000000000000000e+00
0.000000000000000000e+00
0.000000000000000000e+00
0.000000000000000000e+00
0.000000000000000000e+00
0.000000000000000000e+00
0.000000000000000000e+00
0.000000000000000000e+00
0.000000000000000000e+00
0.000000000000000000e+00
0.000000000000000000e+00
0.000000000000000000e+00
0.000000000000000000e+00
0.000000000000000000e+00
0.000000000000000000e+00
0.000000000000000000e+00
0.000000000000000000e+00
0.000000000000000000e+00
0.000000000000000000e+00
0.000000000000000000e+00
0.000000000000000000e+00
0.000000000000000000e+00
0.000000000000000000e+00
0.000000000000000000e+00
0.000000000000000000e+00
0.000000000000000000e+00
0.000000000000000000e+00
0.000000000000000000e+00
0.000000000000000000e+00
7.341059280181535130e-04
6.194157475944898558e-03
5.301639346736851388e-02
2.452338957454002488e-01
6.093309445798885671e-01
9.190470346700219118e-01
1.217697611191364437e+00
1.380414509645165433e+00
1.531714329914666051e+00
1.541153693739028219e+00
1.545514806463373692e+00
1.519913684858375635e+00
1.477212002841941985e+00
1.445086161524584023e+00
1.390182487694446634e+00
1.360758297541782458e+00
1.321023730634371507e+00
1.271437576338749098e+00
1.254970311880257983e+00
1.241012262930459187e+00
1.239750962225102393e+00
1.181774415757238295e+00
1.149325749037389155e+00
1.095668015639113646e+00
1.009039637247836740e+00
9.941804099797018068e-01
9.892519284678120695e-01
9.713583583099689722e-01
9.652750767840878598e-01
9.666684880509773814e-01
9.743467559152376722e-01
9.803865627974986952e-01
1.015528245034181820e+00
9.925182541355845878e-01
9.943213348579973410e-01
1.011471121510132187e+00
1.013016629759906584e+00
1.022196425104277884e+00
1.010763240774855021e+00
1.008962563482445507e+00
1.004520672690897065e+00
1.018767192640176900e+00
1.001057154585750952e+00
1.007820586828318099e+00
1.017000355338445905e+00
1.002339674340414266e+00
1.014992179087866653e+00
1.010799961157922144e+00
1.018737145980793013e+00
1.006777323104489641e+00
1.012061481502112725e+00
9.988426987158618431e-01
9.993592448386355853e-01
9.909937629422707062e-01
9.917808099541599587e-01
9.814229046446341087e-01
9.953275330769557616e-01
9.898342960876549412e-01
9.862957303362526185e-01
9.785747951237957487e-01
9.734539789541263310e-01
9.739914146784306448e-01
9.903618478149387450e-01
9.875715273769323233e-01
9.885389702715561278e-01
9.858048950294860946e-01
9.889117648462730781e-01
9.923310152153085317e-01
1.003256937051865583e+00
1.003577204703391734e+00
1.007506541433286440e+00
9.958066393972114794e-01
9.929499453942794984e-01
1.002258134417447710e+00
9.920488384169462437e-01
9.979063908909490133e-01
9.884370637763290057e-01
9.956638003922737568e-01
9.996437261006059227e-01
1.000892075384993030e+00
1.005902961356626379e+00
1.004256417461152351e+00
1.000053921562087833e+00
9.925029897764970910e-01
1.008113508732282559e+00
9.956986259095171876e-01
9.931707867797796574e-01
9.900897232344996191e-01
9.903509720208321099e-01
9.960365116044791467e-01
9.875459008859173160e-01
1.002284411141872722e+00
9.970695560723625839e-01
9.959886438343775739e-01
9.997044613587567907e-01
9.955224845399590627e-01
9.916033498077845287e-01
9.895747533366789916e-01
9.995663050467236133e-01
9.981978909386352017e-01
9.937060640014853119e-01
9.925129976931847953e-01
9.970777970632372922e-01
9.920447216472660923e-01
9.905993145094798003e-01
9.958025497742223342e-01
9.976868670074918732e-01
9.853953028759995236e-01
9.971545395985605964e-01
9.970881572240701818e-01
9.969053322081097290e-01
9.975319763944985318e-01
9.979588231810680998e-01
9.916437499980158554e-01
9.892505367281250184e-01
1.000120488301659449e+00
9.974602073468226138e-01
9.967889403183861630e-01
9.966491477684931155e-01
9.853927432897211514e-01
9.918801683616627063e-01
9.978580863003533308e-01
9.980147363994853471e-01
9.979087060061536674e-01
9.949464881580105668e-01
9.955788678852046658e-01
9.977590924520320925e-01
9.942837265092657750e-01
9.995429037398974037e-01
9.943373850553512971e-01
9.867577244203251663e-01
9.926825423404571636e-01
9.921928957711847463e-01
9.880003036928511895e-01
9.932247526932357351e-01
9.906835615270342954e-01
9.921225887983599057e-01
9.923613173129617326e-01
9.962048464601717113e-01
9.958952470279572866e-01
9.916949152524621169e-01
9.955471587198106986e-01
9.929663457180414321e-01
9.954381518454150646e-01
9.905213232092920927e-01
9.982796318997071428e-01
9.987177823220197981e-01
9.981939591227793063e-01
9.967939114193958838e-01
9.911554795089392300e-01
9.950659657992917406e-01
9.980943440473009076e-01
9.916462658450514445e-01
9.991422513755681134e-01
9.958445132193378679e-01
9.937504784458652818e-01
9.953157839712768462e-01
9.937121577990709609e-01
9.991020737190353662e-01
9.947853614700566949e-01
9.980693980781201180e-01
1.000020244806400616e+00
9.965411900377553200e-01
9.993460292791824795e-01
1.000199210180359177e+00
9.936831553387106553e-01
9.984792847763870327e-01
9.957387613700370288e-01
9.956806007516297852e-01
1.001596633987690721e+00
9.920977782937284717e-01
9.966989338106821972e-01
1.000245010696439119e+00
1.002708652549758161e+00
1.000193452617900380e+00
9.997981797796567927e-01
9.994837548162970320e-01
9.977965199088509873e-01
9.990491294165383396e-01
1.002527611735076762e+00
9.995987737879725721e-01
9.971765758214015118e-01
1.001848943567602568e+00
9.963740440306544377e-01
9.985351582310448837e-01
9.998339109058982377e-01
9.946914310298972106e-01
9.976713401626292610e-01
1.001077292437926980e+00
9.972568942846682383e-01
1.000291239722233883e+00
9.962979423058890838e-01
9.984403586018960608e-01
9.940307944056732126e-01
1.001699858764074857e+00
9.953603162106964275e-01
9.951572838460013282e-01
9.976112814476943980e-01
1.000821446852374841e+00
1.000041392964815312e+00
9.995006892148819988e-01
9.985560491923617388e-01
9.994478862493522131e-01
1.003281635259775983e+00
9.922902299775271384e-01
9.981473256169565156e-01
9.973985072761328841e-01
9.997688872423791118e-01
9.993870559942618081e-01
9.972443274672229130e-01
9.938923133043590097e-01
9.969376824810136650e-01
9.964672512273931027e-01
9.981594333752856762e-01
9.972601134726771788e-01
1.000818301430454804e+00
9.977781338496422014e-01
9.976698578779215065e-01
9.951144580351346525e-01
9.983771613493932495e-01
9.951129327131814639e-01
9.976455787842472001e-01
1.000605079019702748e+00
1.000080734144058292e+00
9.966129230776595849e-01
9.948425776118354769e-01
9.994898850094504628e-01
9.980353139049099598e-01
9.982392473173546943e-01
9.901142754841228966e-01
9.979808827819528494e-01
9.983826450430154376e-01
1.001038880681887733e+00
9.970799973590057652e-01
9.949582507633392137e-01
9.975972963799062398e-01
9.966396513646922362e-01
9.994623209023798527e-01
9.996717471787324172e-01
9.975044311003393727e-01
1.002244185584150626e+00
9.970474775525257627e-01
9.980115717828018651e-01
9.972823601743856514e-01
9.945341571294936678e-01
9.954662537154373991e-01
9.973995900056163988e-01
9.928093754039739594e-01
9.970910138600043160e-01
9.991616531925349154e-01
9.943548129546820880e-01
9.969986802314113605e-01
9.961871086330574832e-01
9.988248858382576811e-01
9.976757111500648145e-01
9.947878674032717417e-01
9.976238023095623797e-01
9.969920528650810798e-01
9.960127523992254872e-01
9.987716683763003811e-01
9.986608172355745383e-01
9.913545277911844922e-01
9.971642379749189322e-01
9.990028723230837127e-01
9.973878343346567199e-01
9.972577969754683469e-01
1.000152144918854846e+00
9.995898270617908921e-01
9.952529337721441882e-01
9.981085797171187490e-01
9.959578740025594179e-01
9.965484823298135231e-01
9.973931411769380029e-01
9.981790978445111984e-01
1.000262767175420064e+00
9.923603746601852293e-01
9.958372698539916801e-01
9.954777097465219438e-01
9.960275899691866108e-01
9.964711629853834074e-01
9.959037035818084638e-01
9.994475481886496704e-01
9.973413685334626688e-01
9.962492847450078459e-01
9.979404704502765622e-01
9.978234803698132760e-01
9.952813294460973736e-01
9.973380353764138562e-01
9.971915545732652486e-01
9.964051528035597904e-01
9.970552408275219491e-01
9.973013477758823075e-01
9.982048723482030983e-01
9.986735697710976689e-01
9.965231954505071599e-01
9.963173981700097492e-01
9.972710413948145947e-01
1.000184345163913635e+00
9.958699709024269042e-01
9.964331631652882937e-01
9.950643011364600499e-01
9.965868044462642406e-01
9.999942250702466007e-01
9.973282761939943342e-01
9.952897230923483107e-01
9.964158670690947961e-01
9.952341655484742144e-01
9.948613884736327018e-01
9.989042589102172798e-01
9.975909240656828381e-01
9.927855570144952235e-01
9.983261894198044439e-01
1.000242565056318034e+00
9.961144780130254395e-01
1.000212011453077032e+00
9.967676396140103812e-01
9.982866907094931630e-01
9.977272323513408647e-01
9.985185861692453813e-01
9.997038976247125674e-01
9.977295533205640110e-01
9.955210060074473066e-01
9.974217440740853480e-01
9.949893046405950958e-01
9.956633823249221305e-01
9.977056781045353651e-01
1.000440253575437977e+00
9.936649072197211163e-01
9.809792436692108542e-01
9.742293999837181584e-01
9.694678961995285560e-01
9.598419832267551799e-01
9.527605292250235225e-01
9.444217409280687425e-01
9.371598135454706213e-01
9.277187817797364344e-01
9.183412728444958484e-01
9.117599122858058847e-01
9.026587661169903631e-01
8.950557989620783195e-01
8.899247301298767177e-01
8.812704210904692692e-01
8.734614683639507771e-01
8.642302070693366201e-01
8.570084491192936360e-01
8.510016382266051282e-01
8.435095252302278190e-01
8.341965008572198581e-01
8.277969531156095240e-01
8.212397885792865893e-01
8.126951078459031530e-01
8.053712482484758350e-01
8.008062250810021876e-01
7.920868418464320770e-01
7.816917679803820906e-01
7.778736417017212412e-01
7.694783099365694046e-01
7.612319405045024912e-01
7.565534415137157298e-01
7.486108521555382422e-01
7.429341723820314103e-01
7.345630549080129912e-01
7.268482442720460845e-01
7.214318778261024079e-01
7.136123103527148848e-01
7.073928587619384700e-01
7.020328439609891946e-01
6.924731686440960265e-01
6.871485252955058520e-01
6.818449150281293836e-01
6.734007563902977278e-01
6.672585365795242751e-01
6.598030953080145089e-01
6.547204068532559429e-01
6.475802939210435483e-01
6.413083444410603295e-01
6.339101974017364860e-01
6.259146897622483996e-01
6.204720201485968145e-01
6.138144639466708297e-01
6.085578886177798186e-01
5.994408916059563719e-01
5.950288697385873737e-01
5.891545831891566998e-01
5.822845383435759636e-01
5.752917507866855962e-01
5.713613010139362292e-01
5.635554388809616011e-01
5.570810010593252315e-01
5.529515544988301556e-01
5.469411875794037980e-01
5.393285754212719940e-01
5.343624514109744927e-01
5.287174623940955609e-01
5.221058409612723272e-01
5.170254011257851001e-01
5.083824350886498866e-01
5.043195581551935813e-01
4.996157794949364073e-01
4.925178826085979678e-01
4.866431208741787140e-01
4.812136142113330184e-01
4.745511729565965453e-01
4.704781114380194307e-01
4.638545273657062595e-01
4.587055351697780226e-01
4.528586048955414722e-01
4.471352089378416994e-01
4.421607476585319718e-01
4.382186518859283453e-01
4.317348559696713717e-01
4.240316197465223702e-01
4.206802225507431658e-01
4.153286537330160844e-01
4.068408257462362010e-01
4.047463013893022876e-01
3.984750475074620435e-01
3.919351627564213736e-01
3.878958580955531033e-01
3.827207321461579825e-01
3.765024140108728101e-01
3.696050083509632156e-01
3.678231036534252429e-01
3.624419356242608026e-01
3.550083812889294754e-01
3.506385710054239491e-01
3.442749555456287580e-01
3.409850901190498162e-01
3.341680932962290407e-01
3.304428554139404173e-01
3.262653080515532933e-01
3.209119137701887947e-01
3.156033149068661059e-01
3.097954637883870710e-01
3.041960814292587467e-01
3.001736747363860092e-01
2.964057445088861820e-01
2.908001536263917775e-01
2.858822075297075549e-01
2.812482448559188164e-01
2.750467695837235937e-01
2.707616128066351879e-01
2.660483061912340408e-01
2.621110603329154798e-01
2.576040005500643826e-01
2.524166096583227437e-01
2.470117655851290783e-01
2.437886299651300381e-01
2.391793581002616409e-01
2.338786197707203030e-01
2.287574413359929060e-01
2.246724280972719479e-01
2.195646467845090988e-01
2.147089642590138125e-01
2.104107931083080418e-01
2.054116677882986408e-01
2.016132665277420022e-01
1.970755447734459653e-01
1.933259548253387639e-01
1.877825568924521016e-01
1.836949639483775043e-01
1.801634866072695240e-01
1.758228878769642067e-01
1.697997309307175684e-01
1.667675867190888672e-01
1.620602859486573177e-01
1.571083117537528662e-01
1.526832125338383195e-01
1.492336191730746775e-01
1.449878327910617548e-01
1.406261647680682736e-01
1.364841121520082023e-01
1.314285788668482780e-01
1.276459458504246303e-01
1.237030664005540070e-01
1.195511476462146894e-01
1.151235388215959554e-01
1.119244574133895082e-01
1.088526357599625960e-01
1.061815825018271597e-01
1.022347008365854654e-01
9.936722045099649625e-02
9.688275012285529897e-02
9.391438137258091567e-02
9.072581214568502250e-02
8.881800309445775365e-02
8.624072839839479199e-02
8.350545230313705103e-02
8.159591799870674622e-02
7.882612609191072539e-02
7.636311920642013806e-02
7.369365007684247626e-02
7.262132130315393508e-02
7.068067061922493621e-02
6.774013706049369921e-02
6.616808720104641606e-02
6.429458166957459364e-02
6.214394272458043794e-02
6.000421498361136613e-02
5.864629359332350356e-02
5.659441521151226118e-02
5.543515059085970392e-02
5.345564112871255963e-02
5.219723499073318507e-02
5.010996789733095091e-02
4.898342905486110371e-02
4.694785334277223193e-02
4.555588645304523704e-02
4.420572080101385637e-02
4.285937716527017660e-02
4.149229407560290489e-02
4.042033053535365461e-02
3.863427931262864573e-02
3.766221406539829036e-02
3.660718338269237232e-02
3.509830717631201580e-02
3.383918401513680979e-02
3.254117105795901327e-02
3.188120658946364677e-02
3.035049440002489385e-02
2.967917560573270566e-02
2.860047915640912333e-02
2.754169613861775362e-02
2.656170756560682217e-02
2.571743432260979387e-02
2.483811783438129653e-02
2.361761582106186586e-02
2.291330053791994226e-02
2.183180070602988576e-02
2.124440079515532362e-02
2.014148037131722330e-02
1.928239046679436700e-02
1.858576818323549873e-02
1.788858791103233384e-02
1.728945739194640355e-02
1.637837154579574114e-02
1.565130389271633324e-02
1.528340039084923399e-02
1.416886443303166758e-02
1.368009732811894565e-02
1.307610813830707361e-02
1.253062621461945025e-02
1.170964950652488186e-02
1.124005368252088688e-02
1.085952835221914992e-02
1.030011420808554790e-02
9.631491245311742111e-03
9.086207613551638973e-03
8.367087965187376686e-03
8.280275057813063500e-03
7.742052646273571252e-03
7.309477789542468719e-03
6.910017547195679462e-03
6.558383789040495362e-03
6.108160834443258913e-03
5.747635598411477559e-03
5.338902342533390077e-03
5.052628044644079212e-03
4.626283913622107787e-03
4.265690876037555798e-03
3.972147397509610822e-03
3.700083289699561927e-03
3.419131735990062898e-03
3.122600987228718594e-03
2.793261455572276526e-03
2.673148867565423772e-03
2.388752838177175732e-03
2.196156475817077035e-03
1.983859844320008149e-03
1.810972009652252841e-03
1.552101601087799067e-03
1.386493218050821033e-03
1.236085409740188441e-03
1.049162490774830031e-03
9.260794821182103797e-04
7.674783535646685769e-04
5.969206198844679992e-04
5.681238555679318444e-04
4.583554958260749931e-04
4.072147739953108580e-04
2.941039896383723217e-04
2.191722365203713847e-04
1.638428673369796975e-04
1.097800583347086008e-04
6.872852748004832485e-05
3.785823803262197652e-05
2.336008442803710514e-05
7.164457081659447580e-06
8.926635767102532753e-07
0.000000000000000000e+00
0.000000000000000000e+00
0.000000000000000000e+00
0.000000000000000000e+00
0.000000000000000000e+00
0.000000000000000000e+00
0.000000000000000000e+00
0.000000000000000000e+00
0.000000000000000000e+00
0.000000000000000000e+00
0.000000000000000000e+00
0.000000000000000000e+00
0.000000000000000000e+00
0.000000000000000000e+00
0.000000000000000000e+00
0.000000000000000000e+00
0.000000000000000000e+00
0.000000000000000000e+00
0.000000000000000000e+00
0.000000000000000000e+00
0.000000000000000000e+00
0.000000000000000000e+00
0.000000000000000000e+00
0.000000000000000000e+00
0.000000000000000000e+00
0.000000000000000000e+00
0.000000000000000000e+00
0.000000000000000000e+00
0.000000000000000000e+00
0.000000000000000000e+00
0.000000000000000000e+00
