0.000000000000000000e+00
0.000000000000000000e+00
0.000000000000000000e+00
0.000000000000000000e+00
0.000000000000000000e+00
0.000000000000000000e+00
0.000000000000000000e+00
0.000000000000000000e+00
0.000000000000000000e+00
0.000000000000000000e+00
0.000000000000000000e+00
0.000000000000000000e+00
0.000000000000000000e+00
0.000000000000000000e+00
0.000000000000000000e+00
0.000000000000000000e+00
0.000000000000000000e+00
0.000000000000000000e+00
0.000000000000000000e+00
0.000000000000000000e+00
0.000000000000000000e+00
0.000000000000000000e+00
0.000000000000000000e+00
0.000000000000000000e+00
0.000000000000000000e+00
0.000000000000000000e+00
0.000000000000000000e+00
0.000000000000000000e+00
0.000000000000000000e+00
0.000000000000000000e+00
0.000000000000000000e+00
7.915864788486857290e-03
6.078339815551722647e-02
2.626134984982868570e-01
6.125723573937360555e-01
1.002367599199994297e+00
1.339372915649512885e+00
1.546717821329466114e+00
1.623167109762982951e+00
1.663724673675711863e+00
1.656913878980412314e+00
1.617885704337568953e+00
1.554182564464603677e+00
1.538416441994576944e+00
1.489369470436904042e+00
1.424294774978194011e+00
1.409499836045360999e+00
1.355774390350452219e+00
1.353873504305989073e+00
1.309761348527752833e+00
1.313176351116595031e+00
1.255980102301634815e+00
1.203386258074214510e+00
1.158344312922258368e+00
1.080928518233612801e+00
1.073705496953799798e+00
9.975212208049824003e-01
1.003722543523144051e+00
1.000338219371737614e+00
1.034620925823186433e+00
1.021509154927136453e+00
1.011675916030462696e+00
1.032369478196469625e+00
1.049150574921038581e+00
1.048723238617597087e+00
1.061922701863781127e+00
1.056715222834287093e+00
1.066039499718749672e+00
1.052901431536660715e+00
1.064890169994199720e+00
1.049118987235196920e+00
1.077965430612103370e+00
1.057010682777697275e+00
1.055312609236499499e+00
1.053078079762068908e+00
1.047415448086276069e+00
1.041628721369858512e+00
1.042215318017550851e+00
1.052133018406770537e+00
1.036422256523666041e+00
1.053890797615269159e+00
1.040219031672797279e+00
1.041498284398062468e+00
1.032180683288741019e+00
1.045490392953811520e+00
1.027204486351421142e+00
1.021164880020726473e+00
1.011518258792056368e+00
1.022756825281591064e+00
1.013161761930980065e+00
1.018750366040693800e+00
1.019611538410258422e+00
1.011176665811438724e+00
1.014938895975031841e+00
1.014185938749956994e+00
1.016649467308464505e+00
1.021104117263856415e+00
1.016073654361859147e+00
1.028460320587129884e+00
1.018033853854034110e+00
1.024283914961272357e+00
1.021737279100983997e+00
1.031869806804258438e+00
1.027170670994198565e+00
1.016738305279247578e+00
1.025907674260092772e+00
1.031483665409882011e+00
1.018825317107461492e+00
1.013360907080241402e+00
1.029174118525979287e+00
1.018966162879515025e+00
1.015357960877492305e+00
1.017734083024132152e+00
1.030950987485369952e+00
1.018205890333844010e+00
1.022284124181803255e+00
1.018750271821669884e+00
1.011428071403513540e+00
1.010457496103263075e+00
1.020115933477513170e+00
1.011299003317774226e+00
1.019058927223844613e+00
1.023154419914231505e+00
1.014399902976300893e+00
1.019873030149314408e+00
1.017280747502388838e+00
1.015282918587690597e+00
1.018684707230785413e+00
1.014887774088292005e+00
1.013876198678205887e+00
1.009427276088365355e+00
1.008610215338719307e+00
1.007177494108399740e+00
1.014719291930116896e+00
1.005350423855186470e+00
1.018524154878187593e+00
1.017622863700108793e+00
1.023883730903332845e+00
1.015508007960326031e+00
1.019253029267621846e+00
1.013896160397360191e+00
1.013262109067168293e+00
1.011738627691794346e+00
1.016361944031100251e+00
1.017685790196633855e+00
1.016473614075283916e+00
1.019623392199388912e+00
1.013081654863522418e+00
1.014908723436558802e+00
1.013020725325381566e+00
1.016068976317514361e+00
1.010482052053604418e+00
1.009330069252831086e+00
1.012398178949072580e+00
1.005215621080761457e+00
1.014800123074739213e+00
1.004870941915793958e+00
1.008053072657562499e+00
1.009566146120120411e+00
1.006975002272827879e+00
1.004767591121170645e+00
1.000520948812682498e+00
1.011357147441322102e+00
1.003341929094824447e+00
1.006754715677067091e+00
1.009999535978704177e+00
1.002868697089534633e+00
1.006657426539621536e+00
1.001985877099727862e+00
9.984953608136466485e-01
1.006589715156798182e+00
1.003292241722778755e+00
1.003044901369258612e+00
1.007932878744742133e+00
1.003008750476503064e+00
1.002000969078686632e+00
1.000754230658095212e+00
1.006756398410521225e+00
9.996882152824805301e-01
1.000272273831059211e+00
9.977735265961987787e-01
1.001313216105738091e+00
9.963994744949387083e-01
1.000103685886499782e+00
9.984921950577718697e-01
1.001561775926157694e+00
1.005765122372872522e+00
1.003983589744667393e+00
1.000078167351625691e+00
9.998225924040800017e-01
9.972774292394577245e-01
9.985770311633080931e-01
1.000606924962913480e+00
1.000361592992045967e+00
9.962405535055419703e-01
9.975663663498439693e-01
1.000918787665764809e+00
9.997657079138538849e-01
9.964180639250698190e-01
9.972661138712692885e-01
9.989737444983189940e-01
1.002751799544272071e+00
1.002292310491290861e+00
9.984203615043131252e-01
1.000496804845186549e+00
9.998410973099886023e-01
9.980378615994995872e-01
1.004123283972735203e+00
9.997782082625565891e-01
1.000333530961697637e+00
9.969177039111577487e-01
1.005997119331631717e+00
9.975117416470461462e-01
9.994356371584415255e-01
1.000307981255282197e+00
1.001069650154075452e+00
1.002364793338476501e+00
9.995075967128078664e-01
1.003735502791680556e+00
9.967160014462410622e-01
9.992792697815420233e-01
1.001936712266342067e+00
1.000560060968142428e+00
1.001054918190040777e+00
9.994209394541603286e-01
1.002625723629975374e+00
1.001015126042197778e+00
1.001525450946138873e+00
9.965397286710361291e-01
9.986381325035185164e-01
1.004262447964486382e+00
9.977972856652439493e-01
1.000011110209221288e+00
9.994193742861305907e-01
9.990994543987320453e-01
9.969014906627640116e-01
1.000920925705707454e+00
1.000750466334420663e+00
1.003915988890429212e+00
1.001474404803889273e+00
9.997471945095096624e-01
9.965267931179008221e-01
1.002530601815807332e+00
9.964616991209893637e-01
9.983309542122309477e-01
9.953031170512904868e-01
9.973557419751130082e-01
9.949772148038664721e-01
9.959119126592127502e-01
9.988954882527023571e-01
9.969231419144383155e-01
9.955120634662449897e-01
9.967972014597215047e-01
9.972179826669842484e-01
9.995260033128602339e-01
9.947778113316084747e-01
9.960012830072632051e-01
9.988497845887222004e-01
9.928284406281937535e-01
9.921649127305357529e-01
9.939131489729020608e-01
9.951861461067387227e-01
9.918857133999986475e-01
9.982377904214156938e-01
9.977434511494523983e-01
9.992728352654821622e-01
9.946777458616811174e-01
9.903285434916593299e-01
9.934209571254168925e-01
9.947333531682422958e-01
9.934553857274867061e-01
9.950742848230740289e-01
9.943200445717597091e-01
9.927146757806631916e-01
9.909113659855601774e-01
9.929507841079743269e-01
9.921070795191472280e-01
9.984256885863331821e-01
9.960461151238814148e-01
9.940771832600820979e-01
9.982400586946929000e-01
9.924404228424105190e-01
9.907332910764813372e-01
9.904107922587430668e-01
9.918236597529347387e-01
9.892245224992672892e-01
9.895416923975105528e-01
9.967638842268090604e-01
9.909122400690908439e-01
9.873180365897427091e-01
9.909453562782041258e-01
9.933944404075799595e-01
9.929087899854758259e-01
9.909992107778859971e-01
9.978858046826267758e-01
9.903493802278401370e-01
9.919590786622749512e-01
9.900248476852762103e-01
9.908079923401273970e-01
9.917756456273641996e-01
9.923264978992776264e-01
9.925439081270173158e-01
9.935317402236485407e-01
9.918043213150263826e-01
9.898018685801648342e-01
9.929494000012553112e-01
9.931518799567670142e-01
9.945154360593106979e-01
9.918464290443883558e-01
9.936870467082820069e-01
9.942045885946927397e-01
9.924106969894372909e-01
9.900283325096638221e-01
9.896160116899987980e-01
9.935016043482174375e-01
9.909329156686629281e-01
9.931499894955656549e-01
9.921314303815237379e-01
9.901162425742635609e-01
9.921818598331794137e-01
9.909773577109388665e-01
9.913116797191990903e-01
9.905096186961320770e-01
9.936016210356810596e-01
9.939252860486326169e-01
9.927853255084109207e-01
9.925024763196277355e-01
9.928509638990737907e-01
9.939458854044919134e-01
9.947072586822858220e-01
9.924646229513491846e-01
9.917848309266809048e-01
9.934152315052198201e-01
9.889651523173595971e-01
9.974314042709413464e-01
9.921679202913478157e-01
9.911629006123079400e-01
9.911687896178625889e-01
9.913331668220486392e-01
9.941037296747924357e-01
9.934253152599185066e-01
9.951098785545101633e-01
9.889814246958763544e-01
9.938370156869150707e-01
9.893447347770967237e-01
9.895713426101985233e-01
9.930188580800769493e-01
9.913279875820184550e-01
9.933970361964098439e-01
9.916432516637471162e-01
9.895902558817057937e-01
9.909943200765786164e-01
9.934522381200547869e-01
9.944890607969523177e-01
9.913294979748384916e-01
9.885031753955028089e-01
9.925266076202555743e-01
9.894803266823498644e-01
9.800509750920892715e-01
9.726903826223358696e-01
9.658850643668855929e-01
9.569656809158744171e-01
9.478595822497383194e-01
9.380326225311658161e-01
9.314300650709523843e-01
9.245634987076989386e-01
9.155382043277088266e-01
9.082005735112048672e-01
9.007378522806471777e-01
8.927696634485903227e-01
8.844090041162400162e-01
8.747989051003438599e-01
8.685650323367387626e-01
8.635971484308296864e-01
8.562907359515624650e-01
8.483861218037472840e-01
8.382957439779308295e-01
8.336206680241200484e-01
8.245967727995240359e-01
8.188268473285550408e-01
8.116435590204392758e-01
8.014595785749238921e-01
7.956567197261293911e-01
7.899591408178185947e-01
7.803573725429455710e-01
7.766335225516514118e-01
7.683171480087650496e-01
7.588570369305710495e-01
7.539620985398647335e-01
7.465815206895705103e-01
7.418601070516142038e-01
7.334537196913040180e-01
7.255267403933937098e-01
7.186853675329755164e-01
7.131943114154153385e-01
7.063980016638652382e-01
6.995959231768464903e-01
6.910527429863531079e-01
6.856682896788891535e-01
6.776156225626530638e-01
6.735078034360046928e-01
6.673201687949430472e-01
6.595855691793839348e-01
6.513173158446905475e-01
6.471198961159106977e-01
6.384134078643113330e-01
6.350406278449424180e-01
6.277114381498452023e-01
6.224029146018678071e-01
6.144156707353756186e-01
6.081120725005318972e-01
6.019229247440650576e-01
5.964368893473492861e-01
5.885239697212292231e-01
5.810401729736591747e-01
5.774316682311283477e-01
5.709884676897837297e-01
5.645513148911233126e-01
5.579077928036765277e-01
5.521769858381958551e-01
5.478618235532153324e-01
5.402172324479228571e-01
5.358435063112684249e-01
5.298826073503661860e-01
5.228138498752999963e-01
5.171921001797632478e-01
5.110464918512119814e-01
5.039547363310499239e-01
5.004576460742365951e-01
4.939550206153898726e-01
4.883955800861561891e-01
4.820458769069893568e-01
4.747381104775166838e-01
4.689592054167048829e-01
4.642125285426551007e-01
4.578171581604736917e-01
4.553705585799734945e-01
4.485003557065469493e-01
4.412901489804875732e-01
4.355624089966901313e-01
4.310067734557651020e-01
4.258028131080771050e-01
4.199472389145599283e-01
4.156159969994739911e-01
4.077897176083539188e-01
4.040509699361376494e-01
3.984400366036475738e-01
3.935556445000283898e-01
3.885851622891743351e-01
3.811972433771231294e-01
3.787125004671449413e-01
3.723591329364920322e-01
3.679830151404829275e-01
3.609183961460623591e-01
3.575727986072251285e-01
3.525543138236287843e-01
3.462668599477138343e-01
3.413183768482687674e-01
3.374202311630492002e-01
3.307285121869389943e-01
3.268118576995100999e-01
3.214956346300079648e-01
3.165527868771620401e-01
3.114556074877992131e-01
3.061334113809798252e-01
3.027690073151999561e-01
2.962039873959607661e-01
2.911924624049844201e-01
2.878765613852359850e-01
2.837635201984403110e-01
2.784871409678632559e-01
2.732068361298489734e-01
2.672619394068103671e-01
2.640503669823732191e-01
2.583636223189130776e-01
2.535153534462254998e-01
2.490017901009771162e-01
2.441537934281394762e-01
2.404479196871911750e-01
2.346600154360124202e-01
2.303855751193956136e-01
2.246847303145745878e-01
2.223005523583827525e-01
2.167960380232134276e-01
2.123752985344969368e-01
2.069980312917887033e-01
2.023168087370948998e-01
1.978633454707947048e-01
1.946368011360408157e-01
1.900780078852541966e-01
1.852537913590335816e-01
1.800925714682223289e-01
1.764473276502846744e-01
1.714446080311380072e-01
1.674822872236465254e-01
1.626435637648165899e-01
1.585309913202240795e-01
1.537615764108265226e-01
1.503856017086137586e-01
1.462839016223997368e-01
1.407276548455312637e-01
1.369404812552288409e-01
1.320745648226021862e-01
1.276880648690884024e-01
1.243591070503457241e-01
1.199020218553905615e-01
1.157533749606943496e-01
1.126124272214947125e-01
1.094556425856364756e-01
1.060754076379674948e-01
1.030208965494947143e-01
1.000194616468318698e-01
9.665705970160766436e-02
9.399358552349910967e-02
9.137845262359019227e-02
8.891011941334776847e-02
8.582392514829634278e-02
8.394946414617809882e-02
8.175597425558346620e-02
7.938638155655827755e-02
7.634607575073906749e-02
7.487562506321321365e-02
7.250138438378825323e-02
7.013849012551498507e-02
6.809971538918935252e-02
6.653106130152763864e-02
6.418037666456995194e-02
6.284243639683871618e-02
6.047603777622095195e-02
5.812095978110442401e-02
5.706470010716763186e-02
5.479247641766071819e-02
5.356550281147875320e-02
5.187935881398693383e-02
5.044931894121670868e-02
4.892120884508175532e-02
4.728784819323308963e-02
4.585070755493261124e-02
4.457230367975414248e-02
4.292756725249210342e-02
4.130170073781685991e-02
4.028389015554950658e-02
3.877197978721150934e-02
3.750908861216582790e-02
3.642223701280453835e-02
3.525816381015985795e-02
3.404861319211792414e-02
3.255142339089242554e-02
3.153943187849177904e-02
3.058548320343719429e-02
2.942412680341019438e-02
2.853149522750565367e-02
2.727703301143212869e-02
2.625439984951961209e-02
2.539224610504190599e-02
2.448299947185118147e-02
2.341690370864435433e-02
2.256267867990428833e-02
2.177573143580693177e-02
2.079787970037020109e-02
2.007146312685162068e-02
1.966422717993542013e-02
1.845560370610981396e-02
1.787926088496183397e-02
1.693176431836383028e-02
1.607735832719505917e-02
1.566520130437473388e-02
1.461108433820407573e-02
1.415711039479795354e-02
1.339664145358941336e-02
1.302337296746289806e-02
1.239330602687927635e-02
1.200826513942301887e-02
1.115544071487598737e-02
1.070790120640251891e-02
1.006541437828732330e-02
9.810616553251709504e-03
9.234943794974382128e-03
8.541747604841878547e-03
8.327199259540604692e-03
7.692461505524987586e-03
7.198389211482767412e-03
6.831467308987521254e-03
6.369715122879497995e-03
6.085023728712965138e-03
5.650806409241958435e-03
5.335678277393778035e-03
4.989018402566052987e-03
4.489859208329310090e-03
4.293806143005264586e-03
4.011882007133571112e-03
3.789431326035851318e-03
3.401126011351905936e-03
3.172487042466400932e-03
2.830372934666853298e-03
2.607070247355683205e-03
2.427481578817090608e-03
2.162981241460849597e-03
1.988904841107715267e-03
1.735203475690770894e-03
1.574102493574882104e-03
1.361200212711928710e-03
1.292708611228277245e-03
1.071814661319269455e-03
9.533131278215512070e-04
7.396397106783343754e-04
6.610683975082252365e-04
5.700542145268689938e-04
4.242918406060780523e-04
3.824493477461037060e-04
3.124719636408061318e-04
2.402098656077340810e-04
1.474792238305439181e-04
1.125176274826372816e-04
6.873814901991642031e-05
6.220438375179943762e-05
1.078308677794819657e-05
4.478412536454254372e-06
0.000000000000000000e+00
0.000000000000000000e+00
0.000000000000000000e+00
0.000000000000000000e+00
0.000000000000000000e+00
0.000000000000000000e+00
0.000000000000000000e+00
0.000000000000000000e+00
0.000000000000000000e+00
0.000000000000000000e+00
0.000000000000000000e+00
0.000000000000000000e+00
0.000000000000000000e+00
0.000000000000000000e+00
0.000000000000000000e+00
0.000000000000000000e+00
0.000000000000000000e+00
0.000000000000000000e+00
0.000000000000000000e+00
0.000000000000000000e+00
0.000000000000000000e+00
0.000000000000000000e+00
0.000000000000000000e+00
0.000000000000000000e+00
0.000000000000000000e+00
0.000000000000000000e+00
0.000000000000000000e+00
0.000000000000000000e+00
0.000000000000000000e+00
0.000000000000000000e+00
0.000000000000000000e+00
0.000000000000000000e+00
