0.000000000000000000e+00
0.000000000000000000e+00
0.000000000000000000e+00
0.000000000000000000e+00
0.000000000000000000e+00
0.000000000000000000e+00
0.000000000000000000e+00
0.000000000000000000e+00
0.000000000000000000e+00
0.000000000000000000e+00
0.000000000000000000e+00
0.000000000000000000e+00
0.000000000000000000e+00
0.000000000000000000e+00
0.000000000000000000e+00
0.000000000000000000e+00
0.000000000000000000e+00
0.000000000000000000e+00
0.000000000000000000e+00
0.000000000000000000e+00
0.000000000000000000e+00
0.000000000000000000e+00
0.000000000000000000e+00
0.000000000000000000e+00
0.000000000000000000e+00
0.000000000000000000e+00
8.826077058651360369e-06
1.999804682445627778e-03
2.610536654262663944e-02
1.800965992922856085e-01
7.012116560993874037e-01
1.483644427921701148e+00
1.995827617682152111e+00
2.056180198511855739e+00
1.864153852199948558e+00
1.605568881703286044e+00
1.390232433025921699e+00
1.231651910052967258e+00
1.135806842397678817e+00
1.069998522282914699e+00
9.992288716990815889e-01
9.440652536424460894e-01
9.126308195681377411e-01
9.044236244118531998e-01
9.094433270518089696e-01
9.223119506438035575e-01
9.371144719858148786e-01
9.525062658040749364e-01
9.595653509235495537e-01
9.690213769929423293e-01
9.745576070852032258e-01
9.819872881407391008e-01
9.916620212791324995e-01
9.923390677883852096e-01
9.971888227676014571e-01
9.897362242618031880e-01
9.864751233904331951e-01
9.808510062958404330e-01
9.742274413645169995e-01
9.668119471159050127e-01
9.596145433992405716e-01
9.551219273641411434e-01
9.555012083364582409e-01
9.610141318665096355e-01
9.661501536686194491e-01
9.757832655642809661e-01
9.877740896107156665e-01
9.968681074810898934e-01
1.006844944657177665e+00
1.016700068455359096e+00
1.020190883999136933e+00
1.027122902600589471e+00
1.030228981135611788e+00
1.029077251924807257e+00
1.027488393147916179e+00
1.026555130210492939e+00
1.023796064154467889e+00
1.020226713872689706e+00
1.013662053619894365e+00
1.011088654056193858e+00
1.005771636964282845e+00
9.989098294823534063e-01
9.940321541164143238e-01
9.895153953209815390e-01
9.883167836646095106e-01
9.868463888266930661e-01
9.855232347194425868e-01
9.866288970372498746e-01
9.861676957872934635e-01
9.899341963541374856e-01
9.902555806293071861e-01
9.940825472887104830e-01
9.957174792700680399e-01
9.982657914265180565e-01
9.976545232832356724e-01
9.994944230450067968e-01
9.999751381444126341e-01
1.000923022043924249e+00
1.001512753361874175e+00
1.002690659109427118e+00
9.992962141847888669e-01
1.002012400358788913e+00
1.003446381788467567e+00
1.002255773225602553e+00
1.003234211823382571e+00
1.003027128636279075e+00
1.003145489278811642e+00
1.002346714267924321e+00
1.002457842194041771e+00
1.001911251851044238e+00
1.002323331571653098e+00
1.001658533437132848e+00
1.000585088259102307e+00
1.001013001847370187e+00
1.000180227762174745e+00
1.000088987699335963e+00
1.001088470940168618e+00
9.999183970671388089e-01
9.996934910588927137e-01
9.994549791253125592e-01
9.990324387053242106e-01
9.995305617288626765e-01
9.987351003852850129e-01
9.982548769503956088e-01
9.983750060575172780e-01
9.991115563679536793e-01
1.000265692460957201e+00
1.000515745623648867e+00
9.986870268132326256e-01
1.000206217478333048e+00
9.996275025173626538e-01
1.001007564551328555e+00
1.000750707649635141e+00
1.002088950726025551e+00
1.000735731103994830e+00
1.000590376433708295e+00
1.001534883697319689e+00
1.001091730901150223e+00
1.000520714597929572e+00
1.001378410826888610e+00
1.001417680639279384e+00
1.001970367562078801e+00
1.001136917401881155e+00
1.001430702083470292e+00
1.000707005427950991e+00
1.000820626460045659e+00
1.001570940046695224e+00
9.999660700983367123e-01
1.000607200201156566e+00
1.000631430053845694e+00
9.999205169627132239e-01
1.001444858229928903e+00
1.001820625455787095e+00
1.000292144235647607e+00
1.001526919319565723e+00
9.996584073624468214e-01
1.000302849327398436e+00
1.000788906618821805e+00
1.000307891788832171e+00
1.001017034565249597e+00
1.000282616317024864e+00
1.000789598908607747e+00
1.001283264338827639e+00
1.000474932940812689e+00
1.000393797635104498e+00
1.001005830583669765e+00
1.000332957053546412e+00
1.001009281400068618e+00
1.001283648948076976e+00
1.000577413103133972e+00
1.000797564501228143e+00
1.000996615128785017e+00
1.000658409754960010e+00
1.001564159714632085e+00
1.000580034983470368e+00
1.000758380189010976e+00
1.000602016189384935e+00
1.000276836161483329e+00
1.001209723025290099e+00
1.000872939761815905e+00
1.000769626301626358e+00
9.999083803311038521e-01
1.000796674421016164e+00
1.000231459325314987e+00
1.000548936141817613e+00
1.000112215420576156e+00
1.001581289589685397e+00
1.000741960698750654e+00
1.001185353321929705e+00
1.001027862820166092e+00
1.000583968324816553e+00
9.999248499270145807e-01
1.001051436026286545e+00
1.000923773881113199e+00
9.997565892235104057e-01
1.000207534395299636e+00
1.000407298444917270e+00
1.000382493773501080e+00
1.001026526788446835e+00
1.000200687402944100e+00
1.001096110143490092e+00
1.000920408596917888e+00
9.999037451737236015e-01
1.000489356627925597e+00
1.000402957547298133e+00
1.001376744042744127e+00
1.000224922562014562e+00
1.000174155137339094e+00
1.000048398191744736e+00
1.001022757293678289e+00
1.000846093574400131e+00
1.000745796977277502e+00
1.000504492172648696e+00
1.000839425652018555e+00
1.000239479049494618e+00
1.000580608337007460e+00
1.000551535940268799e+00
1.000391459056101606e+00
1.000245885220957032e+00
1.000301380802165907e+00
1.000732782796552645e+00
9.999207773811537026e-01
1.001005808153150323e+00
1.000091199014251808e+00
1.000661011727136618e+00
9.998847140643639664e-01
1.000147595315094451e+00
1.000263505797399644e+00
1.000065659898346171e+00
1.000912150290147684e+00
1.000660951697526446e+00
9.994629643797037222e-01
1.000986931999947371e+00
1.001117401280053221e+00
9.999300276376432706e-01
1.000562624586678551e+00
1.001075976111878818e+00
1.000353287549214709e+00
1.000270401163105616e+00
9.999486863424383865e-01
9.999894365024272203e-01
1.000466176000434526e+00
1.000199124993762512e+00
1.000536156504695295e+00
1.000743283574182740e+00
1.000313707086574633e+00
9.996857373514970169e-01
1.000307968458331809e+00
9.999111058150638165e-01
1.000750324306293848e+00
1.000170187499487495e+00
1.000537932751667469e+00
1.000087268764847881e+00
1.000169435512884730e+00
1.000203736719895486e+00
1.000846682376314689e+00
1.000445696138532625e+00
9.998185235434217111e-01
9.999230556219300681e-01
1.000483979338807172e+00
9.996267637767307646e-01
1.000751931134281847e+00
1.000021506214159084e+00
9.998783652711912273e-01
1.000300679313814056e+00
9.997460953176124931e-01
1.000264661800437826e+00
1.000313794591269012e+00
1.000028685133683926e+00
1.000295072419071785e+00
1.000293237148510928e+00
1.000270259113517968e+00
1.000358500034652431e+00
9.995684651266497633e-01
1.000255199705490927e+00
1.000548740869330100e+00
1.000584686857042493e+00
1.000079747915753936e+00
9.996827621387541774e-01
1.000345241984608391e+00
1.000159580379211821e+00
1.000332893239803456e+00
9.996817602820919912e-01
1.000349042345184181e+00
1.000580337188575308e+00
1.000546652358798250e+00
1.000328728373242271e+00
1.000610839608370606e+00
1.000074963076641676e+00
1.000663550306859939e+00
1.000396774210513540e+00
1.000388774109153722e+00
9.997695381132374326e-01
1.000847441702290785e+00
1.000783994133330967e+00
1.000449519345382399e+00
1.000315085703731954e+00
1.000311202255385945e+00
1.000297857602973295e+00
1.000221131084410908e+00
1.000656999797020497e+00
1.000566193348703781e+00
1.000527131393358360e+00
1.000151843047691447e+00
1.000644925693444875e+00
1.000516283724232736e+00
1.000721037831607152e+00
9.998729847160452433e-01
1.000611547341667018e+00
9.999982711804327185e-01
1.000322299286900307e+00
1.000788363603931197e+00
1.000845668409628741e+00
1.000234255932927141e+00
1.000593057366553795e+00
9.999676908062443692e-01
1.000403021393676761e+00
9.999804878328633073e-01
1.000122396581514028e+00
1.000723579362660320e+00
1.000282643428274554e+00
1.000938803238067942e+00
1.000513981413503117e+00
1.000348930868127040e+00
1.000537837602644364e+00
1.000408912051652832e+00
1.000399849995855517e+00
1.000333001305544478e+00
1.000765012618300531e+00
1.000341825148102437e+00
1.000146332558658369e+00
1.000251553250784742e+00
1.000338650593386891e+00
1.000242916567581686e+00
1.000238864895536706e+00
1.000636236843444493e+00
1.000094473712677123e+00
1.000352527907842015e+00
1.000328239247961992e+00
1.000485600020960097e+00
1.000419405611627344e+00
9.999747482257023146e-01
1.000391560229371812e+00
1.000130610967277844e+00
1.000215964581925743e+00
1.000495966556596228e+00
1.000251341929740745e+00
1.000157687858053368e+00
1.000526466070176479e+00
1.000376565189720957e+00
1.000238827058442359e+00
1.000493253854180420e+00
1.000340622524396039e+00
1.000432248200192387e+00
1.000310010952284223e+00
9.999183575758258113e-01
1.000443673520879706e+00
9.962447783327079698e-01
9.880216345756737129e-01
9.801397292902999103e-01
9.715105489786241000e-01
9.631695760198519807e-01
9.549744592689677347e-01
9.472120692955278143e-01
9.390553416968984157e-01
9.308345574363106056e-01
9.228608343860861263e-01
9.151913706673219240e-01
9.070941926423037316e-01
8.992103043734654966e-01
8.913552108394562357e-01
8.837851661768063583e-01
8.759432138445238936e-01
8.681063419758903166e-01
8.605094101695888176e-01
8.530073610743402757e-01
8.453033030356049693e-01
8.378255237440503933e-01
8.304401338662903420e-01
8.228789568211378747e-01
8.154170312789105202e-01
8.083188802103185022e-01
8.009398478590605830e-01
7.934149772401500877e-01
7.859740557381262871e-01
7.788594306104886789e-01
7.716537419032803991e-01
7.645565910227865025e-01
7.575780078797222927e-01
7.503796828859624624e-01
7.436822607417963304e-01
7.364718829179862647e-01
7.292642382122112021e-01
7.223822727544019218e-01
7.152675527003491407e-01
7.089752769246606690e-01
7.017952040819382953e-01
6.951846814333422220e-01
6.880019955312615121e-01
6.816081467942041172e-01
6.752400500716921883e-01
6.678857231951372819e-01
6.616217722037583959e-01
6.548990514547307074e-01
6.482918856145069020e-01
6.417548553320668869e-01
6.351341107615243731e-01
6.287353196528212562e-01
6.223489624672926546e-01
6.158599000047806360e-01
6.097043035550696599e-01
6.033039790826788540e-01
5.970929774097584186e-01
5.908536824521857245e-01
5.841012691511848764e-01
5.780137875530400038e-01
5.718959553537011908e-01
5.657583398154013565e-01
5.598143593229345516e-01
5.536509839168819447e-01
5.473867404293454308e-01
5.414017008682110443e-01
5.356189820620268494e-01
5.293847309212962315e-01
5.234627564561358248e-01
5.174867289539515358e-01
5.116269363222407662e-01
5.058262508764356236e-01
4.999190159986416915e-01
4.941395776998399603e-01
4.882353576392897687e-01
4.824160549636574147e-01
4.765688384600212379e-01
4.710203816396484333e-01
4.653276200711086164e-01
4.598453422194320184e-01
4.538812390611111081e-01
4.483775143655865381e-01
4.430033582911099832e-01
4.375294199882856505e-01
4.314565626228163975e-01
4.261238558510450081e-01
4.206256331172524288e-01
4.151559707806131705e-01
4.099679942519018905e-01
4.045435449460514366e-01
3.991072446878059510e-01
3.935903241261970442e-01
3.884219124188678096e-01
3.831173889624931994e-01
3.779227307358445920e-01
3.724625498465803930e-01
3.673524491454071006e-01
3.621133928314639316e-01
3.567270641882659410e-01
3.516008014070455268e-01
3.466258359159046787e-01
3.413560014833786904e-01
3.360097248220379473e-01
3.312351642142454811e-01
3.261578765936214985e-01
3.212492958665316145e-01
3.160716459715360860e-01
3.110746316438616210e-01
3.061003768691129001e-01
3.012339756617235520e-01
2.961945763035626622e-01
2.913105595708246898e-01
2.863785139985988715e-01
2.816380503174601424e-01
2.767023079728168633e-01
2.718296448092289985e-01
2.671194050415151011e-01
2.623819300710700242e-01
2.575174452835929384e-01
2.527873651200164273e-01
2.481243038138337687e-01
2.433364187564375780e-01
2.386661075977143942e-01
2.340199543005289651e-01
2.294196874686511844e-01
2.246303429025521825e-01
2.201143097324689546e-01
2.156469621281459081e-01
2.109932111612765060e-01
2.065946581822552808e-01
2.020003395185955009e-01
1.974808567517466473e-01
1.929192919255149075e-01
1.883976622115688948e-01
1.841222814676187758e-01
1.793581927749987592e-01
1.750827943911524298e-01
1.706953840164754654e-01
1.662783922294667205e-01
1.618007243391137162e-01
1.575598700666245855e-01
1.532547963340980257e-01
1.488560946903663695e-01
1.445259881179720429e-01
1.403077833768872906e-01
1.361167659653746975e-01
1.317772090268807261e-01
1.276654847676553794e-01
1.232536020500904494e-01
1.192056369918849529e-01
1.154881245984936411e-01
1.120542467984729784e-01
1.086690678559779355e-01
1.055109744144032413e-01
1.023844982844890339e-01
9.940358889722519797e-02
9.657909985910193007e-02
9.381058325441410384e-02
9.098387623557084580e-02
8.846876984775237096e-02
8.592966221707071250e-02
8.340767228477047324e-02
8.104928184763848797e-02
7.868794947524393457e-02
7.635426125766617278e-02
7.419524016105248643e-02
7.201398099054381885e-02
6.993365321450621674e-02
6.792557045964590923e-02
6.584448257953570693e-02
6.397750010336222815e-02
6.204998188739221932e-02
6.020094077538010874e-02
5.848009402617788260e-02
5.661726852909467617e-02
5.493599013483756177e-02
5.323424754573297807e-02
5.162405523900339549e-02
5.004167222207418081e-02
4.841187535355974403e-02
4.692957109874450194e-02
4.548522344260633177e-02
4.403981294386260376e-02
4.266281093156914367e-02
4.130266953450689726e-02
3.998810811688790351e-02
3.866393020204111908e-02
3.736533471678808033e-02
3.609957283516820881e-02
3.490036949962464080e-02
3.371390706469750559e-02
3.256620907932269993e-02
3.142658724745559656e-02
3.036795815826532838e-02
2.927190841792886439e-02
2.824596641842934061e-02
2.717049540764726601e-02
2.622738644627808577e-02
2.526009222000842949e-02
2.429723662131975243e-02
2.339713765435496792e-02
2.251929017900836799e-02
2.164580553267909935e-02
2.077497062003201556e-02
1.997204551757250646e-02
1.917885191801471656e-02
1.838082328032468460e-02
1.763727512607198358e-02
1.689232005423193031e-02
1.617533445869697231e-02
1.547448548960503843e-02
1.479244546137653375e-02
1.412208586705527603e-02
1.347099881499389321e-02
1.285228812945305235e-02
1.225909730676193014e-02
1.164995907206189604e-02
1.110311554362622757e-02
1.055685024923365065e-02
1.003677098431638402e-02
9.487388411919667891e-03
9.005073162532737860e-03
8.518846463122469251e-03
8.039445052871931757e-03
7.595135837939843634e-03
7.170899895878987858e-03
6.740139534096546529e-03
6.356383877089834093e-03
5.963001570273176663e-03
5.563840962159925969e-03
5.212471829699306426e-03
4.858414091551580688e-03
4.549114493821876555e-03
4.227934655965139878e-03
3.889116153706590612e-03
3.618507171041344256e-03
3.324539160337219249e-03
3.059138736528521207e-03
2.811885217127182632e-03
2.569734950011322381e-03
2.325184337203569859e-03
2.122538233187438311e-03
1.919484525606571452e-03
1.709235058942809539e-03
1.533586043712633316e-03
1.357090092353403169e-03
1.193829504289865926e-03
1.050143262323612828e-03
9.054496619846805162e-04
7.811829892090724594e-04
6.632071561360099047e-04
5.547542129586729076e-04
4.562679721841911696e-04
3.609942661047241459e-04
2.844871408823389865e-04
2.138658053298655515e-04
1.600123465037353576e-04
1.118117832997268292e-04
7.065442853924269794e-05
4.035040126677822602e-05
1.769597421666049101e-05
5.657391334681381618e-06
5.995607818701989584e-07
1.615207341923795942e-08
0.000000000000000000e+00
0.000000000000000000e+00
0.000000000000000000e+00
0.000000000000000000e+00
0.000000000000000000e+00
0.000000000000000000e+00
0.000000000000000000e+00
0.000000000000000000e+00
0.000000000000000000e+00
0.000000000000000000e+00
0.000000000000000000e+00
0.000000000000000000e+00
0.000000000000000000e+00
0.000000000000000000e+00
0.000000000000000000e+00
0.000000000000000000e+00
0.000000000000000000e+00
0.000000000000000000e+00
0.000000000000000000e+00
0.000000000000000000e+00
0.000000000000000000e+00
0.000000000000000000e+00
0.000000000000000000e+00
0.000000000000000000e+00
0.000000000000000000e+00
0.000000000000000000e+00
0.000000000000000000e+00
0.000000000000000000e+00
0.000000000000000000e+00
0.000000000000000000e+00
