0.000000000000000000e+00
0.000000000000000000e+00
0.000000000000000000e+00
0.000000000000000000e+00
0.000000000000000000e+00
0.000000000000000000e+00
0.000000000000000000e+00
0.000000000000000000e+00
0.000000000000000000e+00
0.000000000000000000e+00
0.000000000000000000e+00
0.000000000000000000e+00
0.000000000000000000e+00
0.000000000000000000e+00
0.000000000000000000e+00
0.000000000000000000e+00
0.000000000000000000e+00
0.000000000000000000e+00
0.000000000000000000e+00
0.000000000000000000e+00
0.000000000000000000e+00
0.000000000000000000e+00
0.000000000000000000e+00
0.000000000000000000e+00
0.000000000000000000e+00
0.000000000000000000e+00
3.530306663026309890e-05
1.712887211381945111e-03
2.609681780402949014e-02
1.793851743325384496e-01
7.036055938644764085e-01
1.482236755309422671e+00
2.000176078278676162e+00
2.065253948547705054e+00
1.872826434150765662e+00
1.612260250354872859e+00
1.391030288520307190e+00
1.237250391086152979e+00
1.135114556965697963e+00
1.072388170041257194e+00
1.003909777969016925e+00
9.433626432909595350e-01
9.126570609443320770e-01
9.017123317220901990e-01
9.114709452327897088e-01
9.227316119922128745e-01
9.421440002814434056e-01
9.560084316448739239e-01
9.646805868531473926e-01
9.713045112137566051e-01
9.777802268413563480e-01
9.858976898870444039e-01
9.914112545411906119e-01
9.937377867690300182e-01
9.959099924042017493e-01
9.959355977707605723e-01
9.887238977813633811e-01
9.837017893830090065e-01
9.747437927961639659e-01
9.663734968623424182e-01
9.607374286239255268e-01
9.592821224703873551e-01
9.541077038157380619e-01
9.604822712810556773e-01
9.680471324519942522e-01
9.783683526229917105e-01
9.880883655438303936e-01
9.962535004285677509e-01
1.006319439725890552e+00
1.014056704386975261e+00
1.021187625303959567e+00
1.027084355118744741e+00
1.028594840109235298e+00
1.031343889825614646e+00
1.030462042450074334e+00
1.028294776976707015e+00
1.025354113150655833e+00
1.020641824738963921e+00
1.016455973370536725e+00
1.009096510814126768e+00
1.005418697548571938e+00
9.990044140841097819e-01
9.941611240687882045e-01
9.897935348135631362e-01
9.877203555392842782e-01
9.860290460255775047e-01
9.852499858051272374e-01
9.862339230040677585e-01
9.871341542412325198e-01
9.883571400539172824e-01
9.911849468005888841e-01
9.928170906934042916e-01
9.966162764563978316e-01
9.961943320411902336e-01
9.976874598761049651e-01
1.000827406661424890e+00
9.999219981945955960e-01
1.000952374162359382e+00
1.000231714842557018e+00
1.001117060350699584e+00
1.002200719644366522e+00
1.001503644733567899e+00
1.003324953429250987e+00
1.001882597014244425e+00
1.002016003542956168e+00
1.003153915296848719e+00
1.002967572486571646e+00
1.002833900933867151e+00
1.000282193137735476e+00
1.002351110470943052e+00
1.000662064007985741e+00
1.001646241587676789e+00
1.001200796839197604e+00
1.000949889556011829e+00
9.999081775230507230e-01
1.000379537908720362e+00
1.000193277740819786e+00
9.990813707989765202e-01
9.992698796339432032e-01
9.989358442759088685e-01
9.987672087166639123e-01
9.979707708184645254e-01
9.983443250299285365e-01
9.978942389902124566e-01
9.973569329470685085e-01
9.984876599684191500e-01
9.988801848681547746e-01
9.981481128034519479e-01
9.994315975978432798e-01
1.000196545286294869e+00
9.992432941384348233e-01
9.999650845810807986e-01
1.000353968028526941e+00
1.000135584637135588e+00
1.001214167071243777e+00
1.000362074178589022e+00
1.000683926371367605e+00
1.000524407119521397e+00
1.000928233086643360e+00
1.000978799501574201e+00
1.000991521711355192e+00
9.998565705593439601e-01
1.000522638148104493e+00
1.001010182136045978e+00
9.995573825230980036e-01
9.996520081154794957e-01
9.999989349415641104e-01
9.994633628431770500e-01
9.998521457196728468e-01
1.000133359598093685e+00
1.000557201585559053e+00
9.999145569596739058e-01
1.001070812074857264e+00
1.001034874244992823e+00
9.996469356346413537e-01
1.000720429035308001e+00
1.000477983266875981e+00
1.000120262032862861e+00
9.995080717772786283e-01
9.997326178901850824e-01
9.997909684422456866e-01
1.000410989190511746e+00
1.000503454400417658e+00
1.000484036230185669e+00
9.994581526659138682e-01
1.000747261351225825e+00
1.000365302997650474e+00
1.000918401612752806e+00
9.998638461764086660e-01
1.000318920724294181e+00
1.000754051896349583e+00
9.998996562213146033e-01
1.000289083963444625e+00
1.000239062005493951e+00
1.000409067918614836e+00
1.000370188792932380e+00
1.000454403791390057e+00
1.000321928669714477e+00
9.999946016595516740e-01
1.000370827960400000e+00
9.996362683228889878e-01
1.000205516235896264e+00
1.000001592057407462e+00
1.000826227378645461e+00
1.000288494665041661e+00
1.000349412439039076e+00
9.998505561207561287e-01
1.000413552175581700e+00
1.000266726123433481e+00
1.000946397455648285e+00
9.994959269866798834e-01
1.000355861576037508e+00
1.000956345654632873e+00
1.000525849674839041e+00
9.996724369711162961e-01
1.000104890966775129e+00
9.992486917033036598e-01
1.000584410519883560e+00
1.000559174117978678e+00
1.000138568141134554e+00
1.000551139246968813e+00
1.000016533245945416e+00
9.998439403952744664e-01
1.000786911143681568e+00
1.000656063585036337e+00
9.997800657842393912e-01
1.000054122061428963e+00
9.999909837582159344e-01
1.000318366029108841e+00
1.000866236151861877e+00
9.995907632679653654e-01
1.000350593147924627e+00
9.996104046006036858e-01
1.000484384763041579e+00
1.000125219846438540e+00
1.000101214007761641e+00
1.000075839927278665e+00
1.000581127081289878e+00
1.000293023384837054e+00
1.000231336122682002e+00
9.997161665989784396e-01
1.000505318721825576e+00
1.000333291195932395e+00
1.000031953536515417e+00
1.000063027308950137e+00
9.997662921262100433e-01
9.998728245209923537e-01
1.000014666002460251e+00
9.998632129622123665e-01
9.992013175832193950e-01
1.000241570829865978e+00
1.000039785596100739e+00
9.994568928572811206e-01
1.000007256818252754e+00
9.998330897098521852e-01
1.000881290203459839e+00
1.000147419503972346e+00
9.999021635693144949e-01
9.999907969101370364e-01
9.999154646772371313e-01
1.000187680039907656e+00
9.993881493139502581e-01
1.000389416053798497e+00
9.997719869449904762e-01
9.997158780116611743e-01
1.000115206194364781e+00
9.998742972442570265e-01
1.000554000618034456e+00
1.000202573184607591e+00
9.997157860103290661e-01
1.000078212984327530e+00
9.997272835268805613e-01
9.997384532275542801e-01
9.998604160396801221e-01
9.998921744496601649e-01
1.000000671582440770e+00
1.000120894664921156e+00
1.000185439143074451e+00
9.998254602942414637e-01
9.997569511916828411e-01
1.000177214257436775e+00
1.000116020639099323e+00
9.994636847057386531e-01
1.000099422584061815e+00
9.999161421552464901e-01
9.999437019094924439e-01
1.000165858781322692e+00
1.000042992535293163e+00
1.000218787861113956e+00
1.000553479937293266e+00
9.999850215207521931e-01
1.000070933056364630e+00
1.000375908742911601e+00
1.000165668230837301e+00
1.000116780603661937e+00
1.000010886258215326e+00
1.000305046391395836e+00
1.000204278692700122e+00
1.000047914152171646e+00
1.000159777601010713e+00
9.996049933810586818e-01
9.999600210966742564e-01
9.998463724058562763e-01
1.000261648534680692e+00
1.000376895928586141e+00
9.999447609930762759e-01
1.000131941313359807e+00
1.000247630970656054e+00
9.998816094034863600e-01
1.000184744977004048e+00
1.000275652901062351e+00
9.998706707166442609e-01
1.000496560653165057e+00
9.999955919092174961e-01
1.000226351114064327e+00
1.000088503434942266e+00
1.000427975350786092e+00
1.000179302950832128e+00
1.000183719334770460e+00
9.997227521831636432e-01
1.000072170756610701e+00
1.000214739580815637e+00
9.999412188106260313e-01
9.999526729921706103e-01
1.000340517447076083e+00
1.000306754856035374e+00
9.996171774576670943e-01
9.999980367010227189e-01
1.000519823847883849e+00
1.000141638580183345e+00
1.000504755354452602e+00
9.999376482366186814e-01
1.000128061938480251e+00
9.999614957737608112e-01
1.000479343383642306e+00
1.000259890088331272e+00
1.000016362105174750e+00
9.998485953541381699e-01
1.000128347282351893e+00
1.000039863008633345e+00
1.000225137305041923e+00
1.000408729865948310e+00
1.000152909648917010e+00
1.000187410895466478e+00
9.996630414912937024e-01
9.998348974756736673e-01
1.000224939510933497e+00
1.000222112558391885e+00
1.000126108489275634e+00
1.000421401866941062e+00
1.000119330524803951e+00
1.000223765006108989e+00
1.000230918552216242e+00
9.999296372908927921e-01
9.997369499639704449e-01
1.000313418351894690e+00
1.000126799356503948e+00
9.998954934161067287e-01
1.000616292274785657e+00
1.000070355377115527e+00
1.000241687291246739e+00
1.000206187463321017e+00
1.000269982145071346e+00
1.000287922962800335e+00
9.999231395775701747e-01
1.000438711194687746e+00
1.000399238877975883e+00
1.000405146119381250e+00
1.000317802271037948e+00
9.999372428646837729e-01
1.000284179017136399e+00
1.000405288950436455e+00
1.000107245513796705e+00
1.000288878064870879e+00
1.000191818230433238e+00
1.000433602032417157e+00
1.000301823492731224e+00
9.966550219119449938e-01
9.885284134665511813e-01
9.798584464525942339e-01
9.718566650665806383e-01
9.633616725608462605e-01
9.549928099106367307e-01
9.472872652625210499e-01
9.391318628945413138e-01
9.308711896877152059e-01
9.234291719862932624e-01
9.150900643159123327e-01
9.075410005388956369e-01
8.992822857311595364e-01
8.913127997821604920e-01
8.840275186280891484e-01
8.761716442160352170e-01
8.685341029119002521e-01
8.607361522080060334e-01
8.530605816792253826e-01
8.453471700942982725e-01
8.379553454034964766e-01
8.308232262306407545e-01
8.230646575969708945e-01
8.154181955563922779e-01
8.082337656117186686e-01
8.010363250130104751e-01
7.934346998167172149e-01
7.861927822608946181e-01
7.787421110763380616e-01
7.713392920417118104e-01
7.646820714337145830e-01
7.578114133884507053e-01
7.504558883107772527e-01
7.434716804343743934e-01
7.364979500965047610e-01
7.293287601436307943e-01
7.225342888595371882e-01
7.153112225569324689e-01
7.087915537038420588e-01
7.019790596881277933e-01
6.949017445295617712e-01
6.881746069577641123e-01
6.816006819085563828e-01
6.747454165724268149e-01
6.683158585174276967e-01
6.613520605617039250e-01
6.548373000814342593e-01
6.485973529146283889e-01
6.417839314114279770e-01
6.351119240110343345e-01
6.287632280495939474e-01
6.224017015022624832e-01
6.160326386372444452e-01
6.094197021517973045e-01
6.032934873508026818e-01
5.971872034854215361e-01
5.907632245832182827e-01
5.847878263205481542e-01
5.783665471847991846e-01
5.720253123234497750e-01
5.658985060933777733e-01
5.599379734540558262e-01
5.536741683352934817e-01
5.475934962186645993e-01
5.415645767140642164e-01
5.353782871310124314e-01
5.295877540958728869e-01
5.236641537176981442e-01
5.176213296257806684e-01
5.115115178334904700e-01
5.059852394444540602e-01
4.998872218493879971e-01
4.942184365133184265e-01
4.882597943738950508e-01
4.826589295443126648e-01
4.769312737087510468e-01
4.711304131696830710e-01
4.654145490365417248e-01
4.595797349818852573e-01
4.543401315410003360e-01
4.487097511577858300e-01
4.428926467039844272e-01
4.376098551937043779e-01
4.317746078065071713e-01
4.265256471745918487e-01
4.208704905418742537e-01
4.154844669892407971e-01
4.101267535854943858e-01
4.046673320135099616e-01
3.993290435982860265e-01
3.937971494401069639e-01
3.882466243211584178e-01
3.833157512791044996e-01
3.780332593948568798e-01
3.725822097840222336e-01
3.674378874987589416e-01
3.621062939479469112e-01
3.568648254446046275e-01
3.516999921290263065e-01
3.468087430183428577e-01
3.414191003779694644e-01
3.362979875374332295e-01
3.314959267862456760e-01
3.261604074769202666e-01
3.211546442149154634e-01
3.161456102901418763e-01
3.112066598677221685e-01
3.062768401851129196e-01
3.012957546955645771e-01
2.962721448543643166e-01
2.912859068301598131e-01
2.865576555432189920e-01
2.817725728205742741e-01
2.766133613975817473e-01
2.718715281978674736e-01
2.670740278524540434e-01
2.625001297040798764e-01
2.576507519215688324e-01
2.527841225048761409e-01
2.480561445482882266e-01
2.433341137770351492e-01
2.386760151861961887e-01
2.340905548974083761e-01
2.294486959097170042e-01
2.248791391675972751e-01
2.201798691472503511e-01
2.154774999515929879e-01
2.109168174905836635e-01
2.063576298779240537e-01
2.018624966537360121e-01
1.973914914673023935e-01
1.928590233526726316e-01
1.884831323974905382e-01
1.838612553227724211e-01
1.794889581478997242e-01
1.750791669552484719e-01
1.706726844059509862e-01
1.661868897501553310e-01
1.618493653818902367e-01
1.575252609176067686e-01
1.531345031892228647e-01
1.489101015091366109e-01
1.446054997544198029e-01
1.402677852821957727e-01
1.360281564773978547e-01
1.317421345683817968e-01
1.275436056947625574e-01
1.233414235483051985e-01
1.193811714978452315e-01
1.155086843322681994e-01
1.119898494865040339e-01
1.086700406169126693e-01
1.054725921423233098e-01
1.025030575842539177e-01
9.947398879624774759e-02
9.658188644475468321e-02
9.377670022616504952e-02
9.109380230917576982e-02
8.852206052688664506e-02
8.594913230293500794e-02
8.347862080068940704e-02
8.108440592008622771e-02
7.869611492828357258e-02
7.643623161223829510e-02
7.424336633657394047e-02
7.208685192142456899e-02
6.994193749171158381e-02
6.800030950961785670e-02
6.604045999279530010e-02
6.402947647826320865e-02
6.206827195244044026e-02
6.031504554716873162e-02
5.846088099181029341e-02
5.679828685230799146e-02
5.495426729076328259e-02
5.330079814865638921e-02
5.167607599256213852e-02
5.013563959613673987e-02
4.859447134746167074e-02
4.703878570605898868e-02
4.551406914524972619e-02
4.404320195405701105e-02
4.270545863710740325e-02
4.129432112985124970e-02
4.000786262241722707e-02
3.869214125443949659e-02
3.741543240262220488e-02
3.619763427490105961e-02
3.498471505549071575e-02
3.373272886847807073e-02
3.260317497597091385e-02
3.147346771636495844e-02
3.036401614882171598e-02
2.932616647112194774e-02
2.822173982548753859e-02
2.725866425848030503e-02
2.621663082526134655e-02
2.526896134142046779e-02
2.435535923635976513e-02
2.343368364628135164e-02
2.249961151678009363e-02
2.165416568838058817e-02
2.081703077153362197e-02
1.999089633631059154e-02
1.917709609266213949e-02
1.841228605350187994e-02
1.759489887958992638e-02
1.690293041552229369e-02
1.618887672350082657e-02
1.550061535368109193e-02
1.481779324878428755e-02
1.413457365605666483e-02
1.347149977487524346e-02
1.289714453507488125e-02
1.227661988402272732e-02
1.170274969324088150e-02
1.111883874767253047e-02
1.056750334583768901e-02
1.002533833891001286e-02
9.498748792220327100e-03
8.986449015972937035e-03
8.541162281374510210e-03
8.065760545167603712e-03
7.619535932442541779e-03
7.188392522491554408e-03
6.766720704085388456e-03
6.353484053708740968e-03
5.962047966697313177e-03
5.595722414208905045e-03
5.208936757155272455e-03
4.865283118876195974e-03
4.531736703854342616e-03
4.221614275356572014e-03
3.917013536210645769e-03
3.613738102525505466e-03
3.333798150846738976e-03
3.067583598785489536e-03
2.808261092888967182e-03
2.561079560143445909e-03
2.341704839469772783e-03
2.112792505953974085e-03
1.909414828809224496e-03
1.714124878455674551e-03
1.533016417039709516e-03
1.360777281461926979e-03
1.199251780726206260e-03
1.048540556853385600e-03
9.040098884196779913e-04
7.790759513554841413e-04
6.575217873860660653e-04
5.541972344834589963e-04
4.531548903340970212e-04
3.600304772648115544e-04
2.836954681942542404e-04
2.185329631394789386e-04
1.605684940206451774e-04
1.108691196268526930e-04
7.226065433383897286e-05
3.861459772417805500e-05
1.820093335549325742e-05
4.828121076059527990e-06
7.453736762768102651e-07
0.000000000000000000e+00
0.000000000000000000e+00
0.000000000000000000e+00
0.000000000000000000e+00
0.000000000000000000e+00
0.000000000000000000e+00
0.000000000000000000e+00
0.000000000000000000e+00
0.000000000000000000e+00
0.000000000000000000e+00
0.000000000000000000e+00
0.000000000000000000e+00
0.000000000000000000e+00
0.000000000000000000e+00
0.000000000000000000e+00
0.000000000000000000e+00
0.000000000000000000e+00
0.000000000000000000e+00
0.000000000000000000e+00
0.000000000000000000e+00
0.000000000000000000e+00
0.000000000000000000e+00
0.000000000000000000e+00
0.000000000000000000e+00
0.000000000000000000e+00
0.000000000000000000e+00
0.000000000000000000e+00
0.000000000000000000e+00
0.000000000000000000e+00
0.000000000000000000e+00
0.000000000000000000e+00
