0.000000000000000000e+00
0.000000000000000000e+00
0.000000000000000000e+00
0.000000000000000000e+00
0.000000000000000000e+00
0.000000000000000000e+00
0.000000000000000000e+00
0.000000000000000000e+00
0.000000000000000000e+00
0.000000000000000000e+00
0.000000000000000000e+00
0.000000000000000000e+00
0.000000000000000000e+00
0.000000000000000000e+00
0.000000000000000000e+00
0.000000000000000000e+00
0.000000000000000000e+00
0.000000000000000000e+00
0.000000000000000000e+00
0.000000000000000000e+00
0.000000000000000000e+00
0.000000000000000000e+00
0.000000000000000000e+00
0.000000000000000000e+00
0.000000000000000000e+00
0.000000000000000000e+00
4.412742699694084995e-05
1.540729825678290510e-03
2.574498751045877637e-02
1.821071478830267876e-01
6.999120825934086465e-01
1.485281448530813009e+00
2.004624733301043626e+00
2.069749973544924515e+00
1.869199745058731210e+00
1.613630199060296366e+00
1.389892665668210014e+00
1.235007206034373972e+00
1.136830447566332003e+00
1.071920992251955251e+00
1.004350131028604043e+00
9.433577723588948416e-01
9.143814729571579925e-01
9.046905510543638007e-01
9.132760754342037490e-01
9.241871956835195911e-01
9.441492253551889702e-01
9.559257703156938124e-01
9.678540222628769785e-01
9.714759280957547816e-01
9.814968058324212707e-01
9.874741091838963314e-01
9.910783216769134540e-01
9.975174290733845872e-01
9.984742093788298023e-01
9.961050854812407707e-01
9.914883826745514162e-01
9.856557640731193892e-01
9.779674049865917373e-01
9.704745999381850785e-01
9.624865823143505805e-01
9.580273795340901177e-01
9.569017399606049024e-01
9.628942459077348692e-01
9.711569677257750888e-01
9.785481067285048962e-01
9.895285787066823158e-01
9.972719802178108273e-01
1.007153926954366341e+00
1.018277015503592509e+00
1.023739044221757766e+00
1.028133126765464533e+00
1.030569112610957516e+00
1.030117766521117861e+00
1.030913880993400422e+00
1.027691132557193132e+00
1.025744033654878873e+00
1.021952940663173770e+00
1.014475234068239473e+00
1.011079718138502503e+00
1.005449785956091580e+00
1.001283109263751969e+00
9.962449659070478081e-01
9.902865046152103945e-01
9.895622113800373043e-01
9.860976756184983705e-01
9.861654595432738368e-01
9.870404116183048027e-01
9.877635072969053187e-01
9.891481975032229146e-01
9.932882886451488424e-01
9.946333580751123282e-01
9.972524374560051141e-01
9.987540299092257934e-01
1.000997696952173444e+00
1.000909010298957513e+00
1.001663332288633690e+00
1.002057619598089255e+00
1.002073615963179343e+00
1.003192553026539313e+00
1.002667094650729451e+00
1.002457838685016256e+00
1.004222184037908416e+00
1.003205810826262701e+00
1.002748634988176679e+00
1.001765906392299899e+00
1.002922494392739283e+00
1.004099413867144630e+00
1.002759209854210631e+00
1.001822376364181366e+00
1.001915515181047267e+00
1.003266594027389935e+00
1.002272296288271525e+00
1.002021766971096906e+00
1.001167501693175810e+00
1.001175179150202821e+00
1.000362350047366844e+00
1.002465187486317966e+00
9.999592997187753962e-01
1.000489608778514006e+00
9.992655644908617907e-01
9.989806939624671367e-01
9.996954162040091463e-01
9.992774966390081115e-01
9.988387340250212132e-01
9.997620093543080344e-01
9.986376367294260703e-01
9.997947575113993457e-01
1.000800298077107575e+00
9.996512870543792229e-01
1.000884958049540030e+00
1.001215034157045158e+00
1.002699239401303233e+00
1.000647308526460222e+00
1.001909680647411705e+00
1.001230571675975067e+00
1.001559895246515897e+00
1.002011121604159838e+00
1.001014278969525551e+00
1.001955959972371524e+00
1.001235312839949598e+00
1.000907913482984357e+00
1.000759980859437626e+00
1.000740787723619629e+00
1.000686528916660878e+00
1.000182012711137380e+00
1.001921122830955468e+00
1.000556306954203833e+00
9.996968892069423296e-01
1.000266221910616649e+00
9.992049187609726157e-01
1.000287776963217912e+00
1.001307035912176291e+00
1.000633892785945500e+00
9.999162973631261497e-01
1.000703662402302241e+00
1.000720435051261514e+00
1.000028170964214258e+00
1.000621293403572531e+00
1.001383377059668511e+00
1.000185243982676386e+00
1.000281434631398181e+00
1.000980705954511052e+00
1.000461659638325562e+00
1.000743853639324943e+00
1.000664225889856596e+00
1.001114646474205561e+00
1.001241315036616397e+00
1.000760688734631865e+00
1.000762545217131150e+00
1.000420024544982800e+00
1.000953748362009010e+00
1.000145763018070122e+00
1.000921289462247010e+00
9.999714943955900770e-01
1.000135856042437821e+00
1.000759778487655405e+00
1.000442521027548493e+00
1.000445382605490430e+00
1.001069593963201720e+00
1.000630434317222983e+00
1.000752045972877147e+00
1.000838642435234016e+00
1.000282588369867609e+00
1.000486780434964862e+00
1.000295737378508187e+00
1.000688874631210590e+00
1.000721597896595094e+00
1.000872620150582204e+00
1.001005291576214207e+00
1.000616983321904074e+00
1.000250457801687975e+00
1.000226594673222058e+00
1.001550976973755835e+00
9.995344059201491937e-01
1.000913255233152555e+00
1.000559359043315943e+00
1.000694429217629855e+00
1.000055039906354359e+00
1.000028515298447163e+00
1.000569365127444987e+00
1.000354259524868672e+00
1.001314738532076420e+00
1.000469885431916950e+00
1.000195534846973766e+00
1.000396958338585884e+00
1.000585662669568610e+00
1.000603341650687650e+00
1.000441761346640757e+00
1.000557256344829060e+00
1.000300028949528963e+00
1.000348367501860070e+00
1.000304412167276391e+00
1.000477930342803967e+00
1.000496694514331431e+00
1.000472958904286669e+00
1.000424294064827802e+00
1.000229140430297869e+00
1.000316843678585643e+00
9.999882164896670700e-01
1.000606289638032997e+00
1.000570462285565787e+00
1.000811121634607170e+00
9.999760118037934742e-01
1.000340093161376176e+00
1.000304415616189324e+00
1.000760051021261976e+00
1.000320885301059448e+00
1.000415194123652318e+00
1.000225449814701628e+00
1.000322743346064636e+00
1.000668907335851454e+00
1.000158447126465067e+00
1.000660233932709753e+00
1.000212537300146698e+00
1.000892981978112051e+00
1.000655906273185458e+00
1.000296558066329222e+00
1.000317002738533079e+00
9.999149373036111399e-01
1.000644797997659818e+00
1.000183788367245530e+00
1.000324649697287516e+00
1.000386080280703194e+00
1.000619896444241208e+00
1.000626864376160441e+00
1.000181314284167788e+00
1.000185461189351033e+00
9.999536866578042638e-01
1.000304464168619178e+00
1.000289339667519650e+00
1.000340625551124019e+00
1.000453734460665212e+00
1.000290283412963221e+00
1.000481968381290443e+00
1.000625484793241649e+00
1.000697256154921222e+00
9.997919779486416081e-01
1.000843268974118017e+00
1.000430994627036885e+00
9.999711534238395760e-01
1.000308039210150879e+00
1.000212998553279053e+00
1.000484010106404309e+00
1.000215283753197459e+00
1.000073984468550004e+00
1.000373815741050887e+00
1.000473171020589636e+00
9.999858079714191161e-01
1.000241074634538929e+00
1.000198311759342484e+00
1.000045369661135775e+00
1.000308970066530412e+00
1.000303998091107482e+00
1.000008652611114268e+00
1.000594693664032420e+00
1.000334948568235349e+00
1.000412513475069654e+00
1.000778118978004505e+00
1.000739572774062669e+00
1.000557966254081332e+00
9.999314398157099770e-01
1.000351198303328859e+00
9.999825980352137211e-01
1.000589383712668257e+00
1.000248860593833777e+00
1.000609794293167543e+00
1.000365211125863851e+00
1.000274456011092328e+00
1.000433615265070131e+00
1.000076898877062526e+00
1.000282394533891450e+00
1.000121633082236006e+00
9.998860120385572037e-01
1.000621425136503095e+00
1.000370386403035328e+00
1.000310075357596862e+00
1.000465522793455797e+00
1.000271845815268845e+00
1.000575047576891530e+00
1.000441858713486676e+00
9.992347813444212301e-01
9.997944696235269157e-01
1.000705365277205772e+00
1.000499832164019498e+00
1.000273216886051086e+00
9.998435064419880502e-01
1.000169907025054261e+00
1.000263441450257584e+00
9.998519682299153999e-01
1.000075031279450410e+00
1.000411393158309403e+00
1.000151727919377453e+00
1.000417898646820181e+00
1.000222986389510682e+00
9.998141637992085107e-01
1.000651597112033109e+00
1.000173796187488806e+00
1.000088470850465594e+00
1.000284153563702816e+00
1.000353110362294906e+00
1.000238862622186753e+00
1.000340054743057205e+00
1.000217608863515739e+00
1.000348563857823114e+00
1.000263220990338819e+00
1.000448962288575938e+00
9.999958292798101223e-01
9.999626426846508487e-01
1.000421605959308513e+00
9.997823900129081398e-01
1.000095889407586647e+00
1.000007242142699093e+00
1.000205903450302358e+00
1.000409634522858582e+00
1.000161768387527017e+00
1.000284987651406610e+00
9.998753829560910189e-01
1.000429690560918461e+00
1.000440580953588343e+00
1.000041726388146035e+00
1.000241015817806112e+00
1.000374643504177152e+00
9.997706456150710075e-01
9.999206262980594451e-01
9.998880359773504312e-01
1.000282380616184463e+00
1.000059125255448267e+00
1.000166194008956566e+00
1.000352079049094289e+00
1.000138576195608975e+00
9.997655167341702453e-01
1.000126904668022343e+00
9.997760560693726983e-01
1.000103420161118306e+00
9.999079266140912248e-01
9.998653897740542584e-01
9.965037115299095749e-01
9.879960105411915716e-01
9.796233882972790186e-01
9.714483328011312979e-01
9.628938928960530941e-01
9.549446404382221365e-01
9.470438677017015694e-01
9.387362627035826801e-01
9.306490625609677991e-01
9.226645930508271531e-01
9.148144912301916509e-01
9.068062030708540222e-01
8.991226040830652133e-01
8.909494362764212028e-01
8.832078595047504477e-01
8.755381130354402686e-01
8.682656895036257039e-01
8.601860223085688872e-01
8.528830079100943040e-01
8.449980049662596526e-01
8.377265164057382529e-01
8.297674874260739797e-01
8.226989398734037007e-01
8.155489043052737141e-01
8.077962631304123065e-01
8.003604776734641879e-01
7.931230362943465506e-01
7.853968248320750689e-01
7.787249270436444881e-01
7.715315989292422794e-01
7.643199508395183139e-01
7.571768754490931785e-01
7.499482666023437050e-01
7.430940244943200490e-01
7.362943568437899655e-01
7.292589662918037563e-01
7.222752027587326928e-01
7.150615672921850630e-01
7.088137442935136256e-01
7.015091122409067292e-01
6.946349673793886792e-01
6.878073568736768895e-01
6.814178251544800169e-01
6.743318754362023215e-01
6.678044609902219486e-01
6.612823556844578121e-01
6.547478278379450511e-01
6.481859959146587524e-01
6.415534347662003034e-01
6.348945256737390519e-01
6.286658485787814943e-01
6.222895250298635661e-01
6.157623201040804961e-01
6.094776005835471633e-01
6.028393561016277546e-01
5.967516561638867012e-01
5.908474261001270822e-01
5.842283573639984740e-01
5.781153519819046682e-01
5.718546881160031514e-01
5.656537379318994363e-01
5.596348793452693426e-01
5.534369833188084176e-01
5.473006537000274507e-01
5.414852160834632278e-01
5.353919216882281340e-01
5.295235645129245938e-01
5.232851916889861288e-01
5.175386902674556922e-01
5.112455791597710908e-01
5.056198100246140914e-01
5.000435936705550644e-01
4.940197952679424853e-01
4.881973442449684675e-01
4.824569217997835557e-01
4.768469186099750234e-01
4.711326498964689136e-01
4.655195225662910885e-01
4.598540939263487393e-01
4.541393734242507030e-01
4.485244985421964481e-01
4.431637576843286408e-01
4.371820823791401356e-01
4.318509941663891682e-01
4.263901990398598074e-01
4.208466951589500682e-01
4.154735268678946825e-01
4.101200521858220371e-01
4.043580849103979302e-01
3.992699918160745876e-01
3.937479522223071848e-01
3.883724861196182765e-01
3.830156259390454232e-01
3.779408267370809593e-01
3.727984154229195268e-01
3.672095801773116452e-01
3.620715173229263062e-01
3.568934814721195781e-01
3.516975673975907268e-01
3.467393628828714935e-01
3.414567873193227188e-01
3.363665559561611618e-01
3.314349275143510520e-01
3.262296640281969751e-01
3.212540990518169548e-01
3.160195971472656296e-01
3.111387201662538793e-01
3.061283794575998529e-01
3.013783756519124446e-01
2.962193244203321640e-01
2.912433285957293783e-01
2.865475069328924373e-01
2.816345239596313998e-01
2.767903562213299140e-01
2.719586376731825128e-01
2.671583309878901580e-01
2.623582313046825543e-01
2.576129186571311513e-01
2.528126652062149260e-01
2.482300274140905316e-01
2.432781867979333101e-01
2.388750755529617797e-01
2.339195883284936883e-01
2.294444981199892097e-01
2.246632483052865559e-01
2.201859519127871423e-01
2.155479238634438466e-01
2.110133150704708305e-01
2.064596332809183199e-01
2.019206453769778475e-01
1.974156381307420050e-01
1.929323603087559069e-01
1.883361149992240635e-01
1.839098341913158463e-01
1.795015585347467246e-01
1.751198925131191297e-01
1.705852418281209870e-01
1.662668908209437579e-01
1.618959116180579971e-01
1.576123955670367394e-01
1.532972144331035125e-01
1.488772451275501285e-01
1.446559692707787004e-01
1.404172737177458163e-01
1.359955776649758863e-01
1.318472959313502224e-01
1.275334041492331427e-01
1.234568975869464319e-01
1.191821214355968800e-01
1.155862582470006811e-01
1.121115217291863003e-01
1.086914841899945111e-01
1.055344410878999301e-01
1.024399735351461393e-01
9.949379941878118416e-02
9.643520853937731507e-02
9.377065582904978158e-02
9.109911832926019526e-02
8.837369059652895598e-02
8.588756248354560696e-02
8.340844595280698381e-02
8.102572665281980446e-02
7.866358874304391069e-02
7.658756666106747435e-02
7.423331962107741766e-02
7.204877260596148636e-02
6.999195547235532999e-02
6.787958155303860930e-02
6.590594727908387351e-02
6.393296212513507881e-02
6.208342419906679593e-02
6.013705400383637795e-02
5.842607702152720350e-02
5.665906440140944245e-02
5.497318533325695061e-02
5.333202014879009217e-02
5.160356440527517907e-02
5.009312259741411505e-02
4.858220151954634886e-02
4.694761547246578681e-02
4.551826132680997228e-02
4.409949007740021631e-02
4.265562791845631252e-02
4.124518134767793387e-02
3.997836706715482413e-02
3.863996127479416010e-02
3.732191164714142306e-02
3.612259637069559215e-02
3.492450505243101938e-02
3.373927059030779052e-02
3.256590771132573253e-02
3.140142590214051177e-02
3.030659654820384852e-02
2.921404681633809827e-02
2.824778198499482487e-02
2.718380174345326125e-02
2.619307441902433281e-02
2.524833933543099707e-02
2.429709428035333602e-02
2.335934241637192127e-02
2.251650423375427257e-02
2.162585392902994022e-02
2.077979539706968637e-02
1.996190703443805406e-02
1.914044828510486421e-02
1.839461672400240916e-02
1.759781284096962120e-02
1.687798007929389166e-02
1.614170641545360774e-02
1.545681842594463784e-02
1.477996372962941257e-02
1.409659035776616998e-02
1.346925487661681207e-02
1.286513864002726375e-02
1.226406378854087535e-02
1.168142257762908379e-02
1.107153948866833153e-02
1.053888350383190738e-02
1.002589846056879674e-02
9.502847531265986095e-03
9.006997152843598115e-03
8.506940270118003647e-03
8.051291165767119132e-03
7.577078773042359404e-03
7.168531115625875749e-03
6.725055075043148527e-03
6.321950100779439273e-03
5.936838562129199796e-03
5.561334402898770145e-03
5.206536326084801845e-03
4.850743447565111950e-03
4.527100051160019845e-03
4.217894567783205678e-03
3.892979552726904147e-03
3.611319825427666743e-03
3.323380503183282712e-03
3.063227350849093231e-03
2.811538880114604604e-03
2.561417441661874902e-03
2.325864652147916368e-03
2.117951212523663893e-03
1.909353979870443601e-03
1.710189768744596172e-03
1.525541827115490297e-03
1.352887416109081536e-03
1.189514807564039534e-03
1.039793550655559789e-03
9.016232958086634226e-04
7.821619183008900493e-04
6.603317656937079862e-04
5.516434746237481711e-04
4.527052040871520412e-04
3.638065699752254301e-04
2.879272551357753502e-04
2.151941529665235217e-04
1.594729075192706904e-04
1.089881834873767080e-04
6.956630936771187256e-05
3.897332227769704317e-05
1.661842297870050230e-05
5.819569908071286129e-06
3.726749614114329773e-07
0.000000000000000000e+00
0.000000000000000000e+00
0.000000000000000000e+00
0.000000000000000000e+00
0.000000000000000000e+00
0.000000000000000000e+00
0.000000000000000000e+00
0.000000000000000000e+00
0.000000000000000000e+00
0.000000000000000000e+00
0.000000000000000000e+00
0.000000000000000000e+00
0.000000000000000000e+00
0.000000000000000000e+00
0.000000000000000000e+00
0.000000000000000000e+00
0.000000000000000000e+00
0.000000000000000000e+00
0.000000000000000000e+00
0.000000000000000000e+00
0.000000000000000000e+00
0.000000000000000000e+00
0.000000000000000000e+00
0.000000000000000000e+00
0.000000000000000000e+00
0.000000000000000000e+00
0.000000000000000000e+00
0.000000000000000000e+00
0.000000000000000000e+00
0.000000000000000000e+00
0.000000000000000000e+00
