0.000000000000000000e+00
0.000000000000000000e+00
0.000000000000000000e+00
0.000000000000000000e+00
0.000000000000000000e+00
0.000000000000000000e+00
0.000000000000000000e+00
0.000000000000000000e+00
0.000000000000000000e+00
0.000000000000000000e+00
0.000000000000000000e+00
0.000000000000000000e+00
0.000000000000000000e+00
0.000000000000000000e+00
0.000000000000000000e+00
0.000000000000000000e+00
0.000000000000000000e+00
0.000000000000000000e+00
0.000000000000000000e+00
0.000000000000000000e+00
0.000000000000000000e+00
0.000000000000000000e+00
0.000000000000000000e+00
0.000000000000000000e+00
0.000000000000000000e+00
0.000000000000000000e+00
4.413310252363624722e-05
1.786820753615841768e-03
2.590855786817731696e-02
1.784908076450830994e-01
7.003685927768183994e-01
1.475202208069369858e+00
1.992875344056946885e+00
2.063200155293891225e+00
1.860909487525912231e+00
1.608648486814099110e+00
1.388200958521839334e+00
1.229030001338462963e+00
1.132422382880366118e+00
1.066373472900310482e+00
9.996343087485637380e-01
9.380261333103587784e-01
9.064923589026727679e-01
8.990870634296780350e-01
9.060590175472376107e-01
9.212668320949043421e-01
9.374187275727831059e-01
9.482980784433693300e-01
9.598378976577439659e-01
9.685193926162529721e-01
9.736453121976507141e-01
9.839853519905235046e-01
9.865524327089443268e-01
9.934289219137307780e-01
9.927964609010916375e-01
9.902862072216100930e-01
9.878913178466887102e-01
9.787926996406401958e-01
9.735193917703602873e-01
9.647072033588390827e-01
9.594043432540011462e-01
9.544333546257378620e-01
9.525781264977410956e-01
9.584028746066912685e-01
9.611418798850924761e-01
9.744345408503117811e-01
9.843051755337691722e-01
9.932681821160710411e-01
1.006768219184475566e+00
1.013054938863325649e+00
1.018946585875052158e+00
1.025175649939690459e+00
1.027259042302341108e+00
1.028917998190959748e+00
1.030423237313275342e+00
1.025232836844459650e+00
1.020862413431830928e+00
1.018596862625772648e+00
1.014896442950037336e+00
1.010834098576419260e+00
1.002526522667293252e+00
9.981995034923549781e-01
9.918090651508207900e-01
9.884613680684617432e-01
9.858754877407553963e-01
9.830376857951430569e-01
9.826161732857994213e-01
9.838549340537700028e-01
9.843842403246938488e-01
9.873661971274499960e-01
9.904656619097609305e-01
9.908236124111117205e-01
9.933255655501305181e-01
9.962807812113967376e-01
9.990786206100287226e-01
9.996878294540632037e-01
1.000204466047864171e+00
9.983364095464819510e-01
1.000168746535057718e+00
9.988564067337779573e-01
9.995756301576562697e-01
1.000586618861914134e+00
1.002098544636718991e+00
1.001365523012899938e+00
1.001794476201339545e+00
1.001155097930365168e+00
1.001821187600488994e+00
1.001033546830811360e+00
1.000517459245273244e+00
9.996143017638838835e-01
1.000405511190722185e+00
9.991472379264044745e-01
9.995426597704133442e-01
1.000006810962561721e+00
1.000143931549333898e+00
9.986784018411174468e-01
9.981857714141620930e-01
9.990981023414825524e-01
9.978849898369653859e-01
9.974879241799621266e-01
9.972120250713316647e-01
9.980081083916126916e-01
9.962898585834367715e-01
9.984573785808087409e-01
9.959152462466617228e-01
9.967977372938078284e-01
9.981706515871395791e-01
9.977416877809205387e-01
9.972730777764838850e-01
9.984975273758966985e-01
9.994346086232629434e-01
9.990297164552154330e-01
9.987717326181125843e-01
9.992559699625573888e-01
9.992563086771482084e-01
9.996657316677607374e-01
9.993563906374388628e-01
9.992470085481147679e-01
9.998577635149422660e-01
9.991502791370800995e-01
9.999179399924588152e-01
9.995263413755183235e-01
9.998733156821174584e-01
9.996562862954048168e-01
9.995172167337130764e-01
9.993586746687561639e-01
9.990390945067491035e-01
9.989816293904169031e-01
9.987873112771251671e-01
9.986433045741173187e-01
9.981119429540163956e-01
9.989981803470157073e-01
9.994550065212132184e-01
9.993494855568645363e-01
9.988445497748752455e-01
9.989251970115560209e-01
9.995755000238369936e-01
9.989302570003456561e-01
9.984812629588339927e-01
9.997399072960715394e-01
9.991272383493635667e-01
9.992136101716726504e-01
9.984657828055000239e-01
9.999384646967895973e-01
9.993773009388658979e-01
9.999161291034972532e-01
1.000265522390592077e+00
1.000053411542966675e+00
9.994020597978868770e-01
9.988584627558924067e-01
1.000151838279740080e+00
9.994315284296575452e-01
1.000123982012253165e+00
1.000323267699017915e+00
9.994166727889486346e-01
9.995572221667210489e-01
9.998419662384334661e-01
9.995763691378657390e-01
1.000102046914825848e+00
9.992935767173001249e-01
9.998726399535293741e-01
1.000122564930895575e+00
1.000026305622884193e+00
1.000110966953368541e+00
9.997830155629711113e-01
1.000680033613251529e+00
9.994313127475381586e-01
9.997263594602362469e-01
1.000046838616590383e+00
1.000250167905009979e+00
9.996476280960359118e-01
9.996997198282618902e-01
9.997576733908359881e-01
1.000183229481846015e+00
1.000212580390232642e+00
9.998582745260721216e-01
1.000226143929754619e+00
1.000024041279931275e+00
1.000555752838782064e+00
1.000064771090898752e+00
1.000345226257437492e+00
9.998538735974918934e-01
1.000047703693170975e+00
9.998288296256959695e-01
9.996154660569669392e-01
9.998632841205848942e-01
9.998492140924362115e-01
1.000246825060025602e+00
9.994582840574568472e-01
1.000074924853921354e+00
9.997869408278347025e-01
9.999808948170658685e-01
9.997164470176822526e-01
1.000002765410270111e+00
1.000248654424204187e+00
1.000101456750327023e+00
9.995653967042450461e-01
1.000493810743124934e+00
1.000170483866926530e+00
9.995245764965084989e-01
1.000414059769351605e+00
9.995898892666615909e-01
1.000473645143571844e+00
9.999794056450600488e-01
1.000535173543249279e+00
1.000158649212538498e+00
9.998914962075570179e-01
9.997711251499498131e-01
9.999821472666312605e-01
9.997060465252023409e-01
1.000074176240852930e+00
1.000523694528188789e+00
1.000138572479886356e+00
9.998129284335339761e-01
1.000217513204347819e+00
9.994203859247570154e-01
1.000204167341901762e+00
9.998872373890949072e-01
1.000205024934457843e+00
1.000113467781132082e+00
1.000050258380913215e+00
9.999495459842309142e-01
1.000273781829339903e+00
1.000229628896756928e+00
1.000216714841197563e+00
1.001505801218877112e+00
1.000426159953559324e+00
1.000175961822669546e+00
1.000358868032499515e+00
1.000211741548955535e+00
1.000156688849239917e+00
1.000217111736138698e+00
1.000324547236669748e+00
1.000044932820289834e+00
9.998032295999826902e-01
1.000241000831134652e+00
1.000379434122611988e+00
1.000262568204242086e+00
9.998508466900357661e-01
9.997334444850667357e-01
1.000528576402394787e+00
1.000193195105596233e+00
1.000014796092691283e+00
1.000486887285582549e+00
1.000551188485753862e+00
1.000781108982409240e+00
1.000695556415314824e+00
1.000761169037865717e+00
1.000370673522014808e+00
1.000331057411123492e+00
1.000422352426129091e+00
1.000132446705370715e+00
1.000471688114741298e+00
1.000598983711340706e+00
1.000603424175853684e+00
1.000699374190344271e+00
1.000290894785418994e+00
1.001080149915596351e+00
1.000345676933066308e+00
1.000227176567360043e+00
1.000222975154027028e+00
1.000417721206657617e+00
1.000684698224453273e+00
1.000726643919369829e+00
1.000075102224394996e+00
1.000834901283631062e+00
1.000428838902378770e+00
1.000296399705375316e+00
1.000817669476216532e+00
1.000154283791361509e+00
1.000346052601636337e+00
1.000442126811835752e+00
1.000999262503496468e+00
1.000745418333712999e+00
1.001067765905789830e+00
1.000256676891931207e+00
1.000698160517663693e+00
1.000929214053427163e+00
1.000451565053590786e+00
1.000768702114532616e+00
1.000879668835099601e+00
1.000218144029217937e+00
1.000471670751182485e+00
1.000764685678280808e+00
1.000592007955351637e+00
1.000458859252295385e+00
1.000568188362190192e+00
1.000245965529259928e+00
1.000764219145619194e+00
1.000132844236172103e+00
1.000735936985289287e+00
1.000569770885153309e+00
1.000599224530638098e+00
1.000330156330326847e+00
1.000265578712172365e+00
9.999985582581124577e-01
1.000806351536502881e+00
1.000656839237137774e+00
1.000724135923371172e+00
1.000381227825237973e+00
1.000494385805752895e+00
1.000571607460779999e+00
1.001202802403555747e+00
1.000653868352307185e+00
1.000392567669148969e+00
1.000938244665638299e+00
1.000385790531360009e+00
1.000541633368505989e+00
1.000499989384940669e+00
1.000390628853452979e+00
1.000873465440191845e+00
1.000860562107141583e+00
1.000447457722640765e+00
1.000030722806012795e+00
1.000330758650703533e+00
1.000391853603777692e+00
1.000553138655096541e+00
1.000636716246480873e+00
1.000623015481912015e+00
1.000641325730806219e+00
1.000579975589079185e+00
1.000907075335610408e+00
1.000731552507466926e+00
1.000519563911462129e+00
1.000031890934103940e+00
1.000666524783447198e+00
1.000438451045323918e+00
1.000546849729098797e+00
1.000878145747620351e+00
1.000593661671069778e+00
1.000436963749842034e+00
1.000625653830000905e+00
1.000291109786958454e+00
1.000296553445413572e+00
1.000280540926539619e+00
1.000927269916694895e+00
1.000912759767460081e+00
9.968124622461431716e-01
9.886428599785255233e-01
9.805310013455067475e-01
9.719909944523333900e-01
9.638436697179711965e-01
9.557612802730763857e-01
9.478799821041433704e-01
9.396298720022623341e-01
9.317569493821244997e-01
9.234165594414950329e-01
9.151581226589157181e-01
9.072923887640127472e-01
9.000272579157645447e-01
8.915382602346734187e-01
8.838225144664401123e-01
8.761912253988486388e-01
8.684334884449433911e-01
8.610572705008887606e-01
8.534319239473733276e-01
8.455185616055184150e-01
8.383432288496492912e-01
8.309639683356909723e-01
8.230041761951343293e-01
8.157017967384646573e-01
8.085641570977246673e-01
8.011095415948948917e-01
7.937874223892291692e-01
7.865860992822555353e-01
7.791895034066792514e-01
7.720231216523973927e-01
7.645551981053945179e-01
7.576647822924359454e-01
7.505183163195714435e-01
7.436608921315374099e-01
7.364046687366005983e-01
7.295267590601183239e-01
7.227021978350662845e-01
7.151441754291314457e-01
7.088699543144385551e-01
7.017575006659636516e-01
6.952870431863450440e-01
6.885523904151334973e-01
6.814960282502401379e-01
6.747421322812924283e-01
6.683386358053863274e-01
6.617277525233840052e-01
6.551648610216797008e-01
6.484339485078035592e-01
6.420719642957043449e-01
6.351829343741196565e-01
6.288237963070737457e-01
6.226626717337089278e-01
6.163242867416368620e-01
6.098922726131175143e-01
6.035931483296513855e-01
5.973667358463118360e-01
5.907798792938172561e-01
5.844249503341268914e-01
5.780837058513670357e-01
5.721992610208301855e-01
5.658005371123384641e-01
5.597714189471900692e-01
5.536947611245921497e-01
5.475768799726203895e-01
5.414928547164764572e-01
5.355896589565812826e-01
5.297965686750449876e-01
5.236849546795995236e-01
5.177206102124156661e-01
5.118623391970426040e-01
5.057657082471626042e-01
5.001983576634431161e-01
4.944335044821158154e-01
4.885734237757770049e-01
4.826920067346172072e-01
4.770053521808714225e-01
4.712476100953057467e-01
4.656199493613853435e-01
4.598669228667452979e-01
4.541138720702826426e-01
4.485443249733354620e-01
4.429833387967299640e-01
4.373557421706973924e-01
4.318968571524927635e-01
4.265379064460855796e-01
4.210119813805054956e-01
4.155699534525174599e-01
4.099337800864781278e-01
4.047242229852181516e-01
3.991895316896355017e-01
3.937298714379094955e-01
3.885340314181409127e-01
3.832983138671283152e-01
3.778998767055898877e-01
3.727398055262768350e-01
3.674657753477383326e-01
3.622273834264380099e-01
3.570520124682927676e-01
3.519675785940111767e-01
3.465281871174704098e-01
3.415149506311461192e-01
3.363636386823780633e-01
3.314134024526426692e-01
3.263626259883712910e-01
3.213143080130886342e-01
3.161746017810226350e-01
3.112186458485990403e-01
3.062280612039425809e-01
3.011256438679443814e-01
2.962797278721103766e-01
2.912595423973564079e-01
2.864437656453109327e-01
2.815374424073869841e-01
2.767355875568275891e-01
2.720372843769901516e-01
2.671445157286082561e-01
2.624081779626228350e-01
2.575459668663490631e-01
2.528148293729659546e-01
2.480314339853672556e-01
2.434115705786818462e-01
2.386137102751125227e-01
2.340298608194813779e-01
2.293484023466674238e-01
2.247762913655184103e-01
2.200529574595158355e-01
2.155646683895555415e-01
2.109192909680607242e-01
2.063259140081863396e-01
2.019408272811293870e-01
1.973992411608635478e-01
1.928524566663068762e-01
1.884163254704536994e-01
1.838687104810830530e-01
1.794657254861101170e-01
1.750497684894562478e-01
1.705876838605176748e-01
1.662297640879094318e-01
1.619315807658261441e-01
1.574645293260025503e-01
1.531343902940693891e-01
1.489491797438902143e-01
1.446375282032485721e-01
1.403573299547922482e-01
1.360168648902149724e-01
1.317682355662133376e-01
1.275581212268337705e-01
1.233329210705150780e-01
1.192887173148969304e-01
1.155649744116560296e-01
1.120212151331939354e-01
1.088240912349397599e-01
1.055353099900168401e-01
1.024317166282703584e-01
9.943991985436853587e-02
9.654298763657942484e-02
9.379541182607760430e-02
9.120596285086975119e-02
8.845480809654386600e-02
8.589793516436362852e-02
8.341153477676753469e-02
8.100582536148448476e-02
7.879609190960391862e-02
7.645316826262131549e-02
7.419509011841921020e-02
7.200247458452008198e-02
6.999353805220409619e-02
6.790805216748029005e-02
6.591258309099776169e-02
6.398937843796628777e-02
6.203023145878318323e-02
6.024604047212084312e-02
5.841968386194921342e-02
5.666102103181508420e-02
5.499247904416534882e-02
5.325737641043295362e-02
5.163402940577967171e-02
5.001105468814464466e-02
4.845152060081634598e-02
4.699694438343374192e-02
4.550540473124491808e-02
4.405988349839046192e-02
4.266188090317721976e-02
4.127510141663761484e-02
3.993441783914007670e-02
3.865038656327772493e-02
3.733191650453259597e-02
3.614762901989916621e-02
3.490326839389221864e-02
3.373887750956820752e-02
3.262690665643556281e-02
3.146845583851833744e-02
3.034170103818333367e-02
2.927326073628649938e-02
2.819746399579935170e-02
2.721375971930517501e-02
2.621532250580811685e-02
2.526773649074787534e-02
2.433688266212356843e-02
2.336386814036073289e-02
2.254169945394390515e-02
2.162841675928857399e-02
2.079573623410993499e-02
1.995399640960443879e-02
1.913795512480758604e-02
1.839288772193705887e-02
1.762721338626043951e-02
1.684923840618525459e-02
1.615425056848550020e-02
1.545876779802097915e-02
1.478544497587569971e-02
1.412976474339945610e-02
1.348539915760313922e-02
1.285452705167651824e-02
1.226454029001238129e-02
1.170236874224061911e-02
1.109609026351588562e-02
1.056460011686868004e-02
1.000339806437825982e-02
9.486685548479038138e-03
9.010088760026135207e-03
8.521353042488863730e-03
8.038241747543327376e-03
7.575956121142947246e-03
7.171909757188039448e-03
6.752338889175874513e-03
6.339077339503059599e-03
5.959775922660944664e-03
5.570114949611110373e-03
5.215027496924459598e-03
4.871375491157761001e-03
4.541608244857807571e-03
4.226125659991902990e-03
3.902405117874137384e-03
3.606681359802692451e-03
3.319870035616272891e-03
3.057373570334034289e-03
2.799411886729520019e-03
2.562061546547162588e-03
2.345816660815897795e-03
2.115219561280965062e-03
1.906570916746525273e-03
1.707667166253245715e-03
1.522248180218196403e-03
1.355117536132334141e-03
1.190777834660833789e-03
1.049254750915762195e-03
9.063366811187021201e-04
7.741125404873446360e-04
6.608211663141103998e-04
5.573751882374064926e-04
4.562458388138744591e-04
3.662229808118078341e-04
2.871659112847682192e-04
2.228645099342574170e-04
1.605344550179703693e-04
1.110610218576719760e-04
7.203780714191722865e-05
3.955106442218420907e-05
1.856152867492613366e-05
5.413871586495532069e-06
6.320083848976182516e-07
1.615306794725519977e-08
0.000000000000000000e+00
0.000000000000000000e+00
0.000000000000000000e+00
0.000000000000000000e+00
0.000000000000000000e+00
0.000000000000000000e+00
0.000000000000000000e+00
0.000000000000000000e+00
0.000000000000000000e+00
0.000000000000000000e+00
0.000000000000000000e+00
0.000000000000000000e+00
0.000000000000000000e+00
0.000000000000000000e+00
0.000000000000000000e+00
0.000000000000000000e+00
0.000000000000000000e+00
0.000000000000000000e+00
0.000000000000000000e+00
0.000000000000000000e+00
0.000000000000000000e+00
0.000000000000000000e+00
0.000000000000000000e+00
0.000000000000000000e+00
0.000000000000000000e+00
0.000000000000000000e+00
0.000000000000000000e+00
0.000000000000000000e+00
0.000000000000000000e+00
0.000000000000000000e+00
