0.000000000000000000e+00
0.000000000000000000e+00
0.000000000000000000e+00
0.000000000000000000e+00
0.000000000000000000e+00
0.000000000000000000e+00
0.000000000000000000e+00
0.000000000000000000e+00
0.000000000000000000e+00
0.000000000000000000e+00
0.000000000000000000e+00
0.000000000000000000e+00
0.000000000000000000e+00
0.000000000000000000e+00
0.000000000000000000e+00
0.000000000000000000e+00
0.000000000000000000e+00
0.000000000000000000e+00
0.000000000000000000e+00
0.000000000000000000e+00
0.000000000000000000e+00
0.000000000000000000e+00
0.000000000000000000e+00
0.000000000000000000e+00
0.000000000000000000e+00
0.000000000000000000e+00
0.000000000000000000e+00
0.000000000000000000e+00
0.000000000000000000e+00
0.000000000000000000e+00
0.000000000000000000e+00
4.129616892362662946e-03
5.722138685904522987e-02
2.376376613842249852e-01
6.082097292017866197e-01
9.816778885009779243e-01
1.271576318338011768e+00
1.434139077179761301e+00
1.523717352472831355e+00
1.586962323961671473e+00
1.564943049270698161e+00
1.535444895804102039e+00
1.486539579697607971e+00
1.473661826134856634e+00
1.445769536443325842e+00
1.378301581152232336e+00
1.344454433946643102e+00
1.290411326876131248e+00
1.284930315564652092e+00
1.244550112602293090e+00
1.227083823391247996e+00
1.206674886335081354e+00
1.148136499279635014e+00
1.103589658487770686e+00
1.051506848673951833e+00
9.788133834228682773e-01
9.676859785035937245e-01
9.607619550242000317e-01
9.492514889508942844e-01
9.930435488243666287e-01
9.827855780630905258e-01
1.001556169300526600e+00
9.910942229985919560e-01
1.017375204362756413e+00
1.016526985994531618e+00
1.026956621742989961e+00
1.032597314144576561e+00
1.043976077902575517e+00
1.027909667403522409e+00
1.031558954452377774e+00
1.038367925137285930e+00
1.021149197320599278e+00
1.021500570574581879e+00
1.032201080185290110e+00
1.019813058139364070e+00
1.023590501927755803e+00
1.021804924029535488e+00
1.015960716887471804e+00
1.023269955943491460e+00
1.027028599223922978e+00
1.014740114842271002e+00
1.018833791902385766e+00
1.013651685837745120e+00
1.011362811227528580e+00
1.002297678570206463e+00
1.006784442180490347e+00
9.984741197832956994e-01
1.003079625177080381e+00
9.991570313938090697e-01
9.937088341063989860e-01
9.949690271919300333e-01
9.973238671844804060e-01
9.981874242243463646e-01
9.935907789399781587e-01
9.957326080048902739e-01
9.989152754404266865e-01
1.003733107144274550e+00
1.005629529035765746e+00
1.006679267422522894e+00
1.005828182795520664e+00
1.010998771897048121e+00
1.009639053591314006e+00
1.001411384332096199e+00
1.008868510088510861e+00
1.009916555083695711e+00
1.013996018706491586e+00
1.000342408865331878e+00
1.011723272664229123e+00
1.006097808118501913e+00
1.006859400998259435e+00
1.011400185441588606e+00
1.010260489940839168e+00
1.008677524408013282e+00
1.001983075289870406e+00
1.005448124589081171e+00
1.002243776634464290e+00
9.988246864280909687e-01
1.002673063605882708e+00
9.992945758353111163e-01
9.972513585352107413e-01
9.984541510132920461e-01
1.007902796186841643e+00
1.006329184443929936e+00
9.944420404429106242e-01
9.987562732074860561e-01
1.003501092638587444e+00
9.958076112942648717e-01
9.955415136195131520e-01
1.004800534788587330e+00
1.005307061379723033e+00
9.957542604749288762e-01
9.917067359767658408e-01
9.991049643537645020e-01
1.004868108036648389e+00
9.983629618667854144e-01
1.003843476224818954e+00
9.980415900827157571e-01
9.980275050704571216e-01
1.001256665241452071e+00
1.006607374549642664e+00
9.920008078253742534e-01
9.981208988022254314e-01
1.003803925298176303e+00
1.003328366446504916e+00
9.933820485862123739e-01
1.000728319151430235e+00
9.909796563711481543e-01
9.973500274547622002e-01
9.971103618401762070e-01
9.985296749447075682e-01
9.929482895117031083e-01
9.951784719074240337e-01
9.933590097701515687e-01
9.979953399175320872e-01
9.899536931013123153e-01
9.934611177397681958e-01
9.944698651758548946e-01
9.992138310203204643e-01
9.970985474689607608e-01
9.971858801388531202e-01
9.943964711104584797e-01
9.971247232487642220e-01
9.958568651111099346e-01
9.885795647405637432e-01
9.948578006675723451e-01
9.947784282710461223e-01
9.969080985351842505e-01
9.895195122731952342e-01
9.927598742584546887e-01
1.001608062639287144e+00
9.967068858158896205e-01
9.970763740455538260e-01
9.965669781866397514e-01
9.967404401418601401e-01
9.979771834086939020e-01
9.958392187803948303e-01
9.924577382709900419e-01
9.939882470268162074e-01
9.928070977182574808e-01
9.958724054642259516e-01
9.971424412358843581e-01
9.982826368967939734e-01
9.941089033226759852e-01
9.968934232586750266e-01
9.917041879673630378e-01
9.935453466082334595e-01
9.989031593592769820e-01
9.975920226760921494e-01
9.951952147428100304e-01
9.989460789885368230e-01
9.987430369953961273e-01
9.973443573600583312e-01
9.956166467768756689e-01
9.980758796512310127e-01
9.997459753478469269e-01
9.904738085059721087e-01
1.000565480646789851e+00
9.954929099377733959e-01
9.980463895433713262e-01
9.941837196857552517e-01
9.975943838148432219e-01
9.970280012050014573e-01
9.985560638507016140e-01
9.959818443973708080e-01
9.976971423475273770e-01
9.988710332198142972e-01
9.987821967510255305e-01
9.963882254838413166e-01
9.975997900520906514e-01
1.002438693978456419e+00
9.973607513074103093e-01
9.952500699317395894e-01
9.968934319429041402e-01
9.944018217867836018e-01
9.970939058941277189e-01
9.993403467324036837e-01
9.923957456402083821e-01
9.960469341446464009e-01
9.986885957217606080e-01
1.001836262641157882e+00
9.983397557523410182e-01
9.980741809761810579e-01
9.998010600621451971e-01
1.000862370457157979e+00
1.001431495531760474e+00
9.951414470596733342e-01
9.975101405065295301e-01
9.944015315097859409e-01
9.971562458037184218e-01
1.001394337862093531e+00
9.982134150100658854e-01
9.976880190646839619e-01
9.989667611961584592e-01
1.000782072291333646e+00
1.000716798202704094e+00
1.000788950118132181e+00
1.002344377401192199e+00
9.957436855266443843e-01
1.001789672090454442e+00
9.999844010701530728e-01
9.996150587775568530e-01
1.000663795580781779e+00
9.974627131540569902e-01
1.002320666975773600e+00
1.000090949347328229e+00
9.982665177559602032e-01
1.004964554456474035e+00
9.989060246654241082e-01
9.976460346731340634e-01
9.995010492306153349e-01
9.999668214139977307e-01
9.970948365349922016e-01
9.981309009191423609e-01
1.003179588718203563e+00
1.002076068345925552e+00
9.984480659462497965e-01
1.000571211202007316e+00
1.001632168539818624e+00
9.997440221667055482e-01
1.000973964394225035e+00
9.980693309364037091e-01
9.970924410122447012e-01
9.966812859913340983e-01
9.999167698424289430e-01
1.002113310397204637e+00
1.001036490591236783e+00
1.000043749086749090e+00
9.946567704494726492e-01
9.992933905625971391e-01
1.000006631108220301e+00
1.000490677154349806e+00
9.993977413482806327e-01
1.000450749536204054e+00
1.001142092179060361e+00
9.995851522148079260e-01
1.003383031052602625e+00
9.982556773873070277e-01
9.998457567813543445e-01
9.989789323099050877e-01
9.996551170504867079e-01
