0.000000000000000000e+00
0.000000000000000000e+00
0.000000000000000000e+00
0.000000000000000000e+00
0.000000000000000000e+00
0.000000000000000000e+00
0.000000000000000000e+00
0.000000000000000000e+00
0.000000000000000000e+00
0.000000000000000000e+00
0.000000000000000000e+00
0.000000000000000000e+00
0.000000000000000000e+00
0.000000000000000000e+00
0.000000000000000000e+00
0.000000000000000000e+00
0.000000000000000000e+00
0.000000000000000000e+00
0.000000000000000000e+00
0.000000000000000000e+00
0.000000000000000000e+00
0.000000000000000000e+00
0.000000000000000000e+00
0.000000000000000000e+00
0.000000000000000000e+00
0.000000000000000000e+00
0.000000000000000000e+00
0.000000000000000000e+00
0.000000000000000000e+00
0.000000000000000000e+00
0.000000000000000000e+00
4.818055818871261504e-03
5.754669536930989010e-02
2.419059989257058008e-01
5.910170315623137771e-01
1.005286518324955303e+00
1.295459127939329713e+00
1.514082565219953880e+00
1.601410918323625809e+00
1.610655974600759377e+00
1.615797547144076640e+00
1.593793922486167469e+00
1.572614918055282862e+00
1.474796471425506184e+00
1.441854035114476185e+00
1.406722029227707615e+00
1.325233633000011402e+00
1.314370874242029696e+00
1.306461934480911635e+00
1.297415952896659341e+00
1.269575610565610413e+00
1.228734894565769675e+00
1.177788865076487612e+00
1.118780992232077054e+00
1.071664119807620885e+00
1.018205716409862127e+00
9.946783849886363660e-01
9.907496006315805737e-01
9.858073447167144954e-01
9.789949910658274357e-01
9.982146102786023656e-01
9.965351315701475032e-01
1.007389996019534495e+00
1.032994405055531306e+00
1.025756456963479613e+00
1.036226281592322440e+00
1.025374614511675109e+00
1.039065932147018367e+00
1.046795859005524409e+00
1.036685691165306178e+00
1.046924404115120444e+00
1.040356964664684192e+00
1.037194468741820641e+00
1.029835213385552395e+00
1.035908084374683735e+00
1.027041385624747560e+00
1.036254354731216409e+00
1.025207451766754652e+00
1.013995605813163170e+00
1.028253452002977797e+00
1.027687107223245189e+00
1.013676818381828548e+00
1.010024554294865151e+00
1.026876219282783831e+00
1.005633066299650435e+00
1.007520588307291964e+00
1.001156469874830979e+00
9.969148512642128646e-01
9.901228762926630456e-01
9.911431404459242200e-01
1.002884662115325121e+00
9.887930201524165463e-01
1.007602070317795251e+00
9.833128915490924049e-01
9.907580053332860626e-01
9.925848036988298428e-01
9.990743030058401031e-01
9.983004150851259029e-01
9.952751327307611806e-01
1.004069836622322187e+00
1.013874502616539219e+00
1.015475575253261153e+00
9.995938187336571579e-01
1.002559886756203111e+00
1.004917167887132923e+00
9.951004711868353114e-01
1.003539054949535103e+00
9.905703424458603967e-01
1.000708433721135382e+00
9.999167280185567996e-01
1.000779643015884623e+00
1.002082678543667837e+00
9.983514503197669088e-01
9.989166655377368365e-01
9.931624060475283677e-01
9.935239317672410753e-01
9.948087171434534248e-01
1.004711913707594384e+00
1.005312420548405639e+00
1.005321735585933629e+00
9.936913249727693520e-01
9.904491158730780453e-01
9.812401678557102214e-01
9.960667450698889036e-01
9.937459968619072326e-01
9.915675831704090504e-01
9.873275101569742862e-01
9.876146034611013036e-01
9.905445986450468476e-01
9.938775759698862400e-01
9.897533437422466607e-01
9.882065214994153468e-01
9.944132309120180535e-01
9.904745968955322999e-01
9.918851818548132249e-01
9.900959316501005691e-01
9.919915281617249780e-01
9.929326642088971422e-01
9.859988647603108447e-01
9.905152932439028612e-01
9.980907073313723954e-01
9.855342865887776194e-01
9.866177749096852745e-01
9.831474537527008506e-01
9.894098871119755279e-01
9.911814274065975372e-01
9.910781569500308752e-01
9.928643784433536235e-01
9.892784049947689340e-01
9.863104020531624494e-01
9.910533027675296758e-01
9.921483926658801744e-01
9.868593290711316079e-01
9.820292541836294076e-01
9.943091670433890084e-01
9.934395640626220159e-01
9.920786748557677281e-01
9.879738136452913544e-01
9.939662560930221380e-01
9.872604203178380056e-01
9.901361300489690542e-01
9.852185426011993430e-01
9.917275208736631154e-01
9.860465367033738326e-01
9.911698136138178405e-01
9.883050096989078881e-01
9.905250177841270487e-01
9.858052640428245361e-01
9.905816025027454064e-01
9.861906002506516389e-01
9.915612219162053265e-01
9.915381320005841603e-01
9.894749157652004135e-01
9.890269190638550922e-01
9.907111483138578700e-01
9.890219729067463161e-01
9.867482772245677047e-01
9.847230374244669848e-01
9.903232263772864252e-01
9.913179950074013647e-01
9.893264620078086047e-01
9.878679567732054911e-01
9.894784976012167554e-01
9.877904460691135924e-01
9.911571832222654255e-01
9.983738655283187491e-01
9.885307402277514477e-01
9.945574859897181597e-01
9.972005117636542071e-01
9.971172457084139795e-01
9.929436833571464449e-01
9.906465499410980202e-01
9.878549900217948876e-01
9.948092101841123913e-01
9.979937171891246628e-01
9.912502694225787669e-01
9.935250371967869754e-01
9.942058855717991195e-01
9.941465763582935100e-01
9.908808546187165556e-01
9.966185446826425487e-01
9.910743966853067244e-01
9.941106186896591090e-01
9.940954295718912315e-01
9.969809514341926304e-01
9.934233109720805865e-01
9.919538934149570997e-01
9.919022196386738655e-01
9.935655898302734323e-01
9.902111761566395609e-01
9.954150792103932943e-01
9.916892297120615263e-01
9.944630192714213335e-01
9.958827742444905651e-01
9.912801003186204607e-01
9.907275395247162608e-01
9.967147729731493655e-01
9.930571688717516610e-01
9.944675913164519043e-01
9.898642077239658832e-01
9.956003940279611886e-01
1.000385433360139631e+00
9.978219261452216937e-01
9.928918121241164796e-01
9.941080718348007661e-01
9.990246864091462120e-01
9.948691969484030340e-01
9.955846240513005485e-01
9.953795249096640818e-01
9.946733485867516045e-01
9.907923345595005538e-01
1.001100446001930377e+00
9.945858652572604486e-01
9.939711088013274409e-01
9.960880317910643100e-01
9.949127507091758416e-01
9.937216878661219166e-01
9.943922404701879270e-01
9.968297691622741707e-01
9.954232848084060281e-01
9.923524638777279083e-01
9.953294644464885099e-01
9.959588486305306354e-01
9.969417634826912566e-01
9.896547042289708385e-01
9.968737249351099505e-01
9.981149136328812954e-01
9.951166576082729476e-01
9.995946025088306985e-01
1.000397511263268147e+00
9.992291784368521057e-01
9.921248987845991962e-01
9.970518609322852610e-01
9.962106421510108500e-01
9.957525495719002917e-01
9.965475584236221929e-01
9.970040540932846307e-01
9.972431472099076988e-01
9.939989900342286466e-01
1.002621867197285965e+00
9.977219614988307450e-01
9.994997073357859696e-01
1.003813509807610416e+00
9.997797865383774019e-01
9.961150732795095442e-01
1.000432189275053174e+00
9.986940826546054639e-01
9.946774346584874582e-01
9.940987803559473424e-01
9.947943606438215403e-01
1.000423183536805594e+00
9.937482132757373687e-01
9.984163640020329300e-01
9.957854730496865647e-01
9.990628377485107903e-01
9.947254173718146353e-01
9.955748832171686935e-01
9.985593481277327266e-01
9.996569069657089690e-01
9.956203445595606105e-01
