0.000000000000000000e+00
0.000000000000000000e+00
0.000000000000000000e+00
0.000000000000000000e+00
0.000000000000000000e+00
0.000000000000000000e+00
0.000000000000000000e+00
0.000000000000000000e+00
0.000000000000000000e+00
0.000000000000000000e+00
0.000000000000000000e+00
0.000000000000000000e+00
0.000000000000000000e+00
0.000000000000000000e+00
0.000000000000000000e+00
0.000000000000000000e+00
0.000000000000000000e+00
0.000000000000000000e+00
0.000000000000000000e+00
0.000000000000000000e+00
0.000000000000000000e+00
0.000000000000000000e+00
0.000000000000000000e+00
0.000000000000000000e+00
0.000000000000000000e+00
0.000000000000000000e+00
0.000000000000000000e+00
0.000000000000000000e+00
0.000000000000000000e+00
0.000000000000000000e+00
3.670943705154182521e-04
3.785745471680831628e-03
5.787198153090170744e-02
2.193965072249040027e-01
5.913242676817932475e-01
9.440805057313255144e-01
1.264231131886736081e+00
1.426953505694650071e+00
1.531656725915342410e+00
1.527100582745827273e+00
1.538818497969960175e+00
1.535353413029689307e+00
1.470383122037285384e+00
1.470876724164971172e+00
1.424313119910511904e+00
1.336662828021808025e+00
1.348022647218486192e+00
1.333487519461695303e+00
1.256999268845638396e+00
1.263313203348623182e+00
1.273234893495739817e+00
1.198646808206905057e+00
1.176342523243731231e+00
1.099371074418540761e+00
1.044451415730881072e+00
9.903011997170670933e-01
9.738512282501798900e-01
9.686790321284320937e-01
9.766604186635030604e-01
9.722760711558150470e-01
9.654062777305321141e-01
9.866371164943986694e-01
9.957093830675012303e-01
1.000252805122075594e+00
9.838439429116900836e-01
1.018271811412037264e+00
1.003709306116422173e+00
1.012492627300466630e+00
9.906437055157477634e-01
1.018762723915249024e+00
1.010886756746891324e+00
1.005521481502875014e+00
1.035150999007240058e+00
1.026646554136024347e+00
1.015576794530737459e+00
1.007065994018846444e+00
1.024910525508354153e+00
1.027460248244696173e+00
1.026777211580394811e+00
1.024344247527735563e+00
1.012281052146945637e+00
1.001063419304115465e+00
1.009758227645626283e+00
1.009033035092797181e+00
1.018151205903847556e+00
1.006153712949406920e+00
1.000734463816081998e+00
9.857975783533701186e-01
9.909853998613663562e-01
9.857199522728666841e-01
1.000458971628668703e+00
9.964958283673769346e-01
9.843666793226298894e-01
1.001668239275971040e+00
9.907920770077919270e-01
9.972247979137714990e-01
9.966148314725734592e-01
9.923711070066286721e-01
1.001258124841004404e+00
1.003276466373138831e+00
9.952785394533029129e-01
1.004007521747277920e+00
1.001611067571571922e+00
1.015856869237645510e+00
1.000385754244855541e+00
1.005475108799633421e+00
1.006825469702679943e+00
1.000977383415271760e+00
1.009939145205490885e+00
1.013622933241171031e+00
1.012561359785570936e+00
1.007473851352127747e+00
1.002892132646148182e+00
1.008256285883609271e+00
9.989014426892222076e-01
9.994974306622560478e-01
1.002115024594695480e+00
1.001530722464042844e+00
9.960321441022821354e-01
1.005786785609405598e+00
1.004121395035222131e+00
9.970302582318394391e-01
9.984337454565745951e-01
1.005729274040754850e+00
1.002174775878292845e+00
9.980416402586060887e-01
1.001062960914423261e+00
9.981107678860819954e-01
9.952529599245544256e-01
1.001772467488922347e+00
1.007374420861679054e+00
1.000959376797357026e+00
1.003609704822478577e+00
1.008808828473147567e+00
9.985456801648148195e-01
1.003299471937657339e+00
1.005406129282947925e+00
9.966156972570706651e-01
9.990652193634822487e-01
9.959897176534107111e-01
9.991284674972864543e-01
1.000151879020631851e+00
9.987105002816974997e-01
9.975934717632156667e-01
1.003657334581244509e+00
9.987975605698550252e-01
9.924807176404693010e-01
9.968385960571843896e-01
9.964053812977444746e-01
9.988130576591277565e-01
9.909818390905997809e-01
1.002270839313392559e+00
9.963651159221985631e-01
9.963689249700343753e-01
9.971046706240599411e-01
9.994198814869954539e-01
9.990429403325127300e-01
9.885860227700060676e-01
9.963794377648891309e-01
9.955100784969326266e-01
9.980319356220830329e-01
9.986736974074215123e-01
9.893172386419164521e-01
1.000031341571026022e+00
9.933494170710581717e-01
1.001742782015892175e+00
9.999463987204508797e-01
9.894179266266394102e-01
9.997453784149697986e-01
9.991576714746919219e-01
9.914895886391372759e-01
9.979817563737642949e-01
9.969347078143987462e-01
9.900593179784412667e-01
9.990672269808922312e-01
9.907081260670497214e-01
9.944781716349609946e-01
9.978512947378936904e-01
1.000775778263962801e+00
9.917548677725545048e-01
1.000650030681499825e+00
9.900790434269278739e-01
9.989666298771779918e-01
9.975003178681449700e-01
9.982443326644124815e-01
9.977928534849335174e-01
9.963412102172226614e-01
9.955048350945477909e-01
9.968215091524464944e-01
9.967901424663578869e-01
9.954058099163609619e-01
9.946757858612651493e-01
9.951421441840329063e-01
9.990209444600387512e-01
9.932523951755235503e-01
1.000434372742428080e+00
9.962215025754156406e-01
1.002811714781445485e+00
9.984971846853659683e-01
9.955743244153437699e-01
9.973324543112157547e-01
9.962646321536552385e-01
9.981841149381885936e-01
9.941873437706867378e-01
9.966069188352800756e-01
9.965629134368160225e-01
9.951355218495832045e-01
1.000542482456283411e+00
9.966321871859261661e-01
1.001442397715257338e+00
1.000744336177434635e+00
1.001434733916689135e+00
9.968871458162900101e-01
9.980073959737281175e-01
9.965620269871658943e-01
9.970786576417399738e-01
9.982791467230347493e-01
9.982675807078711383e-01
1.001125841330053223e+00
9.987232718947290921e-01
1.000874703595891146e+00
1.000308461021409023e+00
9.952968920820653986e-01
9.996808345853107625e-01
9.992582506279999999e-01
9.979441560413656598e-01
9.981187456779497813e-01
9.966350484562029877e-01
9.952829358005201854e-01
1.000115300974264931e+00
1.000976170279622712e+00
1.000962814343866247e+00
1.001854013678980637e+00
9.917252468241549712e-01
9.995877727968266457e-01
9.994176130041351191e-01
9.997091644298887747e-01
9.964063049104218139e-01
9.985451627504737804e-01
9.965411344638216429e-01
9.957639829886351102e-01
9.981861576077082354e-01
9.959814840795742086e-01
9.989632262227843285e-01
9.999491382996438249e-01
9.991689290761217590e-01
9.997342445312099590e-01
9.945320250530181871e-01
9.988713021211238496e-01
1.000217951162903463e+00
1.000411913773511019e+00
9.981360741733433795e-01
9.982378280116680491e-01
9.984078899116562988e-01
1.003411242065818332e+00
9.966027555696368445e-01
1.003885111729681201e+00
1.002247810620744639e+00
9.969974766414808620e-01
9.980919483644448142e-01
9.970667939114655764e-01
9.987799442150321338e-01
1.003471352018972418e+00
9.994895311197405929e-01
9.989660269474520682e-01
9.995945077753907171e-01
9.986995754662987279e-01
9.985918827737955139e-01
9.974395744209199055e-01
1.001505651644423400e+00
1.000466922526337399e+00
1.000435587912801294e+00
9.965742232398282496e-01
9.991161058760921199e-01
9.939120948278812318e-01
9.971264080807573649e-01
9.992721415885856828e-01
9.955601743691926409e-01
9.982250291014886923e-01
9.926730712304840942e-01
