0.000000000000000000e+00
0.000000000000000000e+00
0.000000000000000000e+00
0.000000000000000000e+00
0.000000000000000000e+00
0.000000000000000000e+00
0.000000000000000000e+00
0.000000000000000000e+00
0.000000000000000000e+00
0.000000000000000000e+00
0.000000000000000000e+00
0.000000000000000000e+00
0.000000000000000000e+00
0.000000000000000000e+00
0.000000000000000000e+00
0.000000000000000000e+00
0.000000000000000000e+00
0.000000000000000000e+00
0.000000000000000000e+00
0.000000000000000000e+00
0.000000000000000000e+00
0.000000000000000000e+00
0.000000000000000000e+00
0.000000000000000000e+00
0.000000000000000000e+00
0.000000000000000000e+00
3.529755557442313427e-05
1.868312528396932773e-03
2.606985553623042060e-02
1.805250185935170504e-01
6.996585792007328219e-01
1.480000547837661662e+00
1.997974615603373305e+00
2.061557530930214099e+00
1.868936269895403068e+00
1.609185932403465413e+00
1.389226897097224134e+00
1.232676723942498498e+00
1.137655019388562172e+00
1.072284314930021853e+00
1.000394156784623290e+00
9.407180808449530085e-01
9.102775288537547915e-01
9.043718154682061083e-01
9.110156976685820363e-01
9.237760095684035555e-01
9.411313350284203905e-01
9.564717250823919770e-01
9.637791076152261160e-01
9.692255464927836961e-01
9.787867644263092970e-01
9.849563221523606193e-01
9.894127043316752745e-01
9.932275566179458171e-01
9.950972698110803760e-01
9.941000966318404020e-01
9.871134854282540561e-01
9.809370731593772819e-01
9.764858784731559327e-01
9.669263752770856923e-01
9.589992327563463537e-01
9.587194492083656039e-01
9.561545706824550184e-01
9.610654782683937247e-01
9.678051416140084351e-01
9.780856116850310533e-01
9.862523825328533000e-01
9.966148657809839051e-01
1.007901847843683418e+00
1.014223020096206129e+00
1.023447256810269046e+00
1.024356376629193432e+00
1.028974290068825237e+00
1.030416547158830021e+00
1.028774748439278630e+00
1.027179651306458386e+00
1.023597065510783111e+00
1.020126505580349674e+00
1.013214725595674937e+00
1.008719331383508333e+00
1.003898902871539933e+00
9.979741899470860877e-01
9.949957212655959893e-01
9.905101368402162709e-01
9.867155456345346742e-01
9.855224373588286069e-01
9.850042394061644391e-01
9.857343162571754469e-01
9.869025090763512420e-01
9.881618440383154178e-01
9.911853403235290072e-01
9.932002704545437322e-01
9.958073463743920550e-01
9.971142590178714293e-01
9.973235135053181155e-01
1.000022886078314022e+00
1.000026792194163683e+00
1.001991796419722025e+00
1.001844993976920284e+00
1.000734165002110876e+00
9.996113066514444867e-01
1.001779236382848604e+00
1.001163264904642691e+00
1.001150534974552864e+00
1.002694424614714475e+00
1.001921527512453558e+00
1.002207209619139450e+00
1.001552730278354675e+00
1.001858095445680163e+00
1.001128812865081930e+00
1.002075783769172057e+00
9.995038073558523140e-01
1.000101362094351520e+00
1.000705112272467723e+00
1.000122233318034182e+00
1.000461701599871134e+00
9.981598958990965942e-01
9.992970963689218333e-01
9.987387343495883751e-01
9.979960996758492353e-01
9.984059906365357895e-01
9.989716107636068543e-01
9.979390226082169857e-01
9.977165182498762830e-01
9.971216702699048362e-01
9.981991815596376050e-01
9.981762268247159620e-01
9.990944771541186986e-01
9.997804053791953249e-01
1.000758095217317623e+00
1.000568455736008611e+00
9.991566855377116418e-01
9.995867354795611170e-01
9.993848091473085393e-01
1.000146909732303468e+00
9.999456540648583580e-01
1.000954476167312812e+00
9.993841362340118994e-01
1.000006252645178062e+00
9.994874854363814398e-01
9.993241735162993189e-01
1.000366920128848092e+00
1.001026615218528093e+00
9.996530494829901636e-01
1.000211064603984790e+00
9.996947342086747179e-01
9.998792130361561226e-01
1.000178178183243949e+00
9.993551561710076747e-01
1.000417855438486159e+00
9.996915019828699345e-01
9.988047413593215129e-01
1.000115057310017486e+00
9.996428784054839367e-01
9.991772401927205838e-01
9.995930507881195526e-01
9.999596942561346236e-01
9.997972418421094964e-01
9.998691233379443100e-01
9.998213863235944077e-01
9.997407533975237737e-01
9.996869082091999203e-01
1.000510387834698811e+00
9.993209663249146280e-01
9.996974382208136944e-01
1.000640364969824336e+00
1.000454386571127507e+00
9.997230345528191897e-01
9.998072990647787206e-01
1.000323905606972597e+00
1.000340500288640966e+00
9.997913975193353231e-01
9.998715398714647096e-01
1.000288598246625860e+00
9.998016633232510442e-01
1.000152651711335716e+00
1.000066651576925869e+00
1.000273175968748207e+00
9.996256974412188745e-01
1.000135798535899179e+00
1.000206505187571482e+00
1.000022661738965590e+00
1.000256722932775011e+00
1.000188495659580790e+00
9.997656572589839197e-01
1.000114002271224045e+00
9.998749730507111577e-01
1.000476859983254307e+00
1.000720360911919515e+00
9.999793282353756085e-01
1.000029337462047030e+00
1.000342842903793272e+00
1.000272081902808363e+00
9.998596763949429977e-01
1.000039319627297418e+00
9.998548791757426724e-01
9.999095369612006623e-01
9.998403243956031083e-01
1.000361454801123484e+00
1.000046907116514339e+00
1.000390012788025640e+00
9.997767752937551933e-01
1.000130997751843998e+00
1.000295299049498876e+00
9.999952422006149755e-01
1.001245088055150445e+00
9.995475904167813175e-01
1.000531130981669126e+00
9.999587681138223383e-01
1.000152787492563311e+00
1.000032242492107315e+00
1.000478874461042000e+00
1.000461903469535674e+00
1.000952287590327172e+00
1.000211825461984283e+00
1.000682292794687012e+00
9.998087848820050860e-01
1.000326539904459855e+00
1.000073261378941591e+00
1.000481164105300635e+00
1.000474832844509221e+00
1.000264496955585170e+00
1.000127306830971508e+00
1.000403765911622278e+00
1.000151003299435626e+00
9.998205872983310094e-01
1.001063610592432873e+00
9.998083827452538541e-01
1.000634420467831687e+00
1.000605507781774817e+00
1.000684074795817891e+00
1.000473344058893765e+00
1.000768415230162578e+00
1.000180570129840296e+00
1.000482621108764958e+00
1.000600333226716376e+00
1.000846825976051013e+00
1.000395324954834964e+00
1.000499866755601763e+00
1.000544014584632047e+00
1.000563228110703085e+00
1.000221258785914724e+00
1.000920081874065781e+00
1.000489031364709236e+00
1.000818831646268503e+00
1.000016152449545004e+00
1.000833766671116676e+00
1.000327591084368750e+00
1.000409649021991587e+00
1.000931963126372448e+00
1.000369212004442954e+00
1.000344991985123499e+00
9.998564180361504405e-01
1.000959249221191838e+00
1.000406369940707751e+00
1.000550437411324323e+00
1.000277043034752067e+00
1.000115482666184663e+00
1.000743313911649279e+00
1.000595503557407229e+00
1.000507684122746488e+00
1.000389221723834154e+00
1.000993918268033633e+00
1.000635615412074575e+00
1.000250649892264532e+00
1.000381869586598027e+00
1.000907057195328687e+00
1.000644563695257006e+00
1.001317183550769707e+00
1.000569571032724925e+00
1.000854910345670756e+00
1.000190173849538455e+00
9.999101784878798860e-01
1.000317006063300207e+00
1.000551795427288226e+00
1.000943405662703567e+00
1.000274381485718234e+00
1.000331679661522921e+00
1.000532802155592371e+00
1.000630073385045948e+00
