0.000000000000000000e+00
0.000000000000000000e+00
0.000000000000000000e+00
0.000000000000000000e+00
0.000000000000000000e+00
0.000000000000000000e+00
0.000000000000000000e+00
0.000000000000000000e+00
0.000000000000000000e+00
0.000000000000000000e+00
0.000000000000000000e+00
0.000000000000000000e+00
0.000000000000000000e+00
0.000000000000000000e+00
0.000000000000000000e+00
0.000000000000000000e+00
0.000000000000000000e+00
0.000000000000000000e+00
0.000000000000000000e+00
0.000000000000000000e+00
0.000000000000000000e+00
0.000000000000000000e+00
0.000000000000000000e+00
0.000000000000000000e+00
0.000000000000000000e+00
0.000000000000000000e+00
3.530356019585225488e-05
1.975175068441076612e-03
2.562407583864136779e-02
1.822080865466735311e-01
7.032822859069333132e-01
1.483500553064513339e+00
2.002351783301975718e+00
2.067955984569163075e+00
1.864520542589504837e+00
1.616389584380788724e+00
1.395195137793155737e+00
1.237324989150380583e+00
1.134938067241368476e+00
1.071914522333892839e+00
1.004925231822385134e+00
9.471296129527331242e-01
9.133664470427951265e-01
9.047680639285226034e-01
9.115838527566093585e-01
9.253104279768218365e-01
9.432235770188585056e-01
9.568459730889050663e-01
9.631446142726656223e-01
9.692335815395501930e-01
9.769067456683308004e-01
9.838081009988554060e-01
9.896417379382442814e-01
9.963460888006243632e-01
9.954460214757899772e-01
9.919187795121868767e-01
9.890833526424434030e-01
9.821894543847170533e-01
9.752555155050262048e-01
9.675706058575547219e-01
9.607203777985544590e-01
9.561849767457094584e-01
9.597146457075921289e-01
9.597362965901737875e-01
9.674631938772417783e-01
9.775902750933785912e-01
9.862099055371472689e-01
9.972333566364591784e-01
1.007938561291679802e+00
1.016148527669625823e+00
1.023212296968269985e+00
1.026801651489158695e+00
1.030649384318815587e+00
1.030595278064742493e+00
1.028065237294368162e+00
1.028851781233137253e+00
1.024267952895221878e+00
1.020000755029791151e+00
1.015946108180945773e+00
1.007815037632851185e+00
1.003097832924253252e+00
9.996874952349500409e-01
9.938243930586107000e-01
9.894508659627155867e-01
9.870657068162453918e-01
9.870730774056158952e-01
9.863407415317481108e-01
9.861627013089020455e-01
9.873806345940101536e-01
9.887609734778465276e-01
9.898425591485114916e-01
9.936631593617890612e-01
9.967041048293769911e-01
9.963862302028462237e-01
9.989952467451835849e-01
9.997926851812196647e-01
1.001883657907320702e+00
1.000907030667435915e+00
1.000829004810108502e+00
1.000993312157711923e+00
1.002583573387660687e+00
1.002158436684869258e+00
1.002495283435317575e+00
1.003146493207893952e+00
1.003440007274168932e+00
1.003629070822917413e+00
1.002526350623373252e+00
1.002622637017286600e+00
1.001419308079135595e+00
1.001633085877568830e+00
1.000565383859173929e+00
1.001737527860606436e+00
1.001220181931983033e+00
1.000615990755275631e+00
1.000136340676387015e+00
9.992453496331561436e-01
9.992125314034354666e-01
9.998927207193664124e-01
9.995151599170030154e-01
1.000488601391343213e+00
1.000301786777534119e+00
9.984474540329189018e-01
9.988225771708055811e-01
9.995574063970773526e-01
9.990796863043046594e-01
9.981285238197230569e-01
9.991010020322282914e-01
9.991508068392697117e-01
9.996595480104494280e-01
9.989952053140885857e-01
1.000906098042048109e+00
1.000340757288109561e+00
9.995950708220330272e-01
9.995318636599495044e-01
1.001849053076359075e+00
9.989209410850607984e-01
1.000143329155116279e+00
1.000728884577612110e+00
1.000611001025793367e+00
1.000704523568117787e+00
1.000977883263216128e+00
1.000021938941069610e+00
9.997151708843299289e-01
1.000107870330454674e+00
1.000420401543496984e+00
1.000952849027505032e+00
1.001120245486471161e+00
1.000350317272475031e+00
9.987867342687624106e-01
1.000258279624216984e+00
9.996606900911625404e-01
1.000427084199220662e+00
9.992792735622931799e-01
9.997474257578538026e-01
1.000249872271573803e+00
9.991993742475409057e-01
1.000019202293582987e+00
1.000546553857959875e+00
1.000088810441980502e+00
9.997012747526154985e-01
9.994418352082545809e-01
9.997060554749374051e-01
1.000033401025261615e+00
1.000579182116247523e+00
1.000899233436158831e+00
9.996276639126031593e-01
1.000071615167235972e+00
1.000683176936713936e+00
1.000438043475740058e+00
9.997257710632094785e-01
1.000750558252157640e+00
9.999606333938733105e-01
1.000768238179611247e+00
1.000643267349863308e+00
1.000401272663506091e+00
1.000677604368039431e+00
1.000511569795350386e+00
1.000420120887824726e+00
9.999858204153768693e-01
1.000170881563985592e+00
1.000183541330465165e+00
1.000609573684271725e+00
1.000203732382181077e+00
1.000492290938090889e+00
9.997589134603998007e-01
1.000668737374957429e+00
1.000136311985162507e+00
9.997097455993254611e-01
1.000455512420530768e+00
1.000494154279568448e+00
1.000802754330618383e+00
1.000399596607655761e+00
1.000039603927910026e+00
1.000596126097722527e+00
1.000601383585542070e+00
1.001327304327294998e+00
1.001034832420659049e+00
9.998839147458661314e-01
1.000699174883936449e+00
1.000509207739513240e+00
1.000400601000641432e+00
1.000208984327083384e+00
1.000168713986088420e+00
9.999234619931218759e-01
1.000347669507428483e+00
1.000180524518549108e+00
9.996568651182480281e-01
1.000445649255211622e+00
1.000820721788928669e+00
9.998507894896274673e-01
1.000469698358082971e+00
1.000725840023186874e+00
1.000874793961437526e+00
1.000075445136034302e+00
1.000185817069711547e+00
1.000446352694933871e+00
1.000600558999153789e+00
1.000407344942727983e+00
1.000221445774881035e+00
1.000681465967308226e+00
1.000674988674396193e+00
1.000818109453144533e+00
1.000833719777663333e+00
1.000894356157262521e+00
1.001061786721440861e+00
1.000218870198617882e+00
1.000501209817647341e+00
9.999864889281232516e-01
1.001062624175419247e+00
1.000352280277571948e+00
1.000106100731691372e+00
9.999223723833722266e-01
1.000196048169843754e+00
1.000149140483265198e+00
1.000083562624544786e+00
1.000648945623225927e+00
1.000527569119842752e+00
1.000732875115215581e+00
1.000422694326709161e+00
1.000255480219560456e+00
1.000721649654273016e+00
1.000387903431191994e+00
1.000499535319417266e+00
1.000432889008663118e+00
1.000973013117536281e+00
1.000096379929006796e+00
1.000475581140834125e+00
1.000154311883305391e+00
1.000526029246779913e+00
1.000500092428013188e+00
1.000674031510795370e+00
1.000351799356548943e+00
1.001131665851842323e+00
1.000303157672115750e+00
9.998814623753914388e-01
1.000325346304372864e+00
9.999385301915121316e-01
1.000771650622810371e+00
1.000180346909123275e+00
1.000265516376415587e+00
1.000643082329975897e+00
9.997059520709110636e-01
1.000058430695822009e+00
9.998431630314883467e-01
1.000116100134266217e+00
1.000267396466332226e+00
1.000344274449998849e+00
9.999104009170921570e-01
1.001128026972146978e+00
9.998885401444049803e-01
1.000822020563452819e+00
9.997689761592674085e-01
9.998581445341407914e-01
1.000225643078357596e+00
1.000211629826677662e+00
9.999740690038092517e-01
1.000112035512257247e+00
1.000078520968672224e+00
1.000320514047705389e+00
9.998764425139284873e-01
