0.000000000000000000e+00
0.000000000000000000e+00
0.000000000000000000e+00
0.000000000000000000e+00
0.000000000000000000e+00
0.000000000000000000e+00
0.000000000000000000e+00
0.000000000000000000e+00
0.000000000000000000e+00
0.000000000000000000e+00
0.000000000000000000e+00
0.000000000000000000e+00
0.000000000000000000e+00
0.000000000000000000e+00
0.000000000000000000e+00
0.000000000000000000e+00
0.000000000000000000e+00
0.000000000000000000e+00
0.000000000000000000e+00
0.000000000000000000e+00
0.000000000000000000e+00
0.000000000000000000e+00
0.000000000000000000e+00
0.000000000000000000e+00
0.000000000000000000e+00
0.000000000000000000e+00
0.000000000000000000e+00
1.975216919956542059e-03
2.632666313126626884e-02
1.803387603448814158e-01
7.010850583412758796e-01
1.481914080999150229e+00
1.996449654192860024e+00
2.055661019667162748e+00
1.865382859332283649e+00
1.604717995119121499e+00
1.390753527088621100e+00
1.232101506527246260e+00
1.135535024231821399e+00
1.069172185767764960e+00
9.990588159184849992e-01
9.447238887534102902e-01
9.126445464877632752e-01
9.041484597603723916e-01
9.096843527908963223e-01
9.223957862970240118e-01
9.372148078965116813e-01
9.523743949029959133e-01
9.597260975873043165e-01
9.687861057882463101e-01
9.743947566771137270e-01
9.823495433092950258e-01
9.915473249721435955e-01
9.921961340597337253e-01
9.974121232105142010e-01
9.891123817390892192e-01
9.868867833470862383e-01
9.807891365545393647e-01
9.742926479094718983e-01
9.671341167950985307e-01
9.590268919199751441e-01
9.551153717831549761e-01
9.558772968264258596e-01
9.606851527399831170e-01
9.661844234002386900e-01
9.763178566150271243e-01
9.877110124646905076e-01
9.965592761422717993e-01
1.007054993002254761e+00
1.016641035880610833e+00
1.019901540675944851e+00
1.026825833201826299e+00
1.030740801812468854e+00
1.028889071923853038e+00
1.027514080525271156e+00
1.026476833549823553e+00
1.023763228654368751e+00
1.020213297197140934e+00
1.013606727718453282e+00
1.011478023188198794e+00
1.005976341480181668e+00
9.983265585320542090e-01
9.943345221426828084e-01
9.892113355527546448e-01
9.885451059262854168e-01
9.869532314052205102e-01
9.854652421990443001e-01
9.865625068314188839e-01
9.862840379595408935e-01
9.897128734092872637e-01
9.904561456960966348e-01
9.936745886971677377e-01
9.960340747699490960e-01
9.984458929351959222e-01
9.976767355716759100e-01
9.992449829009673046e-01
9.999864543649862325e-01
1.001033222822257152e+00
1.001778536934720298e+00
1.002228578716861884e+00
9.994625342244660704e-01
1.001972086887009450e+00
1.003547863613092783e+00
1.002232047976859386e+00
1.003202991471746630e+00
1.003082264987148919e+00
1.002828505832422223e+00
1.002484569755569765e+00
1.002489962396950096e+00
1.001919523645261823e+00
1.002431465773537367e+00
1.001637591944164907e+00
1.000627209537386708e+00
1.000724769123661151e+00
1.000191575479362216e+00
1.000272996883703858e+00
1.001098062202580241e+00
1.000037378313815006e+00
9.993800686339056050e-01
9.996663774844679606e-01
9.990128009320711211e-01
9.993483208849726074e-01
9.988850491980888480e-01
9.982211441186520373e-01
9.985049791100932826e-01
9.990619666325050163e-01
1.000201001417806213e+00
1.000575231381416241e+00
9.986731367484040778e-01
1.000222481276547226e+00
9.997650902288784946e-01
1.000872419935705082e+00
1.000828385975780721e+00
1.002167556576848417e+00
1.000579477778474224e+00
1.000530279759781926e+00
1.001612068488849205e+00
1.001100583432009250e+00
1.000401470764718415e+00
1.001713512395368655e+00
1.001156416477754441e+00
1.001737550851394820e+00
1.001309698375127955e+00
1.001351230958104521e+00
1.000841192909821986e+00
1.001099087099758700e+00
1.001233593007456069e+00
1.000025333779830383e+00
1.000741002446067673e+00
1.000643356071468038e+00
9.997795739251312819e-01
1.001562340792307770e+00
1.001646305342081655e+00
1.000337394502745614e+00
1.001603267702392275e+00
9.995797051234466268e-01
1.000209964046547606e+00
1.000924846635930843e+00
1.000069287911822258e+00
1.001228289710784480e+00
1.000395714955117032e+00
1.000695483714829193e+00
1.001197815871313734e+00
1.000481193857028828e+00
1.000476035590120549e+00
1.000997004291789061e+00
1.000412113169606210e+00
1.000903670685846958e+00
1.001237363361535238e+00
1.000647103486458356e+00
1.000945763677157485e+00
1.000728111014661303e+00
1.000758403496281757e+00
1.001471287163140822e+00
1.000624820916407698e+00
1.000792392981050716e+00
1.000748668159758603e+00
1.000091498348032681e+00
1.001321589837811388e+00
1.000778476604161638e+00
1.000896151526466715e+00
9.999375471010776284e-01
1.000568309846381787e+00
1.000260730146598886e+00
1.000623234181397425e+00
1.000040517726508371e+00
1.001726359281302159e+00
1.000753950620117738e+00
1.001127608205425457e+00
1.000986951838054084e+00
1.000669545464051513e+00
9.998274867053956738e-01
1.001166024021935996e+00
1.000891324668590210e+00
9.996559796752764182e-01
1.000338419450380156e+00
1.000326707051234498e+00
1.000347213751893616e+00
1.001097793588181739e+00
1.000199908659702208e+00
1.001041215326754941e+00
1.000830637335125006e+00
1.000117496819637575e+00
1.000275604964977028e+00
1.000571341940821979e+00
1.001281039162962516e+00
1.000334966447062213e+00
1.000124485264497487e+00
1.000097450165496227e+00
1.000939428685450938e+00
1.000890580572220800e+00
1.000734295131616935e+00
1.000467153297580403e+00
1.000829770195959201e+00
1.000247293233069490e+00
1.000544168341522377e+00
1.000671354093070287e+00
1.000374424333709822e+00
1.000196675991458450e+00
1.000317463215082192e+00
1.000697084203909348e+00
1.000048639915854132e+00
1.000818363941226030e+00
1.000232419427609987e+00
1.000667653306197336e+00
9.999426183624166020e-01
1.000030148797909302e+00
1.000252486971482391e+00
1.000143067834685651e+00
1.000957108425635234e+00
1.000580214336578289e+00
9.993636066879477697e-01
1.001044268927358205e+00
1.001122403804718841e+00
9.997698437899414925e-01
1.000589784901138257e+00
1.001150230626101090e+00
1.000349770867165811e+00
1.000344941215635108e+00
9.998836290746035971e-01
9.999887934720955718e-01
1.000525802452207680e+00
1.000204079321726169e+00
1.000601603059173783e+00
1.000720056169756456e+00
1.000336128546944980e+00
9.996263629099898518e-01
1.000249275230799872e+00
9.999931182450622069e-01
1.000604540128716247e+00
1.000348397262145417e+00
1.000361333348528836e+00
1.000257124637997430e+00
1.000153712270492212e+00
1.000203353899687286e+00
1.000767582895337515e+00
1.000376822491000128e+00
9.998338555794537008e-01
1.000043651568750969e+00
1.000420555144956980e+00
9.996428408753196271e-01
1.000703796065007145e+00
1.000098332480180208e+00
9.999402356065454356e-01
1.000225187698103646e+00
9.997696629646618538e-01
1.000216133972732901e+00
1.000215384134259144e+00
1.000160843840737002e+00
1.000289012716515158e+00
1.000340340385549531e+00
1.000206346816093550e+00
1.000334291110317464e+00
9.996600361628502629e-01
1.000271488577399559e+00
1.000524566284539896e+00
1.000443037973418159e+00
1.000049158713749886e+00
9.998756111657600698e-01
1.000239468440270008e+00
