0.000000000000000000e+00
0.000000000000000000e+00
0.000000000000000000e+00
0.000000000000000000e+00
0.000000000000000000e+00
0.000000000000000000e+00
0.000000000000000000e+00
0.000000000000000000e+00
0.000000000000000000e+00
0.000000000000000000e+00
0.000000000000000000e+00
0.000000000000000000e+00
0.000000000000000000e+00
0.000000000000000000e+00
0.000000000000000000e+00
0.000000000000000000e+00
0.000000000000000000e+00
0.000000000000000000e+00
0.000000000000000000e+00
0.000000000000000000e+00
0.000000000000000000e+00
0.000000000000000000e+00
0.000000000000000000e+00
0.000000000000000000e+00
0.000000000000000000e+00
0.000000000000000000e+00
1.765082366144923474e-05
1.991458652597105031e-03
2.567609982662641746e-02
1.805530671863047332e-01
7.010388795819069152e-01
1.475356238465395542e+00
1.995806282871846138e+00
2.068727577395682360e+00
1.870371419915556777e+00
1.612406907926745125e+00
1.395901123319794435e+00
1.232123236514617304e+00
1.138894996386571323e+00
1.067625759202758262e+00
1.001114721260769835e+00
9.422342720037072406e-01
9.132895058171996983e-01
9.054887882134412536e-01
9.095688396842374068e-01
9.251525107808401538e-01
9.392797298831342401e-01
9.521570172648643471e-01
9.665969678066701487e-01
9.722165936758225824e-01
9.786328807462305601e-01
9.824227310009058245e-01
9.918211518622762624e-01
9.912399932801422286e-01
9.945198178327652183e-01
9.909293405558921020e-01
9.906801595845109443e-01
9.800759412810989835e-01
9.744510427740139535e-01
9.696541434726255737e-01
9.603702854629847518e-01
9.565363050728771244e-01
9.544882477712454127e-01
9.595843786154312216e-01
9.661101114927947986e-01
9.763425125802609461e-01
9.862924252075587761e-01
9.972840728435057311e-01
1.006352955862794385e+00
1.014082663189296740e+00
1.021278759974691086e+00
1.025203796138899337e+00
1.027348322679965342e+00
1.028739240586455050e+00
1.030174927424395204e+00
1.025549142598328523e+00
1.022965858569908182e+00
1.019951679591725391e+00
1.012662283173527467e+00
1.008890202485120957e+00
1.003268256901252986e+00
9.985228644102045470e-01
9.906450957551373726e-01
9.895057115717841301e-01
9.875634549026711673e-01
9.843215985405781021e-01
9.847241032393380111e-01
9.840375634460526433e-01
9.859746600473822120e-01
9.864363013825246940e-01
9.912684548209190760e-01
9.918850651558147602e-01
9.951990861334589766e-01
9.959869557303187015e-01
9.972204890902000018e-01
9.993089916196910005e-01
9.987489298297667073e-01
1.001265530702187156e+00
1.000257304042395434e+00
1.000188407241708655e+00
1.001057643207388548e+00
1.002814682755610587e+00
1.001128290002414989e+00
1.000713428262573812e+00
1.002149972169468661e+00
1.001665111854985080e+00
1.001076861641371218e+00
1.002344648285804274e+00
1.000380979825961303e+00
1.000823552539727546e+00
1.000432994010810761e+00
1.000471726514348791e+00
9.988107466650196775e-01
9.998467795756593723e-01
9.993923550717092041e-01
1.000019650506201119e+00
9.985500762800647578e-01
9.983201873104475821e-01
9.993705142300337574e-01
9.995610824327663124e-01
9.982199261501960574e-01
9.967726250041833991e-01
9.984330599893257441e-01
9.981154282789518328e-01
9.977955003633094400e-01
9.975734656581858317e-01
9.983872232024015858e-01
9.986349268246496047e-01
9.987649096126958170e-01
9.993043968382073761e-01
9.999619801909709338e-01
9.994979723751160616e-01
9.987648905903764307e-01
1.000696699885754715e+00
9.998763560923155103e-01
1.001187790659723076e+00
9.998699096117442675e-01
1.000151090171431001e+00
1.000586835407440311e+00
9.989370171466620540e-01
9.983761991303766736e-01
1.001319351450369766e+00
9.996631394526797054e-01
1.000148798274084205e+00
1.000654439053093592e+00
9.994481511195613122e-01
1.000754094245700276e+00
9.997368558810526551e-01
9.991466413359327836e-01
9.999464440282340716e-01
1.000205008770874704e+00
9.997741666602909527e-01
1.000624382283256342e+00
9.992944521832705096e-01
9.996186910791751146e-01
9.994084949938025764e-01
9.986323282475038088e-01
9.996747630784250660e-01
9.998969478828459989e-01
1.000084448089172628e+00
1.000055635403805709e+00
9.994826833680189315e-01
9.995686713985840743e-01
9.998544040154386803e-01
1.000133547558796687e+00
9.991652587098119875e-01
1.000056332027077888e+00
1.000243881870520601e+00
1.000461991788426541e+00
9.997777481229542795e-01
9.999153085944904040e-01
9.994044671880563113e-01
1.000566325026356784e+00
1.000181758323416936e+00
9.999132872148750462e-01
1.000859845729854536e+00
9.998210523282382578e-01
1.000510711102705619e+00
1.000628855765279157e+00
1.000154778949075229e+00
9.999564113321965930e-01
1.000000101272015884e+00
9.994924110100413817e-01
9.991285402657227310e-01
1.000724807283639661e+00
1.000347382729599444e+00
9.998278226905126242e-01
9.999420800162159839e-01
1.001008367187943504e+00
9.997460631216543714e-01
9.992574451940162694e-01
1.000381054738349818e+00
1.000245521719756780e+00
9.998332132436140718e-01
1.000019744423044310e+00
9.995640491431133645e-01
9.992603691071672012e-01
9.994571004599035469e-01
1.000604682070291407e+00
9.995174603830130344e-01
1.000296593225508124e+00
1.000230356482677996e+00
9.992672881228815696e-01
9.995965751630101481e-01
9.996027874044781658e-01
9.999732442550917089e-01
9.998123055851025898e-01
1.000237692476744655e+00
9.999956943773546936e-01
9.998977305910742297e-01
9.999709326606588400e-01
1.000576422275497812e+00
1.000424141874920236e+00
9.997749939141186148e-01
9.998116702029326008e-01
9.996716750857633782e-01
1.000250522793035834e+00
1.000186604682833158e+00
1.000611787678716613e+00
1.000660179771419633e+00
9.996694727416163273e-01
1.000075472029478219e+00
9.995403490539815916e-01
1.000044733422019938e+00
1.000314044849797357e+00
1.000728924859982438e+00
1.000344301542809067e+00
1.000159372603703467e+00
1.000180702881413808e+00
1.000171804206685167e+00
1.000334354213268329e+00
1.000270335808173705e+00
1.000762536767746624e+00
1.000451692905039547e+00
1.000798559740208704e+00
1.000337785093201814e+00
1.000853910370995914e+00
9.997085602964469464e-01
1.000497506522865843e+00
1.000407678181405080e+00
1.000449456129343995e+00
9.999275043285421605e-01
1.000458500093041492e+00
9.999603155764086315e-01
1.000183539723567883e+00
1.000141640301232648e+00
1.000698533654844402e+00
1.000839598878953129e+00
1.000171696386190856e+00
1.000206610602696111e+00
1.000190322700941215e+00
1.000159718459593838e+00
1.000575572118206802e+00
1.000601691194275444e+00
1.000205770179260822e+00
1.000469970830449640e+00
1.000242352871470564e+00
9.999478898276448202e-01
1.000236258643204312e+00
1.000842567095225233e+00
1.000601925572729423e+00
1.000166002260331810e+00
9.998164205948718575e-01
1.000142773901948390e+00
1.000460426346069243e+00
1.000608102606600713e+00
9.996795055089685578e-01
1.000289420794165718e+00
1.000483454830518149e+00
1.000973671512335406e+00
1.000347199026146106e+00
1.000160391603717613e+00
1.000602969884862414e+00
1.000225225673471385e+00
1.000484092542213155e+00
1.000335397029891160e+00
1.000403306890948363e+00
1.000347507852104911e+00
1.000344549731725152e+00
1.000368073117906986e+00
