0.000000000000000000e+00
0.000000000000000000e+00
0.000000000000000000e+00
0.000000000000000000e+00
0.000000000000000000e+00
0.000000000000000000e+00
0.000000000000000000e+00
0.000000000000000000e+00
0.000000000000000000e+00
0.000000000000000000e+00
0.000000000000000000e+00
0.000000000000000000e+00
0.000000000000000000e+00
0.000000000000000000e+00
0.000000000000000000e+00
0.000000000000000000e+00
0.000000000000000000e+00
0.000000000000000000e+00
0.000000000000000000e+00
0.000000000000000000e+00
0.000000000000000000e+00
0.000000000000000000e+00
0.000000000000000000e+00
0.000000000000000000e+00
0.000000000000000000e+00
1.013366530329506791e-03
1.782842141090863405e-02
3.973325755428942507e-01
1.386469624148523261e+00
1.665107140321576473e+00
1.314037935058463002e+00
6.973234819303015808e-01
4.329732413590949847e-01
3.053402472081649388e-01
2.469271444693638962e-01
2.363499871738006519e-01
2.166525414297514884e-01
2.300889659706985002e-01
2.169584243598741413e-01
2.069575452530877380e-01
1.956588163031270644e-01
2.364687954743252274e-01
3.039132788079900171e-01
4.053758867682260569e-01
5.188124489057388544e-01
7.158989934653497977e-01
8.640382943436996088e-01
1.002120691890773241e+00
1.206362236289834966e+00
1.281026118011816539e+00
1.375504735313247462e+00
1.457278253166568893e+00
1.504626011311448686e+00
1.515214973859105196e+00
1.455463173652113085e+00
1.386586210416715259e+00
1.229558021051227579e+00
1.087901227288298189e+00
1.040050532943814110e+00
9.495410405359490102e-01
9.122898402795202033e-01
8.743260693730907640e-01
8.966780531680406119e-01
8.513350273956314940e-01
8.816935108040399038e-01
8.671125692097217952e-01
9.191691961219741192e-01
9.187504642237235286e-01
9.284977852914884089e-01
9.438566213825776430e-01
9.635454736496475991e-01
9.973693202651069400e-01
1.003647041403154416e+00
9.959193937121787465e-01
1.007002544700412949e+00
1.007094750889499624e+00
1.006612812092885445e+00
1.010867447777298089e+00
1.013938306511572351e+00
9.976627428531170683e-01
9.822847268350040073e-01
9.688446656832711001e-01
9.695128567528951136e-01
9.650507915987114327e-01
9.747407600581741161e-01
9.552286514399567219e-01
9.556420631844182445e-01
9.814377858797526111e-01
9.501283531003081873e-01
9.420142421332584615e-01
9.746590302979307729e-01
9.652001302086545831e-01
9.689369475423523781e-01
9.688263144792662596e-01
9.827460366041014250e-01
9.936333088100940403e-01
9.935990454754263235e-01
9.939117335582231538e-01
9.834107514186174459e-01
9.821154270000180819e-01
9.829603507025063136e-01
9.730906289007561494e-01
9.794750639933691438e-01
9.985361001966973626e-01
9.775254441164523689e-01
9.734701282729684158e-01
9.802012389676220128e-01
9.722007401503076629e-01
9.716048224729812999e-01
9.669110657762344241e-01
9.652497816721827828e-01
9.626971441756668746e-01
9.799213246744077344e-01
9.730639519988296682e-01
9.824315272825647760e-01
9.817958115182877643e-01
9.894373469904694796e-01
9.852692985342138554e-01
9.725119852385210040e-01
9.792861346905622488e-01
9.827976674541477609e-01
9.854364033294861214e-01
9.792507050090788479e-01
9.856657043195455881e-01
9.931521333652486572e-01
9.738734162908907477e-01
9.922249396861145820e-01
9.757487913448138483e-01
9.850867367989142309e-01
9.908379326661357345e-01
9.824829402044094051e-01
9.843277981413477429e-01
9.743685328972521154e-01
9.794240868670837097e-01
9.767540313471470004e-01
9.821319691111475292e-01
9.917754073182272201e-01
9.848615923484381751e-01
9.824408807903340923e-01
9.849662828329526221e-01
9.799090932431224754e-01
9.918469623200192320e-01
9.834599662615899351e-01
9.788900054272766660e-01
9.936678827522512636e-01
9.853482565319185982e-01
9.971828368979919199e-01
9.887965257666682106e-01
9.897792628789908731e-01
9.981368031181804268e-01
9.857604163411419762e-01
9.931187438615219909e-01
9.906218555995096597e-01
9.959929147503917557e-01
9.925008817233197389e-01
9.916869600788970063e-01
9.762827105994216215e-01
9.889242696011322220e-01
9.919099492170595500e-01
9.961161961344027205e-01
9.892169992458388350e-01
9.829676454110360950e-01
9.968622499043950924e-01
9.885513767208413682e-01
9.978057287132123809e-01
9.909571339561770165e-01
9.904289550943999876e-01
9.933426297016100248e-01
9.938196456603173301e-01
9.935281383722723847e-01
9.872808623258937377e-01
9.857494470687113708e-01
9.942198637523211868e-01
9.815661758630886968e-01
9.909954915842147383e-01
9.946050197690278205e-01
9.929287023249301347e-01
9.913733384969225515e-01
9.941546330446753288e-01
9.922104950666843504e-01
9.925340260874789822e-01
9.908496792195102820e-01
9.830877846438711432e-01
9.918173161913205194e-01
9.988870516761130247e-01
9.921491986637468452e-01
9.966200091559151986e-01
9.949219220170208988e-01
9.972655177451410502e-01
9.885849303083223960e-01
9.932878440769736805e-01
9.952690625045961248e-01
9.885657269922534240e-01
9.918744576746257868e-01
9.943836521354845193e-01
9.982036466283494835e-01
9.968937187953846868e-01
1.001455552852808406e+00
9.933309228638046440e-01
9.949885098904770464e-01
9.986456717497099733e-01
9.921667314672539817e-01
9.952006137756274073e-01
9.850937207744444590e-01
9.824168701999179687e-01
9.927603417164795330e-01
9.928431945049015495e-01
9.877048660004917879e-01
9.923668658851907409e-01
9.972704408137510468e-01
9.918482850326472144e-01
1.000317807994846264e+00
9.878896030423770513e-01
9.918137707310386020e-01
9.895631759618380707e-01
9.901780891075118163e-01
9.906832036774636530e-01
9.956508420654510694e-01
9.991748848967527685e-01
9.952072315035375150e-01
9.904705716433596097e-01
9.950470594661379176e-01
9.975046513760633671e-01
9.954324440891390013e-01
9.883756025004066803e-01
9.875994421902865028e-01
9.963814888250290824e-01
9.932567173291827478e-01
9.883181646787791985e-01
9.950141559752481157e-01
9.885328483611161010e-01
9.932918488456374817e-01
9.924707986204039933e-01
9.946975131822159977e-01
9.980966076361026396e-01
9.929891723377708423e-01
9.945540468524020072e-01
9.998779324755948661e-01
9.956585103495673161e-01
9.982761723331886605e-01
9.974547643639706251e-01
9.977765713964235061e-01
9.949997236484654506e-01
1.004116527796118152e+00
1.001619177950554773e+00
1.004574496380324922e+00
1.001223404342660217e+00
9.970436416363034349e-01
9.978290986834900123e-01
9.911910204154320558e-01
9.924511761285742528e-01
9.955875035429490039e-01
1.003056856109419970e+00
1.000265924078545199e+00
9.938960894129754697e-01
1.000698866576458679e+00
1.002307087389295415e+00
9.932352804731273688e-01
9.943233255839738494e-01
1.004955900633565768e+00
9.985856032816989858e-01
9.992317153653786921e-01
1.000164195733673322e+00
1.000038160352228811e+00
1.004746152800268799e+00
1.002118718192645197e+00
9.997436094965450604e-01
1.004909631668354120e+00
9.997235732222650162e-01
9.975265526137718775e-01
9.951274793019310172e-01
9.984227868449860877e-01
1.003506762256804130e+00
1.001864528718398040e+00
9.976306831345854720e-01
9.948123601933495097e-01
9.922241390324171295e-01
9.995318986316282794e-01
9.920609440079068975e-01
9.999656626455163400e-01
