0.000000000000000000e+00
0.000000000000000000e+00
0.000000000000000000e+00
0.000000000000000000e+00
0.000000000000000000e+00
0.000000000000000000e+00
0.000000000000000000e+00
0.000000000000000000e+00
0.000000000000000000e+00
0.000000000000000000e+00
0.000000000000000000e+00
0.000000000000000000e+00
0.000000000000000000e+00
0.000000000000000000e+00
0.000000000000000000e+00
0.000000000000000000e+00
0.000000000000000000e+00
0.000000000000000000e+00
0.000000000000000000e+00
0.000000000000000000e+00
0.000000000000000000e+00
0.000000000000000000e+00
0.000000000000000000e+00
0.000000000000000000e+00
0.000000000000000000e+00
0.000000000000000000e+00
1.783327644636205703e-02
3.617059704270649823e-01
1.270803215729253033e+00
1.643595481370156541e+00
1.242830289666756460e+00
7.320568966758876917e-01
4.050088695361760971e-01
2.954384017735588452e-01
2.558551728734099195e-01
2.641355016579425286e-01
2.419450757547779440e-01
2.362452513083961592e-01
2.552623949108958068e-01
2.201107019323870484e-01
2.194225987013418422e-01
2.640904555836602330e-01
2.934127449410728339e-01
3.727408232253767162e-01
5.455838143623042980e-01
7.444320356809202011e-01
8.859185362712546086e-01
1.047385898553458539e+00
1.192679016272722325e+00
1.323074131394084363e+00
1.453164286349286627e+00
1.490730647016956345e+00
1.562912542996280907e+00
1.538888254724973592e+00
1.450755139830917306e+00
1.373481515821413090e+00
1.247032059596379971e+00
1.112122676572461888e+00
1.027813542054404117e+00
9.434688633991298312e-01
9.103771423531109575e-01
9.029726869654589594e-01
9.072161699986889261e-01
8.561443004807754997e-01
9.039581863823615837e-01
8.827136029974576026e-01
9.080907295679321312e-01
9.082944164100107409e-01
9.451874548736728388e-01
9.580338016585402405e-01
9.634099822601225327e-01
9.994461420274650676e-01
1.016210697429484888e+00
1.022547433693117513e+00
1.039700608271139304e+00
1.059408499107264534e+00
1.051492283076915113e+00
1.033202825759862886e+00
1.027693065483174850e+00
1.023174824681896800e+00
1.010933221676262095e+00
1.024386887040297900e+00
1.011229436376886115e+00
9.771318311676375767e-01
9.840536976828341276e-01
9.805572844490731965e-01
9.636552439595484909e-01
9.915203795255743691e-01
9.713440868956306762e-01
9.851461488978402459e-01
9.960922138324654895e-01
9.893200344111108269e-01
9.742086027577195884e-01
9.971403735406058066e-01
1.005306225739140968e+00
1.006191267729266814e+00
1.005620502503034475e+00
1.008952629963506764e+00
9.961121202895646398e-01
1.001425949908071544e+00
9.952369224255570579e-01
9.954308042828773351e-01
9.937963679229249170e-01
1.000592596273851331e+00
9.832244903517066703e-01
9.960634384308589828e-01
9.826185717523100438e-01
9.975643175942323637e-01
9.857564583771688538e-01
9.897703656675794770e-01
1.003087945813470494e+00
9.875091741702884951e-01
9.939907097464533159e-01
9.959978142627642361e-01
9.844086295453415847e-01
9.765781679838263507e-01
9.823241811334519902e-01
9.927473439216223383e-01
9.808512146780455909e-01
1.003279964975740235e+00
9.672211267336994212e-01
9.872676669560493945e-01
9.970009118623811561e-01
9.912501779899534071e-01
9.885743426773037079e-01
9.928889588610830819e-01
1.000569232264574060e+00
9.975469225199428136e-01
9.809635747505047743e-01
9.817131850158478112e-01
9.944402236068036194e-01
9.735025642099207621e-01
9.903664919744614714e-01
9.930433305238698383e-01
9.856926588017025370e-01
9.873541458974154361e-01
9.807239984231100882e-01
9.872915385143178346e-01
9.800622955531962388e-01
9.871992192202316829e-01
9.804096989409878393e-01
9.870797649804873286e-01
9.888894068990929931e-01
9.892084015369810857e-01
9.767956205231975719e-01
9.977293358095175035e-01
9.976386768984694120e-01
9.957619790161902351e-01
9.957882128838780877e-01
9.985265925709116974e-01
9.887936974922921785e-01
9.883056382309254317e-01
9.912884545766001976e-01
9.964320060608348184e-01
9.898162369062653010e-01
9.890672387678808297e-01
9.908133995833894314e-01
9.891138512019462814e-01
9.840982016225621187e-01
9.946772779432819789e-01
9.887698643592114367e-01
9.913988366607665581e-01
9.895946126446074631e-01
9.979199279698194314e-01
9.862138471732510014e-01
9.924303456728494899e-01
9.870367241621117449e-01
9.953283288580441202e-01
9.864052143298545072e-01
1.000750904396484398e+00
9.915860871756400075e-01
9.900521460048329336e-01
9.911232850005123884e-01
9.884688176069696963e-01
9.984743259100322677e-01
9.937201331994458542e-01
9.933049002056658638e-01
9.905343928145766697e-01
9.930805646216327442e-01
9.939742227904089233e-01
9.958392979990399185e-01
1.005187164997984439e+00
9.860868222345069434e-01
9.960811293774088915e-01
9.944726358940085831e-01
1.003683811956948002e+00
9.882870608017806369e-01
9.924552584347128281e-01
9.941976841833597422e-01
9.973534264308280273e-01
9.948843642998070891e-01
9.974634784137357268e-01
9.982276731799099023e-01
9.926023179810146146e-01
9.955257084593943651e-01
1.001924979002230653e+00
9.993675334800523613e-01
9.955935834880343949e-01
1.001799182225113327e+00
9.907709426794781837e-01
1.005181663043644313e+00
9.979083342253838307e-01
1.002191269256908823e+00
1.000277237477575465e+00
1.003286379961340735e+00
9.926560558832560055e-01
9.911039026566507149e-01
1.006774889576979248e+00
1.000476788620005220e+00
1.003940272441902648e+00
1.000999963176857133e+00
9.968176277788711737e-01
9.954285763034631529e-01
1.001484072957455007e+00
9.969390123865969899e-01
1.004826941494702197e+00
9.933579049881317014e-01
9.966047841369054527e-01
9.990603682910264016e-01
1.004289483445513831e+00
9.923266090936738726e-01
9.999266065530499903e-01
1.003968036128796815e+00
9.966272885959989170e-01
1.000350808914909573e+00
9.990430443647888570e-01
1.000417705028059601e+00
9.979977868120829543e-01
9.945844040036709854e-01
9.998533446171806727e-01
9.948195999390713196e-01
9.970310462511439153e-01
9.985701766916800226e-01
9.933966164967111823e-01
9.966781490237290875e-01
1.002257339425115967e+00
9.982781137942503547e-01
1.001809734656651907e+00
9.995453948800351318e-01
9.984216069449329822e-01
1.000678210740162610e+00
1.002343348791934208e+00
1.001021294215348689e+00
9.943949878116773444e-01
9.938421340629131073e-01
9.986027616366601745e-01
9.915042051031904835e-01
1.002997189485334451e+00
9.961152794731757965e-01
9.884534980151631345e-01
9.964192747323360466e-01
9.979534111275627506e-01
9.987909894447369874e-01
9.985790310966394800e-01
9.915103977922805623e-01
1.003707954361243715e+00
9.928611322038770615e-01
9.957128418901833866e-01
9.949591064586503775e-01
9.981911620120192952e-01
9.979832645420083637e-01
9.932763879622016345e-01
9.988006565183157326e-01
9.948323286833307133e-01
1.003455620152762684e+00
9.950879258215006296e-01
1.001176067775850331e+00
1.000484965112439228e+00
1.001083942712165609e+00
9.967907437822131067e-01
9.960831709089268404e-01
9.907712261700141188e-01
9.982316426260551268e-01
9.949726859500436227e-01
9.934318533276138563e-01
9.970634808377762948e-01
9.936842379308874484e-01
9.944795184368251384e-01
9.971330605474391096e-01
9.935548124005103565e-01
