0.000000000000000000e+00
0.000000000000000000e+00
0.000000000000000000e+00
0.000000000000000000e+00
0.000000000000000000e+00
0.000000000000000000e+00
0.000000000000000000e+00
0.000000000000000000e+00
0.000000000000000000e+00
0.000000000000000000e+00
0.000000000000000000e+00
0.000000000000000000e+00
0.000000000000000000e+00
0.000000000000000000e+00
0.000000000000000000e+00
0.000000000000000000e+00
0.000000000000000000e+00
0.000000000000000000e+00
0.000000000000000000e+00
0.000000000000000000e+00
0.000000000000000000e+00
0.000000000000000000e+00
0.000000000000000000e+00
0.000000000000000000e+00
0.000000000000000000e+00
0.000000000000000000e+00
2.346640945699296488e-02
3.660883981466960257e-01
1.280626961303991118e+00
1.659612422434503243e+00
1.187641456690532005e+00
7.633300599266484854e-01
4.168937597587966670e-01
3.142547398675145098e-01
2.403649009356899069e-01
2.327686591168320607e-01
2.498782185296123948e-01
2.606372215936626491e-01
2.263715393341584337e-01
2.192804369385502328e-01
2.383265902251523460e-01
2.606632594412796045e-01
3.091259261326729790e-01
4.170099594636841878e-01
5.635968756837013149e-01
7.342922506384741421e-01
9.125023468757285094e-01
1.071414617047234064e+00
1.212096411729907564e+00
1.341995913115004990e+00
1.414745813225792848e+00
1.461003966011047650e+00
1.532881034070344262e+00
1.585976422324155699e+00
1.520986850169378846e+00
1.411882921833819138e+00
1.246496073699225215e+00
1.154467854271085558e+00
1.031542401508168894e+00
9.638290902219256440e-01
9.331315465068960036e-01
8.934468421428835017e-01
8.865189384250157234e-01
9.018156091195393964e-01
9.029095216347696740e-01
9.227241612273611171e-01
9.181394455015304823e-01
9.598644226542281110e-01
9.800935531370794651e-01
9.758405404459943311e-01
9.983580336978992165e-01
9.787517002528787202e-01
1.036973089057292574e+00
1.032134321543846323e+00
1.046184198872349924e+00
1.054506478102125833e+00
1.053590379589212755e+00
1.041284458570316485e+00
1.046162566331845900e+00
1.044208909299773724e+00
1.034704231648516215e+00
9.970625956666471223e-01
1.008004002590283665e+00
1.003010052860708878e+00
9.938140197925717789e-01
9.671860794037795417e-01
9.948217505768408575e-01
9.853872362976504595e-01
9.840347036137543357e-01
9.925368402382970245e-01
9.977687708307522163e-01
9.915123330785289291e-01
9.936129558066170153e-01
1.009725052929560274e+00
1.014896536197160248e+00
1.017607187882032083e+00
1.024164893309037039e+00
1.002501468687377439e+00
1.012622159054316295e+00
1.007486017444030324e+00
1.011751660969509414e+00
9.981850868723165515e-01
1.015008967500119486e+00
1.003736690144281241e+00
9.960885906743853768e-01
9.874825894761375400e-01
9.941927427469344769e-01
9.942083527332294945e-01
9.829665035121267769e-01
1.010564799935221858e+00
9.954884076283546657e-01
9.900676026028695231e-01
1.003485324179362870e+00
1.000056168492490682e+00
9.900059010990903685e-01
9.987827594861354852e-01
1.010319497309122516e+00
1.003605307987765816e+00
9.972545879148589920e-01
1.005932412200480019e+00
1.009328017613119188e+00
9.920228519075959817e-01
1.001329054556592490e+00
1.005407243349687452e+00
9.895337300035860206e-01
1.003210255215752911e+00
9.994003525529374654e-01
1.006941036267877676e+00
1.016801809813933088e+00
9.982893517631015179e-01
9.957455764216158745e-01
9.944977567703692234e-01
9.965911289183081445e-01
9.971047889060065117e-01
1.003287343463963532e+00
9.905800386613858866e-01
9.866277360010544673e-01
9.918558153900961516e-01
9.948028956612465779e-01
9.888914328108739937e-01
9.960045566436185327e-01
9.937968890747810313e-01
1.001422303645575163e+00
1.003264933849008056e+00
9.977622252437785555e-01
1.000972485137271217e+00
9.934973410992828935e-01
9.962226097001025682e-01
9.945395554095349810e-01
9.958503432881224970e-01
9.989013451412630529e-01
9.898079775643352507e-01
9.970526335670718554e-01
9.984013315707009895e-01
9.976984294159045863e-01
9.987031226114172489e-01
1.006841306583787787e+00
9.988803061299280639e-01
9.998565947991188141e-01
9.973611861740957485e-01
9.901668732905535286e-01
1.008147228349526525e+00
1.000895425584983567e+00
9.993184849020675387e-01
1.001579389724458036e+00
9.999099925823654589e-01
1.004866849599970635e+00
9.990136037950737569e-01
9.986846421850907873e-01
9.933834070067605326e-01
9.980929986518293218e-01
1.000832392969014384e+00
9.971936730161883311e-01
9.996384843314386481e-01
1.001334068503622277e+00
9.935940717093006969e-01
1.007550072407225938e+00
9.992843604921979317e-01
9.956920355210324702e-01
9.904806572476285709e-01
9.963916444284335316e-01
1.002172623604006718e+00
9.964059298836113188e-01
1.001551494135576981e+00
1.000291176973163276e+00
9.979460345231879748e-01
1.002511593788485422e+00
1.001897720990730267e+00
9.953218408190722677e-01
9.956578554021865424e-01
9.906820100581795741e-01
1.005709728420028926e+00
9.968713117110661326e-01
9.925455679391532726e-01
1.001499981495121316e+00
9.956790922115342779e-01
9.962929526591749463e-01
1.001879885497455325e+00
1.000209905619154460e+00
9.984401601416577066e-01
9.990337427718860575e-01
9.977478747216883548e-01
1.005666687748360211e+00
9.966032479017759016e-01
9.899543185725923067e-01
1.001011898429345015e+00
1.005609923947225148e+00
1.003106374344156615e+00
9.968132724052464200e-01
1.002881002649869124e+00
1.005753598925709147e+00
1.003147912670687703e+00
1.006254929683278343e+00
1.000509843458994963e+00
1.002980701671927211e+00
1.000053551004953523e+00
9.983611973566526299e-01
9.946508666451083780e-01
9.959927725228783224e-01
1.002646395621594300e+00
1.001179409522744645e+00
1.006174608137641036e+00
1.012238243272146843e+00
1.004005514195953630e+00
1.003164682879694514e+00
9.996933782440816652e-01
9.992768011484900459e-01
1.001427364882612192e+00
1.000926317586549708e+00
1.003374891349511078e+00
9.982240428813968780e-01
9.988323106644473315e-01
9.987590319792775118e-01
1.001443472820797487e+00
9.986390989121909367e-01
9.961670880516543258e-01
9.990993331499864460e-01
9.952266569553787079e-01
9.940377096613012275e-01
1.001281326379812153e+00
9.944081021742339210e-01
9.993246304882739128e-01
1.001514357486721574e+00
9.981974678493076292e-01
9.972942722211880495e-01
9.978711736106961050e-01
1.001465505954437285e+00
1.000492232186536601e+00
9.976018829485187034e-01
9.958799775204590921e-01
9.950046958717143619e-01
9.914332268796602898e-01
9.931811644638401937e-01
9.944295945895950117e-01
9.926251854330566671e-01
9.922626246121148963e-01
9.983084745314871888e-01
9.930851365219640625e-01
9.975612508658583399e-01
9.946651723532181633e-01
9.984484313226813512e-01
9.974691277500555842e-01
9.959878047279293600e-01
9.869612820312063661e-01
9.973129630769409504e-01
9.954912760609496702e-01
9.946991294476564827e-01
9.992253182937161915e-01
9.950333276072903521e-01
9.954596994666723431e-01
9.997628311078875507e-01
1.004995236649185664e+00
1.001379194233803949e+00
9.962291293167034878e-01
9.981791914659146059e-01
9.990932537044829864e-01
9.997438056818775953e-01
9.976452183077609837e-01
1.002588616895872864e+00
9.978323866237438500e-01
