0.000000000000000000e+00
0.000000000000000000e+00
0.000000000000000000e+00
0.000000000000000000e+00
0.000000000000000000e+00
0.000000000000000000e+00
0.000000000000000000e+00
0.000000000000000000e+00
0.000000000000000000e+00
0.000000000000000000e+00
0.000000000000000000e+00
0.000000000000000000e+00
0.000000000000000000e+00
0.000000000000000000e+00
0.000000000000000000e+00
0.000000000000000000e+00
0.000000000000000000e+00
0.000000000000000000e+00
0.000000000000000000e+00
0.000000000000000000e+00
2.813851844713498882e-05
3.486869618701078644e-02
1.026521402616149548e+00
3.405522764617993747e+00
3.398317917561085810e+00
1.876580482010065110e+00
8.534197232437678027e-01
3.913102227838030078e-01
1.962248532352405817e-01
1.219538477176277669e-01
1.829563344050869622e-01
6.864591862449587190e-01
1.458753210838570125e+00
1.717932492604514083e+00
1.434310744559277984e+00
1.048273177416690460e+00
7.820746602137419456e-01
6.604537125994464075e-01
6.539519439910971288e-01
7.010802880966771067e-01
7.863438836941502030e-01
8.823353133329638887e-01
9.771976257125974952e-01
1.061973802427687463e+00
1.130123991490753044e+00
1.180845720576393143e+00
1.213948241118402382e+00
1.224186248374086849e+00
1.214968514174622705e+00
1.188314725573100361e+00
1.145643692066182773e+00
1.102156801556354093e+00
1.065969146336956719e+00
1.034422978708658070e+00
1.007658502530633271e+00
9.827559686998338373e-01
9.628004573521524723e-01
9.518220439937927768e-01
9.406381289032584858e-01
9.307110482495480897e-01
9.259035331321227025e-01
9.278810913787475245e-01
9.267762607373233319e-01
9.338744716499103315e-01
9.465552089659245993e-01
9.576406730843097792e-01
9.660556557188058058e-01
9.809638752493214930e-01
9.930182485345976362e-01
1.002094705946821485e+00
1.009877149284128972e+00
1.015548907646604881e+00
1.021180447565430915e+00
1.025122345101515009e+00
1.023759573028258041e+00
1.023330960037103665e+00
1.022892044435960601e+00
1.017588046597017515e+00
1.016137963550985290e+00
1.010602108306033475e+00
1.008555841067943382e+00
1.007231024546042963e+00
1.002691751864089875e+00
1.002700575339500411e+00
9.968873278743215494e-01
9.964885520106707695e-01
9.992212487246874275e-01
9.946378840134385557e-01
9.947379852316389215e-01
9.932195018389342600e-01
9.942079712884487330e-01
9.917489400117658338e-01
9.960458300956246402e-01
9.997016495330209862e-01
9.945981890298852823e-01
9.961447884379548423e-01
9.985913830162288507e-01
9.980884024236429397e-01
9.992369951029019814e-01
1.000010189499418001e+00
9.997106053874028619e-01
1.000013900309008941e+00
1.000273842335602570e+00
1.000750019464782259e+00
9.997522473423786638e-01
1.003035017061496781e+00
1.000285579242086165e+00
1.001437488442700863e+00
9.996605041290473892e-01
1.000570702998899941e+00
1.000747729809880582e+00
1.000940131826573154e+00
1.001331108591779984e+00
9.991392264197812567e-01
1.001256204322370724e+00
1.001863047439189636e+00
1.000920358478773142e+00
9.997676889564800495e-01
9.995025680979044980e-01
9.992884771928772780e-01
9.994056447617881700e-01
9.998322583987079293e-01
1.000665096948300414e+00
1.000190734789786928e+00
9.993368945670837444e-01
1.000147112499634616e+00
9.990433860968780388e-01
9.999173911252861036e-01
1.000205639154145176e+00
9.997768721521661517e-01
1.002202303040093057e+00
9.999469284834363592e-01
1.000164820779555042e+00
9.993587954824262320e-01
9.998168393863930969e-01
9.986502981440142923e-01
1.000142617189911931e+00
9.992314237738569860e-01
1.000761544021638194e+00
9.985526789505633216e-01
9.994338805111917523e-01
9.987733829912565087e-01
9.978401318170881940e-01
9.991608371964809665e-01
9.995355516273221053e-01
1.000513461992567299e+00
1.000279370436571558e+00
1.001009938651340914e+00
1.001618912756947477e+00
1.001056815236638586e+00
1.001911990308941292e+00
1.000343691887860320e+00
1.002047148681987299e+00
1.000343091532923889e+00
1.001586868172563927e+00
1.000560375343181096e+00
9.997675092779839678e-01
1.001015285143869615e+00
1.000577257871236858e+00
9.995782126557904990e-01
9.997411846599434382e-01
9.991215131496570256e-01
9.994070138155507488e-01
9.998846738569839854e-01
9.978204941533191930e-01
9.995412197086823713e-01
9.978520685945252433e-01
9.972283719916810174e-01
9.982250312177509688e-01
9.999838687931703607e-01
9.997031506817003477e-01
9.999951209404205343e-01
9.997000007784829778e-01
9.998379364053441298e-01
1.000225563674893126e+00
1.000532929363902479e+00
1.001189047155478518e+00
9.993662085712932130e-01
1.000963100510168458e+00
1.001303222929175618e+00
1.000826909418678579e+00
9.989459807293499249e-01
1.001379171953541203e+00
1.000393074162513329e+00
1.000305859356260374e+00
9.998911792576609114e-01
1.000113721884838824e+00
9.998699247642370835e-01
9.994691423096192517e-01
9.981222769617046353e-01
1.000098614497747729e+00
9.991608426886965377e-01
9.990796734767258824e-01
1.000174029317825397e+00
9.997158588571682936e-01
9.993233209349470236e-01
9.998812712555055215e-01
9.996295732479687501e-01
9.999466383080731768e-01
1.000200889280264960e+00
1.000314421499542528e+00
9.997166374842618719e-01
9.999866566801354217e-01
9.995127937456886880e-01
9.991776809544236082e-01
1.000645736593244628e+00
9.987248627711077242e-01
1.000176823867166442e+00
1.000846576191896542e+00
9.987289735431279514e-01
9.982207056473004769e-01
1.000261691417810184e+00
9.997559501292776485e-01
9.995997993896150735e-01
9.993655646639473256e-01
1.000175530361182563e+00
9.992963220604131891e-01
9.996015605348630428e-01
1.000462354465326165e+00
9.991300370791128538e-01
1.001368574613690665e+00
1.000254219549539636e+00
1.000473779315618428e+00
9.994773245312899013e-01
9.998887410364312167e-01
1.000425685978484580e+00
1.000266123825757081e+00
1.000098353315006294e+00
9.998437760912574079e-01
1.000171613741918542e+00
9.997802810126465989e-01
1.000046497032213821e+00
9.988793620280259633e-01
9.998435398576637212e-01
9.997666646278141611e-01
1.000101819162551031e+00
1.000010918776303770e+00
9.994216334087268061e-01
9.991480554088346677e-01
9.999628113111326266e-01
9.995013510093636588e-01
9.992170375493454326e-01
1.000456314784443412e+00
1.000199739345357663e+00
9.997089088672033164e-01
9.998646044777680375e-01
1.000783338882393014e+00
1.000836517090705424e+00
1.000524503006357868e+00
9.996850561599436302e-01
1.000273727619805042e+00
9.995343931642384216e-01
1.000334226037561169e+00
1.000385991438560440e+00
1.000767984511319098e+00
1.000087513124344074e+00
1.000304582353526373e+00
1.000722508535001554e+00
9.998538896113970953e-01
1.000317289654445219e+00
1.000244248506648947e+00
1.000118851180487711e+00
9.997752860518831497e-01
1.000216582628457251e+00
9.997676959566582644e-01
9.999869643685969089e-01
1.000042234049400180e+00
1.000106580615871987e+00
1.000048712083893010e+00
9.997959413310202326e-01
9.995897202477772581e-01
1.000211905493516351e+00
1.000197725083251221e+00
1.000756116058370448e+00
9.998071675290235438e-01
1.000744858921591041e+00
1.000462146194128099e+00
9.995512823729501006e-01
1.000325667056949364e+00
9.999362128816976503e-01
