0.000000000000000000e+00
0.000000000000000000e+00
0.000000000000000000e+00
0.000000000000000000e+00
0.000000000000000000e+00
0.000000000000000000e+00
0.000000000000000000e+00
0.000000000000000000e+00
0.000000000000000000e+00
0.000000000000000000e+00
0.000000000000000000e+00
0.000000000000000000e+00
0.000000000000000000e+00
0.000000000000000000e+00
0.000000000000000000e+00
0.000000000000000000e+00
0.000000000000000000e+00
0.000000000000000000e+00
0.000000000000000000e+00
0.000000000000000000e+00
0.000000000000000000e+00
3.443400276699414009e-02
1.027952463757802359e+00
3.409718849329558044e+00
3.388625271026511676e+00
1.892741783054773475e+00
8.469749249728538709e-01
3.830243619813225031e-01
1.955999439453086075e-01
1.217643203622105624e-01
1.835549548230695494e-01
6.851522011212485275e-01
1.451819875534905435e+00
1.719660531020558158e+00
1.437359861408708639e+00
1.048448368471592618e+00
7.800996822093745342e-01
6.656299721831382410e-01
6.516339484874283938e-01
6.979538614384009909e-01
7.879997918745091923e-01
8.843046131107920038e-01
9.752456584143120999e-01
1.059867556714095160e+00
1.128715257731077060e+00
1.179972994970664768e+00
1.215044000773788380e+00
1.228130288378673551e+00
1.213331611449420588e+00
1.186077302639211739e+00
1.147180978213686808e+00
1.101842321742148689e+00
1.064718237367287657e+00
1.034701888261066793e+00
1.008532587681048920e+00
9.849965654975267881e-01
9.668224469797052079e-01
9.513161879709444158e-01
9.395620227529328794e-01
9.327044045971192299e-01
9.262871327518946707e-01
9.255819890193999200e-01
9.263579105597216090e-01
9.339533869950471523e-01
9.445452172567979643e-01
9.550687845716632207e-01
9.726835501972158626e-01
9.831346940403734580e-01
9.907304159743776095e-01
1.002098250771118249e+00
1.009316833801536584e+00
1.016135682074818858e+00
1.021404821357562609e+00
1.025964810054027510e+00
1.024545633316730653e+00
1.023776959525370733e+00
1.023567116787693410e+00
1.019025735822806977e+00
1.015025064330300708e+00
1.013420808849490484e+00
1.008247946087331481e+00
1.007913693253714271e+00
1.004235647514181373e+00
9.984486941796923976e-01
9.974283245523778429e-01
9.968164805452098820e-01
9.978583036290945563e-01
9.980486078247352566e-01
9.959384259352507263e-01
9.961401445801878474e-01
9.930124296467290890e-01
9.927070340061653342e-01
9.952085694981954722e-01
9.960912886713749748e-01
9.954451525760732444e-01
9.977121436203736371e-01
9.971659487573447667e-01
1.000495647054662429e+00
1.000724117018368720e+00
1.001611054486162722e+00
9.997446888949852450e-01
1.000277045247288887e+00
1.001547432593185905e+00
1.000266882740880270e+00
1.000019249788285824e+00
1.000965664311205483e+00
1.001891195799958112e+00
1.001022829380284085e+00
1.000919340169990068e+00
1.001220826303261591e+00
1.001355251349896225e+00
1.000186932865487766e+00
1.000020355292347674e+00
1.000812522215721589e+00
1.001715077437343782e+00
9.998129987158700382e-01
1.002507157615181832e+00
1.001422780037379834e+00
1.000269128184164913e+00
1.000569124338271942e+00
1.000302746635088891e+00
9.985338795757715546e-01
9.982624167528886261e-01
1.001358361184883083e+00
1.000260828318277451e+00
9.993240514363977978e-01
1.000910462831616332e+00
1.001095487560755171e+00
9.998978860432741200e-01
9.984223841732090543e-01
1.000053946922423220e+00
9.996793166646710249e-01
9.992761346570214753e-01
1.000773682029851175e+00
9.999012763170557205e-01
9.996167651644595198e-01
1.000186686383574219e+00
9.982696111372858505e-01
9.987167523469288044e-01
9.988825986741415308e-01
9.999209839182409132e-01
1.000078353717360979e+00
9.991659542909701042e-01
9.981375412224047228e-01
9.988085457428323988e-01
1.000545704348168030e+00
1.001076714961351755e+00
9.999085295241997295e-01
1.001239272297713256e+00
1.002497443241692876e+00
1.001222956554870258e+00
1.002532539291819402e+00
1.002816515382035201e+00
1.002114509483721605e+00
1.001934750043246947e+00
1.000769353731477462e+00
1.001511004164997498e+00
9.993539070019508141e-01
1.000917040379398326e+00
1.000024466867996731e+00
9.997200746979331143e-01
1.000442106372481099e+00
9.980938998849719912e-01
9.991535381675876737e-01
9.991368386712050631e-01
9.995687887560639195e-01
9.991238959155807065e-01
9.986782037551654723e-01
9.982597454110816448e-01
9.988190391748986707e-01
9.990365861336570896e-01
1.001212724264774145e+00
1.000669080500281360e+00
1.000316984795147413e+00
1.000223000616165869e+00
1.001238195199066761e+00
1.000241682067596782e+00
9.997933898501374372e-01
1.003059743887941169e+00
1.000760051224505842e+00
1.000494914643330402e+00
1.000825069017418079e+00
1.000924575033617314e+00
1.000876766347173374e+00
1.000150273555162395e+00
1.000055615887977867e+00
9.999479797429124961e-01
9.996353577980074956e-01
1.000266017841719535e+00
1.000268134856896918e+00
1.000314486394697111e+00
1.000676865781044755e+00
9.995669718157942363e-01
9.997690394461429264e-01
9.998825398195687608e-01
9.993571491134940477e-01
1.000352547525910296e+00
9.991270465178855309e-01
9.998757738885365454e-01
9.998122241964479961e-01
9.998370054938703344e-01
1.000722081222047644e+00
9.994189419342444092e-01
1.001246119331268059e+00
1.000270817148877001e+00
1.000744706010255225e+00
1.000056656136361743e+00
9.997836649398383901e-01
1.000428673154795334e+00
1.000084240167640415e+00
1.000460321741718062e+00
1.000062756980458989e+00
1.000827969322900080e+00
1.000906802282888419e+00
1.000552496559091953e+00
1.000216149399457022e+00
1.000771657613160226e+00
9.994992795012673792e-01
1.000375188356109390e+00
9.993257739575696075e-01
1.000194241670356643e+00
9.999566904556391744e-01
1.000727753106102069e+00
1.000756932730408222e+00
1.000233824643756542e+00
1.000190466489322194e+00
1.000089743205372805e+00
1.000335373822386575e+00
9.996581122047162316e-01
1.000600216811414089e+00
9.994676980374580522e-01
9.997924980171927212e-01
9.995489623745410501e-01
9.997872604061744939e-01
1.000700738441219872e+00
1.000878959099213761e+00
1.001085846030407511e+00
1.000651129662127881e+00
9.993328523011462128e-01
1.000242005319774252e+00
1.000554305188911863e+00
1.000358477421881886e+00
1.000219737487174410e+00
1.000169017151971707e+00
1.000847983517971107e+00
1.000406524074969106e+00
1.000229694382058776e+00
9.995138908634518815e-01
9.993431721473131635e-01
1.000533119791188641e+00
1.000355670467253599e+00
9.995177453588975913e-01
1.000129095165858351e+00
1.000022765815207437e+00
1.000805743934055192e+00
9.997349351797960582e-01
1.000386968242377606e+00
1.000228677053678128e+00
1.000066606959672644e+00
1.000040317096964948e+00
9.999267417876387398e-01
1.000084878300758096e+00
1.000732023383947400e+00
1.000752175373438524e+00
1.000274436873622275e+00
1.000739949753318925e+00
1.000325327665947617e+00
1.000625460575647940e+00
1.000056005784290436e+00
9.998789476274959620e-01
9.998569172342232081e-01
1.000163332439257369e+00
1.000253084307873630e+00
9.999259711997237066e-01
1.000588414655812608e+00
1.000224914522787945e+00
9.999727615375801903e-01
1.000117106812788759e+00
1.000289257166370627e+00
9.998318208562622100e-01
