0.000000000000000000e+00
0.000000000000000000e+00
0.000000000000000000e+00
0.000000000000000000e+00
0.000000000000000000e+00
0.000000000000000000e+00
0.000000000000000000e+00
0.000000000000000000e+00
0.000000000000000000e+00
0.000000000000000000e+00
0.000000000000000000e+00
0.000000000000000000e+00
0.000000000000000000e+00
0.000000000000000000e+00
0.000000000000000000e+00
0.000000000000000000e+00
0.000000000000000000e+00
0.000000000000000000e+00
0.000000000000000000e+00
0.000000000000000000e+00
5.626569623338883053e-05
3.491282394634594860e-02
1.033367609421349309e+00
3.420700931618799068e+00
3.406063712892156037e+00
1.879566224420022191e+00
8.557396198265669884e-01
3.884639958446955421e-01
1.984853242977816512e-01
1.204618818072360764e-01
1.811653914673359844e-01
6.923744537283340605e-01
1.461347443637665222e+00
1.716775013115886761e+00
1.439197499755439313e+00
1.047630336247292071e+00
7.811626398780368019e-01
6.613464600767041679e-01
6.508765003727491338e-01
7.061606793445126540e-01
7.870721315048924138e-01
8.797613499635212886e-01
9.752724279908047134e-01
1.060228796117687500e+00
1.132039953081840356e+00
1.184017662165999463e+00
1.213326271485654750e+00
1.229940365021650717e+00
1.217413123599945912e+00
1.191820195759065504e+00
1.152131430681693214e+00
1.108524221819437772e+00
1.073347961217044899e+00
1.037841813422465398e+00
1.007622650252921082e+00
9.851952713702595288e-01
9.692481438515900827e-01
9.522096342396380031e-01
9.422764277667458055e-01
9.350092907995605218e-01
9.305758136667368063e-01
9.242175271769569322e-01
9.293412080680961695e-01
9.368329493565340504e-01
9.453866914321200632e-01
9.547741447129092229e-01
9.696339486937083363e-01
9.810335150784476044e-01
9.927626982564976554e-01
9.995548265640726848e-01
1.011008347747195835e+00
1.017139200065019233e+00
1.022414472588478951e+00
1.027820439555262366e+00
1.023073900082988930e+00
1.024827883961924035e+00
1.025284396871815495e+00
1.022456544190929018e+00
1.014703153387437551e+00
1.013229239275946103e+00
1.012089748696759717e+00
1.005242437600900596e+00
1.005267761975626284e+00
1.001670861490136843e+00
9.996359712435848310e-01
9.991185396131582186e-01
9.975374637527493205e-01
9.969055537806119638e-01
9.966150009273689880e-01
9.942313462934675439e-01
9.963841124619562395e-01
9.962481784871850543e-01
9.952204310644281460e-01
9.968693224098483796e-01
9.965693820808402270e-01
9.996185370307356655e-01
9.955634880326822422e-01
9.992966407437063880e-01
1.000098424870072611e+00
1.000239858821261540e+00
1.001581412866103138e+00
9.980367126495295338e-01
1.000691312740148664e+00
1.000049397847785793e+00
1.001869182045175055e+00
1.000727158979430875e+00
1.001362197338764970e+00
1.001836339538545007e+00
1.002044611133518393e+00
1.001207364873937022e+00
1.001388621192820905e+00
1.000897271685233125e+00
1.002698063132966944e+00
1.003213636768526928e+00
1.003005405065373834e+00
1.000976838820347936e+00
1.000984395629602730e+00
1.000977738768646041e+00
9.990594681949184208e-01
1.001549797986638346e+00
9.995397771761445060e-01
1.000806699490102147e+00
1.001213635651230227e+00
1.000762158165275695e+00
1.000698691374518612e+00
1.002029006877922956e+00
9.994339754233426687e-01
1.000308739773015043e+00
9.993788909433342083e-01
1.001924172118018319e+00
1.000834514744495030e+00
1.000323268335850058e+00
9.986107722085479921e-01
1.000970763840047795e+00
1.000369700773229731e+00
9.995014508402063624e-01
1.000347255175933370e+00
1.001070942950132325e+00
9.999588255115726687e-01
1.000885378133333781e+00
9.991611943978825350e-01
9.987575634284605597e-01
9.996294875446015693e-01
9.981739156562279280e-01
9.987411820863946188e-01
1.000471595473150899e+00
1.000329594073299466e+00
1.001410449139702674e+00
1.002273434644409100e+00
1.002596298418953147e+00
1.002449348390391792e+00
1.002131832297829428e+00
1.001073870574418434e+00
1.002931389999575096e+00
1.001429618791558784e+00
1.001077148723983123e+00
1.000622915042819638e+00
1.000777813175065978e+00
1.000997426168136473e+00
1.000100507385343729e+00
9.995571656672879168e-01
9.997258292002757507e-01
9.982477403816127914e-01
9.985330599353929859e-01
9.984309143014994392e-01
9.980277758785393027e-01
9.996336265803160703e-01
9.992873895614903246e-01
9.997256594780026262e-01
9.998379220669706413e-01
9.989509181170282970e-01
1.000748471359607983e+00
1.000728102666632813e+00
9.999212577114872103e-01
1.000808067849591865e+00
1.000873416325758880e+00
1.001680807081355429e+00
1.002344966063626330e+00
1.000602175343453526e+00
1.001004921878106968e+00
1.001354040236467791e+00
9.993279978026876620e-01
1.001429814570566013e+00
1.000550389780186622e+00
1.000025425952030034e+00
1.001069448371579851e+00
1.000668631655172280e+00
9.998174434349145212e-01
1.000193585036343480e+00
9.995267938266232388e-01
1.000217389438180726e+00
9.992732455259725199e-01
9.998411092804734279e-01
1.000722244668698746e+00
1.000133005846786105e+00
9.993227396557846642e-01
1.000401620498943878e+00
1.000293958976075093e+00
1.000819840765955870e+00
1.001118853551611121e+00
9.998678112064914858e-01
9.997050705893346656e-01
9.999950809902309334e-01
1.000723122152908262e+00
1.000383069480328402e+00
1.000839474330732948e+00
9.999739396198953356e-01
1.000545160137040313e+00
1.000428093886490455e+00
1.000787925078462592e+00
1.000112624026851860e+00
1.000483090285663179e+00
9.996613281456098177e-01
1.000272366271387714e+00
1.000124628707718566e+00
1.000905676922525966e+00
1.000634390377278304e+00
9.994673679217234152e-01
1.000733829314806478e+00
1.000540473740065384e+00
1.000106854807510937e+00
1.000570130820872539e+00
9.993074059843958246e-01
1.000625034441644967e+00
1.001049715437060117e+00
9.992908677750343971e-01
9.995618354036952535e-01
1.000439681888263932e+00
1.000685923517101283e+00
1.000457930988703614e+00
9.998768305090024455e-01
9.999041071000849268e-01
1.000073739379555349e+00
9.994002277268984047e-01
9.998322776254591204e-01
9.995602001109128443e-01
1.000760999880335955e+00
1.001097585099021581e+00
9.994818167846176715e-01
1.000103935099051489e+00
1.000018152307547092e+00
1.000076902722466965e+00
9.988658018316258769e-01
9.999395492872015234e-01
1.000321442582525533e+00
1.000752824059770063e+00
9.996809945962091826e-01
1.000242374972176940e+00
9.997604658511688447e-01
9.998718862762387971e-01
9.995808736751053969e-01
1.000297646346815172e+00
1.000418830944492798e+00
9.995473420382438023e-01
9.997124310671039460e-01
1.000118026713457287e+00
9.996932106743287028e-01
1.000095325126500567e+00
1.000489976649097112e+00
9.992722889559503274e-01
1.000394858858045799e+00
9.995617737650037693e-01
1.000112335819000942e+00
9.996241575824647008e-01
9.998550947433124669e-01
9.995261013853600218e-01
1.000096620182118201e+00
1.000099221040479991e+00
9.997016943873101580e-01
9.999800091167095895e-01
9.995028706520571182e-01
1.000758562050240830e+00
9.999831120116398075e-01
9.997700279149612790e-01
9.995749320577930197e-01
1.000459841623287272e+00
9.996170951176212016e-01
9.999355397721430005e-01
1.000220441427428275e+00
9.996685616024512111e-01
