0.000000000000000000e+00
0.000000000000000000e+00
0.000000000000000000e+00
0.000000000000000000e+00
0.000000000000000000e+00
0.000000000000000000e+00
0.000000000000000000e+00
0.000000000000000000e+00
0.000000000000000000e+00
0.000000000000000000e+00
0.000000000000000000e+00
0.000000000000000000e+00
0.000000000000000000e+00
0.000000000000000000e+00
0.000000000000000000e+00
0.000000000000000000e+00
0.000000000000000000e+00
0.000000000000000000e+00
0.000000000000000000e+00
0.000000000000000000e+00
0.000000000000000000e+00
0.000000000000000000e+00
0.000000000000000000e+00
0.000000000000000000e+00
0.000000000000000000e+00
3.410328295878813781e-02
7.165238086637414350e-01
2.610178547106477343e+00
3.172997509354404500e+00
2.128397481302814587e+00
1.075461945789718987e+00
5.117087119067702528e-01
2.969272239540390879e-01
2.423417607384966699e-01
2.461162496248186227e-01
2.695557549889435189e-01
3.029777008266568705e-01
3.359302619081879215e-01
3.423705108259207930e-01
3.426811137278497621e-01
3.595156056566096159e-01
4.044673887389946265e-01
5.020700378406806053e-01
6.375487828290448133e-01
7.932346100182737780e-01
9.628275815379578884e-01
1.133005546912026373e+00
1.262117034310405783e+00
1.339449621258474332e+00
1.436038256309517980e+00
1.502352069336858609e+00
1.540720723260516678e+00
1.534097639837265215e+00
1.457833776999710285e+00
1.329754742062804196e+00
1.199874957264688735e+00
1.083856695277642723e+00
9.938053456459180479e-01
9.347405306264680025e-01
8.976092483258837351e-01
8.809088631457143714e-01
8.738643686858614812e-01
8.849178152969893185e-01
8.999329772905241276e-01
9.183274991444486668e-01
9.342360805718935568e-01
9.462616055714405672e-01
9.623428358155207141e-01
9.876491186792031307e-01
1.006404196540771068e+00
1.028279500567186755e+00
1.035621927029851674e+00
1.053381304501425753e+00
1.055162383827340955e+00
1.058876467267357624e+00
1.060396949581594805e+00
1.045096899689686110e+00
1.044905709179861475e+00
1.021555934874507354e+00
1.011141160254763305e+00
9.877511740851275812e-01
9.739711600577998230e-01
9.706949764831872551e-01
9.597623322849926364e-01
9.603139490158146829e-01
9.505364111448461051e-01
9.624694505134998579e-01
9.605461155345192958e-01
9.781547402449887185e-01
9.765414467111086516e-01
9.881863454157508997e-01
9.915214662309372873e-01
9.936796014678842548e-01
9.939799437156039419e-01
9.940866650187420994e-01
9.987429257044740938e-01
1.000801391211856517e+00
1.002721904769600547e+00
1.008136464616819827e+00
1.012288304702599895e+00
1.018097352296567726e+00
1.021185202093373601e+00
1.019755067820216521e+00
1.009821171596441358e+00
9.999514707135495062e-01
9.830359582200781654e-01
9.713462638356983314e-01
9.612041753633732144e-01
9.545405372522618448e-01
9.545527809741906067e-01
9.654128613007163517e-01
9.827553184406874198e-01
1.004053192248820947e+00
1.036243244030171207e+00
1.065065364271220449e+00
1.089357609562187523e+00
1.112252191181854810e+00
1.122847110428213169e+00
1.130350223937955256e+00
1.117015505228192707e+00
1.092347360500272924e+00
1.066765138153224823e+00
1.036600605171413614e+00
1.003691753592417024e+00
9.826041360857448170e-01
9.720980499620502924e-01
9.683296918255868135e-01
9.830774310935102012e-01
9.958006746476220084e-01
1.012563661978942431e+00
1.026937863946142837e+00
1.031319934352112444e+00
1.037863495886427678e+00
1.034994535271150706e+00
1.033183322797863291e+00
1.026723410338050702e+00
1.013866640664230712e+00
1.008739366513989655e+00
9.998563874102858184e-01
9.967599281017213153e-01
9.905756291067615571e-01
9.867323258001934327e-01
9.898497178888131520e-01
9.887199187521524824e-01
9.986415024503697557e-01
9.961304848069749696e-01
9.932791017757621743e-01
9.961798829548750289e-01
9.950371042841239522e-01
9.935533255539795716e-01
9.935778285004891464e-01
9.901593925453202605e-01
9.938394297688690759e-01
9.899317717040557740e-01
9.971406361023700260e-01
9.919210820802774053e-01
9.982559457582005358e-01
9.940107185735520545e-01
9.989534606155043850e-01
9.960308078136539400e-01
1.000325869558037262e+00
1.005434704374004617e+00
1.000752160743729746e+00
1.000558862469049126e+00
1.002172094088395360e+00
1.000888499010212263e+00
1.001243730492636930e+00
1.001691147094360801e+00
1.000952730765583887e+00
1.000449422293859358e+00
1.004102670477547088e+00
1.004469976735573367e+00
9.999212882795488477e-01
1.001736171535887454e+00
1.001097329550502346e+00
9.989376839882134762e-01
9.965749069287994644e-01
9.971618870935882173e-01
9.970033346753246484e-01
1.000691795150515429e+00
9.977492171987096814e-01
9.966697469333667403e-01
9.958687950404878642e-01
9.992232696804094205e-01
9.982621536212672453e-01
9.977274756511996801e-01
9.964985252853366671e-01
9.977729359536863241e-01
9.971622653022279570e-01
9.965657314413243206e-01
9.934949579718320711e-01
9.972938269686426604e-01
9.963425677786882373e-01
9.962126990757721456e-01
9.948995429631226628e-01
9.977662660361921176e-01
9.963847641398156929e-01
9.983701238820688051e-01
9.962707250474781562e-01
9.979216282516873981e-01
9.999564025459535266e-01
9.964530705862297832e-01
9.979350068111384475e-01
9.968771144680220742e-01
9.997751476825808004e-01
9.993087507762578037e-01
1.002797751851908448e+00
9.990458333278406933e-01
9.985023104333196065e-01
9.991414491081557214e-01
1.000068954758219997e+00
9.977810534357333117e-01
9.998525716624857562e-01
1.000320839074901880e+00
1.001362163674220707e+00
9.988602602385751039e-01
9.995472191530806461e-01
1.000430431391196917e+00
9.966432241828595551e-01
1.000308216745214640e+00
9.989187703581773325e-01
9.994428219140626402e-01
9.979395750206855320e-01
9.996704373761599038e-01
9.988268969537942299e-01
9.978677229057976161e-01
9.990824283913546378e-01
9.960112545070449741e-01
9.984259904465383473e-01
9.995593308891914663e-01
9.995368553693985136e-01
9.990601647481265335e-01
9.992705291765038300e-01
9.992347077648692233e-01
1.000049098581224261e+00
9.987054007585849380e-01
9.987057620518772216e-01
9.981952567953827904e-01
9.992520454530061658e-01
9.991077845007637626e-01
1.002148120136187703e+00
9.986169973793036503e-01
1.000000174825682153e+00
1.000464635306785421e+00
1.000423918943357027e+00
1.002078187306830293e+00
9.992300718196276410e-01
1.001056516099551708e+00
1.000084786401146175e+00
9.988460030423047531e-01
9.974501607587066276e-01
9.976645627553069051e-01
9.987932688592003894e-01
9.991482446864994316e-01
9.993708196787739473e-01
9.974099728362675332e-01
9.983576220301954018e-01
9.992926831275750210e-01
9.985003014482686234e-01
9.975691645776959549e-01
9.955329949747898644e-01
9.975834046741889338e-01
9.992208954377552743e-01
9.949041443171693366e-01
9.943883778773848769e-01
9.854268520256829200e-01
9.721304787039684037e-01
9.634868923497498239e-01
9.532998269992996043e-01
9.405681115102260126e-01
9.295607240055396847e-01
9.180627527481932670e-01
9.076567240899453548e-01
8.974338865928761511e-01
8.874464913653539178e-01
8.770813647147021053e-01
8.674702280830741685e-01
8.565478127612440318e-01
8.452224298987413009e-01
8.367571390396507658e-01
