0.000000000000000000e+00
0.000000000000000000e+00
0.000000000000000000e+00
0.000000000000000000e+00
0.000000000000000000e+00
0.000000000000000000e+00
0.000000000000000000e+00
0.000000000000000000e+00
0.000000000000000000e+00
0.000000000000000000e+00
0.000000000000000000e+00
0.000000000000000000e+00
0.000000000000000000e+00
0.000000000000000000e+00
0.000000000000000000e+00
0.000000000000000000e+00
0.000000000000000000e+00
0.000000000000000000e+00
0.000000000000000000e+00
0.000000000000000000e+00
0.000000000000000000e+00
0.000000000000000000e+00
0.000000000000000000e+00
0.000000000000000000e+00
0.000000000000000000e+00
2.766845524689857255e-02
6.625520738154838662e-01
2.416598128552684965e+00
2.918977316865359217e+00
1.967702203270091266e+00
9.975647955396237387e-01
4.968743637448826411e-01
2.864192279606444513e-01
2.246191545525984823e-01
2.399165960310959689e-01
2.784741600166736886e-01
3.143838566284680169e-01
3.369510620314159488e-01
3.433272564110385061e-01
3.400148146465294396e-01
3.537397196362216945e-01
3.993127212188931074e-01
4.925788332566060634e-01
6.316454710343163415e-01
7.915304094690689407e-01
9.560340010524734922e-01
1.113356681628095091e+00
1.236087931590841515e+00
1.344109331561106790e+00
1.434115888886334345e+00
1.499207839878281323e+00
1.540272525001881165e+00
1.522166132920582227e+00
1.452769755839431243e+00
1.343397712698519930e+00
1.213312416841932917e+00
1.091455211804452263e+00
1.006666259464403357e+00
9.336001282858039652e-01
8.983961010691176030e-01
8.879478213513635199e-01
8.875073954371955898e-01
8.875425748206976495e-01
8.972101706303526880e-01
9.126782284210542828e-01
9.253422055092606069e-01
9.539306996274115047e-01
9.675254233929987402e-01
9.988420771274448828e-01
1.007345986776872371e+00
1.030588126223450418e+00
1.044833558893019987e+00
1.050971618750807135e+00
1.058417012312238947e+00
1.063081326954465444e+00
1.065452881896109316e+00
1.052836500916488838e+00
1.047152456535356713e+00
1.029463763531145659e+00
1.011579671746600573e+00
1.001546149231980820e+00
9.830539657119109487e-01
9.785677746486501904e-01
9.669361575235875250e-01
9.702562039778150904e-01
9.678792246963741075e-01
9.685379572995005404e-01
9.709612346995555310e-01
9.727796038258381683e-01
9.854020890878179006e-01
9.903356210474897336e-01
9.904765760538046804e-01
9.958433706595987145e-01
9.940924878189831837e-01
9.995144828185409391e-01
9.949635583875252598e-01
1.007965084040365111e+00
1.009103907173758863e+00
1.015743863701140670e+00
1.018157615786181358e+00
1.020834807712883929e+00
1.026027274702950409e+00
1.026374401004082060e+00
1.014862478094807008e+00
1.007533576138459175e+00
9.823158551100574787e-01
9.798522730001605341e-01
9.631440378674622771e-01
9.589211759943806479e-01
9.638190955936323245e-01
9.715206477993385548e-01
9.828953634822937824e-01
1.010540010536604250e+00
1.037875684543215771e+00
1.070169399449295566e+00
1.093393054243539275e+00
1.113642242719924624e+00
1.127034022852352546e+00
1.125437737667504434e+00
1.113058994800341983e+00
1.094208223091534871e+00
1.066639013048133577e+00
1.031451708297776104e+00
1.001978529309156984e+00
9.807532661592418544e-01
9.693907122538891752e-01
9.650970524632338510e-01
9.729197497299283404e-01
9.879885223435534991e-01
1.003345935662659949e+00
1.016184990627726048e+00
1.025761996735388371e+00
1.031522359795863597e+00
1.026389489557908430e+00
1.024319655136554985e+00
1.016833973194468221e+00
1.007530423674644959e+00
9.993308901105651954e-01
9.912187453695078254e-01
9.906327533421938059e-01
9.845126303570030935e-01
9.858314393909684004e-01
9.902685215728326273e-01
9.902662097897253490e-01
9.934206780636535283e-01
9.949537620912886071e-01
9.956438181474289717e-01
9.914745803664628543e-01
9.934676631517490586e-01
9.929949456708285771e-01
9.940890880128969709e-01
9.920128901906046792e-01
9.875604143859160189e-01
9.911145596146532233e-01
9.883238724275655862e-01
9.897114662732485746e-01
9.924334031997167349e-01
9.963489407700607536e-01
9.972072238665772304e-01
9.912464574018206021e-01
9.947249674641311934e-01
9.961710770595967324e-01
9.954585970641485204e-01
9.963960197901643445e-01
9.944745244722169586e-01
9.944025692409830253e-01
9.947423755827425884e-01
9.958329834268977443e-01
9.952661927191499558e-01
9.940397167907494280e-01
9.920874830625151519e-01
9.946635240503410857e-01
9.933822486995063095e-01
9.947234125338875188e-01
9.946802256295144140e-01
9.955611570945744893e-01
9.949798125967473927e-01
9.936476889302884308e-01
9.911213907180783655e-01
9.958811791391521950e-01
9.958630509148983512e-01
9.978374025109570944e-01
9.966845176906806714e-01
9.973043931930077877e-01
9.950621712246918715e-01
9.951794985152809803e-01
9.947784416710647726e-01
9.925300181861148596e-01
9.981563846820697972e-01
1.000310720391601738e+00
9.977286941736263071e-01
9.929075766910465672e-01
9.964424101668851730e-01
9.938838153663277497e-01
9.999356269701930033e-01
9.953623471594978955e-01
9.978346883804931622e-01
9.966606765998642370e-01
9.972556782840709122e-01
9.953324439975747007e-01
9.955897301172165204e-01
9.968596982732368383e-01
9.989608340681052079e-01
9.970553962109724999e-01
9.951260563171193674e-01
9.988029374063274179e-01
9.962109263005952675e-01
9.955826705536696686e-01
9.962839559873689632e-01
9.954239980585115610e-01
9.961869219929716524e-01
9.953793862064709286e-01
9.953213597649024358e-01
9.956826445847682949e-01
9.932200973541530642e-01
9.950123338756010627e-01
9.936620091109550357e-01
9.950177358252080273e-01
9.969578937568874810e-01
9.937970065211080284e-01
9.961082308753592685e-01
9.965999534565554985e-01
9.988280792932329177e-01
9.962008445927650335e-01
9.967570172536314166e-01
9.968245799648751682e-01
9.945831394008911586e-01
9.960610536668800252e-01
9.970931246808032444e-01
9.951462061795983693e-01
9.946409295337081957e-01
9.959884749724189357e-01
9.938839034892508195e-01
9.955655509883170051e-01
9.951078101708275003e-01
9.915447340817901134e-01
9.946426234510094000e-01
9.950355030367703524e-01
9.955433709016108246e-01
9.973081406987457376e-01
9.967497633663455758e-01
9.948814375604190241e-01
9.945319936978682662e-01
9.965371521228151286e-01
9.956990574692703433e-01
9.987857693512309787e-01
9.951557358384351959e-01
9.953809200655010514e-01
9.977241039777513532e-01
9.954593686722236212e-01
9.947021501989081749e-01
9.950545776954319299e-01
9.943824376963481537e-01
9.934806325701045493e-01
9.948191007071545133e-01
9.965949775954912049e-01
9.960841493156084026e-01
9.974312047496115552e-01
9.960237690333503258e-01
9.963383125730199685e-01
9.963179856553499025e-01
9.937093757085250223e-01
9.971068132319801380e-01
9.955830333258363085e-01
9.936812082103877453e-01
9.851191586854904925e-01
9.737320841603229749e-01
9.650798257316480777e-01
9.524495289309378165e-01
9.422490542873325214e-01
9.310487395012996270e-01
9.190413385459550444e-01
9.095267932226892560e-01
8.981141349296322129e-01
8.896252429723360278e-01
8.764258725607489975e-01
8.664571354149541715e-01
8.545337839263063007e-01
8.467411372951992865e-01
8.361504583643430966e-01
