0.000000000000000000e+00
0.000000000000000000e+00
0.000000000000000000e+00
0.000000000000000000e+00
0.000000000000000000e+00
0.000000000000000000e+00
0.000000000000000000e+00
0.000000000000000000e+00
0.000000000000000000e+00
0.000000000000000000e+00
0.000000000000000000e+00
0.000000000000000000e+00
0.000000000000000000e+00
0.000000000000000000e+00
0.000000000000000000e+00
0.000000000000000000e+00
0.000000000000000000e+00
0.000000000000000000e+00
0.000000000000000000e+00
0.000000000000000000e+00
0.000000000000000000e+00
0.000000000000000000e+00
0.000000000000000000e+00
0.000000000000000000e+00
1.545175288186093022e-04
2.867016911833183621e-02
7.278759034058666089e-01
2.653222802723792739e+00
3.224327228413551794e+00
2.171825061743003715e+00
1.089413684804621862e+00
5.194610976381136558e-01
2.989226192002155114e-01
2.424155157579422348e-01
2.373731076447640753e-01
2.712939571057760846e-01
2.869890362963085084e-01
3.230070826885843571e-01
3.299758137977087391e-01
3.362499484168968156e-01
3.656569243558982496e-01
4.098620066095667869e-01
5.103023937351554018e-01
6.498570410545179143e-01
8.097510994374378379e-01
9.747405312908362651e-01
1.120909003763388201e+00
1.244866624538655264e+00
1.352430074567352758e+00
1.429514388069763164e+00
1.495964939020757223e+00
1.527688047953068118e+00
1.520965125235005377e+00
1.433430899701153782e+00
1.320195858816457735e+00
1.203216091653448894e+00
1.077083610163478644e+00
9.857145642081923675e-01
9.330863873745683934e-01
8.902219653528938847e-01
8.729986812467857016e-01
8.811615570243943596e-01
8.808078237281904421e-01
8.931287392308410178e-01
9.142570298672051399e-01
9.164348797829643400e-01
9.412475158129256503e-01
9.653792405383728736e-01
9.937799750553633071e-01
1.000262798349944138e+00
1.027685762969530847e+00
1.040583412280977615e+00
1.052012757258600217e+00
1.069341737777996348e+00
1.070075200625910883e+00
1.061070397597132065e+00
1.050709418158575881e+00
1.050688599454927319e+00
1.020522749777138527e+00
1.022618014433610334e+00
1.000776310693563431e+00
1.001422063767813730e+00
9.784101534057578764e-01
9.763228434775441666e-01
9.742545727411342504e-01
9.751496123067131538e-01
9.799582285341492671e-01
9.820279101978875991e-01
9.967229445784561159e-01
1.008053100387089840e+00
1.002468624595570290e+00
1.007068280139114425e+00
1.007322067027001777e+00
1.012671833518420161e+00
1.015244004976029846e+00
1.013927121547012700e+00
1.019050773955528566e+00
1.016472581912755135e+00
1.025423980540985269e+00
1.036079433973222885e+00
1.036181891496872121e+00
1.037510829426667502e+00
1.035686119454931831e+00
1.028637517448162342e+00
1.013555563050098307e+00
1.002008200957475337e+00
9.835413345987555900e-01
9.745671423540883671e-01
9.609958586017209869e-01
9.626480748880863469e-01
9.771653975286777039e-01
9.875920967412866736e-01
1.012212531665481530e+00
1.041907594694755135e+00
1.070040396833312091e+00
1.095697943231572768e+00
1.113663710309964028e+00
1.128402677464704906e+00
1.132803387978889464e+00
1.113956251155057586e+00
1.098406187067004103e+00
1.069786771368697043e+00
1.037266059481064762e+00
1.008828814130700469e+00
9.879002858574340573e-01
9.812836438057749300e-01
9.701724690034585485e-01
9.813308673856872000e-01
9.925650702763350042e-01
1.011467615890093263e+00
1.022519243401364575e+00
1.034680019129631257e+00
1.038332671984175892e+00
1.034192374813825310e+00
1.030870135184024372e+00
1.025239204688821681e+00
1.017790088882446264e+00
1.004011235035946914e+00
9.981053128498191818e-01
9.961450557137893069e-01
9.919260029043232008e-01
9.888937890664630803e-01
9.956107941369085612e-01
9.940178210745584941e-01
9.953899225450404398e-01
9.992507819632481247e-01
9.997716731007042501e-01
1.000531985938580393e+00
9.974879528330986567e-01
9.955935126142295699e-01
9.950495167185466894e-01
1.000248812185490666e+00
9.976521086009063621e-01
9.952859718430389080e-01
9.938338517977225450e-01
9.959964343021913136e-01
9.976781127159164431e-01
1.001749825635629643e+00
9.962461833344697926e-01
9.984694583235758092e-01
1.000466525022365438e+00
9.997130163785862278e-01
9.982980100854357275e-01
9.972799453107555889e-01
9.992191075507838027e-01
9.989220548940510591e-01
9.992392901921142156e-01
9.979436512957146066e-01
9.974838863896600127e-01
1.001937688888591138e+00
9.994985406980542164e-01
9.990191406781281369e-01
9.978009381758031759e-01
9.997461017432064390e-01
1.000271343065634255e+00
9.995843103699099119e-01
9.998133574914231936e-01
9.982749815129078330e-01
9.974098564332624095e-01
1.000106486328981914e+00
9.989183251599164093e-01
1.002595209048388725e+00
1.000436177482432187e+00
9.990964936997608348e-01
9.985118142033209132e-01
9.998225864557797049e-01
9.978289225450313049e-01
9.960397982626022495e-01
9.950964949677755245e-01
9.955641446201060063e-01
9.985411608779701798e-01
9.999651153949269400e-01
9.943866255793304409e-01
9.949097981327644780e-01
9.966104075372320681e-01
9.956054801534176546e-01
9.983963488910450046e-01
1.000777766365274379e+00
9.971350510665211164e-01
9.997308353166022288e-01
9.981364751442481920e-01
9.986880024779821730e-01
9.978656775820730074e-01
9.978086713605405222e-01
9.983660521265367294e-01
9.986654663358238704e-01
9.990732456354297630e-01
9.976041432428160993e-01
9.984729282477667889e-01
9.995903899889807542e-01
9.960631979253605772e-01
9.956684336511765210e-01
9.962373822333132622e-01
9.964325079448919098e-01
9.955303037141166600e-01
9.966432835172556182e-01
9.959853614852222092e-01
9.952895320904062704e-01
9.981164415116439148e-01
9.970558539738525461e-01
9.975588576368440430e-01
9.954691658566412471e-01
9.981209678482321213e-01
9.985425693071634523e-01
9.962906685302894694e-01
9.977260921428364737e-01
9.936259373941342954e-01
9.972140028786192767e-01
9.980754743057931311e-01
9.990355590855579671e-01
9.999641454248686667e-01
9.982206140004623585e-01
9.977330115987630421e-01
9.962099231855828796e-01
9.948316647883833630e-01
9.965200671452497660e-01
9.961243858891383196e-01
9.952000833316628770e-01
9.974933053104478864e-01
9.961169973616154083e-01
9.979205240446610281e-01
9.972663699331176801e-01
9.986712330022258222e-01
9.994593407192453594e-01
9.975477379100343711e-01
9.969191998711227631e-01
9.974496231161328330e-01
9.969667451719497198e-01
9.987200735868080326e-01
9.958773166205082683e-01
9.961228352798127128e-01
9.968051934141451964e-01
9.974469704718068597e-01
9.952544650799621806e-01
9.976384658777153192e-01
9.970132973345930960e-01
9.972628322323005001e-01
9.984227449793720011e-01
9.966932731848524574e-01
9.958327196898285605e-01
9.944597751764086002e-01
9.954186636198615323e-01
9.961819830554118349e-01
9.967727994351913701e-01
9.928379696483444761e-01
9.843887243538854692e-01
9.729883650489485891e-01
9.624151184779951018e-01
9.516645773274639009e-01
9.408258488084646487e-01
9.286847225796575067e-01
9.200805405438786666e-01
9.087854211547237160e-01
8.970787505527115790e-01
8.876997039621542518e-01
8.766608209220025927e-01
8.672262522319889033e-01
8.548112443363302670e-01
8.444678063695081338e-01
8.341184425410232972e-01
