0.000000000000000000e+00
0.000000000000000000e+00
0.000000000000000000e+00
0.000000000000000000e+00
0.000000000000000000e+00
0.000000000000000000e+00
0.000000000000000000e+00
0.000000000000000000e+00
0.000000000000000000e+00
0.000000000000000000e+00
0.000000000000000000e+00
0.000000000000000000e+00
0.000000000000000000e+00
0.000000000000000000e+00
0.000000000000000000e+00
0.000000000000000000e+00
0.000000000000000000e+00
0.000000000000000000e+00
0.000000000000000000e+00
0.000000000000000000e+00
0.000000000000000000e+00
0.000000000000000000e+00
0.000000000000000000e+00
0.000000000000000000e+00
0.000000000000000000e+00
2.694954297320236933e-02
6.286088856247820100e-01
2.336015614331875767e+00
2.823486379513631572e+00
1.889605701909565338e+00
9.698395118382867608e-01
4.607899916610755375e-01
2.800369336994629754e-01
2.280409467872601126e-01
2.418124917058017409e-01
2.829023379499291391e-01
3.138985166343507549e-01
3.276471096300642705e-01
3.410637693726034092e-01
3.296006761066300195e-01
3.567727573849582834e-01
4.000342921772946370e-01
4.976063702928238408e-01
6.380268563451954034e-01
8.020830279210774405e-01
9.789398831521226585e-01
1.126711268108605557e+00
1.249918274186678557e+00
1.361677408528343625e+00
1.434223183828081449e+00
1.532845437757651919e+00
1.566197197495493576e+00
1.553193384941860433e+00
1.460977167363862739e+00
1.342234131467508140e+00
1.212388704843511578e+00
1.105918375399952414e+00
1.005551876117064980e+00
9.330738256905468653e-01
8.985954256516908156e-01
8.760774989317099415e-01
8.773132733329735977e-01
8.832445570382847500e-01
8.961889709581986052e-01
9.084917898101730893e-01
9.201500052745774649e-01
9.393615206076715296e-01
9.706547132076401851e-01
9.791412730921713603e-01
1.014520048413038333e+00
1.023033905246953479e+00
1.037153429964434936e+00
1.054379387389345002e+00
1.060506244758883776e+00
1.059761424663014706e+00
1.062636761528647611e+00
1.057410741162486678e+00
1.041785687040797992e+00
1.024441626711343867e+00
1.016408843552599750e+00
9.963506079981830910e-01
9.832749379291116920e-01
9.796921098655976268e-01
9.613945741754266194e-01
9.644497791828979816e-01
9.601485172532732149e-01
9.610791704306157479e-01
9.650353147874519699e-01
9.800289140167713908e-01
9.825387711529757206e-01
9.844612333427341655e-01
9.889229854038329437e-01
9.945992244457572129e-01
9.876837331486906235e-01
9.954467247515789152e-01
9.966911808519054450e-01
1.000289453697457809e+00
1.000292623083528731e+00
1.004371279221485391e+00
1.011831308812172425e+00
1.017686121800776444e+00
1.020621641379847899e+00
1.018827502615919922e+00
1.012280597271830507e+00
1.000073156558912713e+00
9.904189337252691239e-01
9.673694790067509652e-01
9.607940401881044368e-01
9.559339731550793307e-01
9.539905539724952144e-01
9.643775644299517058e-01
9.815423834801245695e-01
1.004702581934949546e+00
1.034513598459237294e+00
1.061634963224439954e+00
1.089431637610825065e+00
1.112151976226537053e+00
1.123406044833360706e+00
1.123900930416855015e+00
1.110578875917290764e+00
1.089259380443028169e+00
1.060736907595990708e+00
1.030617706107072484e+00
1.004066888988201844e+00
9.801590729707432281e-01
9.692937126456735442e-01
9.733669817605629104e-01
9.794126886947355226e-01
9.906734416413112143e-01
1.007282392270895555e+00
1.024286092814311155e+00
1.032190559821311249e+00
1.040585724516969401e+00
1.033655586903943657e+00
1.023248039981964563e+00
1.023014028596951119e+00
1.013260730811452959e+00
1.004299913669397748e+00
9.961680994128935263e-01
9.917487862498828299e-01
9.878048788860614993e-01
9.854476724540005561e-01
9.887810751709041890e-01
9.909534861585680421e-01
9.944679027559509832e-01
9.925054684730533205e-01
9.934936489301611218e-01
9.926760290599470071e-01
9.942249785199888112e-01
9.923578003359208033e-01
9.897522149800187519e-01
9.905507426320747655e-01
9.878340929031130813e-01
9.863829846360583353e-01
9.901193642442418508e-01
9.876574332464846950e-01
9.920454131234265338e-01
9.926540007504482954e-01
9.956303204543744956e-01
9.975720945922091909e-01
9.976352415272388141e-01
9.972612474995112830e-01
9.960623434372990470e-01
9.990154093940948332e-01
9.965390980643163976e-01
1.000498968463386040e+00
9.988765470856915130e-01
1.002007329688173964e+00
9.960903622148462588e-01
9.963043693015338764e-01
9.986331047665781835e-01
9.960886703486488969e-01
9.981419104213488103e-01
9.985230217090906857e-01
9.971610255138678713e-01
9.959006273343321558e-01
9.967241042762614578e-01
9.967741925352300303e-01
9.961872544314989142e-01
9.956349498135845799e-01
9.938439736100688204e-01
9.954014115724497680e-01
9.965950621560767386e-01
9.956905207249481249e-01
9.950793298839214485e-01
9.935826138640913019e-01
9.926872150868657485e-01
9.924084880322079361e-01
9.945929912597580858e-01
9.932830957371052705e-01
9.926331834663264519e-01
9.926380163140740009e-01
9.935626227536350497e-01
9.901924735654558107e-01
9.948422191860821773e-01
9.938037590997192972e-01
9.898217211734968712e-01
9.928181236038478019e-01
9.933176644194114946e-01
9.939297378070447442e-01
9.943510357100601160e-01
9.903116976666677118e-01
9.937682892183801187e-01
9.944446115319308666e-01
9.931954038265279339e-01
9.944156369397539885e-01
9.908119749607375848e-01
9.931713728760962479e-01
9.949152872815693049e-01
9.940474900072152620e-01
9.942436607167987050e-01
9.940102496892702089e-01
9.941581656732676464e-01
9.924165675715567181e-01
9.950336340596015461e-01
9.925375947822304701e-01
9.971751784315388001e-01
9.949268451751960285e-01
9.969625735562888114e-01
9.949320768316795016e-01
9.958840747279139594e-01
9.970864428216249520e-01
9.977587321332689330e-01
9.976680964651248873e-01
9.967667243305278202e-01
9.998521831545227334e-01
1.001389342836095597e+00
9.990248964629125927e-01
9.999881369765571959e-01
9.993456060788246109e-01
9.991827104884665189e-01
9.985043039686321009e-01
9.963304317164317636e-01
9.964327516720059563e-01
9.961665752894834913e-01
9.959425463386794020e-01
9.976910991852129262e-01
9.952682780806243468e-01
9.971074509001794928e-01
9.966988015411758495e-01
9.967386149864230216e-01
9.960074322350104259e-01
9.972964594119015924e-01
9.967353266136461665e-01
9.980750266710004537e-01
9.974350954475724729e-01
9.956143439415078289e-01
9.983666751475942513e-01
9.956230482308021656e-01
9.972365492201339388e-01
9.968508023500249893e-01
9.942171131634116588e-01
9.944198115068739741e-01
9.966302334475587443e-01
9.972992021937963081e-01
9.989258006283880942e-01
9.959146370757687716e-01
9.980540169929826844e-01
9.980420197721462383e-01
9.981547948643147983e-01
9.993405589944959200e-01
9.977912983812505798e-01
9.970965331653235397e-01
9.977364769283229018e-01
9.957588691429225536e-01
9.840912867147073584e-01
9.730444131956321741e-01
9.645427279834396517e-01
9.535241672634497956e-01
9.420000756226724059e-01
9.326122640975992306e-01
9.212461300002362519e-01
9.100276571810210768e-01
8.989297302391844324e-01
8.910285097298425994e-01
8.795369828255386047e-01
8.682450960338055079e-01
8.574637325597656012e-01
8.458915721342263883e-01
8.372974017430124816e-01
