0.000000000000000000e+00
0.000000000000000000e+00
0.000000000000000000e+00
0.000000000000000000e+00
0.000000000000000000e+00
0.000000000000000000e+00
0.000000000000000000e+00
0.000000000000000000e+00
0.000000000000000000e+00
0.000000000000000000e+00
0.000000000000000000e+00
0.000000000000000000e+00
0.000000000000000000e+00
0.000000000000000000e+00
0.000000000000000000e+00
0.000000000000000000e+00
0.000000000000000000e+00
0.000000000000000000e+00
0.000000000000000000e+00
0.000000000000000000e+00
0.000000000000000000e+00
0.000000000000000000e+00
0.000000000000000000e+00
0.000000000000000000e+00
0.000000000000000000e+00
2.951929099699153458e-02
6.880965553670076451e-01
2.528529777775914145e+00
3.097784038288621478e+00
2.074470732259689587e+00
1.040818745642909215e+00
5.043899557793302124e-01
2.869146042662792384e-01
2.307093224583652014e-01
2.396565632669792612e-01
2.693927463241884701e-01
3.119131192719658552e-01
3.416621843268383696e-01
3.436650090177191808e-01
3.567386760170909721e-01
3.688530963719443001e-01
4.261381641781175622e-01
5.191713952122645193e-01
6.433873533758928120e-01
8.120492825075892318e-01
9.697709208291365179e-01
1.140941132676308145e+00
1.250256115874377683e+00
1.370297964677501534e+00
1.462079983911018788e+00
1.521989352477777224e+00
1.541886950091678310e+00
1.531925003374160488e+00
1.466931526469362979e+00
1.346216590366579702e+00
1.213360069132413566e+00
1.091480832083906671e+00
9.979166751293006010e-01
9.387549532686856324e-01
8.998169685941374007e-01
8.791346495442305953e-01
8.864048149574551561e-01
8.932856205666319660e-01
8.930179459799963970e-01
9.164123636744171408e-01
9.293910997636273263e-01
9.573073321739302699e-01
9.626768208272452609e-01
9.879610173647963567e-01
1.007907560163918692e+00
1.018701395491257822e+00
1.040238297395984945e+00
1.056290668157636725e+00
1.054610128816309889e+00
1.052805681226468337e+00
1.055379228287967708e+00
1.048157209979624804e+00
1.038282897472183830e+00
1.019357955278298311e+00
1.009194410044329526e+00
9.948818664157944580e-01
9.724467086181227682e-01
9.736506457072653387e-01
9.674420295989971663e-01
9.609021667388162324e-01
9.636500923737114643e-01
9.645770563363165184e-01
9.750337824567006928e-01
9.799195358120362798e-01
9.800493956636112669e-01
9.840898831707574068e-01
9.895372283457748441e-01
9.950622055191757909e-01
1.001748772015399025e+00
9.974317867692467088e-01
1.000182842369964797e+00
9.995488447514195851e-01
1.006993379265406441e+00
1.010164993812652012e+00
1.013390387688420935e+00
1.017343947925215097e+00
1.020144568895819726e+00
1.017037529270599538e+00
1.013461285331198614e+00
1.003406185587572441e+00
9.909903968245115102e-01
9.790743947351261411e-01
9.690573066468914920e-01
9.539475414503775230e-01
9.601013716405892851e-01
9.686342841749701060e-01
9.836380284216845737e-01
1.010883557473075012e+00
1.038323450284108995e+00
1.066953736479299364e+00
1.090381206673074477e+00
1.114695466596438367e+00
1.124055644954566446e+00
1.121741405610346742e+00
1.112781127784879809e+00
1.089783466792509259e+00
1.065397571400743981e+00
1.041622371776453004e+00
1.007705927835801818e+00
9.818723124499117993e-01
9.720931231858126464e-01
9.695407071603752147e-01
9.807657552078735685e-01
9.909805172535270934e-01
1.002107825548257392e+00
1.025450987206234732e+00
1.033662072060765880e+00
1.036955896490991291e+00
1.037496028306737816e+00
1.032133021552205765e+00
1.024248743766304370e+00
1.016837267166408321e+00
1.003072001509035305e+00
9.963509192768121858e-01
9.915249537045871531e-01
9.815389099218160274e-01
9.871777904325866881e-01
9.910048899082567475e-01
9.901306437482053635e-01
9.928676336451844886e-01
9.906348478212985142e-01
1.000884210621926229e+00
9.951980810299542179e-01
9.937667011246493765e-01
9.941807221263300187e-01
9.936525678566882069e-01
9.920415347295358233e-01
9.937329082252217560e-01
9.917773753852201502e-01
9.903329739472034321e-01
9.943166749084938472e-01
9.963610628377711498e-01
9.970360518083438706e-01
9.974633848597599384e-01
9.994967774848122488e-01
9.996129373244383443e-01
1.002554594547425459e+00
1.000087269863682682e+00
9.996554388173215511e-01
1.001274738436430001e+00
1.003232350812260698e+00
9.990157519010273157e-01
1.000930033857070800e+00
9.993250379471632083e-01
9.991826836846479098e-01
1.002059856547298455e+00
1.000015722125320083e+00
1.001925266022254846e+00
9.978092278225838552e-01
9.987955098916966312e-01
9.984028494772533291e-01
1.002164438417945114e+00
9.995848580977391151e-01
9.999601740366295122e-01
9.975681015877664315e-01
9.997134193768024701e-01
1.000703749649867857e+00
1.001395212373324739e+00
9.973851187477881242e-01
9.977374826182666689e-01
9.989837716446102744e-01
1.000697960991344004e+00
9.986468088979427726e-01
9.954212713013632641e-01
1.000513566356786122e+00
9.953806896700966300e-01
9.992069962470405686e-01
9.992488370064428471e-01
9.980054220578282731e-01
9.975338730436491552e-01
9.977331093854050481e-01
9.972329358693551304e-01
9.951748086220496559e-01
9.970663425755144083e-01
9.979403058037590313e-01
9.987795695730690149e-01
9.959578387892471518e-01
9.986229128320512904e-01
9.985562744650593459e-01
9.991262007766269493e-01
9.976437339904686841e-01
9.944901618847978853e-01
9.947605880614940332e-01
9.964051522799903804e-01
9.948943985408026380e-01
9.986458242698054155e-01
9.957802992715947266e-01
9.984880331747161275e-01
9.975429814837285525e-01
9.935284701174090793e-01
9.937050745646119898e-01
9.975419230072483101e-01
9.966671805649318650e-01
9.996147803170805091e-01
9.929181267659643595e-01
9.963557400293590050e-01
9.952998462857314266e-01
9.964743652946962404e-01
9.954566965421070002e-01
9.974445190865028898e-01
9.958873107429355720e-01
9.960793897596215141e-01
9.968926096319122854e-01
9.963621528398290961e-01
9.950212801883441260e-01
9.966824075058376975e-01
9.972533122217501766e-01
9.959864169709333748e-01
9.974006370335163352e-01
9.944472513286196635e-01
9.941316418539206667e-01
9.944788826537458437e-01
9.931540331895416518e-01
9.940875379446969529e-01
9.956272820556359981e-01
9.960600792798310898e-01
9.939280206842491250e-01
9.950538050115386168e-01
9.947292747258382750e-01
9.972421188627459410e-01
9.933537560411231926e-01
9.938057818115775266e-01
9.939773611233541084e-01
9.930807443718724370e-01
9.954187864967051214e-01
9.924471572084164750e-01
9.934983633008915849e-01
9.939490631658238762e-01
9.945897649526558304e-01
9.944279844967451876e-01
9.944527797063639207e-01
9.968996660271275401e-01
9.954196783554749572e-01
9.942088970745693866e-01
9.971862554411539126e-01
9.959518490671932511e-01
9.956754590498995139e-01
9.945897061703399267e-01
9.948047193944113964e-01
9.960101087959827293e-01
9.828245601608183168e-01
9.723091060552301323e-01
9.618946151262177668e-01
9.501234840620224054e-01
9.402521452725751683e-01
9.304942007202146037e-01
9.190815139988163240e-01
9.075699402145355199e-01
8.980652843046257328e-01
8.871966008380745006e-01
8.770580460512761301e-01
8.664191758266380772e-01
8.565898449135437298e-01
8.464235343434626246e-01
8.348336629098013217e-01
