0.000000000000000000e+00
0.000000000000000000e+00
0.000000000000000000e+00
0.000000000000000000e+00
0.000000000000000000e+00
0.000000000000000000e+00
0.000000000000000000e+00
0.000000000000000000e+00
0.000000000000000000e+00
0.000000000000000000e+00
0.000000000000000000e+00
0.000000000000000000e+00
0.000000000000000000e+00
0.000000000000000000e+00
0.000000000000000000e+00
0.000000000000000000e+00
0.000000000000000000e+00
0.000000000000000000e+00
0.000000000000000000e+00
0.000000000000000000e+00
0.000000000000000000e+00
0.000000000000000000e+00
0.000000000000000000e+00
0.000000000000000000e+00
0.000000000000000000e+00
2.395085093794017267e-02
6.612343884648274051e-01
2.476813433087023508e+00
3.049649022039938817e+00
2.000055325974407605e+00
1.037033821578417170e+00
4.939686775621898729e-01
2.877104561484434830e-01
2.144522006786380164e-01
2.243218474853202471e-01
2.539411284824639736e-01
2.889296637165869042e-01
3.194793704385747724e-01
3.399392833422643645e-01
3.323936790399883989e-01
3.532609136554084039e-01
4.043766343088123216e-01
5.076285926056260944e-01
6.274764788937946536e-01
7.830247861503012441e-01
9.655534186555383425e-01
1.122950301346409052e+00
1.248831089726426979e+00
1.345076330922836627e+00
1.440814423969869029e+00
1.509776512074462174e+00
1.548578078212577314e+00
1.531252526447430373e+00
1.465476529353741508e+00
1.328009640115030088e+00
1.216324802820247131e+00
1.101944363508911673e+00
9.916311169836233841e-01
9.260252810495868125e-01
8.868590591208771468e-01
8.766548569428762594e-01
8.677920724743558578e-01
8.773898151867468576e-01
8.888544204856941855e-01
9.049859721521619216e-01
9.258628443735388291e-01
9.403041155102197513e-01
9.661056192158421485e-01
9.874815903948003237e-01
1.003704408289730177e+00
1.023092834563717579e+00
1.045654213415539990e+00
1.062603820926910192e+00
1.069978124266325770e+00
1.065200620709616075e+00
1.059355785459019650e+00
1.057141794005637125e+00
1.041861169226725004e+00
1.034578921742982827e+00
1.020187160667132886e+00
9.985611073576767804e-01
9.922410752699918346e-01
9.772823446265798131e-01
9.749849650950506152e-01
9.670034938537382940e-01
9.674970538212086524e-01
9.678209660302826700e-01
9.775408195813987122e-01
9.873698157559626098e-01
9.840754758529326462e-01
9.976874574138315799e-01
9.955892180821505066e-01
9.991993362433364556e-01
9.974436146868728148e-01
1.006106890334967918e+00
1.011394914274622137e+00
1.015243236752701783e+00
1.014713257022340054e+00
1.026303407894748609e+00
1.031999432003117834e+00
1.041902228979545209e+00
1.044763802759584914e+00
1.041650500591434270e+00
1.027444151985992482e+00
1.018053990550708887e+00
1.005759812530373720e+00
9.854897601277220476e-01
9.767876445327836610e-01
9.708915251188104945e-01
9.673898034907689736e-01
9.794211310560066996e-01
9.908596975237988769e-01
1.018858390139382397e+00
1.044051155247476048e+00
1.072130057325883845e+00
1.100140610841628508e+00
1.118066288178457546e+00
1.131638960117427040e+00
1.128301206647070121e+00
1.115813789840261139e+00
1.103341125207837781e+00
1.066808211384134619e+00
1.045273194779352544e+00
1.013108127501774147e+00
9.840087163638613355e-01
9.727576518224773094e-01
9.696928642949476096e-01
9.806057370564634779e-01
9.914277484132921758e-01
1.009489956119757670e+00
1.024145853565321174e+00
1.034450237349821888e+00
1.034753648872442477e+00
1.041528248758717856e+00
1.032315213606196380e+00
1.027728691342658651e+00
1.018841126094276239e+00
1.005218178455460132e+00
9.980628504602272466e-01
9.922378320584084310e-01
9.895814618707321486e-01
9.872249434697646375e-01
9.898683786117526973e-01
9.918697535496772133e-01
9.919583148221794433e-01
9.961331247721841864e-01
1.000490687440054316e+00
9.983532031341302293e-01
9.999452058381236297e-01
9.996839001956581150e-01
1.002390727414943283e+00
9.992436076481685525e-01
9.998519571417694429e-01
9.967592908094148330e-01
9.952512529900818805e-01
9.964332900160329798e-01
1.000157541908740066e+00
1.000302280093566365e+00
1.005777748766345070e+00
1.004233616718046118e+00
1.003038465226948617e+00
1.005314957489955807e+00
1.003586905053274858e+00
1.001527516515570371e+00
1.003349762350482344e+00
1.005190366592479956e+00
9.949415560584686791e-01
1.000627971450872566e+00
9.994938575917831081e-01
1.001501879946293583e+00
9.998412687315824110e-01
1.002267990391733310e+00
1.003019737866222005e+00
1.000817074389249051e+00
1.001951178442999080e+00
1.003406914733623534e+00
1.003500557065176491e+00
1.002998708859013322e+00
1.000838849890534732e+00
9.984086296818075468e-01
1.002771947891590187e+00
1.002309584182904612e+00
1.003422786505007158e+00
1.002026481667562141e+00
1.000672227296706573e+00
1.003758832491688624e+00
1.004656064166434826e+00
1.006197060721583325e+00
1.005480567066886488e+00
1.006194763071085907e+00
1.000914010403162635e+00
1.002221231903482224e+00
1.002313939161680212e+00
1.002685487098014194e+00
1.003530697603176813e+00
1.001962877182042799e+00
1.001308962991150464e+00
1.002040653190620523e+00
1.002546805912847949e+00
1.000299591095267449e+00
1.000987766645661914e+00
1.000503272117374109e+00
1.002948169964783309e+00
1.001170676051337027e+00
1.000313245225532999e+00
9.997675385458124619e-01
9.973460565838997427e-01
9.961994727448653109e-01
9.974346618309032353e-01
9.964124690293817421e-01
9.953311554937278594e-01
9.934173601662895647e-01
9.979198501918770114e-01
9.952793254169510773e-01
9.952802729453437136e-01
9.969552631562854650e-01
9.922292182557971296e-01
9.944876579470653954e-01
9.937697364224724605e-01
9.943975523707914155e-01
9.958846284825098039e-01
9.939274291564291763e-01
9.938921950071646361e-01
9.982110879071144360e-01
9.949708959413885445e-01
9.967263516095062892e-01
9.913332125973404185e-01
9.946341372560631999e-01
9.969640009200827491e-01
9.959590602401605652e-01
9.950578897963600067e-01
9.953322457094612163e-01
9.947469514434286175e-01
9.922765191582734179e-01
9.944501836921413318e-01
9.967217394830316657e-01
9.951516297369501496e-01
9.969487059294832587e-01
9.975218321133828558e-01
9.957069345646555325e-01
9.953735914702183107e-01
9.964995642169517387e-01
9.968684064011111845e-01
9.983500244240827159e-01
9.971189271045651781e-01
9.961146949316036503e-01
9.986094749410217020e-01
9.955055240329565569e-01
9.987069258693401785e-01
9.973480403615181400e-01
9.974491057190864041e-01
9.973880420051359774e-01
9.976194868623813328e-01
9.979677345851303283e-01
9.971488813653845984e-01
9.969698243627778123e-01
9.972761907304111828e-01
9.961942051889521865e-01
9.984290279065054508e-01
9.995865536113511807e-01
1.000744732464571074e+00
9.973085556702614429e-01
9.998938991634308548e-01
9.958335485739505666e-01
9.968378524603874746e-01
9.874265039358690599e-01
9.756843174172312727e-01
9.631905822751638535e-01
9.555586520096327474e-01
9.437330722972518959e-01
9.310320994058930433e-01
9.201161034322283827e-01
9.102426849814939658e-01
8.973294184316968902e-01
8.907788062505930249e-01
8.788074880090280816e-01
8.668147450796256370e-01
8.569258029376261021e-01
8.446508221228182789e-01
8.384111216287536417e-01
