0.000000000000000000e+00
0.000000000000000000e+00
0.000000000000000000e+00
0.000000000000000000e+00
0.000000000000000000e+00
0.000000000000000000e+00
0.000000000000000000e+00
0.000000000000000000e+00
0.000000000000000000e+00
0.000000000000000000e+00
0.000000000000000000e+00
0.000000000000000000e+00
0.000000000000000000e+00
0.000000000000000000e+00
0.000000000000000000e+00
0.000000000000000000e+00
0.000000000000000000e+00
0.000000000000000000e+00
0.000000000000000000e+00
0.000000000000000000e+00
0.000000000000000000e+00
0.000000000000000000e+00
0.000000000000000000e+00
0.000000000000000000e+00
0.000000000000000000e+00
2.367556295993538187e-02
6.751119655299062661e-01
2.479192382762434033e+00
3.035388573580078297e+00
2.006322198718081928e+00
1.008652128568408024e+00
4.950153173957773656e-01
2.815080216317673578e-01
2.399954408027555885e-01
2.523890992390626642e-01
2.627308280549192632e-01
3.093779788154400467e-01
3.209312998102412107e-01
3.304445046630301031e-01
3.309863482063544748e-01
3.504674613462602784e-01
4.057295601659285933e-01
5.125637759693270068e-01
6.466572694050440884e-01
8.086892686712928713e-01
9.901026896507280073e-01
1.150012105403482865e+00
1.274015128494341509e+00
1.376943277610144456e+00
1.474535161173973430e+00
1.538844894157854526e+00
1.586430507944618595e+00
1.569948437598509328e+00
1.462164967016809536e+00
1.359788363737977068e+00
1.231133502781619482e+00
1.112600882737882602e+00
1.009212005479728447e+00
9.564396947796756088e-01
9.184046172464678248e-01
9.021314042675142586e-01
8.875013540604524964e-01
8.947555726754837790e-01
9.092820745290740581e-01
9.258733554870031135e-01
9.456401716050601980e-01
9.582292158451646280e-01
9.775408344352883860e-01
9.982303348832305412e-01
1.013646085189236379e+00
1.031262733798700371e+00
1.049227779139027872e+00
1.053234541228993182e+00
1.064722933600158239e+00
1.073297332517762381e+00
1.062920440897449081e+00
1.056408579142002813e+00
1.045290272086149663e+00
1.031998820379006476e+00
1.015489702611033440e+00
1.010412443859884046e+00
9.865933463394460645e-01
9.808775660734913027e-01
9.733284373281730906e-01
9.601182143421481685e-01
9.736089519534922854e-01
9.687688626696232541e-01
9.783955605349319296e-01
9.866435420727063255e-01
9.882826654196349425e-01
9.985892997619848499e-01
9.985845209076792406e-01
1.006910354452062339e+00
1.003958939836518294e+00
1.006431795146407904e+00
1.008347552040444572e+00
1.006840646365037673e+00
1.016374353214180459e+00
1.018154983260724178e+00
1.027416336640032402e+00
1.031719753303548703e+00
1.028200384276558799e+00
1.027931898222940843e+00
1.015091416170187832e+00
1.013032935713239491e+00
9.989030275995813835e-01
9.792511797505403237e-01
9.638623707579808686e-01
9.566326261944789744e-01
9.671190829333142780e-01
9.723688726677250926e-01
9.912642779186068287e-01
1.010553725294430327e+00
1.043902113885343264e+00
1.076672206384976960e+00
1.098157652412778740e+00
1.118524393060946975e+00
1.135817963490702853e+00
1.134516965193755222e+00
1.123149671970415708e+00
1.104758111490911743e+00
1.073962174382245616e+00
1.046344498756577979e+00
1.014429443484142546e+00
9.906651414382178222e-01
9.825962767295752798e-01
9.751562041093461142e-01
9.849275946241072832e-01
9.984402342434000044e-01
1.013062290168992963e+00
1.032670450348244451e+00
1.039858035237608558e+00
1.046125383825120547e+00
1.045875005711015993e+00
1.037184663224426151e+00
1.028610727646034340e+00
1.016656294311879094e+00
1.011645948824945407e+00
1.006137061724114989e+00
1.000147777237132996e+00
9.954575096507074505e-01
9.964464499905671957e-01
9.890604338710982102e-01
9.969396111830106655e-01
9.984298717352054764e-01
1.000836627247082999e+00
9.978815664970686061e-01
1.001594906324889012e+00
1.002497694766945058e+00
1.002369640518713023e+00
9.965299323238300255e-01
9.987862538360150477e-01
9.955017280359584886e-01
9.996892068372036366e-01
9.941419240905371435e-01
1.000944377532596574e+00
9.975476170377125529e-01
1.000224688149233820e+00
1.002212265032421001e+00
1.001705327293025638e+00
1.001810089351661270e+00
1.005562313740330227e+00
1.002634351578037819e+00
1.001239645465136885e+00
1.000387345032895059e+00
1.000508534609656275e+00
9.973460385397463490e-01
9.965281359428123098e-01
1.002529490469743267e+00
9.959845439904699838e-01
9.962464062763005668e-01
1.000420531566250215e+00
9.962893566666938261e-01
9.998990713462515556e-01
9.959345865838310496e-01
9.969340207550581034e-01
9.970728045904406756e-01
9.970156512622422307e-01
9.978141716485251500e-01
9.959997934386088936e-01
1.000438833931031946e+00
9.972697169735642575e-01
9.984959294505297844e-01
9.992478561655125935e-01
9.978785358159563135e-01
9.980844071644933146e-01
9.973884948802365091e-01
9.970938442217934794e-01
9.948045531350105941e-01
9.978726230600084568e-01
9.966197800396979778e-01
9.979487902860355586e-01
9.980400679096473882e-01
9.923636783363958269e-01
9.953568405759989357e-01
9.937304244683619059e-01
9.922800504108103548e-01
9.956161328863337712e-01
9.955274236359161755e-01
9.922326855954705094e-01
9.946829392428063743e-01
9.946896914297016501e-01
9.954575644216748787e-01
9.936224722491394656e-01
9.942973253518163634e-01
9.954962493634957887e-01
9.927275201919356640e-01
9.937012211559467234e-01
9.951568196219839901e-01
9.933398885117495913e-01
9.927014555536723961e-01
9.924992696566096173e-01
9.930128012242672719e-01
9.917679850958227572e-01
9.917288415370180132e-01
9.911164422698625076e-01
9.890343952672874250e-01
9.925307333142110444e-01
9.943345247458474923e-01
9.906662751662489441e-01
9.914875371440239338e-01
9.939815480947997717e-01
9.924113284640978527e-01
9.931652449280985451e-01
9.938829403166711263e-01
9.968143290173112625e-01
9.958188060324915103e-01
9.968918293684058130e-01
1.000206702778048573e+00
9.958924656757044414e-01
9.952359983765973750e-01
9.968918799849701973e-01
9.957577279677891635e-01
9.942933751720860469e-01
9.958959878053111892e-01
9.969104412776108592e-01
9.943333323782146405e-01
9.937094819257442646e-01
9.942400443938079757e-01
9.963748641072101009e-01
9.953433109245791721e-01
9.959581487841413505e-01
9.973980863061407964e-01
9.942067087091955857e-01
9.984133082035651086e-01
9.949330295501375154e-01
9.960572432194836345e-01
9.934710694045499890e-01
9.946927817570034858e-01
9.950018076603950323e-01
9.955476594678891455e-01
9.930458045350916141e-01
9.941645564917127587e-01
9.924303547423352079e-01
9.945806192577112403e-01
9.947530062981267962e-01
9.949700145356251690e-01
9.927504177376045291e-01
9.922551205578555855e-01
9.942737106742067787e-01
9.949910454458410491e-01
9.960196535579937116e-01
9.930785847199596894e-01
9.927463242532429399e-01
9.884955035951681346e-01
9.825132826855108581e-01
9.687648603974561290e-01
9.592332111876831213e-01
9.489814252505907044e-01
9.395970727889075835e-01
9.294126000881774985e-01
9.172434750795924741e-01
9.057747216121089240e-01
8.973987716529866487e-01
8.839050444816899388e-01
8.740415972701652825e-01
8.635658906698300274e-01
8.543516339260944781e-01
8.443658701877072570e-01
8.328623989950779682e-01
