0.000000000000000000e+00
0.000000000000000000e+00
0.000000000000000000e+00
0.000000000000000000e+00
0.000000000000000000e+00
0.000000000000000000e+00
0.000000000000000000e+00
0.000000000000000000e+00
0.000000000000000000e+00
0.000000000000000000e+00
0.000000000000000000e+00
0.000000000000000000e+00
0.000000000000000000e+00
0.000000000000000000e+00
0.000000000000000000e+00
0.000000000000000000e+00
0.000000000000000000e+00
0.000000000000000000e+00
0.000000000000000000e+00
0.000000000000000000e+00
0.000000000000000000e+00
0.000000000000000000e+00
0.000000000000000000e+00
0.000000000000000000e+00
0.000000000000000000e+00
2.750948213897405278e-02
6.589908822752678086e-01
2.411485713446041235e+00
2.947140283414825923e+00
1.958119253582291108e+00
9.632947216470073570e-01
4.776165128271777083e-01
2.763330285255854446e-01
2.267982983999193569e-01
2.316751725806280582e-01
2.575679608641673335e-01
2.885242112433612505e-01
3.122311543473040851e-01
3.111059598592561537e-01
3.149803473649282481e-01
3.312644445099912627e-01
3.870736364045774258e-01
4.806371964612075609e-01
6.057490242973962991e-01
7.743496256032911251e-01
9.398401079473985842e-01
1.098505792862465080e+00
1.226603019283858620e+00
1.339921924584243085e+00
1.424146905353574244e+00
1.502424378581772357e+00
1.540615658067325811e+00
1.520320217980903221e+00
1.441737892475169369e+00
1.322314911070949339e+00
1.198779006479023135e+00
1.080643836940510472e+00
9.881252564293485641e-01
9.185276133642246155e-01
8.799009559921472379e-01
8.627289553758014096e-01
8.618843426700958377e-01
8.656111462176153681e-01
8.763096347604841796e-01
8.996587243675377987e-01
9.046775022920580112e-01
9.259890826069634429e-01
9.528519545396938462e-01
9.721131194902046246e-01
9.862138276194445385e-01
1.005283470978983518e+00
1.023868928982203608e+00
1.037138571743776216e+00
1.045039463173940364e+00
1.047936629935394492e+00
1.044281643901452394e+00
1.031572623236528763e+00
1.031189928139683465e+00
1.016246696128541682e+00
1.002354929328370448e+00
9.813544000948872803e-01
9.660305735076020195e-01
9.659744070017556306e-01
9.507004155323800498e-01
9.571391645423210637e-01
9.568938467219092470e-01
9.579773264826312307e-01
9.626358713312022086e-01
9.691719352102243779e-01
9.752581753248216190e-01
9.870763092065998334e-01
9.877956133283206652e-01
9.897049612095252247e-01
9.978704160144480362e-01
9.946026625142075916e-01
9.934780801793717808e-01
1.002259824255793408e+00
1.008757956674730893e+00
1.014060842011027530e+00
1.020595710336283268e+00
1.020815724274316327e+00
1.024535982760845121e+00
1.023214855481273222e+00
1.021000428714023966e+00
1.003794329568516774e+00
9.870290503477732180e-01
9.765977437836359520e-01
9.701358867358720328e-01
9.605326259216692142e-01
9.587703328347380038e-01
9.647942989082447518e-01
9.821474242826392365e-01
1.002725460450193617e+00
1.030315369086548971e+00
1.060490534101839799e+00
1.083001632166211481e+00
1.103022847324549138e+00
1.115091645431656620e+00
1.119818263594839713e+00
1.109256037806730877e+00
1.085099552023844671e+00
1.059977300494074015e+00
1.031110749911406721e+00
1.001115876476015520e+00
9.800450470179091766e-01
9.674141183824388479e-01
9.668871236613948428e-01
9.740182013557707741e-01
9.901242567127348515e-01
9.994113421032735367e-01
1.017595216434649119e+00
1.027452291097585846e+00
1.032546340899700654e+00
1.029971844558554617e+00
1.023080880202236864e+00
1.016906432489532719e+00
1.010668114357945679e+00
1.003238090298697260e+00
9.918331532574140574e-01
9.841186656686424783e-01
9.819649323094516991e-01
9.830004176123916526e-01
9.845356125389510549e-01
9.919961882423107280e-01
9.899449129729510632e-01
9.902643402031132691e-01
9.952337368871776446e-01
9.935058745817060277e-01
9.932431769927242415e-01
9.923760077302776761e-01
9.974068499728857562e-01
9.937336650201317179e-01
9.904334460499117920e-01
9.888655902543167509e-01
9.926336017020653824e-01
9.896755391039693261e-01
9.932820150739930520e-01
9.930030289096180018e-01
9.967660966429514602e-01
9.967279343060801988e-01
9.982038259663709168e-01
9.985290855260694487e-01
1.001301737490805088e+00
9.996669574878412901e-01
9.970523561749066177e-01
9.986039400238813091e-01
9.985517815060893643e-01
9.981158063137521852e-01
1.000629979941856540e+00
1.000427929370223623e+00
9.993358946254787822e-01
9.968649478747931836e-01
9.948169728388137623e-01
9.970147638986642802e-01
9.994074854431587163e-01
9.969289622620586266e-01
9.976767350267357060e-01
9.999302329111384724e-01
9.990305658604963224e-01
1.000329960671490825e+00
9.963355281579570066e-01
9.994056854680277713e-01
9.989785309259842094e-01
9.938296575012520728e-01
9.983133641595639540e-01
9.976862138470286023e-01
9.957225344534097466e-01
9.972453899751174689e-01
9.986017066664695241e-01
9.972125888012631778e-01
9.989546302598222294e-01
9.966223663803478461e-01
9.997802960114541282e-01
9.991137546192584429e-01
9.967687726487534094e-01
9.970678000611106206e-01
9.968049826212910247e-01
9.996379986516469307e-01
1.000034447674335469e+00
1.000710443966319918e+00
9.988490557522523572e-01
1.000020784731022516e+00
9.995428592174149252e-01
1.001418823934198787e+00
1.000127189639317127e+00
9.990436850137083269e-01
9.988972044740038747e-01
9.994326621615285955e-01
1.001219015883404007e+00
9.984061392152886460e-01
1.000609579292567330e+00
9.975047672367609586e-01
9.960684843483089690e-01
9.972752233948010137e-01
9.965324896952881817e-01
9.993154805745776414e-01
1.000499676592592202e+00
9.988256707984415339e-01
1.000996325090607098e+00
1.000342514094923807e+00
9.978767569810795823e-01
9.986454414378664879e-01
1.002642355079141456e+00
1.000498776190413164e+00
1.001713726743354904e+00
1.000142559601792325e+00
1.000504205770935240e+00
1.001324132545059253e+00
9.993289428455823797e-01
1.001204032449421577e+00
9.997673988339937923e-01
1.000443911849366208e+00
1.000325881321163957e+00
1.000008255556965597e+00
9.991067517005109977e-01
9.991839585373077925e-01
9.986523721402299492e-01
9.981846767508765206e-01
9.982323561105294063e-01
9.960272434726485935e-01
9.972057396278093400e-01
1.000582744282278114e+00
9.971252869172755329e-01
9.991938306356594746e-01
9.982583860114232488e-01
9.977248698670353466e-01
1.000219762987232253e+00
9.978720828548596211e-01
9.988396328963230486e-01
9.963987777830354275e-01
9.968130647295141422e-01
9.975102137829469084e-01
9.976925502765915388e-01
9.964951525841150293e-01
9.976142105777069391e-01
9.982777226557612016e-01
9.967491632451785932e-01
9.975152935945672539e-01
9.986656298550715682e-01
9.982172926891468290e-01
9.989170405787851648e-01
9.975842440325645155e-01
9.968965145461192723e-01
9.957071795800868097e-01
9.955752315498603844e-01
9.846575430258671657e-01
9.729108604223830614e-01
9.625219085277343378e-01
9.522900210921544373e-01
9.400569434194911977e-01
9.309669028377969280e-01
9.191165894718092977e-01
9.104407713453619433e-01
8.974479986827909039e-01
8.879428173114297662e-01
8.771887881616206029e-01
8.673925133898992001e-01
8.590349181621106389e-01
8.471571604891441343e-01
8.367643674245225371e-01
