0.000000000000000000e+00
0.000000000000000000e+00
0.000000000000000000e+00
0.000000000000000000e+00
0.000000000000000000e+00
0.000000000000000000e+00
0.000000000000000000e+00
0.000000000000000000e+00
0.000000000000000000e+00
0.000000000000000000e+00
0.000000000000000000e+00
0.000000000000000000e+00
0.000000000000000000e+00
0.000000000000000000e+00
0.000000000000000000e+00
0.000000000000000000e+00
0.000000000000000000e+00
0.000000000000000000e+00
0.000000000000000000e+00
0.000000000000000000e+00
0.000000000000000000e+00
0.000000000000000000e+00
0.000000000000000000e+00
0.000000000000000000e+00
0.000000000000000000e+00
3.065770534871885278e-02
6.852693027063035958e-01
2.461016966582458831e+00
3.036807164291976502e+00
2.001213480797970234e+00
1.012726855682569260e+00
5.056583167780595023e-01
2.899644725370968401e-01
2.445721773998486559e-01
2.598151332196618757e-01
2.865888171730022749e-01
3.251128793399959971e-01
3.449321298235755173e-01
3.503941917897074876e-01
3.555217892377061095e-01
3.633966826500886760e-01
4.104902833490841618e-01
5.107108458442655152e-01
6.624973252387672540e-01
8.175574266019595138e-01
9.759649588959975475e-01
1.144067230347452835e+00
1.269227168717788956e+00
1.374880672680915517e+00
1.463213104726807545e+00
1.537067887461150084e+00
1.576727889063544996e+00
1.546842491577683720e+00
1.461340121223329458e+00
1.354508153502626433e+00
1.220188153229612160e+00
1.104088751688712566e+00
1.008832184506335938e+00
9.387619080885533096e-01
9.084157556736404127e-01
8.831692645005497777e-01
8.808672074728793877e-01
8.897964269033199480e-01
9.025831884180768316e-01
9.164512476116977169e-01
9.373797327736508311e-01
9.542329058311336265e-01
9.767660603714549694e-01
1.001479588305474344e+00
1.013798383865674335e+00
1.032912316875261638e+00
1.047248352179580122e+00
1.064040191090044329e+00
1.069872554430826073e+00
1.069597149122648805e+00
1.077420280296710997e+00
1.057882626152498284e+00
1.050721958417607738e+00
1.035288797574336339e+00
1.020573537733805658e+00
1.008054153781123619e+00
9.973738571809044329e-01
9.906315555594445987e-01
9.768351847725670334e-01
9.736835003302550806e-01
9.803564100618508137e-01
9.743288619260422889e-01
9.901087043674354771e-01
9.884139894168203488e-01
9.936902381754587621e-01
9.980629638799277670e-01
9.995271356687313036e-01
1.006319969214593213e+00
1.008055116802543338e+00
1.006750430447459044e+00
1.009620692941463060e+00
1.012853450143156975e+00
1.011391153751134642e+00
1.023771870616398738e+00
1.025824076178990518e+00
1.038857674014117327e+00
1.038723327891126313e+00
1.035421927183805213e+00
1.025249391081074490e+00
1.017745859018664545e+00
1.000010045737654174e+00
9.843030166670623249e-01
9.724150515170912890e-01
9.640336564274611941e-01
9.685559832228302080e-01
9.744662469662839221e-01
9.941893109899480052e-01
1.019127042499053060e+00
1.046253173650023571e+00
1.071721549418177988e+00
1.098803344314589259e+00
1.119861429123320207e+00
1.131603575791601646e+00
1.129880991681262437e+00
1.121589517495287680e+00
1.099672832772828235e+00
1.071167820074238719e+00
1.041218550394122699e+00
1.015834082579940123e+00
9.930001328925976978e-01
9.785279711790475510e-01
9.773045774859668855e-01
9.812014950766082544e-01
9.994664794179157763e-01
1.011650017615599584e+00
1.029889305463693061e+00
1.041055827391573541e+00
1.038838712042229995e+00
1.042408970902112930e+00
1.031277245003419774e+00
1.025187892272315882e+00
1.017732246446243494e+00
1.010237106426535192e+00
1.003470332219526417e+00
9.956446373269665084e-01
9.919088103054520822e-01
9.909808256404649685e-01
9.920635342144452640e-01
9.956003159096633581e-01
9.954359655525429895e-01
1.000823961479294200e+00
9.983378012910636423e-01
1.003571563125710941e+00
9.999284693122492129e-01
9.950272460534865804e-01
1.002400849893748891e+00
1.002710097694755387e+00
9.970993822233051862e-01
9.981494083517920002e-01
9.937198765666036548e-01
1.000101784202701571e+00
9.997049186097811679e-01
9.990655053460973933e-01
1.001714274860867837e+00
1.000343498631727224e+00
1.003198441724750367e+00
1.001401471130763721e+00
1.002501452411673322e+00
1.001359331148009346e+00
1.001240002800062312e+00
9.980507612157646369e-01
9.997996776221816928e-01
1.000252522577211423e+00
1.003537627723437353e+00
9.997361978518113368e-01
9.993647298168346627e-01
9.978587869556460044e-01
9.972834710858133889e-01
9.971510615262532129e-01
9.970871285784537186e-01
9.975590482981452345e-01
9.968697652387471519e-01
9.980781900049177091e-01
9.997471119840557474e-01
9.984101042308158869e-01
9.977243856858435400e-01
9.969114862626937690e-01
9.951515572375024821e-01
9.993413473873761221e-01
9.984566758101249828e-01
9.986675131538638173e-01
9.959716867902667081e-01
9.964575314062406042e-01
9.963863842146218897e-01
9.995692484755094309e-01
9.968069575522361392e-01
9.985513289843191975e-01
9.973153564594519072e-01
9.955685720932363481e-01
9.956874940477266067e-01
9.971033363643403424e-01
9.967889183040947731e-01
9.995155907496803271e-01
9.969803296928868575e-01
1.001621857217249723e+00
1.000280630827653283e+00
9.949082963081392617e-01
9.971213875415503303e-01
9.989384948421844435e-01
9.989273441394377340e-01
9.954588671618830320e-01
9.962620699414495018e-01
9.979727851612254508e-01
9.945493266433277357e-01
9.960283930985392997e-01
9.938432487594828224e-01
9.993397006758747425e-01
9.952874770084418898e-01
9.961558592215089547e-01
9.973336576200637626e-01
9.967674075880955664e-01
9.973857742240924695e-01
9.980212238404326808e-01
9.951730470797955919e-01
9.981979213962358655e-01
9.956436199537862519e-01
9.972680319890295797e-01
9.974500526821845625e-01
9.971247837023661242e-01
9.986093365901765884e-01
9.969774165177238689e-01
9.998163393752562689e-01
9.947442174698190032e-01
9.993292444810057962e-01
9.957541458646596011e-01
9.953904334125281972e-01
9.979997230984464229e-01
9.959109811182084160e-01
9.973607774545812932e-01
9.961138911899881654e-01
9.924995678751384887e-01
9.948809438133935368e-01
9.965097660697287418e-01
9.951695743921189496e-01
9.963470862622659796e-01
9.949855765043464917e-01
9.971040856885897696e-01
9.961924038854149677e-01
9.977503690564812899e-01
9.964418261886633932e-01
9.945598519639573531e-01
9.971334978603847432e-01
9.948221089983495524e-01
9.938941187349898954e-01
9.961786593226420461e-01
9.951010574242569184e-01
9.966861421216320904e-01
9.919504170110812202e-01
9.967535049397105995e-01
9.939698326482310220e-01
9.956709914065955402e-01
9.956536693745754452e-01
9.958485349291510413e-01
9.971027610997535984e-01
9.959092263445772364e-01
9.964674282971150987e-01
9.937482458432591592e-01
9.955391352829889851e-01
9.936174005909693685e-01
9.942146954400549186e-01
9.818034855735237043e-01
9.729789725232514952e-01
9.612236055722398476e-01
9.513384251267149594e-01
9.405798802839959727e-01
9.289262949374008649e-01
9.188640613725630457e-01
9.085783134796552307e-01
8.987950275627935026e-01
8.881650588461588169e-01
8.756311973418071659e-01
8.665361515835203754e-01
8.576347280180831589e-01
8.460588058846545412e-01
8.375049200308229969e-01
