0.000000000000000000e+00
0.000000000000000000e+00
0.000000000000000000e+00
0.000000000000000000e+00
0.000000000000000000e+00
0.000000000000000000e+00
0.000000000000000000e+00
0.000000000000000000e+00
0.000000000000000000e+00
0.000000000000000000e+00
0.000000000000000000e+00
0.000000000000000000e+00
0.000000000000000000e+00
0.000000000000000000e+00
0.000000000000000000e+00
0.000000000000000000e+00
0.000000000000000000e+00
0.000000000000000000e+00
0.000000000000000000e+00
0.000000000000000000e+00
1.189983872260865378e-05
2.982747340067085084e-02
9.287923614735175137e-01
3.192111040094626873e+00
3.292188184615651547e+00
1.891648420740224879e+00
8.811911958370743925e-01
4.138239140044742137e-01
2.151965906829070019e-01
2.288727930147979317e-01
8.086731744892134977e-01
1.697503679482317951e+00
1.900022348923940063e+00
1.485728864056892862e+00
1.028350348975083817e+00
7.546504136588709777e-01
6.428572585195604372e-01
6.343828082189343354e-01
6.840363848849687622e-01
7.622964412168586890e-01
8.462743303816051554e-01
9.405815756690278917e-01
1.024698843318385011e+00
1.090290603665594382e+00
1.141822126305367835e+00
1.176136402970855643e+00
1.192477520428610216e+00
1.192235738742567497e+00
1.172613220536151468e+00
1.144217539324006605e+00
1.108262189433703027e+00
1.076297121693141179e+00
1.043771505114940990e+00
1.009916410706794165e+00
9.812860044154355643e-01
9.605578185404671787e-01
9.431010606753127412e-01
9.343863785514212594e-01
9.281155635112944280e-01
9.244150549661175331e-01
9.257261726350175524e-01
9.295861773470284195e-01
9.368105447187327073e-01
9.474800533206070297e-01
9.613877272732913593e-01
9.678936642811700741e-01
9.798933668125509033e-01
9.882660244280131456e-01
9.927275131365467242e-01
9.997878039485624813e-01
1.009739173077605745e+00
1.015397538823733958e+00
1.018379505995349765e+00
1.023403879678570494e+00
1.025165474415337785e+00
1.026974574142506258e+00
1.026432554602294989e+00
1.022261937805076348e+00
1.020544838474134686e+00
1.017803456462398559e+00
1.012203357548270732e+00
1.007121181318847203e+00
1.003063834538610255e+00
9.991561429934822103e-01
9.953251043979682855e-01
9.919770595629495702e-01
9.886111519787045276e-01
9.876268821638242157e-01
9.870212971689136250e-01
9.875117134340208880e-01
9.872515974067453959e-01
9.896554746757816323e-01
9.891372432118271663e-01
9.897941041350653002e-01
9.927060024607274880e-01
9.928395420634329449e-01
9.946837302201740894e-01
9.958349383093421103e-01
9.995215802420198692e-01
1.001599052337470486e+00
1.005493098919960859e+00
1.008334068151993668e+00
1.008788532403767313e+00
1.010134077315139267e+00
1.008797243882133765e+00
1.007334288689512025e+00
1.003911841763194701e+00
1.001976187379836292e+00
9.996890523760736391e-01
9.963426306341437444e-01
9.939091634475942794e-01
9.920870864042463655e-01
9.914695212759585541e-01
9.913699636941744053e-01
9.930985284710003302e-01
9.953533799603867527e-01
9.958760147725681522e-01
9.963885452203880000e-01
9.967918772521181525e-01
9.969704139424327982e-01
9.965538008869778697e-01
9.955343022164043765e-01
9.940981529261780913e-01
9.924951464335203255e-01
9.909068127992153308e-01
9.907265794003459192e-01
9.933144772051858418e-01
9.951506991807603786e-01
9.988613434962418935e-01
1.001912029966154360e+00
1.003604463487770770e+00
1.003741885923498112e+00
1.003702440149689235e+00
1.002918940360089772e+00
1.002337733301127409e+00
1.001016534143422509e+00
1.000642411436452495e+00
9.998216374786788041e-01
1.000094856440086000e+00
9.996874208362057646e-01
9.994233324161833076e-01
1.000284179031280418e+00
9.995293071415950470e-01
9.998765653235754947e-01
9.981908406547630452e-01
9.975377711734132458e-01
9.964316723297719225e-01
9.963634042896062359e-01
9.954583217146937280e-01
9.949747465250573519e-01
9.954257231507039894e-01
9.958426388686230091e-01
9.973461880276092151e-01
9.986533428561907844e-01
1.000879818487063977e+00
1.002824286921861541e+00
1.004368319411003130e+00
1.005010257002930896e+00
1.005701829665139657e+00
1.005803802151463477e+00
1.006654656482585786e+00
1.006028717755225621e+00
1.005437553182337407e+00
1.003527970944873671e+00
1.002204601767390457e+00
1.000539076851255649e+00
9.999473483213913161e-01
9.988006254886315771e-01
9.972533315671824328e-01
9.964119615880543401e-01
9.959812403856046492e-01
9.940295739372858597e-01
9.941653491922599617e-01
9.943122166615487867e-01
9.953811069329940864e-01
9.960879867868097648e-01
9.970250343465907328e-01
9.982237287289068561e-01
9.995409013658969055e-01
1.000656155019086002e+00
1.001363461760226725e+00
1.002430094762990276e+00
1.002966802092686738e+00
1.003383281443407604e+00
1.003852759698428576e+00
1.003589671482983503e+00
1.003435407391527479e+00
1.002867943600717071e+00
1.002697324419020042e+00
1.002785056687949705e+00
1.001166968705405225e+00
1.000965634456249198e+00
1.000989529200993378e+00
9.997878851752634022e-01
9.996879159388194491e-01
9.989901093034759816e-01
9.989009729047052533e-01
9.989174489707030036e-01
9.987659755957715157e-01
9.987475528878442255e-01
9.989697160107881002e-01
9.991730235973984575e-01
9.991746664697924718e-01
9.993032781650013074e-01
9.984069393874375198e-01
9.991317779999574489e-01
1.000212546146107107e+00
9.995346697128760782e-01
1.000965120601056579e+00
1.000850938648126576e+00
1.000287812977997515e+00
1.000755298810797056e+00
1.001564702745533220e+00
1.001171427729171226e+00
1.001706430291948502e+00
1.001873584601888689e+00
1.001970478508952045e+00
1.002009809463027645e+00
1.001235560376796618e+00
1.000852796470035999e+00
1.000684118816817181e+00
1.000571576983607880e+00
1.000238965423301485e+00
9.999346153927569647e-01
1.000319369150082238e+00
1.000093565584880828e+00
9.997677124015159622e-01
9.991504090521914350e-01
9.993643358738045768e-01
9.997071616820243367e-01
9.991879443904019276e-01
9.988401024705331199e-01
9.996826758565146021e-01
9.997173486697773503e-01
9.996534931723307649e-01
9.996851714885098827e-01
9.999945506390494065e-01
1.000531529804857156e+00
1.000353951955799570e+00
1.001407908340995023e+00
1.001272945771124467e+00
1.000976457131216302e+00
1.000788673333520729e+00
1.000718424280623076e+00
1.001532877511251085e+00
1.001306647107339520e+00
1.000219362849489535e+00
1.000874796393380617e+00
1.000234894442789235e+00
1.000113356958270305e+00
1.000856554014521560e+00
1.000019045578326882e+00
1.000413771738694946e+00
1.000667170353197299e+00
1.000449612560296853e+00
1.000071321316812423e+00
9.997377647823100233e-01
9.994855040865895379e-01
9.997464630782385564e-01
9.997569798071952452e-01
9.997995647405391040e-01
1.000231605726722872e+00
9.997328789312064368e-01
1.000300555395570390e+00
9.978716404730679779e-01
9.884354713320555597e-01
9.776952916361992818e-01
9.666580308528137655e-01
9.558442185033697580e-01
9.450646150832688885e-01
9.339984013515105765e-01
9.234053112899682780e-01
9.121084264319796464e-01
9.016873200739178307e-01
8.910714979531380031e-01
8.806521959673555555e-01
8.698903555071023641e-01
8.599912905642974614e-01
8.492010484649062940e-01
8.388363118239831051e-01
