0.000000000000000000e+00
0.000000000000000000e+00
0.000000000000000000e+00
0.000000000000000000e+00
0.000000000000000000e+00
0.000000000000000000e+00
0.000000000000000000e+00
0.000000000000000000e+00
0.000000000000000000e+00
0.000000000000000000e+00
0.000000000000000000e+00
0.000000000000000000e+00
0.000000000000000000e+00
0.000000000000000000e+00
0.000000000000000000e+00
0.000000000000000000e+00
0.000000000000000000e+00
0.000000000000000000e+00
0.000000000000000000e+00
0.000000000000000000e+00
1.190003188572085800e-05
2.921127509827949748e-02
9.282739812870064444e-01
3.197813855576259190e+00
3.303173214757527010e+00
1.899132102702379532e+00
8.861766180009665872e-01
4.133213949637493667e-01
2.144242330157956622e-01
2.298765210399625336e-01
8.106917529082312557e-01
1.698050418425881558e+00
1.903604612507177718e+00
1.488854892037511313e+00
1.030258016967230850e+00
7.497890071292656611e-01
6.431229860977880630e-01
6.309643960512386629e-01
6.831532734356978720e-01
7.616227926537197934e-01
8.483433415274796996e-01
9.394642101975628767e-01
1.023087225530301403e+00
1.092607961390414495e+00
1.146915047954794042e+00
1.180228915079086560e+00
1.196792550250913356e+00
1.193844581801885463e+00
1.178407532420445269e+00
1.147463482002376578e+00
1.113185401588705492e+00
1.075712997152640016e+00
1.040701605103689253e+00
1.010729672463223094e+00
9.854697820087690019e-01
9.612132051552999545e-01
9.458787661188230445e-01
9.365346617055834155e-01
9.297865879899646080e-01
9.259785502827105885e-01
9.264094358834801257e-01
9.294214123757348345e-01
9.378283669274114498e-01
9.486689158444586711e-01
9.616437934605320814e-01
9.713160539011286287e-01
9.780497894903111833e-01
9.852576047962586792e-01
9.951399728576000303e-01
1.003117745475527123e+00
1.010268810816184359e+00
1.015642970124814637e+00
1.020729384802723905e+00
1.025343570775839597e+00
1.028111026843406384e+00
1.028396981873978433e+00
1.027722716730638419e+00
1.022631632125363010e+00
1.020640951205035840e+00
1.015944334270139748e+00
1.012480680382663367e+00
1.007630021167123191e+00
1.002548783380578623e+00
1.000116465420492817e+00
9.947549217297190216e-01
9.916257279809438385e-01
9.889968829982380694e-01
9.860449107829829529e-01
9.873291738113465499e-01
9.874228370555043766e-01
9.891138219495989592e-01
9.891410110488958463e-01
9.906668128428081088e-01
9.928031198755773445e-01
9.917301594713108237e-01
9.937391994060691403e-01
9.951924291241529552e-01
9.982904431617508623e-01
1.000338444775757729e+00
1.002372655725978001e+00
1.006150742323861369e+00
1.008303826010437554e+00
1.009060092728961022e+00
1.010990960036810549e+00
1.007636907140828653e+00
1.006890903196981712e+00
1.004908923846590474e+00
1.001150588717896417e+00
9.989345241426018651e-01
9.968861036839185008e-01
9.938691747519518005e-01
9.942597134045777496e-01
9.925159422268109433e-01
9.929978152221605736e-01
9.937224254907174315e-01
9.943672911734612319e-01
9.945422094957633297e-01
9.972702442820186031e-01
9.967906034386260217e-01
9.981060618253533301e-01
9.965131379833894743e-01
9.959150474977012113e-01
9.944496140877525647e-01
9.920845960077092629e-01
9.913498316297970625e-01
9.919180223290472442e-01
9.941823766105963855e-01
9.962831675683280208e-01
1.000693283159798552e+00
1.002149903275484810e+00
1.003590502275974572e+00
1.004823523599981616e+00
1.004082278197053979e+00
1.004224562915202235e+00
1.001729389800018133e+00
1.001154016213194664e+00
9.997136856840476149e-01
1.000714375397177003e+00
9.989413222433570771e-01
1.000673954000139698e+00
9.991704565268167970e-01
1.000308660119734627e+00
9.993295039181951944e-01
1.000170436112648442e+00
9.986626765666992700e-01
9.983993487351859875e-01
9.966182126141548414e-01
9.955822527464714966e-01
9.953681003416272599e-01
9.948626605962559433e-01
9.953003262565162101e-01
9.957661839550555616e-01
9.974963724156504785e-01
9.991297919042172460e-01
1.000414314382950476e+00
1.002192468095762568e+00
1.003848732766666307e+00
1.005652061904301009e+00
1.005555485917484893e+00
1.005473297909445174e+00
1.006459930070984887e+00
1.005736479550933815e+00
1.004053844776351401e+00
1.003444342025324287e+00
1.002208300475645908e+00
1.001676412647221293e+00
9.997586097837957153e-01
9.981365087660958313e-01
9.971056779322520214e-01
9.959772141422724712e-01
9.942237639695898910e-01
9.939972411873341240e-01
9.935803684542603431e-01
9.941648495443604627e-01
9.949534153666581560e-01
9.960856420777164377e-01
9.978291118177564645e-01
9.981718237990534481e-01
9.979790904969982890e-01
1.000251534407144094e+00
1.001241541475489161e+00
1.002281316009832501e+00
1.003064180431657126e+00
1.003379663255797194e+00
1.003563266797001585e+00
1.003387191254351274e+00
1.003280851588998157e+00
1.002632674698789916e+00
1.002748793775297464e+00
1.002664690008020720e+00
1.001101623341503100e+00
1.000565191058034653e+00
1.000446677529844841e+00
9.994973879032471586e-01
9.989643644901250452e-01
9.988159062372152786e-01
9.990380516435587444e-01
9.983716094801134977e-01
9.982746567078720767e-01
9.979420898010121777e-01
9.982295440216839566e-01
9.981425829705564690e-01
9.986908867150998681e-01
9.988875728535074883e-01
9.992889767677500812e-01
9.989731712129995556e-01
1.000033828070985065e+00
1.000212034674870409e+00
1.000356356089602494e+00
1.000608825278555880e+00
1.000848495299862195e+00
1.000657934125660287e+00
1.000629000699675641e+00
1.001311570040961607e+00
1.001019961326725438e+00
1.000998566464736061e+00
1.001755811694225784e+00
1.001083649984068069e+00
1.001135517779735418e+00
1.001629923970549063e+00
1.000393579071810368e+00
1.000252398134191978e+00
1.000044034020635575e+00
1.000293308662804304e+00
9.997631617043704066e-01
9.997884354714622335e-01
9.998609660847881386e-01
9.996744960574964756e-01
9.994608389882339017e-01
9.993838798388055000e-01
9.993180796387319820e-01
9.996161471224829231e-01
9.996134954105589943e-01
9.997338517215290654e-01
9.997403057594964615e-01
1.000070637582932909e+00
9.997010004486338586e-01
1.000519394004928397e+00
1.000686054661857227e+00
1.000473827799827298e+00
1.000562514956731430e+00
1.000973922991627463e+00
1.000928678706122454e+00
1.000921444340198363e+00
1.001060235400382359e+00
1.000324087106384763e+00
1.000406166709891354e+00
1.000626312513722915e+00
1.000311071162137244e+00
1.000042810336352561e+00
1.001003847528797674e+00
9.998276148217178916e-01
1.000294362799931225e+00
1.000222852728495981e+00
1.000191157946169751e+00
9.992420958467770342e-01
9.991794584695619097e-01
9.999609158491195027e-01
9.999138983049417062e-01
1.000194445113050445e+00
1.000255252473155387e+00
1.000352588771698636e+00
1.000365041696976487e+00
1.000178113615455056e+00
9.977036611053015092e-01
9.891414581772602910e-01
9.776092522845127863e-01
9.674313972856046773e-01
9.554657776694320814e-01
9.451013051606503845e-01
9.340965523710041962e-01
9.235043765933247384e-01
9.126651513121281090e-01
9.020716101560924960e-01
8.911131792188295986e-01
8.808895691837266284e-01
8.703026593366025576e-01
8.597229539679912547e-01
8.490679252630372043e-01
8.387338432781060726e-01
