0.000000000000000000e+00
0.000000000000000000e+00
0.000000000000000000e+00
0.000000000000000000e+00
0.000000000000000000e+00
0.000000000000000000e+00
0.000000000000000000e+00
0.000000000000000000e+00
0.000000000000000000e+00
0.000000000000000000e+00
0.000000000000000000e+00
0.000000000000000000e+00
0.000000000000000000e+00
0.000000000000000000e+00
0.000000000000000000e+00
0.000000000000000000e+00
0.000000000000000000e+00
0.000000000000000000e+00
0.000000000000000000e+00
0.000000000000000000e+00
1.189581311929087147e-05
2.966597087384051368e-02
9.242613955248484281e-01
3.204420386904883067e+00
3.305375448455389886e+00
1.903248877084194435e+00
8.817403082739808662e-01
4.110262529711168344e-01
2.153884723254642641e-01
2.295594741716821263e-01
8.154296371421949630e-01
1.698592246479276646e+00
1.900274230239060502e+00
1.492198626292040142e+00
1.028611566019034029e+00
7.505547098148586116e-01
6.402866738932146973e-01
6.321877935015770555e-01
6.774633658449735751e-01
7.589653751113561997e-01
8.492680005649531072e-01
9.414827123846752910e-01
1.019948066155740296e+00
1.090764678243172581e+00
1.143140187662497587e+00
1.177996710978195249e+00
1.194118289231282715e+00
1.191854577388381964e+00
1.174412319558222118e+00
1.147032198941539516e+00
1.109436155978552163e+00
1.076713497685454435e+00
1.043095500963817646e+00
1.010430745932485053e+00
9.814186581414606758e-01
9.635946590782741294e-01
9.456060884818403567e-01
9.350290900990702037e-01
9.279418517479490758e-01
9.229216054492068722e-01
9.263651466486034769e-01
9.316208833027147529e-01
9.360609818757041900e-01
9.498193900944384982e-01
9.613533529715881931e-01
9.707374483961761502e-01
9.776702645039339057e-01
9.875113918656323042e-01
9.946646332017293757e-01
1.000860519219098244e+00
1.006723612316370309e+00
1.015854098570360131e+00
1.020147774630656645e+00
1.024100782736297122e+00
1.024226789772696433e+00
1.028670982973922898e+00
1.026769692869619055e+00
1.026702928309260354e+00
1.021874357352811513e+00
1.018343626743204666e+00
1.011869426258280136e+00
1.007908144144052720e+00
1.004792519946862805e+00
9.986187702669968580e-01
9.939940028331604172e-01
9.909766432100678424e-01
9.901365050445514182e-01
9.869708083008912336e-01
9.868099710715051431e-01
9.879491829070030651e-01
9.879585237172802126e-01
9.897650225084926312e-01
9.898603671981740515e-01
9.917545148836195423e-01
9.920543886276103063e-01
9.926396393668119877e-01
9.947451140097887112e-01
9.976051602459178325e-01
9.992272572166012168e-01
1.002922859856747451e+00
1.006323256883291384e+00
1.007176119202955800e+00
1.009465744192704628e+00
1.011285558974734045e+00
1.009396463656217158e+00
1.008862361309093236e+00
1.004547376175392914e+00
1.001673573487090296e+00
9.980405372961087540e-01
9.969201017994278047e-01
9.929209995271036648e-01
9.930376883072695726e-01
9.917401622425151553e-01
9.925103179507268614e-01
9.928255026601839894e-01
9.934716584903959813e-01
9.967165631838871276e-01
9.963843083995793659e-01
9.972622634476562276e-01
9.975085141528604593e-01
9.965279766191599276e-01
9.958959503039274130e-01
9.939911049125150777e-01
9.918738527856448828e-01
9.903144964832453212e-01
9.908590544229901598e-01
9.927440977599573113e-01
9.953806209281471640e-01
9.984247199402205286e-01
1.002392430379461796e+00
1.003660440735631987e+00
1.003252835106126506e+00
1.003831123539250969e+00
1.002498580930995420e+00
1.002286662916236137e+00
1.001557277381563971e+00
1.001579427241042985e+00
9.994701836101211878e-01
1.000590408423111199e+00
1.000030393304353504e+00
1.000495099178397185e+00
9.995070141216058079e-01
1.000119742240560328e+00
1.000552328036809602e+00
9.977279194548445140e-01
9.981420003908951788e-01
9.973577843034673318e-01
9.959900311704394937e-01
9.946839540295575599e-01
9.948838000220513456e-01
9.954492545054205443e-01
9.953889861302405162e-01
9.971203823319682025e-01
9.982891935680803241e-01
1.000262839742221299e+00
1.001940774461677286e+00
1.003651682866105288e+00
1.005146379287335190e+00
1.005627520076817660e+00
1.005863127101130683e+00
1.006555775290666643e+00
1.005661548519402260e+00
1.006023565017892585e+00
1.004068917825966079e+00
1.002971473336963237e+00
1.001901456761249642e+00
9.995219580731046216e-01
9.981483601243397175e-01
9.968432362519746848e-01
9.968396134449059032e-01
9.951295020478283515e-01
9.937602845733846113e-01
9.943677635470663523e-01
9.934838414209914426e-01
9.951256621429936944e-01
9.963927599793009904e-01
9.959128162980663834e-01
9.977333650155298939e-01
9.986611951634503104e-01
9.998162302736378626e-01
1.001252771055092028e+00
1.002834736745719990e+00
1.002522268280966022e+00
1.003636048377827272e+00
1.002870519162753160e+00
1.003837805040261877e+00
1.004331690533493360e+00
1.003481751090328666e+00
1.003597466403007399e+00
1.002650648120428922e+00
1.001224548511875145e+00
1.001061831635453148e+00
1.000882587753605169e+00
1.000187364563348336e+00
9.991715596606104421e-01
9.988983745717288087e-01
9.988599922498074823e-01
9.979926725605795523e-01
9.985902823205753398e-01
9.984909700888088269e-01
9.981376034006942399e-01
9.987720827574694260e-01
9.985353477121561294e-01
9.989948050646614286e-01
9.996269872220817643e-01
9.989266295285439412e-01
9.996633515868428299e-01
1.000221631394847543e+00
1.000272010544903001e+00
1.000382941391356306e+00
1.000801180324956352e+00
1.001157969839828521e+00
1.001691506776226426e+00
1.002008244883804577e+00
1.001275079394536638e+00
1.001706285367383709e+00
1.001621493684995867e+00
1.001101229961900430e+00
1.001191989944804517e+00
1.001196785528625455e+00
1.000852401622550181e+00
1.000404107069195359e+00
9.999849301376895205e-01
1.000153501106425757e+00
1.000062719404445577e+00
9.996170871211377262e-01
9.993023079469267600e-01
9.997075024410694288e-01
9.994120089050394506e-01
9.996910813180025501e-01
9.996194830938246456e-01
9.993491888032102199e-01
9.994573425349791984e-01
9.999983751213677996e-01
1.000165595322483281e+00
9.998250064732121523e-01
1.000334073209064645e+00
1.000206622283202451e+00
1.000172538878864703e+00
1.000333062319578969e+00
1.000546416850720544e+00
1.000558275077425119e+00
1.000785297796970674e+00
1.000969788963197660e+00
1.000615258773694061e+00
1.000953064128708547e+00
1.000923874744599873e+00
1.000964020072405924e+00
1.000799037745167208e+00
1.000632488620275984e+00
1.000103616108491966e+00
1.000188814067359599e+00
1.000420889775621269e+00
1.000436186522075888e+00
1.000267806710710250e+00
1.000281586545864299e+00
9.998798819025227491e-01
1.000324171477240398e+00
1.000191861038258301e+00
1.000183500795245539e+00
1.000302737204842973e+00
9.999263607588069203e-01
1.000041307851554429e+00
1.000407435208911400e+00
9.981269303570180496e-01
9.885204585473885697e-01
9.767609790231386313e-01
9.661665968346181410e-01
9.553290895153279116e-01
9.443624079900063695e-01
9.337485199184679674e-01
9.227935802704909651e-01
9.121669233242637453e-01
9.014176490712623169e-01
8.912085601158958870e-01
8.806226689942026065e-01
8.700979818985393743e-01
8.597852302730714102e-01
8.489148032226525586e-01
8.388716776633459160e-01
