0.000000000000000000e+00
0.000000000000000000e+00
0.000000000000000000e+00
0.000000000000000000e+00
0.000000000000000000e+00
0.000000000000000000e+00
0.000000000000000000e+00
0.000000000000000000e+00
0.000000000000000000e+00
0.000000000000000000e+00
0.000000000000000000e+00
0.000000000000000000e+00
0.000000000000000000e+00
0.000000000000000000e+00
0.000000000000000000e+00
0.000000000000000000e+00
0.000000000000000000e+00
0.000000000000000000e+00
0.000000000000000000e+00
0.000000000000000000e+00
0.000000000000000000e+00
2.893837333930829661e-02
9.286519533883301758e-01
3.168104897591237368e+00
3.266201446098124350e+00
1.881941466836257515e+00
8.752133610942083308e-01
4.093199105070605692e-01
2.140675985347484100e-01
2.288509187284383239e-01
8.021928744290413027e-01
1.688045363212723915e+00
1.889482815269194704e+00
1.483451176140170302e+00
1.026689758373339201e+00
7.536747180613753150e-01
6.459796252062131039e-01
6.404866105467094117e-01
6.900616880786172302e-01
7.673078426580787204e-01
8.576669805241045053e-01
9.461161769286613454e-01
1.026256427933267323e+00
1.090418341862039453e+00
1.143943004247807593e+00
1.176499090102178791e+00
1.192433235442234229e+00
1.192357015065555137e+00
1.173463750501796854e+00
1.144627248671300057e+00
1.107940517497612465e+00
1.074476283795509968e+00
1.042519224375195064e+00
1.009201422308233731e+00
9.809565978774389405e-01
9.586348638796238220e-01
9.460450007972032171e-01
9.361056795775166695e-01
9.316542597538710613e-01
9.267757191983073684e-01
9.262093104074886618e-01
9.313644143721657720e-01
9.393325906119683877e-01
9.498970611709022238e-01
9.608752373950185666e-01
9.739862117527694485e-01
9.808734964894548769e-01
9.861989896660336985e-01
9.948826976297425739e-01
1.002921886888261449e+00
1.008880748704978458e+00
1.015044036178270437e+00
1.020775131644569678e+00
1.023182044414224556e+00
1.027990079806000212e+00
1.027211912328362287e+00
1.027088946735689623e+00
1.023994549947043087e+00
1.020426309615867444e+00
1.016682357739701725e+00
1.011342916927191249e+00
1.005104353327015199e+00
1.001487727784504456e+00
9.976624301144121354e-01
9.950525894340334077e-01
9.908826228888142351e-01
9.889447404053032242e-01
9.883816324797078945e-01
9.873236384285103417e-01
9.867348579677162057e-01
9.875625617366752262e-01
9.901146003139610352e-01
9.888279852839511053e-01
9.891243470907570279e-01
9.921153279168204442e-01
9.926998467146785909e-01
9.935715827680901002e-01
9.963184038727516123e-01
1.000545080323284264e+00
1.001949321694242334e+00
1.005694097865331260e+00
1.007594397967007671e+00
1.009895226571490667e+00
1.009932988703916124e+00
1.009400862437094704e+00
1.008202518386511093e+00
1.005028387286408753e+00
1.001849283570929838e+00
9.980206492447152300e-01
9.962614178056439229e-01
9.939005501245138374e-01
9.922943906573944428e-01
9.932189477164827807e-01
9.935321060538916393e-01
9.939038249523914903e-01
9.942634237699926603e-01
9.968545906336186979e-01
9.961657373540860894e-01
9.976655266788350129e-01
9.975830791566459022e-01
9.973817914966116582e-01
9.964855949782824851e-01
9.936981427568010172e-01
9.917310543128238232e-01
9.909443611275567942e-01
9.918887215478329189e-01
9.931466162195636826e-01
9.958987388418617526e-01
9.992373072761565611e-01
1.002299487041877102e+00
1.004099619615586469e+00
1.004367627263341056e+00
1.003563592181389685e+00
1.002961975566912134e+00
1.001784324719839470e+00
1.000978705843030170e+00
1.000653536725800263e+00
1.000297271295104595e+00
9.996998160371249886e-01
9.994195170641115844e-01
9.997862481919563837e-01
9.992109264123514301e-01
9.993394815215925764e-01
9.999102259362436795e-01
9.985236808568738187e-01
9.981236349768947136e-01
9.965401376791338528e-01
9.967771557907437741e-01
9.961444208350012097e-01
9.954445116970405127e-01
9.966118040685245649e-01
9.958414031269299249e-01
9.982465616236586570e-01
9.997831601947331226e-01
1.000855222999790239e+00
1.002240671810738615e+00
1.003980790454659822e+00
1.004746894913753463e+00
1.005000735825902991e+00
1.005666432075321470e+00
1.006017888307906949e+00
1.005297534519588254e+00
1.004892693159672001e+00
1.003761998713588177e+00
1.002219638264012280e+00
1.000665627487419718e+00
1.000178928770395270e+00
9.979589881205421786e-01
9.966403238214620597e-01
9.967349428208513995e-01
9.950001132429374673e-01
9.948600524796499256e-01
9.944601262833190347e-01
9.954255888692051801e-01
9.951698971249436365e-01
9.966738142636424325e-01
9.977506002800945462e-01
9.992004616960499241e-01
9.989931332889698812e-01
1.000659550694324551e+00
1.000931975058878098e+00
1.002453131913025652e+00
1.002456956057971915e+00
1.003066549291378617e+00
1.003648306669620016e+00
1.002654748457974421e+00
1.003969196125477081e+00
1.002493997928882719e+00
1.002680314909268899e+00
1.002131816459577829e+00
1.001833076059719163e+00
1.001200208827567328e+00
1.000591467826005498e+00
1.000281754027382064e+00
9.983927359479635166e-01
9.988218291989208186e-01
9.989834256038027105e-01
9.981724994885198265e-01
9.983363012605739328e-01
9.980267856175841779e-01
9.981178433165249775e-01
9.987918326693776550e-01
9.990752711589476753e-01
9.992569501604567916e-01
1.000120465545027093e+00
1.000009374270592666e+00
9.994591598997738524e-01
1.000267206124658914e+00
1.000379864993061307e+00
1.000700610274481761e+00
1.000473621647568478e+00
1.001098758408595746e+00
1.000885911363444958e+00
1.001174707723848867e+00
1.001316861677571834e+00
1.001564316522826958e+00
1.001348175591508571e+00
1.001894944670862930e+00
1.000853190952269545e+00
1.001284407537659460e+00
1.001330859741952795e+00
1.000549281834845594e+00
1.000418719173102655e+00
1.000372628024861266e+00
1.000020114569386553e+00
1.000413194458796395e+00
9.991117435708449790e-01
9.996111421858951962e-01
9.994790884439527234e-01
9.992341428685571625e-01
9.998198503081439092e-01
9.993323191205411016e-01
9.997017757194691656e-01
9.997228536718677505e-01
1.000201639556534516e+00
1.000096945082155520e+00
9.997507171169985885e-01
1.000247866051786616e+00
1.000497121481849216e+00
1.000753926523848536e+00
1.000393853148032086e+00
1.000855156157945069e+00
1.000284899372111846e+00
1.001359804059544167e+00
1.000458999170900531e+00
1.000935866700795485e+00
1.000405441895088510e+00
1.000339911543246085e+00
1.000533666978745018e+00
1.000098767280678258e+00
1.000271211615688882e+00
1.000655226572115808e+00
9.998922003298437167e-01
1.000142853197936388e+00
9.999211620226067243e-01
9.997643442901765765e-01
9.999213345212658588e-01
9.997272965400940681e-01
9.998169157668379547e-01
1.000147479166639153e+00
1.000199532689547643e+00
9.996718251202382222e-01
1.000025753342891788e+00
9.998727248564012182e-01
9.985344668332716278e-01
9.895342908017393802e-01
9.782069676670037683e-01
9.667847111547874794e-01
9.559443467072062939e-01
9.449684636812420990e-01
9.343325039831866796e-01
9.239471875868213724e-01
9.128268721453945966e-01
9.024784313321014828e-01
8.911987616538200596e-01
8.807381007194741152e-01
8.705786112917921482e-01
8.593669118336603185e-01
8.495483240648510348e-01
8.392611306596422516e-01
