0.000000000000000000e+00
0.000000000000000000e+00
0.000000000000000000e+00
0.000000000000000000e+00
0.000000000000000000e+00
0.000000000000000000e+00
0.000000000000000000e+00
0.000000000000000000e+00
0.000000000000000000e+00
0.000000000000000000e+00
0.000000000000000000e+00
0.000000000000000000e+00
0.000000000000000000e+00
0.000000000000000000e+00
0.000000000000000000e+00
0.000000000000000000e+00
0.000000000000000000e+00
0.000000000000000000e+00
0.000000000000000000e+00
0.000000000000000000e+00
2.380065840239950427e-05
2.977460650159027833e-02
9.259360747244935741e-01
3.180732032862913172e+00
3.284366616393988636e+00
1.885342359781651433e+00
8.769969744971477521e-01
4.099587728125163588e-01
2.140662859770176008e-01
2.297673174936091800e-01
8.075075060318426257e-01
1.690078049475484789e+00
1.893011847928663727e+00
1.482710397596965768e+00
1.026047866686411902e+00
7.543441639244716779e-01
6.466118691405022822e-01
6.383961752749437446e-01
6.850263059457956105e-01
7.635813258809482917e-01
8.511303828287718476e-01
9.434636150936525079e-01
1.023431245209764695e+00
1.092246686679682943e+00
1.140846203440428752e+00
1.174691738432217081e+00
1.191714706122512846e+00
1.190373896460436898e+00
1.174822019502143933e+00
1.143760475567801471e+00
1.108199994511167796e+00
1.073176899460115408e+00
1.041270222015925340e+00
1.010952399474031704e+00
9.810738471057989241e-01
9.605194636412762721e-01
9.449747865219570997e-01
9.344173269560774875e-01
9.284432159895540382e-01
9.264128366021187055e-01
9.257096656830137160e-01
9.322641860803708713e-01
9.404294678280882280e-01
9.484879354762720816e-01
9.608189726543087117e-01
9.712388882665931034e-01
9.785210103440467044e-01
9.887404031036296503e-01
9.965719777195978235e-01
1.001595679594438515e+00
1.009992134122925878e+00
1.016177133533013865e+00
1.020121098957718742e+00
1.025630296614002068e+00
1.025112198951499520e+00
1.028430573382123958e+00
1.025453471192985022e+00
1.025690258170222302e+00
1.020423746286492683e+00
1.015582707506355487e+00
1.013466207896866811e+00
1.007195826916688963e+00
1.003347701404011527e+00
9.989110740971918201e-01
9.953724338386513715e-01
9.912775862265539306e-01
9.894701708342126256e-01
9.885201838449986234e-01
9.886490200737776401e-01
9.865426697223121932e-01
9.888136245531142787e-01
9.900601165635058987e-01
9.904442746976963585e-01
9.904265249971712093e-01
9.931121207212110225e-01
9.933888832439745631e-01
9.957533675497421966e-01
9.977144798002625103e-01
9.989198782968969903e-01
1.003533492718783560e+00
1.005262159708179670e+00
1.010259975785336772e+00
1.010175105075561408e+00
1.010135554713447181e+00
1.008510398833526001e+00
1.006478332529603392e+00
1.003843408258949133e+00
1.001587670656286511e+00
9.998658010069632063e-01
9.953178069690106211e-01
9.936330515463616120e-01
9.939751500025556519e-01
9.922956998898043723e-01
9.932066750405132982e-01
9.932012705956929643e-01
9.952106747849048807e-01
9.949282381220605487e-01
9.959397771118327913e-01
9.977409570763799973e-01
9.987562474686152436e-01
9.970058522840283821e-01
9.955932940488686489e-01
9.938001273266097169e-01
9.944247570367976685e-01
9.909328106123506119e-01
9.912920685584674096e-01
9.938430530214533709e-01
9.970930067401402308e-01
9.993766015264764491e-01
1.003342076060683707e+00
1.004377185599440114e+00
1.004684035496782313e+00
1.003169416500331312e+00
1.002697014155292665e+00
1.002546610186593634e+00
1.001572161636649971e+00
1.001143533470226998e+00
1.000304684258552790e+00
1.000061759216808399e+00
9.998401810269520462e-01
1.000464423219304511e+00
1.000116553221740867e+00
1.000138793518341229e+00
1.000108948468862557e+00
9.989679134756391798e-01
9.985145517462263864e-01
9.973530265980715681e-01
9.959030272653957017e-01
9.962601356729429147e-01
9.951525011906706686e-01
9.956299527956214979e-01
9.961048882671121873e-01
9.966996668666894266e-01
9.993392367128318687e-01
1.000566298408401833e+00
1.002423546503917073e+00
1.004486303506231915e+00
1.004847009776325795e+00
1.005215839825670088e+00
1.006654550855091701e+00
1.005465055795826013e+00
1.005131605573086562e+00
1.004996520842956098e+00
1.003603201992118832e+00
1.001983237904637170e+00
1.001006375793195957e+00
9.999138629224885166e-01
9.988391189819950666e-01
9.967840478830181095e-01
9.959921740568062898e-01
9.949363641287142235e-01
9.950508186852343728e-01
9.940062843352043265e-01
9.949155187886628005e-01
9.953257067569892813e-01
9.964239689096914265e-01
9.973500153078477259e-01
9.974826372904940230e-01
9.992668614174131658e-01
9.995134868837205477e-01
1.002251921614761399e+00
1.001531344205245588e+00
1.002589426398081240e+00
1.002421166856302559e+00
1.002831125359813447e+00
1.003159904300549021e+00
1.003500495160137618e+00
1.003206505656541347e+00
1.003041884666534767e+00
1.001293733453513246e+00
1.001923463719456064e+00
1.000941010320120839e+00
1.000885136791319852e+00
9.999048419916974906e-01
9.997305747943714405e-01
9.989395412035582122e-01
9.986130959270210772e-01
9.985347940871124317e-01
9.986110050599367183e-01
9.989200540899744185e-01
9.987245786464374886e-01
9.983666081145218252e-01
9.989781034304974217e-01
9.985911131254274764e-01
9.995925137264358717e-01
9.998977437176358452e-01
9.998313613978103698e-01
9.992430240419218901e-01
1.000721018652130478e+00
9.997478356422763168e-01
1.001304281545441599e+00
1.001132687216482076e+00
1.001560789078359770e+00
1.001990075843971928e+00
1.001129335622745975e+00
1.001745558386256452e+00
1.002182738641282045e+00
1.002222194589315274e+00
1.001581717830829277e+00
1.001342968596177441e+00
1.001632671170337829e+00
1.000837116764620172e+00
1.000905325140233115e+00
9.999091383262292965e-01
1.000103350145528758e+00
1.000278602413624540e+00
1.000444051268417622e+00
1.000049335239965087e+00
9.993662476364613134e-01
1.000107163768890084e+00
9.999780740719985683e-01
1.000092215840731713e+00
1.000234951057665356e+00
1.000243055114345969e+00
9.998095828506290417e-01
1.000026806912117650e+00
1.000122068930727082e+00
1.000457839877559874e+00
1.000462544116680119e+00
1.000861247840363566e+00
1.000745428222959754e+00
1.001183158290811281e+00
1.001483784317471093e+00
1.001062367151779542e+00
1.001033367965671994e+00
1.001036854895495543e+00
1.000800542183921005e+00
1.000773555479331556e+00
1.000593003890088539e+00
1.000831888397464509e+00
1.000619045316729405e+00
1.000454248875323193e+00
1.000425349445958734e+00
1.000412082661328528e+00
1.000230434391310874e+00
1.000181197496541108e+00
9.999336896086623572e-01
9.996845191956654775e-01
9.997436540854861553e-01
1.000116035292934580e+00
1.000029770695223696e+00
9.999962558334356544e-01
9.998092200929433737e-01
1.000278099127419607e+00
9.986971157760438089e-01
9.890842816529116233e-01
9.774691527423782222e-01
9.672457847958492172e-01
9.559015170235841685e-01
9.449915153455701322e-01
9.343007773455211940e-01
9.231111977376978972e-01
9.124612783361052415e-01
9.017052263017434344e-01
8.915074627151061692e-01
8.803997703644164119e-01
8.702046051183990327e-01
8.600408976768355584e-01
8.491443433945053965e-01
8.392061514554122192e-01
