0.000000000000000000e+00
0.000000000000000000e+00
0.000000000000000000e+00
0.000000000000000000e+00
0.000000000000000000e+00
0.000000000000000000e+00
0.000000000000000000e+00
0.000000000000000000e+00
0.000000000000000000e+00
0.000000000000000000e+00
0.000000000000000000e+00
0.000000000000000000e+00
0.000000000000000000e+00
0.000000000000000000e+00
0.000000000000000000e+00
0.000000000000000000e+00
0.000000000000000000e+00
0.000000000000000000e+00
0.000000000000000000e+00
0.000000000000000000e+00
1.190280068610743167e-05
3.002968483841270825e-02
9.280156702636657151e-01
3.188122853878855967e+00
3.280148361836249471e+00
1.886026253140722808e+00
8.805343280824607932e-01
4.105268087885227124e-01
2.158968475959262834e-01
2.299759950966095978e-01
8.097564183278491701e-01
1.694245689206434147e+00
1.890326377644018008e+00
1.487369148276241893e+00
1.027349573041249187e+00
7.511543714755277712e-01
6.437758159578954587e-01
6.383259766268080115e-01
6.860224945146056186e-01
7.633294813529335476e-01
8.536038557432786833e-01
9.411177996681827640e-01
1.023350196961537950e+00
1.089538795501662660e+00
1.144428110225919948e+00
1.176620063074414357e+00
1.195011753903123974e+00
1.195377391570544789e+00
1.176716472185764140e+00
1.145700893439205004e+00
1.110958857406074696e+00
1.073760065773686545e+00
1.045940840298403174e+00
1.011763642340585800e+00
9.807604965903743421e-01
9.631049278122107982e-01
9.451083513420351911e-01
9.359611631511671748e-01
9.247824417959257248e-01
9.246423227787610166e-01
9.252171247612207550e-01
9.312024952045553361e-01
9.406017241639680337e-01
9.501241969738477566e-01
9.600696799600173525e-01
9.724877939323326448e-01
9.781110476177147239e-01
9.865245164602853833e-01
9.964249568425053161e-01
1.004752547646534877e+00
1.009874745956458986e+00
1.015429106179536412e+00
1.020824104889368922e+00
1.026323951658790312e+00
1.026995415078943097e+00
1.028516894448151309e+00
1.027630138552316108e+00
1.023800839014346487e+00
1.022799359905459893e+00
1.016352491845173178e+00
1.014031829828934583e+00
1.007759770438240388e+00
1.003647227630328764e+00
9.997198544691411337e-01
9.968551071776273753e-01
9.910016438458197907e-01
9.892891800280326775e-01
9.875074234755760738e-01
9.867853338389515061e-01
9.898167736667735639e-01
9.889976033190353011e-01
9.898653552951449663e-01
9.907131230356392981e-01
9.921213155980548315e-01
9.924595219810310454e-01
9.936495007542395230e-01
9.939599488096596547e-01
9.981074696397718160e-01
9.990262658956307051e-01
1.002346634362841993e+00
1.005756253019841173e+00
1.008010062016386321e+00
1.008950101707488001e+00
1.009951622642899505e+00
1.010929960936409300e+00
1.008559549623678997e+00
1.005295800635868764e+00
1.003675054304566938e+00
9.995859897250141124e-01
9.967183111801272144e-01
9.947256934371019321e-01
9.936853846228246301e-01
9.922519475469935291e-01
9.926800873600500896e-01
9.937258103947470556e-01
9.938508247205616319e-01
9.955558401973058080e-01
9.967267868767897276e-01
9.977076741803175830e-01
9.983659706485471519e-01
9.971033420447216189e-01
9.955451984832011103e-01
9.947606774634107918e-01
9.920028183423666990e-01
9.911176291070291633e-01
9.908740712416002072e-01
9.924758844259199408e-01
9.948216468590508343e-01
9.997074728248168674e-01
1.002823116353038335e+00
1.003408019163495091e+00
1.004981224498798342e+00
1.004005560206326919e+00
1.004050607325288835e+00
1.002771415003559596e+00
1.001395948813662118e+00
9.999946242456692058e-01
1.000786054879573284e+00
9.992467773094998451e-01
1.000138841336291939e+00
1.000141482058165554e+00
1.000149344775150162e+00
9.990029756069155331e-01
1.000021211991678927e+00
9.992997389612596759e-01
9.987186167144340709e-01
9.974291495567370047e-01
9.957980291174788334e-01
9.958469890840073724e-01
9.949551255059085886e-01
9.954433291257195338e-01
9.954731932849983922e-01
9.973119691496177275e-01
9.986927640584473131e-01
1.000896083379236412e+00
1.002746359829622902e+00
1.003931545814457760e+00
1.004949005435273435e+00
1.005886835157069115e+00
1.005627595005701869e+00
1.006139609800649204e+00
1.005552699420913632e+00
1.004738771428050015e+00
1.003717679549729347e+00
1.002062649467807764e+00
1.001906003821160906e+00
9.999408732171177761e-01
9.983318336003544902e-01
9.974389995830322819e-01
9.966557969696775432e-01
9.954904741545308466e-01
9.942928153554606574e-01
9.946742579767562376e-01
9.950476852698341146e-01
9.954988998196599992e-01
9.965917607413845580e-01
9.977802239449352628e-01
9.981741305545167586e-01
9.990432039311685219e-01
1.000637990904489127e+00
1.000918142146089096e+00
1.002199831786328987e+00
1.002335281415393409e+00
1.003406293436123864e+00
1.003549846294006009e+00
1.003168903942525114e+00
1.003697972256308191e+00
1.003235968334316164e+00
1.002643468067877741e+00
1.002253472388653366e+00
1.001174490804157546e+00
1.001379860915564857e+00
1.000811497359487490e+00
9.998618281954250175e-01
9.999772152934603975e-01
9.994950732412620775e-01
9.984676606988707182e-01
9.975976640479108370e-01
9.982599589624279179e-01
9.986078429316734839e-01
9.991438187191555853e-01
9.992030046882719452e-01
9.996631166955893821e-01
9.987853339813740350e-01
9.993592589782648306e-01
9.999992529553983767e-01
9.996398582453364101e-01
9.998420265336431800e-01
1.000235330170253567e+00
1.000782932767981803e+00
1.000547519073526681e+00
1.000567635060230387e+00
1.001394747784443373e+00
1.001246766398202537e+00
1.001246672165271745e+00
1.002076526014318514e+00
1.001174680639872694e+00
1.001486742523557627e+00
1.000687707236330937e+00
1.000964533593786676e+00
1.001016959436658027e+00
1.000631870928107681e+00
1.000312996729466830e+00
1.000714746939523891e+00
1.000322072427485054e+00
9.997268730243501489e-01
1.000198247308768496e+00
1.000115506652345942e+00
9.992959112977971570e-01
9.993720944238611015e-01
9.991662956060872736e-01
9.990509126181066346e-01
9.994586450307032521e-01
9.998852510405281668e-01
1.000226575508374349e+00
1.000082127804408527e+00
9.994003020126328574e-01
1.000468440782176671e+00
1.000615173813668157e+00
1.000225748985427154e+00
1.000608825191309226e+00
1.000489149339680806e+00
1.000802961353761455e+00
1.000339885405591822e+00
1.000847576824033913e+00
1.000828946600418767e+00
1.000770758529456517e+00
1.000788072200115675e+00
1.000428200374452459e+00
9.999335118425024538e-01
1.000348948610095379e+00
9.999070332329837996e-01
9.998333241256613935e-01
9.997954437226372892e-01
1.000146875773991972e+00
1.000258474368115991e+00
1.000112537040676486e+00
9.998569737114866296e-01
9.996441566055622729e-01
9.994634635157467750e-01
1.000184670354387739e+00
9.998313114618035957e-01
1.000198600097270019e+00
9.999951971207444723e-01
9.982711276771438769e-01
9.889943642820351322e-01
9.777506308991615880e-01
9.667624375234648015e-01
9.560806782696207318e-01
9.454400301723584477e-01
9.344212415583837972e-01
9.239102470740709894e-01
9.127309584039755563e-01
9.018590518705339454e-01
8.915412244012365095e-01
8.810269620209667529e-01
8.702204188037165888e-01
8.598944650784855481e-01
8.493835231316045897e-01
8.390179500983107053e-01
