0.000000000000000000e+00
0.000000000000000000e+00
0.000000000000000000e+00
0.000000000000000000e+00
0.000000000000000000e+00
0.000000000000000000e+00
0.000000000000000000e+00
0.000000000000000000e+00
0.000000000000000000e+00
0.000000000000000000e+00
0.000000000000000000e+00
0.000000000000000000e+00
0.000000000000000000e+00
0.000000000000000000e+00
0.000000000000000000e+00
0.000000000000000000e+00
0.000000000000000000e+00
0.000000000000000000e+00
0.000000000000000000e+00
0.000000000000000000e+00
2.380156216397045260e-05
2.958098301221627827e-02
9.266726754531047217e-01
3.182039234423176044e+00
3.283708073035761732e+00
1.889029140356875969e+00
8.834190636884862169e-01
4.107812327063475322e-01
2.158294256937602906e-01
2.295863726937538984e-01
8.096190231514057700e-01
1.692244298229583555e+00
1.891506799132246952e+00
1.482401221219797449e+00
1.030146377289729465e+00
7.562382499016365722e-01
6.431071574564750648e-01
6.386231642094150063e-01
6.863177961173483332e-01
7.636199384293099746e-01
8.539225538917906144e-01
9.429708448902243134e-01
1.025079075541260654e+00
1.091177911179719962e+00
1.143705998582408290e+00
1.174463315797888541e+00
1.194496684574951617e+00
1.194711212902790587e+00
1.175449297763573764e+00
1.142283007483382518e+00
1.108997224965252215e+00
1.076382354670515573e+00
1.042917706604089112e+00
1.007621359957885154e+00
9.823017489377847689e-01
9.590748978583203410e-01
9.440610845637822379e-01
9.349687224448131051e-01
9.275269289137335615e-01
9.218630091327002507e-01
9.246897840459344931e-01
9.319477899399785104e-01
9.407840374221595470e-01
9.509976002996161082e-01
9.612089562449952496e-01
9.701727837974397639e-01
9.796757369515156633e-01
9.890568085142298349e-01
9.979189377195467614e-01
1.003569249399874019e+00
1.009826180282062724e+00
1.015426089883160188e+00
1.020348265792359488e+00
1.025153487368714034e+00
1.029602449169318312e+00
1.027492040734457435e+00
1.026533498059232441e+00
1.024854727247649366e+00
1.022806025984918321e+00
1.017451128308775932e+00
1.013590374414949924e+00
1.008482700537336907e+00
1.003083737387833629e+00
9.983327160092024810e-01
9.958978261518024455e-01
9.927323653817740068e-01
9.888779714070894400e-01
9.901649705667333601e-01
9.873823921750422006e-01
9.873963265335079509e-01
9.885628950895141154e-01
9.904585886836676512e-01
9.907198286583616120e-01
9.904389571397811398e-01
9.914929179446467788e-01
9.946107666271285508e-01
9.956251932596976717e-01
9.980549339121990160e-01
1.000601467262762334e+00
1.003354840200213483e+00
1.004900656517167423e+00
1.008469757288351865e+00
1.011064769458606127e+00
1.012322422072691408e+00
1.010009942642617897e+00
1.009201889141136732e+00
1.005827786156826997e+00
1.001380270440785702e+00
9.993683693602259943e-01
9.967265007457367654e-01
9.954766389337419419e-01
9.930697574872573430e-01
9.930017310801860786e-01
9.940318749812706578e-01
9.925911065324101168e-01
9.944325188796047099e-01
9.965327899651926780e-01
9.969732472940561196e-01
9.978960429634805562e-01
9.978392747590182355e-01
9.969551735040735885e-01
9.946240208717311848e-01
9.936561906845913228e-01
9.922306873105425362e-01
9.903517808070002593e-01
9.910629266051302899e-01
9.934431543650674712e-01
9.954645992933623955e-01
9.989889151338944284e-01
1.002109193859504144e+00
1.003802899924991499e+00
1.004651601604667599e+00
1.004762077397326259e+00
1.003921504661289932e+00
1.002438401218000097e+00
1.001339649410997623e+00
1.000690778749270926e+00
9.997034353495681813e-01
1.000570695408616428e+00
1.000246757984058599e+00
1.000145619037864142e+00
1.000795358511584743e+00
1.000166178223900637e+00
1.000112915894161736e+00
1.000147635551925651e+00
9.988371944632012944e-01
9.979784757808062290e-01
9.960385613591672405e-01
9.959502239817398239e-01
9.949823669758167677e-01
9.954215127631157456e-01
9.967745285609067585e-01
9.973115992377109551e-01
9.994992565304761101e-01
1.000330395587564647e+00
1.002677794534922340e+00
1.004491359232351666e+00
1.005218096615824619e+00
1.005567221757714291e+00
1.006292243380899620e+00
1.006110649113952205e+00
1.005988326429380741e+00
1.005920672179652087e+00
1.003594529621685494e+00
1.002409300408423798e+00
1.001805222469586809e+00
1.000677572650210623e+00
9.984657211982634895e-01
9.970511141974666147e-01
9.960308645557878204e-01
9.947125890681028926e-01
9.946549122888860284e-01
9.945246512998222599e-01
9.950124566148736971e-01
9.957038837121127139e-01
9.957087081411950535e-01
9.963229514790643560e-01
9.986003160295344738e-01
9.992471877555922921e-01
9.999389513695662313e-01
1.001362460685952804e+00
1.002334243182982032e+00
1.003388662321908376e+00
1.003443873437631195e+00
1.003776192717483751e+00
1.003472313158493501e+00
1.003964874147680764e+00
1.002640732813359081e+00
1.002979454311242469e+00
1.001282999844966604e+00
1.001536682992908434e+00
1.000768817847129677e+00
1.001485247690020453e+00
9.994288513803869511e-01
9.992464936916207741e-01
9.987746083404409614e-01
9.988531161030285155e-01
9.980812828315043239e-01
9.982746632150094612e-01
9.984795033601783221e-01
9.984140866738651088e-01
9.984156064099388717e-01
9.985064914098239486e-01
9.989229196520903464e-01
9.990764185925924412e-01
9.985821535042451735e-01
9.995683143010422045e-01
9.998023843233015961e-01
1.000114289505559251e+00
1.001070269285129655e+00
1.001276938560914154e+00
1.001054401984873277e+00
1.001461788996182101e+00
1.001124069200997946e+00
1.001671055580765080e+00
1.001272922584254044e+00
1.001104164527830909e+00
1.001683848148580136e+00
1.001676958219028135e+00
1.001065261666623574e+00
1.001169244604447783e+00
9.999507698920968579e-01
1.000342829906846198e+00
1.000021712319769884e+00
9.997080945839590393e-01
9.999757230036749878e-01
9.994389190508367049e-01
9.991256330168734046e-01
9.994380154859392462e-01
9.998311570020709249e-01
9.988051642776430983e-01
9.996078622275931247e-01
9.998394815118896162e-01
9.993155761355656530e-01
1.000005739020422446e+00
1.000448563632505561e+00
1.000451603018449376e+00
9.998409925285847155e-01
1.000012988345141629e+00
1.000842305673436128e+00
1.000566352442235019e+00
1.001464590040676894e+00
1.000968642362055627e+00
1.000752114124177528e+00
1.000606297354403207e+00
1.001393992289138390e+00
1.000900453551174074e+00
1.000486380175004131e+00
1.000888029823775671e+00
1.000464728476415432e+00
1.000028150183388309e+00
1.000450323331300462e+00
1.000504842838711772e+00
1.000614472291795121e+00
9.998462691545079162e-01
1.000476186484901442e+00
1.000089508162768537e+00
1.000069287087294700e+00
1.000530661908959562e+00
9.998194376469414779e-01
9.999704407241057913e-01
9.998383271307821341e-01
1.000287331952733894e+00
1.000027539134210608e+00
9.988319234676441560e-01
9.889569892876343138e-01
9.781860153493838750e-01
9.668100111571830135e-01
9.561085074827038177e-01
9.450934482320629826e-01
9.342873737059729233e-01
9.233127166696037946e-01
9.125195716253980960e-01
9.015039374442895825e-01
8.910846378424669423e-01
8.807968708758168175e-01
8.699513258795218418e-01
8.599134949828508567e-01
8.492605582271864906e-01
8.389071583482105021e-01
