0.000000000000000000e+00
0.000000000000000000e+00
0.000000000000000000e+00
0.000000000000000000e+00
0.000000000000000000e+00
0.000000000000000000e+00
0.000000000000000000e+00
0.000000000000000000e+00
0.000000000000000000e+00
0.000000000000000000e+00
0.000000000000000000e+00
0.000000000000000000e+00
0.000000000000000000e+00
0.000000000000000000e+00
0.000000000000000000e+00
0.000000000000000000e+00
0.000000000000000000e+00
0.000000000000000000e+00
0.000000000000000000e+00
0.000000000000000000e+00
1.190578177842528950e-05
3.005885430017605706e-02
9.274969408649691438e-01
3.163851021674207953e+00
3.271991980098892583e+00
1.878426426929876270e+00
8.781968465562018933e-01
4.122771736293625588e-01
2.160002037840796640e-01
2.287053485134759312e-01
8.032837065963687184e-01
1.682793610895985559e+00
1.889942325038923565e+00
1.482217059840655438e+00
1.025408080319673676e+00
7.540703665506642839e-01
6.490603921278729205e-01
6.434143301765599121e-01
6.907181867210862025e-01
7.650505232320349291e-01
8.523867987579559768e-01
9.447675753668770549e-01
1.023750562677000264e+00
1.089348875047211784e+00
1.139738978630390198e+00
1.175950290782027396e+00
1.192450511147695069e+00
1.189291347337602778e+00
1.171248008245491246e+00
1.142113531738694565e+00
1.110448275056878265e+00
1.074161067544030512e+00
1.042731373424922392e+00
1.007546478076697616e+00
9.825611949940522560e-01
9.617393828812065282e-01
9.425327286741485011e-01
9.350482845091853124e-01
9.292371103152243794e-01
9.237388309406282527e-01
9.266957318905492125e-01
9.294166704226178854e-01
9.392333656465970959e-01
9.462864935132671018e-01
9.601224824566622074e-01
9.706795964558441181e-01
9.809100828251388071e-01
9.880863058476425653e-01
9.946950812053186874e-01
1.000671490377188499e+00
1.008490528527392405e+00
1.015225304317046717e+00
1.020443790646819560e+00
1.024046531609685395e+00
1.025738777312740657e+00
1.027850925091764456e+00
1.025774531353170760e+00
1.024674644352504993e+00
1.018155344940730345e+00
1.015923722861319156e+00
1.011900336201665196e+00
1.007236155140739386e+00
1.002201623419332721e+00
9.977308552216890281e-01
9.951311417451452757e-01
9.910273596324423728e-01
9.900405782618697526e-01
9.891933838053134087e-01
9.870733694089469656e-01
9.888957827482032226e-01
9.884595385350050112e-01
9.892603089834203223e-01
9.911103935914350460e-01
9.921419671824004416e-01
9.928336120005790688e-01
9.944114049479420014e-01
9.948989036446249656e-01
9.982747995200090818e-01
9.987973032121507666e-01
1.002735165012339280e+00
1.005781718604142005e+00
1.008532600254578471e+00
1.010493152403081130e+00
1.010689482409515616e+00
1.009961877514236495e+00
1.006119834503827137e+00
1.004554407150770379e+00
1.001667238947508753e+00
9.992841365728621916e-01
9.972229549239436386e-01
9.939264308988314811e-01
9.945380523061952971e-01
9.929184047489642007e-01
9.925111020885639679e-01
9.935391564188231772e-01
9.938180129037967880e-01
9.957200057335821031e-01
9.972562478009996401e-01
9.979144311798796574e-01
9.975310528420083811e-01
9.964180408484686335e-01
9.965135498861564800e-01
9.949471229705662001e-01
9.917157978569905996e-01
9.917846035215303058e-01
9.913208216175301013e-01
9.932266961025664198e-01
9.957594475269552214e-01
9.989895431364579359e-01
1.001746063662325659e+00
1.003530618565746657e+00
1.004329708457155412e+00
1.003792388256732115e+00
1.003705388450421898e+00
1.001891406680551100e+00
1.000594102749768455e+00
1.000585375264312349e+00
9.998082589417875976e-01
1.000029248556742134e+00
9.997690619782149124e-01
9.997713749227902236e-01
9.993480845324693718e-01
1.000099717932697807e+00
9.983240893221990708e-01
9.988058401357167160e-01
9.977312615338160828e-01
9.967831151368585774e-01
9.965626750661075173e-01
9.943914561140436703e-01
9.949996639838314394e-01
9.943632363498168258e-01
9.963319185389212240e-01
9.971785057672849506e-01
9.993428194799161002e-01
1.001115523086061776e+00
1.002220567380950778e+00
1.004136397388202040e+00
1.004611217520738009e+00
1.005672432725326360e+00
1.006326188464922833e+00
1.005584418813459058e+00
1.005861720153574890e+00
1.005093696971581796e+00
1.004149341020252217e+00
1.002534246278623309e+00
1.001514172090814503e+00
9.997403759482524910e-01
9.982506364716512426e-01
9.973216642291874434e-01
9.956481441268488775e-01
9.954307922581119294e-01
9.943175862886205474e-01
9.951613507403462844e-01
9.947991569976393222e-01
9.953855134303418728e-01
9.965562101011716800e-01
9.968537340473297981e-01
9.979256932318263384e-01
9.986409771839370730e-01
9.997282231117541329e-01
1.000885429842657937e+00
1.002343584572163548e+00
1.003130387643624610e+00
1.003651506129534132e+00
1.003663877539255678e+00
1.003677857840057808e+00
1.003292694296400223e+00
1.002826030208965546e+00
1.002694448582970743e+00
1.002583366494737893e+00
1.001644497220179897e+00
1.001744332752725564e+00
1.000345587033018013e+00
9.996457867512424933e-01
9.991343246090151897e-01
9.981276921827647586e-01
9.987677579194421673e-01
9.985856082370326847e-01
9.984278022427465205e-01
9.982808118600756675e-01
9.981488193028817957e-01
9.978397409632775439e-01
9.983684638703559378e-01
9.992250856868817310e-01
9.995923198721478053e-01
9.998949095204808790e-01
1.000567256385375137e+00
9.995942822533309124e-01
9.999196975843853696e-01
1.000675329517831669e+00
1.000739945256952534e+00
1.000617192185756954e+00
1.001309199852435494e+00
1.001336033401193149e+00
1.001392912513658695e+00
1.001514128795968128e+00
1.001540522189273030e+00
1.001157220200330267e+00
1.000986340486677006e+00
1.000561690451658325e+00
1.000482531854869794e+00
1.000405016481690890e+00
1.000005634531516030e+00
9.997169930314468989e-01
9.998933431490475421e-01
9.997821021946258213e-01
9.992216066969301647e-01
9.996397388215539914e-01
9.999125153101029451e-01
9.992631438311642134e-01
9.995516096495274949e-01
9.993304489281311653e-01
9.993328203240433583e-01
1.000042971269990977e+00
9.998427802099361106e-01
9.990178948397516745e-01
1.000077030020516622e+00
9.999206155243741678e-01
1.000968275332555946e+00
1.000329599851381035e+00
1.000436170509429568e+00
1.000744873214072683e+00
1.000885373513257459e+00
1.001087889472903170e+00
1.001347623437966128e+00
1.000876011517648267e+00
1.000422728407204254e+00
1.000865118606301785e+00
1.000260190049889308e+00
1.000345695879629071e+00
1.000712097322152383e+00
1.000051998694709843e+00
1.000125100967965697e+00
1.000356720501356378e+00
9.997866731264029028e-01
9.998446556842249811e-01
9.993925997598891442e-01
9.993735582677992779e-01
9.999953238967349556e-01
9.997516828040133863e-01
9.995437335304334647e-01
9.997742089433747648e-01
9.999255414348023896e-01
9.999254157713491908e-01
9.983644212548846708e-01
9.890789874817497163e-01
9.781878031085531333e-01
9.674699932595740570e-01
9.559970672003115233e-01
9.453394039203387722e-01
9.347577240837824375e-01
9.237791057539770367e-01
9.134604907841293864e-01
9.027360117108562676e-01
8.916225846047018955e-01
8.809267181045419282e-01
8.706380796953202550e-01
8.601518747141485566e-01
8.495228934535132836e-01
8.396213496726120384e-01
