0.000000000000000000e+00
0.000000000000000000e+00
0.000000000000000000e+00
0.000000000000000000e+00
0.000000000000000000e+00
0.000000000000000000e+00
0.000000000000000000e+00
0.000000000000000000e+00
0.000000000000000000e+00
0.000000000000000000e+00
0.000000000000000000e+00
0.000000000000000000e+00
0.000000000000000000e+00
0.000000000000000000e+00
0.000000000000000000e+00
0.000000000000000000e+00
0.000000000000000000e+00
0.000000000000000000e+00
0.000000000000000000e+00
0.000000000000000000e+00
0.000000000000000000e+00
2.972564173116004627e-02
9.294775880610648411e-01
3.200806739492882524e+00
3.293174455413776069e+00
1.887385806708926861e+00
8.810735537707168330e-01
4.109663189452656407e-01
2.163930169244047963e-01
2.290108612221256335e-01
8.094903629841028181e-01
1.699680353282992273e+00
1.900012138963167230e+00
1.493062669808830067e+00
1.027443850408283899e+00
7.522037482160985888e-01
6.443708610436409412e-01
6.362193270016247570e-01
6.851172328309806936e-01
7.611686719375058141e-01
8.516422645432650818e-01
9.401460909117080877e-01
1.022614763418039585e+00
1.086554412307132456e+00
1.139070462822610708e+00
1.176806690860338733e+00
1.194388998232644106e+00
1.191088410369135708e+00
1.173903885774555844e+00
1.145250777429114297e+00
1.108991215164299327e+00
1.076311764945220295e+00
1.041867398772310604e+00
1.010703097726615152e+00
9.785356948961713153e-01
9.639223473749993776e-01
9.462111379772633057e-01
9.360103813783494653e-01
9.298366701184379579e-01
9.250399587946945834e-01
9.251059884970932456e-01
9.287633456327106796e-01
9.412200811337116946e-01
9.475375579632224765e-01
9.614527173331900434e-01
9.708644425044515858e-01
9.788686889978935879e-01
9.868305461766977427e-01
9.949237184470270945e-01
1.001901334739735638e+00
1.008358406117479955e+00
1.014267465638205579e+00
1.019572871703959605e+00
1.022785643066605799e+00
1.026571493660668688e+00
1.027001998480499667e+00
1.027222655129483186e+00
1.023842006479673161e+00
1.019508090833069147e+00
1.016340971467759813e+00
1.011270190031593907e+00
1.008298666621499251e+00
1.003329019567393177e+00
9.993432960877939308e-01
9.937494113457189249e-01
9.912025351668311002e-01
9.890569461712467314e-01
9.881292205693336106e-01
9.873759428875770183e-01
9.866349790286416122e-01
9.887505563961597188e-01
9.888605056184773812e-01
9.891627737043717783e-01
9.900463168363538013e-01
9.921517761757996379e-01
9.935913257085812189e-01
9.940500894086338191e-01
9.977473634110944900e-01
1.000242317625405830e+00
1.002310044865011740e+00
1.005658671900405254e+00
1.007114240411787653e+00
1.010174406918299628e+00
1.010526045384424254e+00
1.008649010778547517e+00
1.005752475763466824e+00
1.004565478637288178e+00
1.001452408922404613e+00
9.976830509273196812e-01
9.972655054055203916e-01
9.942575155699588940e-01
9.921892391267073119e-01
9.917247857357585072e-01
9.923580208025076788e-01
9.929446808308844963e-01
9.942402159785685978e-01
9.945637613689574108e-01
9.972056476189117280e-01
9.982655842515877342e-01
9.971455053684857850e-01
9.974311822081650680e-01
9.962973289757058870e-01
9.944740958487587879e-01
9.915959476285901575e-01
9.902501462050556924e-01
9.910362427851134859e-01
9.928163073581011133e-01
9.962087593499369120e-01
9.989787164143850706e-01
1.001305596260369635e+00
1.003879633026610874e+00
1.004985244229095409e+00
1.004463443288188040e+00
1.003134257164750132e+00
1.001765772560208267e+00
1.001645951070096130e+00
1.000162596017607930e+00
1.000890708777954385e+00
1.000443702720573258e+00
1.000564724607173162e+00
1.000475483957307121e+00
1.000117339379265946e+00
1.000371126550520184e+00
9.995570699096844036e-01
9.997587979589251939e-01
9.987338590460840271e-01
9.973453957975687567e-01
9.965242107169052233e-01
9.949596668150477718e-01
9.961700166797645695e-01
9.949207181036435754e-01
9.960779850298887572e-01
9.970129111852547021e-01
9.988453871229103775e-01
1.000563182545444185e+00
1.002051034303603538e+00
1.004099322550819462e+00
1.004897851218375493e+00
1.004938540750569542e+00
1.005995570104664338e+00
1.005389001989557274e+00
1.005587012117628465e+00
1.005520361090943338e+00
1.004347591214697966e+00
1.003141326454952242e+00
1.001921306462540961e+00
1.000224317195394841e+00
9.973453786537725962e-01
9.970770113699854997e-01
9.959562355720892324e-01
9.948505808111416382e-01
9.945411210914484323e-01
9.942035701338561848e-01
9.952388609480632420e-01
9.949669582696781811e-01
9.964678884949571547e-01
9.976804849261592389e-01
9.978499519326741174e-01
9.990269324698458631e-01
1.000099819999441975e+00
1.000529745034355766e+00
1.003182519271733630e+00
1.002245797460075583e+00
1.002612299387685368e+00
1.002901993525250779e+00
1.002859129786911163e+00
1.003141396649101624e+00
1.003219529556175882e+00
1.002365982862588822e+00
1.001611113533286579e+00
1.001482225873267851e+00
1.000972361576217828e+00
9.997507406032984933e-01
9.993035081827686961e-01
9.984040660925811439e-01
9.984696732888294068e-01
9.985955188240260849e-01
9.981305331487277943e-01
9.980583529402211607e-01
9.984632095388947803e-01
9.987207178263264318e-01
9.984852492024983706e-01
9.980813416116911529e-01
9.990634351630388599e-01
9.991198563109005004e-01
9.998868161761177431e-01
9.997599651938939846e-01
9.999225955094338536e-01
1.000098861682305440e+00
1.001153835420237836e+00
1.000305204600393960e+00
1.001197142396392348e+00
1.001031641783293624e+00
1.001182693760422016e+00
1.001708817896691972e+00
1.000955464590507882e+00
1.001673123467430759e+00
1.001087545864164596e+00
1.001415737274047979e+00
1.000436387275137173e+00
1.000740858942018585e+00
1.000356202842503039e+00
1.000293868247932538e+00
1.000071663399289656e+00
1.000148159801306669e+00
1.000153063863464364e+00
9.998740285200955480e-01
1.000096276068267898e+00
9.997269987628992771e-01
9.995598247081122212e-01
9.997511906013578642e-01
9.998706703431259335e-01
9.997041862541992119e-01
9.997687863243319706e-01
1.000165164006527663e+00
1.000827213401175975e+00
1.000316943448328777e+00
1.000002823899941884e+00
1.000885740567299287e+00
1.000611587925795742e+00
1.000103690745200113e+00
1.000828917712676125e+00
1.000584364284457850e+00
1.000856016444275687e+00
1.000929016329032750e+00
1.001026242564942770e+00
1.001196107616582065e+00
1.000812147883867631e+00
1.001339472156523636e+00
1.000359185970246978e+00
1.000697104156780037e+00
1.000623532982656716e+00
1.000408422496458893e+00
9.997123703725541155e-01
1.000454504081583984e+00
1.000335542774658082e+00
9.998339169282046690e-01
1.000203123316100839e+00
9.999811168021991437e-01
1.000269416356456498e+00
9.997939825315788065e-01
9.994032606273012265e-01
1.000061943375822882e+00
1.000087473786322345e+00
9.983252788489135332e-01
9.896941904213634178e-01
9.780573659016353893e-01
9.670046790348698629e-01
9.561453031037812078e-01
9.461022265605276704e-01
9.345658684795882243e-01
9.236795904432626436e-01
9.125473146065241625e-01
9.026707365993433818e-01
8.917576171792199746e-01
8.814387309810812754e-01
8.704815074818235132e-01
8.604992642988563700e-01
8.503530647282777633e-01
8.394883485136372947e-01
