0.000000000000000000e+00
0.000000000000000000e+00
0.000000000000000000e+00
0.000000000000000000e+00
0.000000000000000000e+00
0.000000000000000000e+00
0.000000000000000000e+00
0.000000000000000000e+00
0.000000000000000000e+00
0.000000000000000000e+00
0.000000000000000000e+00
0.000000000000000000e+00
0.000000000000000000e+00
0.000000000000000000e+00
0.000000000000000000e+00
0.000000000000000000e+00
0.000000000000000000e+00
0.000000000000000000e+00
0.000000000000000000e+00
0.000000000000000000e+00
0.000000000000000000e+00
0.000000000000000000e+00
0.000000000000000000e+00
0.000000000000000000e+00
0.000000000000000000e+00
0.000000000000000000e+00
-6.216998577057708530e-07
-4.624606389472263324e-05
-7.405984323045067264e-04
-5.877360906797524098e-03
-2.693242301425058383e-02
-7.395017575135393040e-02
-1.397007724862535383e-01
-2.056090642500733034e-01
-2.562419085406590913e-01
-2.859723459975089810e-01
-2.973203195542462041e-01
-2.954281277926871230e-01
-2.852814221597754218e-01
-2.700787576128130807e-01
-2.504931569565851390e-01
-2.277546526822375461e-01
-2.035716340581434358e-01
-1.793208497108119137e-01
-1.563125933309126026e-01
-1.354632758474753618e-01
-1.171173676935930302e-01
-1.003085149454255448e-01
-8.417423807608570563e-02
-6.808283129825938584e-02
-5.186041886847059246e-02
-3.681854167817150136e-02
-2.488283948896372055e-02
-1.754758823872284990e-02
-1.455673772740126437e-02
-1.436182545521544340e-02
-1.555609219016237943e-02
-1.708365617306892292e-02
-1.802663107075580529e-02
-1.761907866650364030e-02
-1.623800000557659717e-02
-1.350857743468017458e-02
-1.036140593878259741e-02
-6.232827666357049212e-03
-2.427651189154583777e-03
7.135320976515424629e-04
2.954810093511450741e-03
3.988446973291870368e-03
3.964027081630683291e-03
2.752686158709938269e-03
4.281431138459801389e-04
-2.702231382017222794e-03
-6.277728590995845792e-03
-1.005766764574406169e-02
-1.343744939814475736e-02
-1.671348690524859792e-02
-1.984826177121393198e-02
-2.193063094471475738e-02
-2.278724592151745720e-02
-2.311532205818454810e-02
-2.243799800458474991e-02
-2.133414968309438331e-02
-1.969199697308608721e-02
-1.788937119775840801e-02
-1.556933629692824894e-02
-1.397584501743917573e-02
-1.249639820080486463e-02
-1.170950769399042857e-02
-1.142407191073088746e-02
-1.183078264765211052e-02
-1.335364840062563951e-02
-1.560538372210693026e-02
-1.850771873511081189e-02
-2.180580949809743374e-02
-2.537491380274373154e-02
-2.876350792208987039e-02
-3.208567364348871576e-02
-3.507594411048653438e-02
-3.739755833068386659e-02
-3.929952519193438687e-02
-4.080647925193878200e-02
-4.255053155943699927e-02
-4.403197031880751178e-02
-4.545969999253010596e-02
-4.676123577277907506e-02
-4.775624311682111212e-02
-4.865506639447039761e-02
-4.939777633844100180e-02
-5.014818948462684833e-02
-5.085259660945354310e-02
-5.126120918182403008e-02
-5.168017164563804000e-02
-5.239934049828448570e-02
-5.314291260297115960e-02
-5.376181604229204880e-02
-5.441462298860927360e-02
-5.502426830193554719e-02
-5.577976164231587819e-02
-5.702104386664663682e-02
-5.735617655084668254e-02
-5.858690078757003428e-02
-5.964582834591616867e-02
-6.068629792800020462e-02
-6.226738743664492204e-02
-6.314950383706638415e-02
-6.468159477958110304e-02
-6.649941965163835844e-02
-6.835584502838978893e-02
-6.995574011824731708e-02
-7.166924050447712191e-02
-7.328418545036433085e-02
-7.526014118228319116e-02
-7.712329394421638118e-02
-7.925367218405168779e-02
-8.073723219855580280e-02
-8.211204480705661113e-02
-8.356025125386595809e-02
-8.451318526028867018e-02
-8.592433911973471061e-02
-8.661203750172233318e-02
-8.796297793500437723e-02
-8.824397217130219850e-02
-8.903096364354393111e-02
-8.983400788073017673e-02
-9.123445582913028429e-02
-9.205799605710351941e-02
-9.318666392529259546e-02
-9.449880411388492107e-02
-9.538804374730316948e-02
-9.697989256642802758e-02
-9.802520438360007304e-02
-1.000184744432263129e-01
-1.015900338279395188e-01
-1.036711541306306328e-01
-1.061235032378193555e-01
-1.078566223026982129e-01
-1.093807547727668195e-01
-1.114601599029934331e-01
-1.132313517329240349e-01
-1.149650018874033008e-01
-1.173879886966179287e-01
-1.191308094028365044e-01
-1.202352671689662228e-01
-1.216778467029020483e-01
-1.232915859815914283e-01
-1.242380114170965749e-01
-1.266910922916188176e-01
-1.287981594770241101e-01
-1.307768978493933365e-01
-1.324106866367572022e-01
-1.335071510818553464e-01
-1.356604422589642311e-01
-1.370358294730136262e-01
-1.388537578201529676e-01
-1.406233243556277435e-01
-1.420163121753550972e-01
-1.430938354004133162e-01
-1.444289131493336487e-01
-1.456105533578156974e-01
-1.469504273989915843e-01
-1.486810289871756674e-01
-1.497774778145704866e-01
-1.510656726001887162e-01
-1.521206347146814020e-01
-1.535503782167382814e-01
-1.547014689264993859e-01
-1.564417455858473360e-01
-1.572933372013204933e-01
-1.588281539139110299e-01
-1.602669283417532120e-01
-1.615624583410157911e-01
-1.639236122448674837e-01
-1.646227767992765045e-01
-1.662873635838229003e-01
-1.678385828565256421e-01
-1.687445697001215272e-01
-1.704595288038095457e-01
-1.720897795042061751e-01
-1.732178502491645289e-01
-1.744437547879729156e-01
-1.756427247723901242e-01
-1.777875041574064618e-01
-1.797329600396897487e-01
-1.817107040596869227e-01
-1.834076892798910119e-01
-1.851858347759898771e-01
-1.864031556054304151e-01
-1.886227002340466474e-01
-1.904014954988008101e-01
-1.925482738507107994e-01
-1.943527006858239425e-01
-1.963577092320520912e-01
-1.977537766512219575e-01
-1.996573491114892740e-01
-2.019478993957499746e-01
-2.044794247728578540e-01
-2.068497679268150868e-01
-2.090785911115506657e-01
-2.112538282735116901e-01
-2.133876170292838825e-01
-2.158090650832693580e-01
-2.176861068586619652e-01
-2.196608591061098847e-01
-2.217143042753022542e-01
-2.236613588551000231e-01
-2.265091159113239438e-01
-2.288527714794311996e-01
-2.316125436949545424e-01
-2.336675346391994812e-01
-2.358785911521907308e-01
-2.386250931056480840e-01
-2.411139744566854204e-01
-2.427503936298441301e-01
-2.456413640953782063e-01
-2.477450869705708492e-01
-2.503848228434588652e-01
-2.530083717088587592e-01
-2.554830787442858853e-01
-2.573920890837878561e-01
-2.600079683997210678e-01
-2.626160602470093974e-01
-2.649661921392383324e-01
-2.677932329385891430e-01
-2.705166712470961077e-01
-2.720658377271510386e-01
-2.746295969115137292e-01
-2.775991307027390054e-01
-2.795545811519066781e-01
-2.828821568009064480e-01
-2.845695995931226130e-01
-2.872134698501938588e-01
-2.897554481479196475e-01
-2.925374077445689336e-01
-2.946500747813461385e-01
-2.968475442283931010e-01
-2.985727822614048232e-01
-3.013517001141433616e-01
-3.027123926727939285e-01
-3.047772939831514538e-01
-3.061430919076984503e-01
-3.078306602376487677e-01
-3.101091026794969840e-01
-3.129231171605175721e-01
-3.160374272770347659e-01
-3.183812236175387334e-01
-3.193041650135152731e-01
-3.217597485697532012e-01
-3.239660533836888900e-01
-3.262804445020441868e-01
-3.292379716126080935e-01
-3.316150322259394101e-01
-3.327351222128736574e-01
-3.355417702364955623e-01
-3.374812227554387367e-01
-3.390638239253337405e-01
-3.414602795987285999e-01
-3.446617670626769825e-01
-3.481169355162187506e-01
-3.509773530269099107e-01
-3.543439301239791894e-01
-3.563061424803158905e-01
-3.588735252745514082e-01
-3.624461961652890585e-01
-3.644844956121282009e-01
-3.676134397175484514e-01
-3.709712094055069853e-01
-3.745337760463438026e-01
-3.776164358415086131e-01
-3.810364321557964673e-01
-3.834625278999547748e-01
-3.863216282825894243e-01
-3.894780444871599467e-01
-3.926147053243013163e-01
-3.956932423005062871e-01
-3.991862395095938654e-01
-4.019565582020532268e-01
-4.067228199716912407e-01
-4.100149872261532047e-01
-4.140790912966834658e-01
-4.174574025297656532e-01
-4.200968902697538865e-01
-4.240666756958516026e-01
-4.264383057345279004e-01
-4.293298629771085118e-01
-4.322353292971117256e-01
-4.357644727134686868e-01
-4.381804236227625493e-01
-4.419453711241903560e-01
-4.451605091769901268e-01
-4.482709433315188452e-01
-4.512212224427532004e-01
-4.548748609706343426e-01
-4.577674353945528907e-01
-4.609149878534374856e-01
-4.634698426032013430e-01
-4.665464971694683882e-01
-4.693733640585407985e-01
-4.720873906463375347e-01
-4.746607352849108175e-01
-4.778432926205621323e-01
-4.811248139836822313e-01
-4.853158228377091321e-01
-4.883746066479083825e-01
-4.921174650292341468e-01
-4.955332061647044206e-01
-4.982481198444139725e-01
-5.007609965668435859e-01
-5.037009943552498425e-01
-5.073471950971161215e-01
-5.104122962187167545e-01
-5.135424428286635701e-01
-5.158191365540333306e-01
-5.181317956150350845e-01
-5.198589908989355024e-01
-5.226779335666335013e-01
-5.244970241868829319e-01
-5.277708550938564613e-01
-5.308391410862655091e-01
-5.340918290243014122e-01
-5.365245879200510881e-01
-5.397921573031407849e-01
-5.412587315974958235e-01
-5.445853238762501380e-01
-5.460778492603587386e-01
-5.480744827454218093e-01
-5.512319584225069402e-01
-5.530046018477094982e-01
-5.560117024058729429e-01
-5.602486459003442887e-01
-5.617112972958460126e-01
-5.629486809125221480e-01
-5.651720969447087128e-01
-5.671753225691651412e-01
-5.696725542261544817e-01
-5.714997854680450295e-01
-5.718256544601545421e-01
-5.743965765176364258e-01
-5.752502716276346462e-01
-5.774914903889305506e-01
-5.795358771281993171e-01
-5.826073787941581372e-01
-5.849701232819652930e-01
-5.869742261629866675e-01
-5.906753084246894048e-01
-5.920041738959280764e-01
-5.943356960869117245e-01
-5.983428939607460251e-01
-6.006717482786605444e-01
-6.031482829053906869e-01
-6.053039352779876481e-01
-6.091747777357312543e-01
-6.105903111689681140e-01
-6.136197984952644902e-01
-6.167622665814747052e-01
-6.192556841851271088e-01
-6.211862487856905091e-01
-6.240720720850738701e-01
-6.269186751830204685e-01
-6.293775619403980670e-01
-6.324657066121623927e-01
-6.357346141991655486e-01
-6.383396320242802346e-01
-6.406183224846735413e-01
-6.443145657423343664e-01
-6.479251138399675369e-01
-6.509751520451061424e-01
-6.533866966408936605e-01
-6.571935021317045766e-01
-6.601644867653675419e-01
-6.632400149354396035e-01
-6.670067177003176084e-01
-6.692594635787827428e-01
-6.730891299930021887e-01
-6.768793392346950100e-01
-6.803247680898252270e-01
-6.840140273341859256e-01
-6.859845692004711282e-01
-6.892860752973746230e-01
-6.922198834999235828e-01
-6.955437874910401774e-01
-6.991231578538759095e-01
-7.025451506101063615e-01
-7.055268688608293814e-01
-7.086725713405428451e-01
-7.130624503862037500e-01
-7.163322100108615587e-01
-7.202078280455168624e-01
-7.244491479627441777e-01
-7.276527434838300223e-01
-7.322754099658084215e-01
-7.354063849391110352e-01
-7.381285468774194669e-01
-7.416652118596971377e-01
-7.453409176101928324e-01
-7.478572590138981013e-01
-7.499888360936068921e-01
-7.534076519678194472e-01
-7.565659006315428314e-01
-7.600592141750439623e-01
-7.634083012359127451e-01
-7.665645820868860483e-01
-7.696295842676619259e-01
-7.727637771846360693e-01
-7.759474009034335040e-01
-7.784192346478846503e-01
-7.818201158898148151e-01
-7.846673821707099705e-01
-7.863829191151410214e-01
-7.898018873336809520e-01
-7.924592558484278015e-01
-7.954290413709088625e-01
-7.970991576119388355e-01
-8.004814515969940203e-01
-8.030914064314913503e-01
-8.063897773674000291e-01
-8.086064544830549039e-01
-8.109050468662246658e-01
-8.137671962276442628e-01
-8.167499069194548156e-01
-8.196701752008834774e-01
-8.232739887996274319e-01
-8.253530737353855784e-01
-8.282779360978906880e-01
-8.304787792442880345e-01
-8.334223008802723598e-01
-8.367334447840448775e-01
-8.388799201603376332e-01
-8.422360750529662710e-01
-8.454907861744516140e-01
-8.485061835459930535e-01
-8.511895828662829899e-01
-8.536200073530153531e-01
-8.569022330461564252e-01
-8.606420712612248280e-01
-8.636708419319916175e-01
-8.674426430932271614e-01
-8.701797097118628699e-01
-8.737884602126086975e-01
-8.773937737028063566e-01
-8.800894431402639384e-01
-8.815330908560099488e-01
-8.842131105266730629e-01
-8.880680406755345757e-01
-8.903713199504181830e-01
-8.929994952339370684e-01
-8.957528981172231397e-01
-8.980857175949950033e-01
-9.007963534405121209e-01
-9.026422752258440596e-01
-9.052468618725697524e-01
-9.078108224441052698e-01
-9.105548821685829353e-01
-9.126510878297153795e-01
-9.152109612576850850e-01
-9.168767457018702771e-01
-9.188202469807720263e-01
-9.218165976540717566e-01
-9.235018985214082932e-01
-9.256120076497609261e-01
-9.282641705469245608e-01
-9.303008624082167444e-01
-9.320919423201985410e-01
-9.343335637376526392e-01
-9.365813166190264383e-01
-9.381835048177435965e-01
-9.397094591115546791e-01
-9.421610956158019690e-01
-9.433500003062817996e-01
-9.450264212402998965e-01
-9.463695831376526257e-01
-9.481619241788621366e-01
-9.506640667003125600e-01
-9.518826496512247104e-01
-9.533292971257196768e-01
-9.551038452527222944e-01
-9.566224762882029609e-01
-9.579685520165526214e-01
-9.591228936683364736e-01
-9.602837443341059043e-01
-9.610441791766106689e-01
-9.622655791456509178e-01
-9.636902991061333523e-01
-9.656445372156667872e-01
-9.667847870455261727e-01
-9.680094688535518799e-01
-9.696311086462401363e-01
-9.705319564900491969e-01
-9.716387543188602649e-01
-9.729741819177206708e-01
-9.738151852915279960e-01
-9.747984227774395549e-01
-9.761842087457353045e-01
-9.772529165841206122e-01
-9.781510921703784334e-01
-9.789514582057563530e-01
-9.798190296146458422e-01
-9.803177030001961612e-01
-9.811753035214678675e-01
-9.816024402565517448e-01
-9.825926861805100998e-01
-9.833372180472679247e-01
-9.836110300063864997e-01
-9.842814316631347538e-01
-9.843609240787145609e-01
-9.846420336652954575e-01
-9.851111353045780561e-01
-9.854987265186991863e-01
-9.860025872733331198e-01
-9.861977240401529343e-01
-9.867491941790831333e-01
-9.870769643982839625e-01
-9.876023220792831125e-01
-9.882360269293712918e-01
-9.885860563933874801e-01
-9.888078114017844200e-01
-9.892532869797605599e-01
-9.893770359914242363e-01
-9.899461331574457290e-01
-9.900783560420904905e-01
-9.902969758780955090e-01
-9.905934061428069981e-01
-9.909153670068917563e-01
-9.910506315530938082e-01
-9.914992860977918099e-01
-9.918378092521606959e-01
-9.918797476454983553e-01
-9.920206113202993947e-01
-9.921493321601246862e-01
-9.920795510012112572e-01
-9.923176888542002416e-01
-9.922806617296373588e-01
-9.923298545746774835e-01
-9.923555526711425046e-01
-9.924946934918352781e-01
-9.926050399208179442e-01
-9.926565916529170863e-01
-9.927555601207131986e-01
-9.929796923865978897e-01
-9.929502762556694506e-01
-9.930935609111202211e-01
-9.931926208068944106e-01
-9.931002997641371621e-01
-9.930957485328235634e-01
-9.931130918378130445e-01
-9.932445592071417195e-01
-9.934150319204491097e-01
-9.933918154056300409e-01
-9.932812777617527900e-01
-9.934289703453487164e-01
-9.934940086766346212e-01
-9.933994586594963039e-01
-9.933763719468515774e-01
-9.934716010889133031e-01
-9.934085344098093628e-01
-9.934852457861325092e-01
-9.933982546717743389e-01
-9.934256477320104750e-01
-9.933964866997939680e-01
-9.934394407007403061e-01
-9.934388542537817557e-01
-9.935146760240058939e-01
-9.934858444144083478e-01
-9.935400534916425386e-01
-9.935498212557831721e-01
-9.935151705731186667e-01
-9.935187869091350876e-01
-9.935425166211189207e-01
-9.935551831174507242e-01
-9.935716493769177760e-01
-9.935662856837552681e-01
-9.935746800404103851e-01
-9.935681197960093414e-01
-9.935693256957165431e-01
-9.935664118822842283e-01
-9.935665623809200042e-01
-9.935665623809200042e-01
-9.935665623809200042e-01
-9.935665623809200042e-01
-9.935665623809200042e-01
-9.935665623809200042e-01
-9.935665623809200042e-01
-9.935665623809200042e-01
-9.935665623811473779e-01
-9.935665623809200042e-01
-9.935665623809200042e-01
-9.935665623809200042e-01
-9.935665623809200042e-01
-9.935665623809200042e-01
-9.935665623809200042e-01
-9.935665623809200042e-01
-9.935665623811473779e-01
-9.935665623809200042e-01
-9.935665623809200042e-01
-9.935665623809200042e-01
-9.935665623809200042e-01
-9.935665623809200042e-01
-9.935665623809200042e-01
-9.935665623811473779e-01
-9.935665623809200042e-01
-9.935665623811473779e-01
-9.935665623809200042e-01
-9.935665623809200042e-01
-9.935665623809200042e-01
-9.935665623809200042e-01
-9.935665623809200042e-01
-9.935665623809200042e-01
-9.935665623809200042e-01
-9.935665623809200042e-01
-9.935665623809200042e-01
-9.935665623809200042e-01
-9.935665623809200042e-01
-9.935665623809200042e-01
-9.935665623809200042e-01
-9.935665623809200042e-01
-9.935665623809200042e-01
-9.935665623809200042e-01
-9.935665623809200042e-01
-9.935665623809200042e-01
-9.935665623809200042e-01
-9.935665623809200042e-01
-9.935665623809200042e-01
-9.935665623809200042e-01
-9.935665623809200042e-01
-9.935665623811473779e-01
-9.935665623809200042e-01
-9.935665623811473779e-01
-9.935665623806926305e-01
-9.935665623811473779e-01
-9.935665623806926305e-01
-9.935665623811473779e-01
