0.000000000000000000e+00
0.000000000000000000e+00
0.000000000000000000e+00
0.000000000000000000e+00
0.000000000000000000e+00
0.000000000000000000e+00
0.000000000000000000e+00
0.000000000000000000e+00
0.000000000000000000e+00
0.000000000000000000e+00
0.000000000000000000e+00
0.000000000000000000e+00
0.000000000000000000e+00
0.000000000000000000e+00
0.000000000000000000e+00
0.000000000000000000e+00
0.000000000000000000e+00
0.000000000000000000e+00
0.000000000000000000e+00
0.000000000000000000e+00
0.000000000000000000e+00
0.000000000000000000e+00
0.000000000000000000e+00
0.000000000000000000e+00
0.000000000000000000e+00
0.000000000000000000e+00
0.000000000000000000e+00
0.000000000000000000e+00
0.000000000000000000e+00
0.000000000000000000e+00
8.117409901708087664e-05
5.403271963494704448e-03
5.304677421415315841e-02
2.203664631476398017e-01
5.453607396880306712e-01
8.758482831746892128e-01
1.132557824827790771e+00
1.305427468777129230e+00
1.386852308011996771e+00
1.397238078420588225e+00
1.394376985160040494e+00
1.370083951599571748e+00
1.333964078012613408e+00
1.318874894040395374e+00
1.268352607046443259e+00
1.230870452918302327e+00
1.207628309898724606e+00
1.194368938702601302e+00
1.172111775134209610e+00
1.176856974829212588e+00
1.173204128653948075e+00
1.159833573379298599e+00
1.135305199473872984e+00
1.072576927533458679e+00
1.015654298611641471e+00
9.888972552912841385e-01
9.639491472500474334e-01
9.640146142266188267e-01
9.526114561310550233e-01
9.573367984942554587e-01
9.546709184977643092e-01
9.726553175310939103e-01
9.756311151173153728e-01
9.835008341299739110e-01
9.967523839912908468e-01
1.009041635164031669e+00
1.000320396086014529e+00
9.982161447904743801e-01
1.005962895634281207e+00
1.013385260885987460e+00
1.010093447824544022e+00
1.011876400823632283e+00
1.010246414397858672e+00
1.007616996076961424e+00
1.009621189069495495e+00
1.013325826522493589e+00
1.008079534884869233e+00
1.012886294545934929e+00
1.015946039134446366e+00
1.002927450272031562e+00
1.004583709705606509e+00
1.008904183677460820e+00
1.006485648282209322e+00
9.976540830923670278e-01
1.002705496628294890e+00
9.890881119009443667e-01
9.929868164356444593e-01
9.884209774013589245e-01
9.888013053112063577e-01
9.877960484179074685e-01
9.805633140202159037e-01
9.853426098042219472e-01
9.793429729703676534e-01
9.820028813568678627e-01
9.841369697502295733e-01
9.877636195079938508e-01
9.864150176520085633e-01
9.895688717135842083e-01
9.937385268886068657e-01
9.965956329756470167e-01
1.002574704126138805e+00
9.963460824246828107e-01
1.000979162487696250e+00
9.983322570974091370e-01
1.003230595596985797e+00
1.002167107523645795e+00
1.003157006371365068e+00
1.002133182872780859e+00
1.002310813930647138e+00
1.001300799299249311e+00
1.000657793683682018e+00
1.003181145628174509e+00
9.984936875391804412e-01
1.001465138920795361e+00
9.994286993598983093e-01
9.997352260765586252e-01
1.001530997778804499e+00
9.986521836487781689e-01
1.000739739193162947e+00
1.003458690044087831e+00
9.957821383260135883e-01
9.990102341319777590e-01
9.996152463377038222e-01
9.967474184037802276e-01
1.000307638394223986e+00
1.001619267668376168e+00
1.001858470919629651e+00
9.990263627719072614e-01
9.969199225977933843e-01
9.952499936129191038e-01
1.000342923284749164e+00
9.966285521266733394e-01
9.965897332807674980e-01
9.985461819459070520e-01
1.000217596221711469e+00
1.001607685257793756e+00
9.998829454253199689e-01
9.995561946537135922e-01
9.976661317032319287e-01
1.001362062854793900e+00
1.001898690787570212e+00
1.002018439241278314e+00
9.969039589682832103e-01
9.997923411358000667e-01
9.984620298929626214e-01
1.000209288074630498e+00
1.001172041882586239e+00
9.970670038197775309e-01
1.001302984961499387e+00
9.996332465615840324e-01
1.004364182455350862e+00
1.001562705074311888e+00
9.973063185137069908e-01
9.980657687960828861e-01
9.979089851479870932e-01
1.000343968656790317e+00
1.001189326377965871e+00
1.000565720924297741e+00
1.002697772480945160e+00
1.004528660627974634e+00
9.987811567392568257e-01
1.001486531233779953e+00
1.001264345854448123e+00
1.001769303936044686e+00
9.988391031010409593e-01
1.000155112981388372e+00
1.001258576987608340e+00
9.984207378948239953e-01
1.002380738030152374e+00
1.003050091485149897e+00
9.988600651977561640e-01
9.973438973944477315e-01
1.001325760459895298e+00
1.000330531650911681e+00
1.000323992160039754e+00
1.002746215643320227e+00
1.005083417317571337e+00
1.004245941823600052e+00
9.996642648177453960e-01
1.001909796085658000e+00
9.995336426902087235e-01
1.000090109554264250e+00
9.996787674422681347e-01
1.000988746749463365e+00
9.983004265896088247e-01
9.994282527945630434e-01
9.971656620058960696e-01
9.999273297688460183e-01
9.987912835540787571e-01
9.999178226493654620e-01
9.997254689686960738e-01
9.998614994396366473e-01
9.998979566289821763e-01
9.990875963157271888e-01
9.993549063644341368e-01
1.001961228816399041e+00
9.968195035330198461e-01
9.998830647476294464e-01
1.000670595860316148e+00
9.994870960713813091e-01
1.000193501212583547e+00
9.984224490531898866e-01
9.987406665273201867e-01
9.992542572337995699e-01
1.001203456223426436e+00
1.002005254373075083e+00
1.001085186999762122e+00
1.000315172817816567e+00
9.999168636090627338e-01
1.000328828684355686e+00
1.000950316828258302e+00
1.001430941715307554e+00
9.980033507745452726e-01
1.000440935059027536e+00
1.000184968233418736e+00
1.001742841889058377e+00
9.998571579969512957e-01
9.989343223865334576e-01
1.000164599391625497e+00
1.002257388487443279e+00
9.989839338741813846e-01
9.997645049306144172e-01
9.990659554761301964e-01
9.996022215554581924e-01
9.997821404838588277e-01
9.980750375172063871e-01
9.988924163034409442e-01
9.996247862206809609e-01
1.000576574434089316e+00
9.997590217311840277e-01
1.000418949459190188e+00
9.999747453794507468e-01
9.986168255229336266e-01
9.986499295438694412e-01
9.992723813536010802e-01
9.986431873664283199e-01
9.983223767229993939e-01
9.988150171688908729e-01
1.000978287956267643e+00
9.995198855900623292e-01
9.994598686374294161e-01
9.995336042847989821e-01
9.988183104403086654e-01
9.985370017043152524e-01
1.000854480393645662e+00
9.964276420121140898e-01
1.000268514457316460e+00
1.001095550643480214e+00
9.987339670721704366e-01
9.995334073361472615e-01
9.981424651013383054e-01
9.986415420065959392e-01
9.982959615841742185e-01
9.997062962857971025e-01
9.995642707882295142e-01
1.000011589454465000e+00
9.987916299612746851e-01
9.993064169181304912e-01
9.985707132955636833e-01
9.980611254470915794e-01
9.996065117098802411e-01
1.001423796733576177e+00
1.000265872727384098e+00
1.000409455973657380e+00
9.982921244933061766e-01
9.999247169877248931e-01
9.973844013565350552e-01
9.987557847622284823e-01
9.988283540250030290e-01
9.987808458342776197e-01
9.989781792408131134e-01
1.000652564437905179e+00
9.998265653692958166e-01
9.988404904672854023e-01
9.994688526631722025e-01
9.991095968801105842e-01
9.985989942007093001e-01
1.000357728058820950e+00
9.996118864821688099e-01
9.980274601733558626e-01
1.000023187089852383e+00
9.985660194879650842e-01
1.000632110599221303e+00
9.989468723402470385e-01
9.984613583346299004e-01
9.981156280433540751e-01
9.988084331457924847e-01
9.988891244809008363e-01
9.969603736407852690e-01
9.989540433981168865e-01
9.976044289474771398e-01
9.976700087450572907e-01
9.997574279544669817e-01
9.994043399154372009e-01
9.987404187889344920e-01
9.981862525227030991e-01
9.996759135168199473e-01
9.996306700201611495e-01
9.995652880649502636e-01
9.989868183501585674e-01
9.991549383033603293e-01
9.972460184458853405e-01
9.985458747960012094e-01
9.986796712065837411e-01
9.985816668484394087e-01
9.983818176809843292e-01
9.995275082701765568e-01
9.992922483429166336e-01
9.978424356387881611e-01
9.997276691068448518e-01
9.990480540499968587e-01
9.992904898895222932e-01
9.986533088827137528e-01
9.970349723781237739e-01
9.996162947533825394e-01
9.993886356311496577e-01
9.979972237927517975e-01
9.983976980431904513e-01
9.981138898749390975e-01
9.986559600033175776e-01
9.990784726269560378e-01
9.985594805215396441e-01
9.992126984174311000e-01
1.000032162081056830e+00
9.986043334770645652e-01
9.975279714696742017e-01
9.982971360109491599e-01
9.989925533339552022e-01
9.992999077814532782e-01
9.987650493837706422e-01
9.987839010132883999e-01
9.978016398844776758e-01
9.991915986099088043e-01
9.984441333878079083e-01
9.980960700257547336e-01
9.995727302470119868e-01
9.988280107604028402e-01
9.967777416631312670e-01
9.983578542608698703e-01
9.999001156313883643e-01
9.984961333710080655e-01
9.978730189420027541e-01
9.966086034059669085e-01
9.917609923030534791e-01
9.839665287496479618e-01
9.748752500896623596e-01
9.674838717428749790e-01
9.584846532864217394e-01
9.500159884081568196e-01
9.417347528156989611e-01
9.328027471559374728e-01
9.240230098890058752e-01
9.157671612498179403e-01
9.089133011311637533e-01
8.999178850568564370e-01
8.913073360661710742e-01
8.819555330271469096e-01
8.775247642153832794e-01
8.674076468742190071e-01
8.607603601812223726e-01
8.508652192506905854e-01
8.439128900971277769e-01
8.349328939102064195e-01
8.278523027707058723e-01
8.221639727034617540e-01
8.133455886929408241e-01
8.047926736682351478e-01
7.968748142928320233e-01
7.891238065438409555e-01
7.819593305790990545e-01
7.732035569473866277e-01
7.674805008069525147e-01
7.596605829975850988e-01
7.516615716623451515e-01
7.448845048391264934e-01
7.389112061133773501e-01
7.293851029600686431e-01
7.223479165559176796e-01
7.163104878987922586e-01
7.085641948968049997e-01
7.016044607444119618e-01
6.942922436584172408e-01
6.872584330884980997e-01
6.808029584940410439e-01
6.737018648888789540e-01
6.658907477621373028e-01
6.598433931112746009e-01
6.522391129973471591e-01
6.465951043341193749e-01
6.394532717924952259e-01
6.323799827452573075e-01
6.255991438662742432e-01
6.182545918917901062e-01
6.117661342888771614e-01
6.055455487206665710e-01
5.991873398928571071e-01
5.916009995926381215e-01
5.856399993277340288e-01
5.791630213869585209e-01
5.729937841066751192e-01
5.671768899949741760e-01
5.604803785654121073e-01
5.539272383902841268e-01
5.480888939588551834e-01
5.415578840840297170e-01
5.345628145049428070e-01
5.289881996707582745e-01
5.227036825190239933e-01
5.160796591998078053e-01
5.107551847102487219e-01
5.040624714466965806e-01
4.974197836607434642e-01
4.918647281280204009e-01
4.860549773791022488e-01
4.804260443452494367e-01
4.737218335257618596e-01
4.684577177467511566e-01
4.625375352029202358e-01
4.567892525123659064e-01
4.504969676192540073e-01
4.448072621736571808e-01
4.387315692477110618e-01
4.333865118224429214e-01
4.280693022495095645e-01
4.231321745013988389e-01
4.173419623679021639e-01
4.106771876741091565e-01
4.059440958627432705e-01
3.993035880331256005e-01
3.936272338365026102e-01
3.885151247708448219e-01
3.835114228313147300e-01
3.769401462368983657e-01
3.721774739307934232e-01
3.668025785281415208e-01
3.612747756432500568e-01
3.557453644681267124e-01
3.501786364533532314e-01
3.450917409859749485e-01
3.398777852601750915e-01
3.342537666408347818e-01
3.289785780957984462e-01
3.246620587662608637e-01
3.190649195457033183e-01
3.134307170296560807e-01
3.074340261810898367e-01
3.028155556849615460e-01
2.974440710912857888e-01
2.924023811687073149e-01
2.878940604857784802e-01
2.819005590231971059e-01
2.774717099398301134e-01
2.721516227255509346e-01
2.667684880661713165e-01
2.624014014012818752e-01
2.572110549797278489e-01
2.524502883261224850e-01
2.470896552721526807e-01
2.426365750045423042e-01
2.377935316492341689e-01
2.332444917518882443e-01
2.281542867919009177e-01
2.224354407235476505e-01
2.180682808187694999e-01
2.132581578689398683e-01
2.088152596207939471e-01
2.041193898358945602e-01
1.992958877330815448e-01
1.948268250432566850e-01
1.899239443043545805e-01
1.851622608785172264e-01
1.804806651283125396e-01
1.755870261632090645e-01
1.711177381228247696e-01
1.668176864617166300e-01
1.619406901774608498e-01
1.576994842277681108e-01
1.529104053786914108e-01
1.487829928051790929e-01
1.439364783693260208e-01
1.394900875966887666e-01
1.349614388342686988e-01
1.306199352199937103e-01
1.263412620198061664e-01
1.224461440089353870e-01
1.181892157637085827e-01
1.139703652351491958e-01
1.108623256300734494e-01
1.071663931244768997e-01
1.038813819292073448e-01
1.007311615683964406e-01
9.766727769673355652e-02
9.501473686688327591e-02
9.209945377841594061e-02
8.934839677053006690e-02
8.623029250399191770e-02
8.436257005940459019e-02
8.152056591339705560e-02
7.897933738474263721e-02
7.651953207761884312e-02
7.430604562599700535e-02
7.215282708234951881e-02
6.968446599924875418e-02
6.752437771613981066e-02
6.580633494948834317e-02
6.376472703792877839e-02
6.164569177722867277e-02
5.982433153144686711e-02
5.792597663270647457e-02
5.613892487297895972e-02
5.436512744060589125e-02
5.281893352791151852e-02
5.088099105582816195e-02
4.941482572111526722e-02
4.766381884992063056e-02
4.619115679262660729e-02
4.479039434044863183e-02
4.316915300207285755e-02
4.184210148225206427e-02
4.026750012790542010e-02
3.909437106432668563e-02
3.775832805225508987e-02
3.639570311110798539e-02
3.499746068698481039e-02
3.383882635044242748e-02
3.274043536880574118e-02
3.130877903735481554e-02
3.029591993628861710e-02
2.923263513945992265e-02
2.818254609750572848e-02
2.712325416832618921e-02
2.613374810484258778e-02
2.492776120390459080e-02
2.413100790428581929e-02
2.310398279244448017e-02
2.215345201871711869e-02
2.129301273415755771e-02
2.050390501232538312e-02
1.964836848185001067e-02
1.872949266074954225e-02
1.798452726182344502e-02
1.723205458218229208e-02
1.643034698205475541e-02
1.566765295679914058e-02
1.499348401335755775e-02
1.437820499160180100e-02
1.359057756178446395e-02
1.279953365530223965e-02
1.238365955339821439e-02
1.177564412946876908e-02
1.104611683359580515e-02
1.056760884259703992e-02
9.958154027573818540e-03
9.426734755099325930e-03
8.934694759759852223e-03
8.444665137189272600e-03
8.029789243663395734e-03
7.527202390705795172e-03
7.071981969356289435e-03
6.613692695007149930e-03
6.199250872100678898e-03
5.870593569500961485e-03
5.433008558034660603e-03
4.988738943794262734e-03
4.636688334944035969e-03
4.340228603371657987e-03
4.009357028914748051e-03
3.700251245308403252e-03
3.361515085847595341e-03
3.059594386882042577e-03
2.878567560059163821e-03
2.569536509433477042e-03
2.347667179199171023e-03
2.149600433319294717e-03
1.884482986632964171e-03
1.703963453232679864e-03
1.508550993431515864e-03
1.328293451850774166e-03
1.151303111135652986e-03
1.011955893682286740e-03
8.894726568668021461e-04
7.727386099089445567e-04
6.198538344832424515e-04
5.179181330277971354e-04
4.217599063347255437e-04
3.324232522436938535e-04
2.485228626312718510e-04
1.872897356321783977e-04
1.378097986283135677e-04
8.605646882561325019e-05
5.002972675123741478e-05
2.244811076525470475e-05
8.819888664234908069e-06
2.143949292075074651e-06
0.000000000000000000e+00
0.000000000000000000e+00
0.000000000000000000e+00
0.000000000000000000e+00
0.000000000000000000e+00
0.000000000000000000e+00
0.000000000000000000e+00
0.000000000000000000e+00
0.000000000000000000e+00
0.000000000000000000e+00
0.000000000000000000e+00
0.000000000000000000e+00
0.000000000000000000e+00
0.000000000000000000e+00
0.000000000000000000e+00
0.000000000000000000e+00
0.000000000000000000e+00
0.000000000000000000e+00
0.000000000000000000e+00
0.000000000000000000e+00
0.000000000000000000e+00
0.000000000000000000e+00
0.000000000000000000e+00
0.000000000000000000e+00
0.000000000000000000e+00
0.000000000000000000e+00
0.000000000000000000e+00
0.000000000000000000e+00
0.000000000000000000e+00
0.000000000000000000e+00
0.000000000000000000e+00
0.000000000000000000e+00
0.000000000000000000e+00
0.000000000000000000e+00
0.000000000000000000e+00
0.000000000000000000e+00
0.000000000000000000e+00
0.000000000000000000e+00
0.000000000000000000e+00
0.000000000000000000e+00
0.000000000000000000e+00
0.000000000000000000e+00
0.000000000000000000e+00
0.000000000000000000e+00
0.000000000000000000e+00
0.000000000000000000e+00
0.000000000000000000e+00
0.000000000000000000e+00
0.000000000000000000e+00
0.000000000000000000e+00
0.000000000000000000e+00
0.000000000000000000e+00
0.000000000000000000e+00
0.000000000000000000e+00
0.000000000000000000e+00
0.000000000000000000e+00
