0.000000000000000000e+00
0.000000000000000000e+00
0.000000000000000000e+00
0.000000000000000000e+00
0.000000000000000000e+00
0.000000000000000000e+00
0.000000000000000000e+00
0.000000000000000000e+00
0.000000000000000000e+00
0.000000000000000000e+00
0.000000000000000000e+00
0.000000000000000000e+00
0.000000000000000000e+00
0.000000000000000000e+00
0.000000000000000000e+00
0.000000000000000000e+00
0.000000000000000000e+00
0.000000000000000000e+00
0.000000000000000000e+00
0.000000000000000000e+00
0.000000000000000000e+00
0.000000000000000000e+00
0.000000000000000000e+00
0.000000000000000000e+00
0.000000000000000000e+00
0.000000000000000000e+00
0.000000000000000000e+00
0.000000000000000000e+00
0.000000000000000000e+00
0.000000000000000000e+00
0.000000000000000000e+00
4.643041986060870638e-03
5.026720019621325891e-02
2.293549302655525368e-01
5.518629402004332496e-01
8.863061077307645697e-01
1.164385415906290966e+00
1.306241606758150597e+00
1.396669073475631295e+00
1.412289837821123051e+00
1.404009070352277400e+00
1.377861315817154431e+00
1.360368517705182745e+00
1.311995726424374453e+00
1.291911900734459273e+00
1.253663995688214516e+00
1.222785277373329871e+00
1.195075415969059085e+00
1.181206601412424728e+00
1.185751015527321428e+00
1.178646968881492896e+00
1.166097722432302364e+00
1.132183672111846562e+00
1.073367363992961732e+00
1.035535355312751760e+00
1.000198837919761496e+00
9.760625725546970832e-01
9.732488572000776994e-01
9.641627084204132947e-01
9.756564049156658536e-01
9.762536419916479913e-01
9.844240986444605657e-01
9.814827469185709585e-01
9.945334057705215169e-01
9.972315577332897529e-01
1.009055826029433112e+00
1.005034727041036469e+00
1.002282604820456280e+00
1.018593985153796178e+00
1.012526599536141436e+00
1.005783284277793843e+00
1.017604714431777913e+00
1.009801360836817041e+00
1.009159561293480944e+00
1.016883970641069279e+00
1.014757987802337613e+00
1.010536420054790829e+00
1.019020316879100552e+00
1.012075038318449582e+00
1.014284819912248281e+00
1.010513428927078294e+00
1.012238015514546063e+00
1.006391512957740320e+00
1.008679524614448653e+00
9.994708684948165889e-01
9.926876284499839276e-01
9.932576536543747947e-01
9.916483240279183597e-01
9.861641918217453062e-01
9.871541301878267172e-01
9.834331475026558689e-01
9.856826027104124144e-01
9.873317827509708877e-01
9.809786018668057439e-01
9.887288290009444980e-01
9.871541360464796133e-01
9.982473328110841315e-01
9.935360919482330022e-01
9.894322166338141988e-01
9.984827167351854049e-01
9.946473894195296817e-01
9.981588106653890291e-01
1.000179881240011115e+00
1.003065012287816415e+00
9.974262712766296390e-01
1.000893122702789517e+00
1.004114432894228859e+00
1.001448425416827881e+00
1.005273281590298495e+00
1.003683200941710485e+00
9.978040916695388729e-01
9.983040896868776715e-01
9.970114081761993763e-01
9.928592467943475608e-01
9.999914566580040409e-01
9.951389348634670506e-01
9.996766400811908371e-01
9.952834261033048913e-01
9.934235683339346368e-01
9.962413251270978432e-01
9.957392329644186857e-01
9.955023713495425586e-01
9.961572366888834518e-01
9.881674974220812091e-01
9.983346961789655305e-01
9.955563885048047679e-01
9.944777912963123079e-01
9.912288724235467363e-01
9.951006777901523215e-01
9.884031961314766468e-01
9.960301468477177345e-01
9.949557943611051503e-01
9.921310094136247537e-01
9.917072932014621145e-01
9.926227353018993727e-01
9.981835344385510123e-01
9.936692688813697494e-01
9.967149354241447989e-01
9.996481073804442952e-01
9.946246263880770266e-01
9.959672014442909616e-01
9.975423000342603652e-01
9.951217176805753351e-01
9.982101100302861463e-01
9.970520662180002436e-01
9.963023983449816878e-01
9.966415788028006872e-01
9.957933567562937682e-01
9.982992116663775839e-01
9.944241855074408276e-01
9.989737526086674979e-01
9.966003906355788144e-01
9.975971163371424311e-01
9.927132444698869573e-01
9.964564532281028342e-01
9.985471922803037526e-01
9.974841585175827641e-01
9.954236216190064379e-01
9.925026931944618269e-01
9.958767111897273150e-01
9.973423150699141093e-01
9.972097696702187930e-01
9.961840124968134313e-01
9.972023531746024849e-01
9.993114485578743489e-01
9.956713819025566625e-01
9.957028019657939710e-01
9.937160720573731121e-01
9.973487047822323648e-01
9.980820190495595101e-01
9.972069912828244176e-01
9.985674272929454531e-01
9.970905075360186887e-01
9.978770858549703693e-01
9.986521301558279884e-01
9.982780096979756435e-01
9.976639602733433643e-01
9.989757607482699919e-01
9.986026011222780552e-01
9.998330958390101442e-01
1.000316691556906834e+00
9.994701812065549529e-01
9.977362189481258081e-01
9.982012991807670543e-01
9.989482881462752317e-01
9.982405183572354845e-01
1.000315646224305910e+00
9.981046388372820655e-01
9.967705466918934665e-01
9.982695035953929041e-01
9.997529008717023213e-01
9.976866332426341799e-01
9.984241219327762984e-01
9.977496004992558731e-01
1.000957445429507153e+00
9.999706668513842489e-01
1.000094474968324931e+00
1.000162573311105696e+00
1.000514004063058682e+00
1.000430490963569730e+00
1.001873370850495881e+00
9.999810415054964929e-01
9.979076747945169190e-01
9.989929558428602974e-01
9.989437356474358820e-01
9.989644165706249579e-01
9.987855148143398587e-01
9.967041379527639133e-01
9.973201492323987560e-01
9.980321712788841060e-01
9.981913428892399409e-01
9.979314122588855973e-01
9.974632122281626989e-01
9.990362526475053961e-01
9.987259525615336253e-01
9.993347142956667817e-01
9.992821275835415129e-01
9.989838844158607234e-01
9.986033469662674023e-01
9.967883114434367142e-01
9.985132529437901194e-01
9.985284437884631714e-01
9.979491936736828439e-01
1.000290374761479528e+00
1.000139024542092470e+00
9.985488151146683089e-01
9.994578905450417494e-01
9.968464156054392955e-01
1.001418999202044358e+00
9.967536499192750643e-01
9.991130334963981285e-01
9.988083308465431909e-01
9.997322410025756279e-01
9.994372643501618914e-01
9.985848791750471243e-01
9.984613110998169505e-01
1.000200105039414922e+00
9.992912119632437751e-01
9.994697999939009536e-01
9.995131260406048268e-01
9.989074150043524281e-01
1.000766577453817918e+00
9.995787460836849103e-01
1.000170266867061564e+00
1.000230981115743711e+00
9.983952361330754588e-01
9.979845854271301997e-01
1.001032549429802021e+00
9.996644119626320046e-01
9.991499133940157096e-01
9.985178645696178856e-01
9.978033547678816229e-01
9.994595356507437467e-01
9.997492210546672364e-01
1.000818639239557939e+00
1.000970625118066337e+00
9.982461396143075261e-01
9.990593256974159564e-01
9.996650458682377893e-01
1.001475678726330809e+00
9.996806992377748058e-01
9.998112778579257842e-01
9.992071245724881701e-01
9.985833254932319214e-01
1.000555262427994530e+00
9.980202575617339589e-01
1.000488162972801742e+00
1.001055723368403427e+00
1.001216199001952578e+00
1.000301582042995241e+00
9.987681851503434904e-01
9.999497102775223301e-01
1.000021020916244119e+00
9.989881578959816100e-01
9.996218085493996375e-01
9.989322336758930110e-01
1.000073952583744985e+00
9.997324267833285205e-01
9.983708686085209782e-01
9.998331831521110047e-01
9.990557397189009370e-01
9.987626000316349728e-01
9.987750883734582974e-01
9.986281596394055438e-01
9.990175885107531739e-01
9.988609213657239083e-01
9.984971363512916698e-01
9.981178901008794790e-01
1.000082984479745640e+00
9.994502964701111880e-01
9.990881184150938177e-01
9.983402619293411107e-01
9.989803147425888596e-01
9.980321132903948733e-01
9.968891052935943131e-01
9.979228034762325228e-01
9.983090287847509181e-01
1.000212185546537569e+00
1.000064363038299931e+00
1.000827514206524826e+00
9.997951334018235769e-01
1.000499323002799423e+00
9.997369451619434466e-01
9.995483533856915903e-01
9.984331830541707253e-01
9.988609728363946338e-01
9.995344966668527897e-01
9.986931712121727145e-01
9.994036013951458353e-01
9.988373746029876044e-01
9.993302300567281637e-01
9.982642489599817814e-01
1.000731486199121667e+00
9.990154186690182181e-01
1.000124084493263954e+00
9.999413010293846105e-01
9.991150197355886942e-01
9.984718572733398689e-01
9.989078704259901631e-01
9.991842044310904614e-01
1.000005309802513676e+00
9.991022752824259001e-01
9.983299028916213791e-01
9.992455072691992513e-01
9.974876319788662515e-01
1.000126772783604068e+00
9.988307066711883397e-01
9.981240446434858082e-01
9.994414807583252847e-01
1.000186093013328614e+00
9.995750513159846751e-01
9.983008958687554779e-01
1.000777453955353113e+00
9.989096898635337896e-01
9.989857657204010977e-01
9.992122877862817942e-01
1.000018156321309304e+00
1.000661006941574671e+00
9.998068389793690613e-01
9.982795559139556740e-01
1.000312584691945617e+00
1.000109140298245824e+00
9.993301891257782010e-01
9.945117268153342849e-01
9.866309596623362710e-01
9.766587245578126630e-01
9.681501667725875837e-01
9.592603698667819812e-01
9.491884529951550853e-01
9.413307007020087491e-01
9.347717808839184350e-01
9.253842087849951659e-01
9.167918805556022344e-01
9.094103142806285733e-01
9.012865377801935196e-01
8.922224382660560726e-01
8.850381444067645376e-01
8.769804902335186503e-01
8.683141778908050057e-01
8.596183758417706988e-01
8.523492787963427020e-01
8.437659728984161500e-01
8.365282532556694850e-01
8.270833204595656740e-01
8.210863285842955328e-01
8.153556506209986843e-01
8.047110616604697952e-01
7.975234358072171847e-01
7.909753463717349442e-01
7.835608200275302471e-01
7.733842657338463322e-01
7.678394791365044103e-01
7.609315092232810107e-01
7.525303195433123982e-01
7.463970991776762709e-01
7.381965996634618499e-01
7.311393307288625021e-01
7.236211269447755390e-01
7.162732915185777705e-01
7.098219128106950659e-01
7.022780219761918241e-01
6.958911284549982312e-01
6.876924826950654435e-01
6.804936878997951410e-01
6.739259507103991798e-01
6.674150817087893817e-01
6.606464680262562617e-01
6.543431735372191582e-01
6.459705906944306353e-01
6.396039990740747250e-01
6.334793170098197423e-01
6.268489700851566093e-01
6.202494467921616517e-01
6.122322602823619953e-01
6.072420008732222207e-01
6.001329593964290776e-01
5.938257838997872406e-01
5.869821205170243639e-01
5.809862860349577218e-01
5.743014612307349998e-01
5.671745692875150846e-01
5.617603055011022306e-01
5.542775028247221014e-01
5.486734938742199308e-01
5.417336325134075592e-01
5.364370295618040574e-01
5.293401642163371168e-01
5.218797590436152767e-01
5.163580611105083040e-01
5.107763574312487176e-01
5.053248749287302388e-01
4.994211486071029049e-01
4.927079452469726450e-01
4.862326716459381415e-01
4.800796074142228975e-01
4.756837386055401962e-01
4.684185634222359784e-01
4.623402072689653530e-01
4.566211551595609208e-01
4.510251391628921080e-01
4.453848588914001150e-01
4.391850091259528743e-01
4.337060770213127525e-01
4.277790995139406083e-01
4.220342871716415978e-01
4.157784086264783574e-01
4.107686273820981282e-01
4.050460302680014557e-01
3.993015613322842272e-01
3.942833726682250517e-01
3.876898704143962315e-01
3.832788733743212606e-01
3.768229304805179036e-01
3.717085906895355452e-01
3.661111774984885936e-01
3.606822643621898083e-01
3.554502388188431339e-01
3.499560039213914231e-01
3.446314778690824365e-01
3.388093715166869968e-01
3.339030110291593134e-01
3.286105534686072915e-01
3.227730498506529155e-01
3.177201747096433659e-01
3.129177963652594596e-01
3.075562694521593032e-01
3.025794252074017754e-01
2.969401348825695397e-01
2.924490288668054050e-01
2.872270635900422975e-01
2.819324139761440473e-01
2.770941932221208104e-01
2.717724899162220487e-01
2.668761967430048898e-01
2.618473653663609957e-01
2.566212613185409053e-01
2.520965968591098449e-01
2.473830937782057759e-01
2.417403270652333791e-01
2.375494602105401587e-01
2.325385542814696616e-01
2.274198535784741348e-01
2.226797119033330496e-01
2.178809271419966664e-01
2.132673385327105708e-01
2.086477691611745289e-01
2.041994327691008249e-01
1.988032991078546863e-01
1.938948989760298502e-01
1.892115031449692619e-01
1.853055132058739340e-01
1.801068945061964632e-01
1.758312233861522300e-01
1.714020416469051455e-01
1.670676395980517925e-01
1.625703792334912412e-01
1.575235406761671952e-01
1.530776882946813244e-01
1.484779004865507124e-01
1.439118274832261180e-01
1.396520091584681211e-01
1.353741741253786102e-01
1.301514039568556769e-01
1.267460746154302764e-01
1.222238368466718045e-01
1.179931372765960773e-01
1.143035669773356106e-01
1.109766390228946603e-01
1.072888632954267923e-01
1.037759008531332627e-01
1.007455701801068526e-01
9.749669959026498189e-02
9.529848501406759653e-02
9.191362096305942531e-02
8.914622796028560947e-02
8.698245888566771833e-02
8.408347047389012896e-02
8.176369710963572734e-02
7.935758806954723577e-02
7.683111818196437792e-02
7.440137626391502002e-02
7.244086807028511654e-02
6.990637666953417040e-02
6.758151554794615545e-02
6.570096640991840431e-02
6.380549101675687951e-02
6.169333600901421438e-02
5.984277826424901081e-02
5.804601314152690872e-02
5.608451722855970628e-02
5.452397946899646686e-02
5.248355744564161401e-02
5.085950151767434230e-02
4.955533371099951623e-02
4.799126676925571933e-02
4.638267347741623775e-02
4.470207565171238628e-02
4.328963654730925981e-02
4.172507930541610038e-02
4.047729654403663113e-02
3.882755945381872326e-02
3.775173485554048081e-02
3.634272328154748710e-02
3.521511780373694223e-02
3.391353071277893039e-02
3.271130023842996198e-02
3.151849511633245809e-02
3.038715201806077570e-02
2.932714587050723812e-02
2.820784228632876658e-02
2.695559103889429847e-02
2.598421030553726280e-02
2.499861947082906294e-02
2.400165243429555964e-02
2.322400013598358709e-02
2.215908603666750382e-02
2.132788329602907859e-02
2.060466898996609134e-02
1.960953387636392778e-02
1.868832157327435933e-02
1.797338417381330600e-02
1.722315355903528480e-02
1.647832735804121221e-02
1.570689867199196246e-02
1.494000163426211121e-02
1.433802173909646746e-02
1.351450358183431573e-02
1.307159157170900005e-02
1.240435669169254532e-02
1.184719961890301314e-02
1.120926419582583995e-02
1.063274246644437850e-02
1.005660586614283598e-02
9.466561944735225886e-03
8.954647587729205188e-03
8.478664640210544640e-03
7.963116825698552184e-03
7.554250250559660027e-03
7.069559670602905237e-03
6.602518705079937072e-03
6.248396434328641440e-03
5.839974854860446700e-03
5.373781153324860838e-03
4.979363993534211170e-03
4.667821399021837223e-03
4.368841819417701271e-03
4.036167815545871514e-03
3.792820104678888086e-03
3.379618135445724546e-03
3.137668785186314546e-03
2.906212241115021210e-03
2.608365049065422374e-03
2.384941058462360184e-03
2.180281795960031885e-03
1.932634971948450891e-03
1.729569089111821899e-03
1.524717607421886313e-03
1.370872120035681457e-03
1.179937761404417206e-03
1.038669301674329058e-03
8.732623745046347438e-04
7.742110562717742592e-04
6.195146717950774035e-04
5.064708333568526764e-04
4.304544188284007084e-04
3.338021151564992588e-04
2.551528042366379783e-04
1.993576410298329975e-04
1.212584768161900710e-04
8.911411317589134837e-05
5.761984488069841456e-05
2.309960386015387021e-05
7.100149336215051747e-06
1.715452880513046893e-06
0.000000000000000000e+00
0.000000000000000000e+00
0.000000000000000000e+00
0.000000000000000000e+00
0.000000000000000000e+00
0.000000000000000000e+00
0.000000000000000000e+00
0.000000000000000000e+00
0.000000000000000000e+00
0.000000000000000000e+00
0.000000000000000000e+00
0.000000000000000000e+00
0.000000000000000000e+00
0.000000000000000000e+00
0.000000000000000000e+00
0.000000000000000000e+00
0.000000000000000000e+00
0.000000000000000000e+00
0.000000000000000000e+00
0.000000000000000000e+00
0.000000000000000000e+00
0.000000000000000000e+00
0.000000000000000000e+00
0.000000000000000000e+00
0.000000000000000000e+00
0.000000000000000000e+00
0.000000000000000000e+00
0.000000000000000000e+00
0.000000000000000000e+00
0.000000000000000000e+00
0.000000000000000000e+00
0.000000000000000000e+00
0.000000000000000000e+00
0.000000000000000000e+00
0.000000000000000000e+00
0.000000000000000000e+00
0.000000000000000000e+00
0.000000000000000000e+00
0.000000000000000000e+00
0.000000000000000000e+00
0.000000000000000000e+00
0.000000000000000000e+00
0.000000000000000000e+00
0.000000000000000000e+00
0.000000000000000000e+00
0.000000000000000000e+00
0.000000000000000000e+00
0.000000000000000000e+00
0.000000000000000000e+00
0.000000000000000000e+00
0.000000000000000000e+00
0.000000000000000000e+00
0.000000000000000000e+00
0.000000000000000000e+00
0.000000000000000000e+00
0.000000000000000000e+00
