0.000000000000000000e+00
0.000000000000000000e+00
0.000000000000000000e+00
0.000000000000000000e+00
0.000000000000000000e+00
0.000000000000000000e+00
0.000000000000000000e+00
0.000000000000000000e+00
0.000000000000000000e+00
0.000000000000000000e+00
0.000000000000000000e+00
0.000000000000000000e+00
0.000000000000000000e+00
0.000000000000000000e+00
0.000000000000000000e+00
0.000000000000000000e+00
0.000000000000000000e+00
0.000000000000000000e+00
0.000000000000000000e+00
0.000000000000000000e+00
0.000000000000000000e+00
0.000000000000000000e+00
0.000000000000000000e+00
0.000000000000000000e+00
0.000000000000000000e+00
0.000000000000000000e+00
0.000000000000000000e+00
0.000000000000000000e+00
0.000000000000000000e+00
0.000000000000000000e+00
0.000000000000000000e+00
4.491039853419764166e-03
4.984071579876335478e-02
2.239824203108075340e-01
5.317115229935177600e-01
8.811970039237332353e-01
1.150327840411097702e+00
1.305878454905740726e+00
1.370446238217359891e+00
1.395999196482631710e+00
1.392844627290502846e+00
1.375168533298623208e+00
1.333256655008198122e+00
1.305715798296434915e+00
1.280038967287366658e+00
1.246357921053319107e+00
1.205695699325409986e+00
1.181042386356667251e+00
1.170894921665345478e+00
1.173973954855412449e+00
1.162683675926630356e+00
1.164249029502359090e+00
1.111742831016414357e+00
1.063816236498686285e+00
1.015422070132650623e+00
9.819809432525099524e-01
9.641631793096498981e-01
9.521432473366491234e-01
9.507041150002492058e-01
9.572506615884650572e-01
9.638596811087513094e-01
9.742492590423792453e-01
9.760991185758468580e-01
9.870348622484385048e-01
9.933606208410661331e-01
1.002980326639378195e+00
1.002831293126748902e+00
1.011236144399717318e+00
1.009824334743164354e+00
1.014923843932258762e+00
1.015165670172849977e+00
1.011229337799167460e+00
1.013603478556239557e+00
1.019599634793538989e+00
1.013655945145597759e+00
1.015750506102689465e+00
1.007386972490932342e+00
1.018782975212153996e+00
1.013744601295812675e+00
1.012340630472876146e+00
1.007907300057582667e+00
1.009344262896325173e+00
1.001337760505132346e+00
9.981789407587651208e-01
1.005255457072971037e+00
9.958380143394197637e-01
9.915920620701111909e-01
9.886207115347785956e-01
9.881914636057068657e-01
9.877890604731590640e-01
9.861854478613787389e-01
9.909746311808211860e-01
9.872937947844999673e-01
9.898502418010552972e-01
9.867407343095255801e-01
9.890678975912660098e-01
9.861067992097342083e-01
9.923868797165917854e-01
9.979608260863286340e-01
9.937040305687310227e-01
9.957151359159207571e-01
9.983196332915612592e-01
9.996053379628658808e-01
9.990193084184314509e-01
1.004504730689484759e+00
1.004751318959290929e+00
1.000029950355729946e+00
1.005617310193211766e+00
1.003021008398812697e+00
1.004679284322826938e+00
1.002841006327109596e+00
1.002522905010139409e+00
1.004343417962935803e+00
1.007263702443236708e+00
9.995180937116890929e-01
9.995042273420948753e-01
1.000484458581699210e+00
9.992678397742289498e-01
9.994880545596894761e-01
1.001946540624917725e+00
9.977407286534180075e-01
1.001002459875210748e+00
1.001961372803764627e+00
1.000296749317158174e+00
1.003994566265570265e+00
9.986908112000962845e-01
9.994753172585884027e-01
9.963255082449276046e-01
1.003687390881380148e+00
1.004393654376823930e+00
9.996513509834953348e-01
9.994925790881672434e-01
1.002335394512028799e+00
1.003705472352063532e+00
1.006874088482222263e+00
1.003957054253595826e+00
1.004081943729993709e+00
1.003485735083858632e+00
1.005952216087830919e+00
1.006564396402940709e+00
1.003877497484202186e+00
1.001456228646736779e+00
9.988550206858812786e-01
1.004174012178879360e+00
9.999173110693494460e-01
1.002375930925992975e+00
1.001647739622719691e+00
1.001426889915958185e+00
9.990933517828124444e-01
9.995003412085902150e-01
1.001492436109552964e+00
1.000922851185188645e+00
9.999604822746800403e-01
9.999800296551349943e-01
1.001000685636940668e+00
1.001646933855984578e+00
9.995982019421931764e-01
9.969542052097790652e-01
1.003756275386982422e+00
9.992855286223165656e-01
9.985630852783111688e-01
1.000741617312061349e+00
1.001649712666577319e+00
1.002972227782078285e+00
1.000132772850396590e+00
1.000385457348166085e+00
9.983992289947485332e-01
1.000855484897928083e+00
1.001289052236662647e+00
9.999180374258626047e-01
1.000017265132545630e+00
9.986028831526507776e-01
1.000466700721049262e+00
9.993306133712910322e-01
9.990651699972931121e-01
9.986746527888135105e-01
1.000733557600014256e+00
1.002390307903884725e+00
1.001943986492166205e+00
9.984539716684167621e-01
9.983621898662486949e-01
9.978334671054868155e-01
1.000297616888936592e+00
1.001285030479263094e+00
9.982003298772764710e-01
9.990640582822827298e-01
1.001995352374207338e+00
1.001292387955261098e+00
9.980946928244883720e-01
9.986253541175558190e-01
1.000711328983876713e+00
9.999722790063269029e-01
1.002123720713657740e+00
9.983955533435100449e-01
1.001755196949595028e+00
1.001707407019097218e+00
1.000190411570226701e+00
9.995802841380654336e-01
1.000651234743053397e+00
9.971241240432522357e-01
1.000479466265796313e+00
9.995594420368973942e-01
1.000596322401221983e+00
9.975135136216713994e-01
9.968091219493097066e-01
9.995107606620661223e-01
9.980197850098904144e-01
9.976794486261872930e-01
9.981354764510708133e-01
9.980072843908595059e-01
1.000865718858334308e+00
9.999292190732710361e-01
9.980961415450541052e-01
9.990805128708180050e-01
9.981152153623982226e-01
9.996328479860855376e-01
9.975651905706692801e-01
1.000489397221032473e+00
9.981162811854231709e-01
9.980791926758292298e-01
9.968334232360264169e-01
9.999341433498001308e-01
9.975682314956463292e-01
9.997999754033711772e-01
1.000186972018107578e+00
9.963135681261857668e-01
9.985355677730829438e-01
9.983259935377234440e-01
1.000202697498926430e+00
9.982657937506672630e-01
9.998719359576323518e-01
9.999585793176168913e-01
9.979121105478255815e-01
9.982717842986584822e-01
1.000589030395238277e+00
9.966299173439038261e-01
9.985278350884277954e-01
9.995255752828539064e-01
9.975646704081069238e-01
9.986672549170126922e-01
1.000145392441798897e+00
9.976289132589195585e-01
9.978557913654230171e-01
9.987714530815208214e-01
9.985154808389710146e-01
9.986829625569288993e-01
9.984754901177687048e-01
9.981906660534353160e-01
9.978523920895447930e-01
9.985249335261173753e-01
9.962226173910821991e-01
9.970648165730370271e-01
9.974051334281998082e-01
9.986164902319847325e-01
1.000603723138403511e+00
9.990140474880502275e-01
9.998515064499324811e-01
1.000738122991605472e+00
9.972991787098518524e-01
9.993438610277074474e-01
1.001008353276764185e+00
9.974320663575343415e-01
9.993029665758754732e-01
9.975571658398590946e-01
9.977310039487254922e-01
9.992959057267141176e-01
9.983918200473395066e-01
9.998336466619345275e-01
9.986488370069802611e-01
9.980874094888463333e-01
9.989997175194160750e-01
9.985967561704909290e-01
9.997413602009413980e-01
9.982089848223320017e-01
9.982051248352440398e-01
9.989015110063313996e-01
9.971351732141658930e-01
9.979520052053980628e-01
9.960707978906069293e-01
9.980053962365154074e-01
9.971644821292230398e-01
9.986075783213348434e-01
9.979637132210712469e-01
9.976790563016412205e-01
9.977918211887294442e-01
9.970120633462031812e-01
9.973121105309525891e-01
9.968281097053308670e-01
9.978451389428987239e-01
9.986675315552155929e-01
9.993556181138039118e-01
9.967705683199760136e-01
9.969078809019663590e-01
9.967246772621811690e-01
9.970139134009899928e-01
9.971163790716065511e-01
9.973520193769801478e-01
9.967315577091999668e-01
9.989021861771014699e-01
9.980414935586062741e-01
9.971090505724319319e-01
9.966929936774767684e-01
9.999372796671431862e-01
9.993106143525455343e-01
9.998828158317920600e-01
9.986253471684400917e-01
9.987033515231186209e-01
9.977630623161798384e-01
9.981068516085094267e-01
9.992770097493424153e-01
9.977366055404133238e-01
9.980698836382649874e-01
9.981804567411391993e-01
9.988895378500175504e-01
9.972295189829859519e-01
9.972505269242631920e-01
9.984193951721034299e-01
9.988059584792142731e-01
9.993161690266960662e-01
9.991995824445811802e-01
9.980288787955546859e-01
9.989178543117981368e-01
9.977539924480952616e-01
9.991939142041442734e-01
9.972400299809606183e-01
9.981109174826537922e-01
9.986782239370117775e-01
9.986129331095602302e-01
9.987476186796636624e-01
9.981081036960347541e-01
1.000850662028476723e+00
9.993848511921664679e-01
9.972469238625676358e-01
9.986447712028163615e-01
9.994194263561562153e-01
9.991021289525198190e-01
9.977222854729802526e-01
9.973942937505668738e-01
9.987601544420707800e-01
9.987373777989723145e-01
9.988214254662297620e-01
9.987973327542426505e-01
9.986772897256677162e-01
9.916579112538017604e-01
9.846489875254732516e-01
9.757358831188830406e-01
9.658836264281076556e-01
9.587831685362583345e-01
9.467266635864662883e-01
9.416080702804175973e-01
9.335927507147794291e-01
9.236993449959871594e-01
9.154069695060553791e-01
9.085178987801564299e-01
8.993140791234185416e-01
8.914574241111209441e-01
8.830440544041390227e-01
8.766735064925816889e-01
8.672193976338719024e-01
8.595908588751030033e-01
8.518777333774665284e-01
8.432344102373707795e-01
8.364329060160125007e-01
8.295453180891633194e-01
8.198608886137445095e-01
8.131399937976502290e-01
8.036279205818377402e-01
7.981149611599178684e-01
7.900989217323345359e-01
7.816903522850966457e-01
7.745330044450748908e-01
7.677423106439750233e-01
7.597753621945791958e-01
7.527771161214661388e-01
7.454500599374130898e-01
7.382325946527433791e-01
7.310993070495994672e-01
7.233335949308467017e-01
7.160356044795551655e-01
7.088384811000485453e-01
7.026873506723516627e-01
6.951548301231890159e-01
6.872148414337106992e-01
6.806300427435224565e-01
6.741314398493732929e-01
6.665697530745622323e-01
6.603479054016685446e-01
6.523532481133327288e-01
6.456952110891881480e-01
6.402006935604607207e-01
6.337102195016123263e-01
6.260815456612236485e-01
6.200471619114016342e-01
6.119073348638700560e-01
6.055140111169871053e-01
5.994425557359458479e-01
5.933654726889852071e-01
5.868643010743388455e-01
5.798566995512668409e-01
5.746459197631077487e-01
5.675109707396286396e-01
5.613039429462349794e-01
5.538157059147934547e-01
5.484300351093747139e-01
5.424670939388461788e-01
5.356700892996104635e-01
5.294786651729526117e-01
5.228456700759678277e-01
5.173630052172695226e-01
5.099622901610963988e-01
5.051309697254121600e-01
4.982609078515504164e-01
4.924134205776028450e-01
4.871431983640633345e-01
4.807877112662563568e-01
4.740300321747837331e-01
4.686131137414212833e-01
4.627797743609970982e-01
4.568156334070310187e-01
4.511549912472666568e-01
4.452302623059906095e-01
4.399441905380140350e-01
4.333761046151708429e-01
4.284107269844254495e-01
4.226497577261362770e-01
4.170224255892926446e-01
4.111578816649820167e-01
4.058250934905203167e-01
3.991408905784777916e-01
3.939885713794866184e-01
3.890081477583015035e-01
3.830582302881619938e-01
3.781096933392493753e-01
3.720354198684879266e-01
3.662834662815408482e-01
3.618301262224999371e-01
3.558576544294534405e-01
3.505918291449698909e-01
3.445877499749339101e-01
3.398691744083211508e-01
3.342026355438182939e-01
3.287695109524441661e-01
3.234861874823827810e-01
3.186906729982646458e-01
3.131631180755891641e-01
3.077268356529492821e-01
3.034340720024354399e-01
2.981781273737637572e-01
2.929626096338301955e-01
2.881729450576028806e-01
2.826744031125202339e-01
2.777856575584261023e-01
2.728568971847420976e-01
2.673073886177744218e-01
2.629032169376458450e-01
2.573897620272022624e-01
2.524700946585492489e-01
2.479456852912086118e-01
2.430745554333982872e-01
2.378448995279930922e-01
2.334344859030808017e-01
2.283929137762423789e-01
2.238058712950674878e-01
2.185210436658482913e-01
2.136471977586534565e-01
2.096062091031395958e-01
2.048835466585279819e-01
2.002342375243967854e-01
1.953295084928718117e-01
1.906432381553848920e-01
1.859144738448445799e-01
1.809916638926271082e-01
1.768365804650370576e-01
1.720414657594324936e-01
1.668235255136741590e-01
1.628529403987205304e-01
1.580505451617205404e-01
1.542383676119170877e-01
1.492610694564282525e-01
1.443787715755077139e-01
1.403298089699557549e-01
1.360017311649654725e-01
1.317842140854227073e-01
1.266368550165471452e-01
1.227976900499138102e-01
1.184971424611677149e-01
1.144932162757099636e-01
1.110630222751779472e-01
1.076760708426393598e-01
1.043492567964695306e-01
1.008687508956644663e-01
9.790752934076284164e-02
9.488946846122336964e-02
9.269027726545643608e-02
8.962740358263754370e-02
8.688505553529557446e-02
8.441684609488152302e-02
8.155758806816339190e-02
7.926800949161288967e-02
7.710266106360350036e-02
7.463644688272838557e-02
7.221119533086640951e-02
6.993057847977787733e-02
6.815167194570578846e-02
6.564495770789915974e-02
6.375287201105336865e-02
6.196206135111450436e-02
5.975960264276852091e-02
5.777729256733144664e-02
5.635565811942326586e-02
5.452124980988220376e-02
5.269121458334188879e-02
5.082844487133181960e-02
4.942006832614520562e-02
4.781279789639802935e-02
4.619288553074116926e-02
4.478788099037606107e-02
4.319763572771196519e-02
4.179070316008147434e-02
4.040210982208800733e-02
3.897953789891706045e-02
3.774532554534052592e-02
3.647378465231566197e-02
3.512898713605148993e-02
3.384277033276562874e-02
3.245147063278235045e-02
3.166561194412881308e-02
3.028255862866511758e-02
2.918017109885113342e-02
2.821493682982804257e-02
2.722643711524971519e-02
2.607644662079331918e-02
2.517304443539238740e-02
2.409682285871827048e-02
2.315035869465856960e-02
2.220446776871051742e-02
2.131322391308802799e-02
2.042505378125865703e-02
1.966783920817342934e-02
1.879723349325895104e-02
1.792750038009523206e-02
1.722841016554150367e-02
1.651253211941773255e-02
1.560745914724466499e-02
1.491324695958657492e-02
1.425473050759466440e-02
1.351342158669783904e-02
1.288654043676233131e-02
1.226187723537276904e-02
1.158213372267787727e-02
1.098102233088810338e-02
1.052674262182602336e-02
9.933393032083613974e-03
9.476166755009184789e-03
8.914322767234255859e-03
8.421082555820212645e-03
7.895472747756572540e-03
7.419752549597617361e-03
6.966758763840895027e-03
6.541324251535715270e-03
6.180190196234278295e-03
5.742762758398464035e-03
5.383365358719809264e-03
5.019344194559943913e-03
4.650755134822526747e-03
4.322059773789158239e-03
3.965997547626135163e-03
3.709516348951675657e-03
3.436349946250143346e-03
3.071219913605232298e-03
2.828844958822074752e-03
2.571725932989871958e-03
2.326063990543677639e-03
2.146862482241866047e-03
1.934793167589918912e-03
1.706850528343302042e-03
1.537295458050187561e-03
1.348745961995268970e-03
1.141401913280912488e-03
1.021627603793382908e-03
8.719619281663095259e-04
7.398492880786102259e-04
6.320128432560723295e-04
5.131523037830818153e-04
4.209691635013080202e-04
3.197171885596693588e-04
2.307910989886733169e-04
1.772644507774275404e-04
1.312973406158988218e-04
7.933733694160134534e-05
5.090734315378797674e-05
2.655510282203499723e-05
7.961179002663910315e-06
1.072212663719266037e-06
0.000000000000000000e+00
0.000000000000000000e+00
0.000000000000000000e+00
0.000000000000000000e+00
0.000000000000000000e+00
0.000000000000000000e+00
0.000000000000000000e+00
0.000000000000000000e+00
0.000000000000000000e+00
0.000000000000000000e+00
0.000000000000000000e+00
0.000000000000000000e+00
0.000000000000000000e+00
0.000000000000000000e+00
0.000000000000000000e+00
0.000000000000000000e+00
0.000000000000000000e+00
0.000000000000000000e+00
0.000000000000000000e+00
0.000000000000000000e+00
0.000000000000000000e+00
0.000000000000000000e+00
0.000000000000000000e+00
0.000000000000000000e+00
0.000000000000000000e+00
0.000000000000000000e+00
0.000000000000000000e+00
0.000000000000000000e+00
0.000000000000000000e+00
0.000000000000000000e+00
0.000000000000000000e+00
0.000000000000000000e+00
0.000000000000000000e+00
0.000000000000000000e+00
0.000000000000000000e+00
0.000000000000000000e+00
0.000000000000000000e+00
0.000000000000000000e+00
0.000000000000000000e+00
0.000000000000000000e+00
0.000000000000000000e+00
0.000000000000000000e+00
0.000000000000000000e+00
0.000000000000000000e+00
0.000000000000000000e+00
0.000000000000000000e+00
0.000000000000000000e+00
0.000000000000000000e+00
0.000000000000000000e+00
0.000000000000000000e+00
0.000000000000000000e+00
0.000000000000000000e+00
0.000000000000000000e+00
0.000000000000000000e+00
0.000000000000000000e+00
0.000000000000000000e+00
