0.000000000000000000e+00
0.000000000000000000e+00
0.000000000000000000e+00
0.000000000000000000e+00
0.000000000000000000e+00
0.000000000000000000e+00
0.000000000000000000e+00
0.000000000000000000e+00
0.000000000000000000e+00
0.000000000000000000e+00
0.000000000000000000e+00
0.000000000000000000e+00
0.000000000000000000e+00
0.000000000000000000e+00
0.000000000000000000e+00
0.000000000000000000e+00
0.000000000000000000e+00
0.000000000000000000e+00
0.000000000000000000e+00
0.000000000000000000e+00
0.000000000000000000e+00
0.000000000000000000e+00
0.000000000000000000e+00
0.000000000000000000e+00
0.000000000000000000e+00
0.000000000000000000e+00
0.000000000000000000e+00
0.000000000000000000e+00
0.000000000000000000e+00
0.000000000000000000e+00
8.119121191567663239e-05
4.795463340533807559e-03
5.227138389580747446e-02
2.200091102645679031e-01
5.418586665100427746e-01
8.946119930601643677e-01
1.156721324026295461e+00
1.325199593155488076e+00
1.397743684615698090e+00
1.416315509947510876e+00
1.405354196038329340e+00
1.380240420274014834e+00
1.343821323872856910e+00
1.324940794936357413e+00
1.286318123872776553e+00
1.239229480705635877e+00
1.213541902442444753e+00
1.190703942966212514e+00
1.182762718615328001e+00
1.175008883149265992e+00
1.183136433227802486e+00
1.164008140922560219e+00
1.122061714081229011e+00
1.073040548670366467e+00
1.024972273374239684e+00
9.939119774930293971e-01
9.753678404519341427e-01
9.607224811795292974e-01
9.595219178319406295e-01
9.688464529005411663e-01
9.710508575831230393e-01
9.694454234366614021e-01
9.810189822011972094e-01
9.909201098028018739e-01
9.958368463724887043e-01
9.997296030439436487e-01
9.973201797500547139e-01
1.009053083504217518e+00
1.010585688154876483e+00
1.016695147639349539e+00
1.014485608600635524e+00
1.013921825824173784e+00
1.008677479172899627e+00
1.017994261258962752e+00
1.020013621121771630e+00
1.016414911454744274e+00
1.014680920991757773e+00
1.017149259834984942e+00
1.013904835376047364e+00
1.007202256243306504e+00
1.012873114678560782e+00
1.009401171573361289e+00
1.004234135393628824e+00
1.007137896205625216e+00
9.988758504293469009e-01
9.959095050264249460e-01
9.890167844513013673e-01
9.939765490304449669e-01
9.857693833182621379e-01
9.909086346983049243e-01
9.874839729202604666e-01
9.804078174619639263e-01
9.739436865004580390e-01
9.884739982614655363e-01
9.915085709401906255e-01
9.896862376823051255e-01
9.895349184361010852e-01
9.888955122993555724e-01
9.939168831732397846e-01
9.950890882405147853e-01
9.954571780041920892e-01
9.941073002573117545e-01
1.001312407005316985e+00
1.001892046551355664e+00
1.002238552698382135e+00
1.002860215994790138e+00
1.004893527209178572e+00
1.004357609671156615e+00
9.987878283345835717e-01
9.985951532940064990e-01
9.991675597494324990e-01
9.974202391216145935e-01
1.002673006700400160e+00
1.000708796116250632e+00
9.977553929985482073e-01
9.970469696632502377e-01
9.962435642881484199e-01
9.991855076197752039e-01
9.941354129198949341e-01
1.001448673845575899e+00
9.942077775972878451e-01
9.967289946307323900e-01
9.970927734276326948e-01
9.934562385825564945e-01
9.951775875734449883e-01
9.917353418128943554e-01
9.957917576770144441e-01
9.924670387618951262e-01
9.974228554775970146e-01
9.934194620866162451e-01
9.977684350638821309e-01
9.977646988559216723e-01
9.960899306578676615e-01
9.939166504914672684e-01
9.956893481362696363e-01
9.939610515340125962e-01
9.977586521702206390e-01
9.981448605089628945e-01
9.965927562289873531e-01
1.000746412031472188e+00
9.934047930494241951e-01
9.993701028264286856e-01
9.961953402926622125e-01
9.998563902893780053e-01
9.947583731233580195e-01
1.000316678600875697e+00
9.970577432760412417e-01
9.957044512381262313e-01
9.976914909958394251e-01
9.951970546647771476e-01
9.959353889591375797e-01
9.936353421560195631e-01
9.988027472641164417e-01
9.979780437394207837e-01
9.935025259133439812e-01
9.957504307488952433e-01
9.978013408543250362e-01
9.954357552883591476e-01
9.971212938044756724e-01
9.980005758334199450e-01
9.959627367137036114e-01
9.950657820333301817e-01
9.971046102610195971e-01
9.978127336263873381e-01
9.974781449316282300e-01
1.000561761084423962e+00
9.977504514718494866e-01
9.974735512026119411e-01
1.000455758017846808e+00
9.967597898829553271e-01
9.981430312788669434e-01
9.977287879622716016e-01
9.971021893487517218e-01
9.995502567951612960e-01
9.986173791225004814e-01
9.960933302855951021e-01
9.958802175341152640e-01
9.968097854331399166e-01
9.987062738502262560e-01
9.982739807525981002e-01
9.983301255073574465e-01
1.000266551635415446e+00
9.974923638677319904e-01
9.971574664768014795e-01
9.971905911611487205e-01
9.986313883431360283e-01
9.961032975596039174e-01
9.999211288432140465e-01
9.975116551018036182e-01
9.998783143227557568e-01
9.992951555003114494e-01
9.963050519889256051e-01
1.000324820631112832e+00
9.991650750369528433e-01
9.983795624890837717e-01
9.986506907587505699e-01
9.983970602053964249e-01
9.955140877966647261e-01
9.981402220401137670e-01
9.986217266685315508e-01
9.965412137667852832e-01
9.981511008881006619e-01
9.985809702631396334e-01
9.966778897148943495e-01
9.990321807512151375e-01
9.983905919958164787e-01
9.973283883251523596e-01
9.979086005117183689e-01
9.977246463577945645e-01
9.965022691650301523e-01
9.980264298808578793e-01
9.962672558656762156e-01
9.993796481795023112e-01
9.966101566068494844e-01
9.957646055202661328e-01
9.981057434011046947e-01
9.961697201273870261e-01
9.967961422493926138e-01
9.966336983665757820e-01
9.977732595937935933e-01
9.969123486245875521e-01
9.995041641285010714e-01
9.967499136304724949e-01
9.971818323882776225e-01
9.965698850058015701e-01
9.967554503555332568e-01
9.985125884634180604e-01
9.975807006615531325e-01
9.980879957391349810e-01
9.980337437820020474e-01
9.946459596430868855e-01
9.983871186886134064e-01
9.985367051503104552e-01
9.978061776365410029e-01
9.965380402005168392e-01
9.962605420729975236e-01
9.964072018330590863e-01
9.970088687487431711e-01
9.965734796701201104e-01
9.969204460882538088e-01
9.988034406267860543e-01
9.988390286705668419e-01
9.966718785997283891e-01
9.973538198582172498e-01
9.991474228115119205e-01
9.980488860941445495e-01
9.973156470974370302e-01
9.981042505895597605e-01
9.984638033843092897e-01
9.978633478240690469e-01
9.980760312459684425e-01
9.974954804285685039e-01
9.985490703321711070e-01
9.978483217366584945e-01
9.972571794214576402e-01
9.986615015373720983e-01
9.991698121885703721e-01
9.967454614459838602e-01
9.977763179048046993e-01
9.965284296909395767e-01
9.976968030107484786e-01
9.964499378256018725e-01
9.984191849203091218e-01
9.991342988373684841e-01
9.977403264003533723e-01
1.000612364245095476e+00
9.981115462326048959e-01
1.000487459799447310e+00
9.976370319931611164e-01
9.991598845814089191e-01
9.970364026196880669e-01
9.987095467168394247e-01
9.978309998442612683e-01
9.983007868712562294e-01
1.000019388238158724e+00
9.971646551844879358e-01
9.985625161206963529e-01
9.969285307556542408e-01
9.988682386238725286e-01
9.961406460022022014e-01
9.985933307431673622e-01
9.992531413412928387e-01
9.986566982953891669e-01
9.986020386044430763e-01
9.987315770757951849e-01
9.996039548777889694e-01
9.997054931620497076e-01
9.998572831562394514e-01
9.977686048228280313e-01
1.001451136432334410e+00
1.000528580280515278e+00
9.992315161447294924e-01
9.993016292173039217e-01
1.001030285939754849e+00
1.001212741000044426e+00
1.000450273574055027e+00
9.984913102797510209e-01
9.989700466205455598e-01
9.993529954280373495e-01
9.996167780121546498e-01
1.000012180424644237e+00
1.000431871159518815e+00
9.996701705720167919e-01
9.994880120689250136e-01
9.997453289910910312e-01
9.996776031744891711e-01
9.993836372214041086e-01
9.993032076622071491e-01
1.000824274026684391e+00
9.998272442221188827e-01
9.978703564777740009e-01
9.992466041521980147e-01
1.000270796181039756e+00
9.980844211671850985e-01
9.993703562093396719e-01
9.983366191573268544e-01
9.990333029271972753e-01
1.000168234644918330e+00
9.990949799618270566e-01
9.982678699909046660e-01
9.981868133202078663e-01
9.991090749283667583e-01
9.982453676275001575e-01
9.989257562552971148e-01
9.993320500543324547e-01
9.984098451198017976e-01
9.987570098150339026e-01
1.001006029059573033e+00
9.984788285385237661e-01
1.000154161225323302e+00
9.987178541210859350e-01
9.994671212300524354e-01
9.994883318092144808e-01
1.001299171203504645e+00
9.987344863925687877e-01
9.986554032469885378e-01
9.996142699315125890e-01
1.000915608141802915e+00
9.996857020880515199e-01
1.000489699245299180e+00
1.001319791882155918e+00
1.000814688242758432e+00
9.995791540423766275e-01
9.938515257306178574e-01
9.851821132259326319e-01
9.765621032985072336e-01
9.668202628795238285e-01
9.589269161024215338e-01
9.511815040318672976e-01
9.419555482790342715e-01
9.332262787874369137e-01
9.277208997055363948e-01
9.168592984862178330e-01
9.098556566128567225e-01
9.014064849741861840e-01
8.931071796893517156e-01
8.848040665267370430e-01
8.764184035117239535e-01
8.685802284902099935e-01
8.607945411578674655e-01
8.522320184752947281e-01
8.454739646690697663e-01
8.363815619828084413e-01
8.276718268695723024e-01
8.201439159413467239e-01
8.130471904147138495e-01
8.046980377848075294e-01
7.969169702586760273e-01
7.899838149106909180e-01
7.812932052558200224e-01
7.743350258096932670e-01
7.680270545925768078e-01
7.603329854228644269e-01
7.524741181830091330e-01
7.457082913588047868e-01
7.372311128233980382e-01
7.315264572433365364e-01
7.236392684770535100e-01
7.157497126344407601e-01
7.095091991841375734e-01
7.013318642018504523e-01
6.950966906582025651e-01
6.886496165680567882e-01
6.813511924667300379e-01
6.744902092819428097e-01
6.667970991619199816e-01
6.615950112106107062e-01
6.538384552965696983e-01
6.468665406614337865e-01
6.397703068961342332e-01
6.332151991788732559e-01
6.255403115747357745e-01
6.196072658361094776e-01
6.127439086011293723e-01
6.057144627459022379e-01
5.996772802573961947e-01
5.932915519555180817e-01
5.863696294338296422e-01
5.802792348130042521e-01
5.741661987177948401e-01
5.674881229785123660e-01
5.609077949690498555e-01
5.547074846083281940e-01
5.482030487254003770e-01
5.414176861347942404e-01
5.364137778005104717e-01
5.294704404570689249e-01
5.224809088894107889e-01
5.176115917163515157e-01
5.108601580464714464e-01
5.048061491299650205e-01
4.994539219355865756e-01
4.922023647125893797e-01
4.870418699800856399e-01
4.809040988895282309e-01
4.745554358418878071e-01
4.692287791356380411e-01
4.631554942064691205e-01
4.572965587048619107e-01
4.524118476902893038e-01
4.463530350377007405e-01
4.400187605970595772e-01
4.343588747178244169e-01
4.282180869916194510e-01
4.233362311159477587e-01
4.169059372449315237e-01
4.114468512705186654e-01
4.060850593172208312e-01
3.997802269625280736e-01
3.949685156076640502e-01
3.893290243010905649e-01
3.837723964848046565e-01
3.778490338616495858e-01
3.717309920671669210e-01
3.665354212855538862e-01
3.615309539368915526e-01
3.560851845255611492e-01
3.508088899862896182e-01
3.452202745896607028e-01
3.399212819234985750e-01
3.342631170480040437e-01
3.293738306766870738e-01
3.233579574182549043e-01
3.186575282893848726e-01
3.136271578029328766e-01
3.080727611988363090e-01
3.033090471282041123e-01
2.977576094549643226e-01
2.926652984630166987e-01
2.880175589615372456e-01
2.824866290448506123e-01
2.769328996479241689e-01
2.723318411309155751e-01
2.670744753104051794e-01
2.627188996859813330e-01
2.568746451867136571e-01
2.525731024428592986e-01
2.477916945331687937e-01
2.425881982310553464e-01
2.375971747111823296e-01
2.339519125954897805e-01
2.285180270978155459e-01
2.229933005240633814e-01
2.190157538886826905e-01
2.140256959595054631e-01
2.085354464775536487e-01
2.041586037120294572e-01
1.993859422986104246e-01
1.952344011683011527e-01
1.897967605208687181e-01
1.857745375683081124e-01
1.807351465629165044e-01
1.762110499563451782e-01
1.715345153588392901e-01
1.670762884938894466e-01
1.627275052446446046e-01
1.580188314649878245e-01
1.532106504269534486e-01
1.492669829240292623e-01
1.443147320768930486e-01
1.402529880166135945e-01
1.357894112021187649e-01
1.307263144170718594e-01
1.267036113898833416e-01
1.226225510974730398e-01
1.184073673110733055e-01
1.144523586031820500e-01
1.106212607334502440e-01
1.073564313429029443e-01
1.042059128324544642e-01
1.009596087003128279e-01
9.799835910200975497e-02
9.513597642724372361e-02
9.232698123061792994e-02
8.945650442654740075e-02
8.683608719384003360e-02
8.447871411568749767e-02
8.156643911803609925e-02
7.942882732646039390e-02
7.678149236822973123e-02
7.435729187911820082e-02
7.215031839104994738e-02
6.980953955899815710e-02
6.784908058097476047e-02
6.582109837916022554e-02
6.346778923026887009e-02
6.185743097857376166e-02
5.991055561193370238e-02
5.794782848111349610e-02
5.621972154246435149e-02
5.425833446516115793e-02
5.255493160926765633e-02
5.101825315104259462e-02
4.931610130807582981e-02
4.763848389911699149e-02
4.604655061013380318e-02
4.483692874473726997e-02
4.303835679120560781e-02
4.163401867345100510e-02
4.029334195059701418e-02
3.890382237325834547e-02
3.764824854525841008e-02
3.622685528432182528e-02
3.508559604192755532e-02
3.382289609718218404e-02
3.262643817272298935e-02
3.151456972860908201e-02
3.036827111739814553e-02
2.922067896308057702e-02
2.812786995751734992e-02
2.712628825351397904e-02
2.600315736207255493e-02
2.493221725322180421e-02
2.413662590925832671e-02
2.313793688118957748e-02
2.205618355338050465e-02
2.132190735165421375e-02
2.033697709066147399e-02
1.951914441976282735e-02
1.862314674753696997e-02
1.786964110569785186e-02
1.717205950732864431e-02
1.647179557082388904e-02
1.559270858650233654e-02
1.501295030682546841e-02
1.413704325714473450e-02
1.350290066983210469e-02
1.288967172837267132e-02
1.223788807748983805e-02
1.168882070584431783e-02
1.114166454580712770e-02
1.057480358841674829e-02
9.911258789693963914e-03
9.393464836219134542e-03
8.919627419400175464e-03
8.497360060383683106e-03
8.013921045196945384e-03
7.493307049573354368e-03
7.068387519903430831e-03
6.685544950816903371e-03
6.233256833229347885e-03
5.823436320466162698e-03
5.435586294802047420e-03
5.062344343463248166e-03
4.711859000433258997e-03
4.291777527710736312e-03
4.020323100222871794e-03
3.680626396481714423e-03
3.372039780444828841e-03
3.105188123903126953e-03
2.863393026881340571e-03
2.600605551510235675e-03
2.397019735414725010e-03
2.160617851573168845e-03
1.945298965391759408e-03
1.723936186758942861e-03
1.492278053662212355e-03
1.316569661336334943e-03
1.187432886874492015e-03
1.030838130576633991e-03
8.463987939912160328e-04
7.737950442859473869e-04
6.246594384360483823e-04
5.209114112338498028e-04
4.138894088801163096e-04
3.437306820121088877e-04
2.426463404269808832e-04
1.805451006034398313e-04
1.306415695151573084e-04
8.520517049660990782e-05
5.328964231332210900e-05
2.137337959770950761e-05
9.897570981491190579e-06
4.288802547046540488e-07
2.137193208813979001e-07
0.000000000000000000e+00
0.000000000000000000e+00
0.000000000000000000e+00
0.000000000000000000e+00
0.000000000000000000e+00
0.000000000000000000e+00
0.000000000000000000e+00
0.000000000000000000e+00
0.000000000000000000e+00
0.000000000000000000e+00
0.000000000000000000e+00
0.000000000000000000e+00
0.000000000000000000e+00
0.000000000000000000e+00
0.000000000000000000e+00
0.000000000000000000e+00
0.000000000000000000e+00
0.000000000000000000e+00
0.000000000000000000e+00
0.000000000000000000e+00
0.000000000000000000e+00
0.000000000000000000e+00
0.000000000000000000e+00
0.000000000000000000e+00
0.000000000000000000e+00
0.000000000000000000e+00
0.000000000000000000e+00
0.000000000000000000e+00
0.000000000000000000e+00
0.000000000000000000e+00
0.000000000000000000e+00
0.000000000000000000e+00
0.000000000000000000e+00
0.000000000000000000e+00
0.000000000000000000e+00
0.000000000000000000e+00
0.000000000000000000e+00
0.000000000000000000e+00
0.000000000000000000e+00
0.000000000000000000e+00
0.000000000000000000e+00
0.000000000000000000e+00
0.000000000000000000e+00
0.000000000000000000e+00
0.000000000000000000e+00
0.000000000000000000e+00
0.000000000000000000e+00
0.000000000000000000e+00
0.000000000000000000e+00
0.000000000000000000e+00
0.000000000000000000e+00
0.000000000000000000e+00
0.000000000000000000e+00
0.000000000000000000e+00
0.000000000000000000e+00
