0.000000000000000000e+00
0.000000000000000000e+00
0.000000000000000000e+00
0.000000000000000000e+00
0.000000000000000000e+00
0.000000000000000000e+00
0.000000000000000000e+00
0.000000000000000000e+00
0.000000000000000000e+00
0.000000000000000000e+00
0.000000000000000000e+00
0.000000000000000000e+00
0.000000000000000000e+00
0.000000000000000000e+00
0.000000000000000000e+00
0.000000000000000000e+00
0.000000000000000000e+00
0.000000000000000000e+00
0.000000000000000000e+00
0.000000000000000000e+00
0.000000000000000000e+00
0.000000000000000000e+00
0.000000000000000000e+00
0.000000000000000000e+00
0.000000000000000000e+00
0.000000000000000000e+00
3.402142479662352109e-05
1.954215230506095146e-03
2.742692233644499628e-02
1.911798850498412083e-01
7.284037514273706826e-01
1.530240214896656070e+00
2.054168120599205505e+00
2.108981969579371452e+00
1.904987314285568889e+00
1.642753793781603910e+00
1.424636796059285837e+00
1.261381063280389014e+00
1.164180374483958280e+00
1.092586544859717623e+00
1.013648364833264592e+00
9.515868235837277034e-01
9.161091569536152779e-01
9.080159287836604420e-01
9.128133755840850405e-01
9.248802112999167102e-01
9.413888200136824036e-01
9.526839803502038517e-01
9.630970200431291373e-01
9.692053393818078622e-01
9.747766962495102439e-01
9.808501917428071870e-01
9.868231024806929375e-01
9.909300867918359179e-01
9.865731866699831709e-01
9.850312252271546942e-01
9.800891202833053040e-01
9.745605679501080365e-01
9.679313758467984474e-01
9.594194682451588907e-01
9.559017446858493194e-01
9.537037331800761741e-01
9.556735713814354938e-01
9.589265687460862830e-01
9.674381202530479840e-01
9.775861395441723944e-01
9.871400592829249199e-01
9.998885447905548896e-01
1.009686288688987243e+00
1.017179524380464217e+00
1.025132732331047736e+00
1.030960878380130952e+00
1.032705985147872596e+00
1.034018693086260265e+00
1.035111902011289331e+00
1.032626599299651060e+00
1.028260169395887491e+00
1.024644457583834267e+00
1.018133377194924583e+00
1.013138519395862192e+00
1.007816927497890536e+00
1.003505918157418630e+00
9.975086882158437085e-01
9.934777560413728947e-01
9.864304427249328544e-01
9.870455390130628004e-01
9.845712338462824231e-01
9.861045338223519696e-01
9.875088371126038433e-01
9.894307970642558514e-01
9.901156632291016058e-01
9.915736490148989724e-01
9.935569210089295611e-01
9.969133780015914104e-01
9.984137587978381134e-01
9.994526136729753318e-01
1.000818857765560344e+00
1.001163215793996475e+00
1.002497619718715205e+00
1.001485282001202792e+00
1.003136810426849657e+00
1.003947007348394482e+00
1.004072128567141009e+00
1.003425375984533963e+00
1.004015980014220988e+00
1.003405126906277589e+00
1.004109311286976780e+00
1.002558523020630865e+00
1.004005014862590972e+00
1.003161726988775815e+00
1.001527975736199005e+00
1.001564606699807625e+00
1.001280661724073484e+00
1.000769308231462151e+00
1.000515885758723300e+00
1.000427449779422551e+00
9.991848178961703075e-01
9.985887706956114718e-01
9.985430645099540037e-01
9.984307368744733679e-01
9.985376798618218475e-01
9.976352712197859018e-01
9.980273813217975798e-01
9.984436523185559187e-01
9.969188510308619744e-01
9.985255777137755917e-01
9.986439571336620524e-01
9.986859745936211841e-01
9.991465198543434401e-01
9.993176758326099973e-01
9.992265649673290895e-01
9.988060894090574626e-01
1.000284921835634666e+00
1.000048101845998128e+00
9.999894264854556347e-01
1.000620749676154997e+00
9.994688716775745885e-01
1.000608794324339357e+00
1.000151632708494498e+00
1.001026021596282289e+00
1.000347172484035374e+00
1.000850057449605757e+00
1.000225534072838540e+00
1.000080442462533803e+00
1.000294421158649971e+00
1.000865331841228389e+00
1.000122089605006925e+00
1.000180368246073703e+00
9.994578715806559099e-01
9.994197614219909598e-01
9.994449624650967312e-01
9.987396436939680600e-01
9.997629179141506173e-01
9.995106617482628630e-01
9.997058200685275953e-01
9.999519297451151534e-01
9.987982504075809675e-01
9.995638025629687284e-01
9.998881774454682070e-01
9.993182565011073937e-01
9.999104430694500945e-01
9.993992052828578609e-01
9.993188411396385362e-01
9.993651198653371592e-01
9.999426633901820072e-01
1.000448771600409126e+00
1.000300766750459092e+00
1.000529655408599172e+00
1.000585762143007207e+00
1.000074030941478398e+00
9.997914698046056481e-01
9.999788972962507794e-01
1.000427005883784082e+00
1.000024447188519572e+00
1.000390661304232598e+00
9.998700416039240091e-01
9.998339831961767787e-01
9.995534648874235817e-01
1.000263780178425987e+00
1.000111130627725275e+00
1.000074895761821292e+00
9.998840297230952023e-01
1.000353260140663281e+00
9.999908761934777068e-01
1.000114138353006332e+00
1.000264320425596543e+00
1.000098230635475982e+00
9.997598302110473067e-01
9.999438016381879679e-01
1.000326960816589006e+00
9.997300871004569656e-01
1.000350473861535638e+00
9.999332346459409715e-01
9.999623686234423436e-01
9.996415405927410180e-01
9.998556316879113615e-01
9.999819488231846965e-01
1.000210129852611374e+00
9.996893085059577189e-01
1.000153021474970316e+00
1.000156987297472044e+00
1.000439149817099915e+00
9.998128173101828997e-01
1.000234608429907412e+00
1.000674060047752167e+00
1.000243972259472702e+00
1.000001240696277938e+00
1.000192470958221058e+00
9.999708762497760972e-01
9.998567052213340745e-01
1.000201452053222306e+00
9.999807434419009100e-01
1.000327190712549275e+00
1.000044491947388314e+00
1.000136879560729941e+00
1.000325539770216876e+00
1.000433819659425794e+00
1.000242169134764936e+00
1.000549846046765001e+00
1.000309441501830099e+00
1.000153758616001864e+00
1.000521082201802248e+00
9.999682237436524623e-01
1.000228020143258956e+00
1.000033698526916259e+00
1.000262027738286985e+00
1.000191913641781394e+00
1.000392904778155012e+00
1.000006828958807548e+00
1.000366080222032439e+00
1.000511018975250188e+00
1.000109635704332645e+00
9.998590412456873633e-01
1.000398888769373773e+00
1.000495845365052094e+00
1.000221183530700664e+00
1.000101397858425667e+00
1.000566088909877305e+00
1.000250921668533355e+00
1.000103453543063070e+00
1.000254274822600653e+00
1.000257923878784094e+00
1.000272422020945795e+00
1.000419090771486497e+00
9.999517010198352152e-01
1.000255754643875505e+00
1.000768590539767855e+00
1.000346061794077812e+00
1.000344656901760221e+00
1.000442573980370176e+00
9.999886358397901409e-01
1.000127588084309460e+00
1.000501367962885801e+00
1.000221701445719313e+00
9.999260155814971851e-01
9.996840998344111995e-01
1.000685744776593111e+00
1.000464142040417004e+00
1.000314703375301040e+00
1.000284901840265306e+00
1.000626375545250246e+00
1.000390276637882492e+00
1.000407822657324752e+00
1.000290979999156393e+00
1.000050401410534029e+00
1.000362186803592346e+00
1.000509593715229073e+00
1.000199179101867619e+00
9.999071488266764174e-01
1.000338419506484389e+00
1.000289681739532588e+00
1.000157467357123631e+00
1.000511790709415205e+00
1.000275921422784764e+00
1.000114415503037257e+00
1.000278829305169870e+00
1.000904410711335180e+00
1.000215548623235140e+00
1.000308470621020351e+00
1.000584282431032035e+00
1.000566965049157320e+00
1.000679671871397947e+00
1.000503517938136522e+00
1.000500309942000676e+00
1.000277249109306377e+00
1.000384030919399203e+00
1.000373504150129600e+00
1.000299685290368945e+00
1.000296971438169313e+00
1.000280402983784400e+00
1.000207228317615327e+00
1.000503025741048102e+00
1.000144693961805942e+00
1.000238488801544312e+00
1.000471793509974283e+00
1.000165920778386619e+00
1.000463008477130877e+00
1.000391797888406709e+00
1.000260237424230647e+00
1.000220119686713094e+00
1.000098427907431642e+00
1.000261631929407757e+00
1.000434060077826759e+00
1.000481926199712435e+00
1.000801735428017203e+00
1.000566695791990313e+00
9.999392606550360219e-01
1.000361377787636341e+00
1.000350759409625923e+00
1.000224424443815652e+00
9.999766043117432890e-01
1.000161246962459005e+00
1.000588840954336423e+00
1.000241200956670795e+00
1.000680707897470656e+00
1.000035774553979628e+00
1.000146257541790540e+00
1.000378677728782639e+00
1.000144291756758674e+00
1.000327945147968967e+00
1.000593151561054439e+00
1.000420029141724676e+00
1.000125343732390926e+00
1.000409955059474498e+00
1.000209125786146513e+00
1.000177128309443608e+00
1.000565088569393080e+00
1.000349998335205104e+00
9.999364624945572544e-01
1.000326613250315910e+00
1.000248360867353359e+00
1.000185522999025967e+00
1.000201028319162910e+00
9.999915998687649576e-01
1.000263393238672194e+00
1.000107938371687322e+00
1.000477839194111596e+00
1.000135052478421382e+00
1.000496772429062986e+00
1.000388120066947106e+00
1.000219644671152874e+00
1.000333186700282040e+00
9.997677487240606009e-01
9.941065510814061090e-01
9.855596135960597026e-01
9.768540237991222286e-01
9.681194128208866490e-01
9.595220220785322107e-01
9.509424709633591544e-01
9.425927544429406613e-01
9.342747794731640631e-01
9.258428394487233648e-01
9.176265936338334761e-01
9.091313745125186863e-01
9.012231953761840053e-01
8.928581787711713513e-01
8.848265699888517855e-01
8.768384640082629300e-01
8.689363491152494179e-01
8.609732108098174796e-01
8.528551629108634957e-01
8.450152642362915856e-01
8.367967051149256541e-01
8.294952166552790329e-01
8.213866600298360687e-01
8.137384240724708784e-01
8.062790794447264320e-01
7.983968715361809965e-01
7.909913878279426491e-01
7.834565796751942202e-01
7.757300094764734144e-01
7.682670964731438401e-01
7.607490219297772249e-01
7.531929455584549515e-01
7.463307065551267883e-01
7.389641011101283352e-01
7.312990522201612276e-01
7.241265596868537990e-01
7.169280857922116779e-01
7.098064214914764358e-01
7.028787290209521643e-01
6.955650636785195573e-01
6.887118845400502787e-01
6.820034453877441560e-01
6.748288429194946314e-01
6.678671030134145647e-01
6.607679980728000668e-01
6.539940890332677226e-01
6.472205808615894007e-01
6.405917128115643511e-01
6.335955139878157727e-01
6.270505020446808242e-01
6.200253011934495628e-01
6.135199828085602380e-01
6.068697779368817935e-01
6.003965254874008561e-01
5.937358781859918277e-01
5.871304460107178436e-01
5.808302624912141665e-01
5.741452864014873203e-01
5.679472654113394414e-01
5.615803527154140662e-01
5.550630949168042783e-01
5.488053030837004576e-01
5.424940273146092728e-01
5.361258023145092366e-01
5.298735046893617850e-01
5.235751982291234619e-01
5.175031678649009148e-01
5.115259024044245262e-01
5.051104324106797661e-01
4.992549269026434478e-01
4.931296436494644886e-01
4.870246016883481022e-01
4.810989224801440201e-01
4.749899022746271737e-01
4.691844478438431110e-01
4.632023239034839257e-01
4.573168356150904557e-01
4.515645141152985209e-01
4.455546307214959256e-01
4.397937773971182240e-01
4.340222105413981124e-01
4.282146951048448891e-01
4.225748450946973933e-01
4.169422705787595995e-01
4.113464796128294965e-01
4.056730202134400387e-01
4.000128802553887253e-01
3.944462742906442165e-01
3.888281070579485688e-01
3.832292881821188213e-01
3.777626510015887340e-01
3.722567104130402593e-01
3.669167486009530799e-01
3.612670415628270182e-01
3.558960915364726141e-01
3.505904435704353950e-01
3.452893162047019904e-01
3.397824479752917237e-01
3.345949739170417936e-01
3.293724700541036943e-01
3.241100435406359948e-01
3.188080634466723406e-01
3.135902483479506841e-01
3.082653025963445481e-01
3.031641458724789184e-01
2.980652288672195338e-01
2.930663001560292469e-01
2.877864634711535530e-01
2.826361430786260009e-01
2.777098405194623476e-01
2.726357947621301792e-01
2.675494132896053534e-01
2.628144967992711023e-01
2.577581198561073039e-01
2.526629204357347391e-01
2.478374085874606725e-01
2.428807431414725937e-01
2.379734645779977842e-01
2.330662971980877740e-01
2.283159302308656324e-01
2.234864795511945779e-01
2.187734077282053602e-01
2.138870306738415439e-01
2.091133869950519419e-01
2.044541589225560840e-01
1.998269515565064547e-01
1.950150649017242388e-01
1.903634297655208696e-01
1.856477355915418237e-01
1.810118107160471612e-01
1.764313770308546248e-01
1.719446038339969562e-01
1.672757903053144757e-01
1.626782354757399796e-01
1.581732662257650524e-01
1.536448940373059402e-01
1.491068284851319314e-01
1.447489861658390886e-01
1.402421710697523138e-01
1.356977886547502121e-01
1.313435265541186003e-01
1.269380994497078807e-01
1.225843185851456379e-01
1.183824655073833915e-01
1.145711682303585804e-01
1.109450783456425588e-01
1.076574789929424375e-01
1.042938753935594709e-01
1.011426409866501008e-01
9.809861301892265628e-02
9.507384718617309383e-02
9.226683292563835070e-02
8.946514027375528089e-02
8.681153003328676010e-02
8.424864500258721911e-02
8.164218919715318656e-02
7.927027500119795955e-02
7.682841005433266313e-02
7.456024785499740237e-02
7.227535887909171397e-02
7.014781620145002505e-02
6.796214190585558867e-02
6.584861787075119155e-02
6.393452046642002229e-02
6.187164329811068592e-02
5.999620985097447318e-02
5.807015176401822409e-02
5.629655766206965312e-02
5.447384500538278440e-02
5.275782258973471528e-02
5.111357257853735292e-02
4.946914809007873365e-02
4.784228059007366446e-02
4.629982921613323005e-02
4.477697578482897622e-02
4.329347547763724019e-02
4.180161112056857836e-02
4.042614692772562163e-02
3.901566401981756971e-02
3.769673589899871780e-02
3.642670719975383414e-02
3.515275832343048301e-02
3.389753217498179400e-02
3.270278360086362190e-02
3.152281874676319401e-02
3.037215492646344953e-02
2.924487570030716993e-02
2.816915719664819101e-02
2.710640413742985630e-02
2.610075483367246124e-02
2.511489678880129278e-02
2.412770099921652395e-02
2.317821401927124686e-02
2.224247714871588344e-02
2.132596598505548044e-02
2.046091824283421609e-02
1.958672259208135008e-02
1.878674208112471669e-02
1.800178465659411225e-02
1.721218959748396435e-02
1.643278891601875763e-02
1.570093843121571700e-02
1.497853932837080008e-02
1.429849361740792579e-02
1.364339025099474932e-02
1.299947553206763987e-02
1.235120962944649854e-02
1.174535286366438884e-02
1.114686529072115087e-02
1.058197410757382058e-02
1.002114062871996281e-02
9.484287257113747927e-03
8.969678047745236610e-03
8.460225067931585741e-03
7.986138614078675327e-03
7.502447619022626323e-03
7.059220797125166820e-03
6.622503179506548585e-03
6.213953582189670095e-03
5.802001109965393769e-03
5.421309394492744918e-03
5.042775821578021969e-03
4.702280484162767692e-03
4.359367250222861805e-03
4.029831330501601125e-03
3.712795872345363117e-03
3.427938496559066600e-03
3.138195111270199959e-03
2.872977792191776670e-03
2.604966050217549095e-03
2.376717209945799006e-03
2.142290440388596069e-03
1.927548078008045618e-03
1.725765373067409411e-03
1.527413771957219536e-03
1.356350097279304927e-03
1.183766337844028953e-03
1.027133911571131899e-03
8.788155016714420398e-04
7.496608563477870357e-04
6.312360849998725635e-04
5.230923505952382374e-04
4.199007571796605116e-04
3.308529151658744748e-04
2.563220728889487997e-04
1.915926172952406986e-04
1.349594525218018566e-04
8.875774047308149597e-05
5.114003243031139479e-05
2.460555806019039718e-05
8.362177412033581437e-06
1.250103293876309461e-06
2.897444813862580832e-08
0.000000000000000000e+00
0.000000000000000000e+00
0.000000000000000000e+00
0.000000000000000000e+00
0.000000000000000000e+00
0.000000000000000000e+00
0.000000000000000000e+00
0.000000000000000000e+00
0.000000000000000000e+00
0.000000000000000000e+00
0.000000000000000000e+00
0.000000000000000000e+00
0.000000000000000000e+00
0.000000000000000000e+00
0.000000000000000000e+00
0.000000000000000000e+00
0.000000000000000000e+00
0.000000000000000000e+00
0.000000000000000000e+00
0.000000000000000000e+00
0.000000000000000000e+00
0.000000000000000000e+00
0.000000000000000000e+00
0.000000000000000000e+00
0.000000000000000000e+00
0.000000000000000000e+00
0.000000000000000000e+00
0.000000000000000000e+00
0.000000000000000000e+00
0.000000000000000000e+00
0.000000000000000000e+00
0.000000000000000000e+00
0.000000000000000000e+00
0.000000000000000000e+00
0.000000000000000000e+00
0.000000000000000000e+00
0.000000000000000000e+00
0.000000000000000000e+00
0.000000000000000000e+00
0.000000000000000000e+00
0.000000000000000000e+00
0.000000000000000000e+00
0.000000000000000000e+00
0.000000000000000000e+00
0.000000000000000000e+00
0.000000000000000000e+00
0.000000000000000000e+00
0.000000000000000000e+00
0.000000000000000000e+00
0.000000000000000000e+00
0.000000000000000000e+00
0.000000000000000000e+00
0.000000000000000000e+00
0.000000000000000000e+00
0.000000000000000000e+00
