0.000000000000000000e+00
0.000000000000000000e+00
0.000000000000000000e+00
0.000000000000000000e+00
0.000000000000000000e+00
0.000000000000000000e+00
0.000000000000000000e+00
0.000000000000000000e+00
0.000000000000000000e+00
0.000000000000000000e+00
0.000000000000000000e+00
0.000000000000000000e+00
0.000000000000000000e+00
0.000000000000000000e+00
0.000000000000000000e+00
0.000000000000000000e+00
0.000000000000000000e+00
0.000000000000000000e+00
0.000000000000000000e+00
0.000000000000000000e+00
0.000000000000000000e+00
0.000000000000000000e+00
0.000000000000000000e+00
0.000000000000000000e+00
0.000000000000000000e+00
0.000000000000000000e+00
2.916089415423923212e-05
1.918088121989668668e-03
2.727113977906960723e-02
1.900129075046287641e-01
7.264473124688025640e-01
1.526256941734466244e+00
2.052587540127604360e+00
2.110202238566104782e+00
1.899095891894605703e+00
1.642645990994914929e+00
1.418528368079957414e+00
1.260966427321753569e+00
1.160008547501058862e+00
1.093014004629539127e+00
1.013909598680766466e+00
9.485617219641002684e-01
9.136857223902226099e-01
9.031949331900346323e-01
9.094212925839967321e-01
9.230809523413356921e-01
9.398549180763560162e-01
9.504206929697353035e-01
9.598430334561244281e-01
9.689492904909762228e-01
9.722588813511477968e-01
9.794235345229943546e-01
9.829828988894266928e-01
9.874391422298215426e-01
9.873665456205843460e-01
9.825933466747133194e-01
9.794622310479154104e-01
9.751040328989998285e-01
9.669570275543231119e-01
9.598821086105143729e-01
9.560663418240726852e-01
9.522517899692634069e-01
9.524366964091202092e-01
9.573370555564482132e-01
9.656616088427061317e-01
9.776897422693315853e-01
9.862830224544920643e-01
1.000460928487987289e+00
1.009717882721962834e+00
1.020248482948113100e+00
1.025077967351661012e+00
1.032217254042715693e+00
1.033826948895850029e+00
1.035424957786019506e+00
1.033902274838130131e+00
1.031614396640762044e+00
1.028093487712852028e+00
1.023950995119576213e+00
1.018137466624690735e+00
1.012084813178036447e+00
1.007045538405609841e+00
1.001319869212997649e+00
9.960105218692850704e-01
9.929662717921078352e-01
9.887699555587283751e-01
9.871918241972288399e-01
9.866149172859608463e-01
9.859008729580667207e-01
9.867102434190877513e-01
9.886066423118398117e-01
9.901720730873517784e-01
9.913594893422535970e-01
9.950058886212075349e-01
9.968576843643801588e-01
9.981040377154831722e-01
9.991595794082239745e-01
9.993670863802464055e-01
1.001699209365249921e+00
1.003214987514895462e+00
1.002563555659354844e+00
1.002656478602981682e+00
1.004255145675966299e+00
1.004160933290708657e+00
1.004955093794463128e+00
1.003893128038480187e+00
1.004405300633189446e+00
1.005128792766009305e+00
1.004823136882897483e+00
1.002752166493787955e+00
1.003382491258042242e+00
1.003661478136963714e+00
1.002227421584376943e+00
1.002181294539715273e+00
1.001396397774547031e+00
1.001010548173483450e+00
1.000661611214478830e+00
9.996761075053158807e-01
9.998636995490822743e-01
9.998892362518845278e-01
9.991920862396719283e-01
9.990958438578410039e-01
9.986965099276452484e-01
9.984947769304894916e-01
9.990490168508961988e-01
9.992540861095862148e-01
9.983576872521637835e-01
9.996293359003907142e-01
1.000087912855809114e+00
9.995429661217233308e-01
1.000308904270537758e+00
1.000331569332022719e+00
1.000632251711858878e+00
1.001380580904356554e+00
1.001358607004524837e+00
1.000716549224734297e+00
1.000977635659975107e+00
1.001613009440661228e+00
1.001822568625106769e+00
1.001841590364250800e+00
1.001344028793141439e+00
1.001558649696165482e+00
1.001513598172176334e+00
1.000896454405877600e+00
1.000439373139802690e+00
1.001285802529677360e+00
1.000827339812706995e+00
1.000416711939219994e+00
1.000664150784358775e+00
1.000936343954244911e+00
1.000783530128675158e+00
1.000301793766945391e+00
1.000690786132749865e+00
1.000068443732265555e+00
9.997121175412333471e-01
1.000466946475010221e+00
1.000438465192613702e+00
1.000200376645380418e+00
1.000112500191607579e+00
1.000334309980546177e+00
1.001101899830526332e+00
1.000445026681531013e+00
1.000915270208575514e+00
1.000151351895641749e+00
9.996993107790320687e-01
1.000267993947352441e+00
1.000154657132460212e+00
1.000446167498896921e+00
1.000799841259353062e+00
1.000726982866480430e+00
1.000820581954684263e+00
9.999763469439102437e-01
1.000975036895479064e+00
1.000112597114946045e+00
1.001235171109528199e+00
1.000230012320936002e+00
1.001370699751933602e+00
9.999762794320228299e-01
1.000615592578978363e+00
1.000157106518046790e+00
1.000364658238663385e+00
1.000069440325352055e+00
1.000181701680354696e+00
1.000846374574121400e+00
1.000055992748424050e+00
1.000316107908850505e+00
1.000364301741347939e+00
9.998407860685064596e-01
1.000398946923709342e+00
1.000024232160922510e+00
1.000111182560689427e+00
1.000478684494633841e+00
1.000476359171093010e+00
1.000253448263732414e+00
1.001197382882035969e+00
1.000266271252237216e+00
9.999648950760324784e-01
1.000349715575341580e+00
9.999986876383649692e-01
9.999253385462628652e-01
1.000780488975965277e+00
1.000489742457589593e+00
1.000371685002366728e+00
1.000270004570015470e+00
1.001202524913615166e+00
1.000763556652918940e+00
1.000310510275395082e+00
9.998846001697968555e-01
1.000671748378826331e+00
1.000248141855670792e+00
1.000183020916839638e+00
1.000595898930512817e+00
1.000179908464615242e+00
1.000113989029146611e+00
1.000672644805820299e+00
1.000644017193965229e+00
1.000208182674335200e+00
1.000565551934200492e+00
1.000330741474233509e+00
1.000588385000723113e+00
1.000689156267082325e+00
1.000581468564483822e+00
1.000543115600700750e+00
1.000736965659956734e+00
1.000552730766823162e+00
1.000493045813967141e+00
1.000204288641032946e+00
1.000613510281031848e+00
1.000154544001335744e+00
1.000911205804462245e+00
1.000799051335591994e+00
1.000547660028024533e+00
1.000521146499907532e+00
1.000592886280229799e+00
1.000379966761473227e+00
9.999824479114441944e-01
1.000581772523726487e+00
9.997980992285443458e-01
1.000174829693402545e+00
1.000386963674417373e+00
1.000836392988355250e+00
1.000661471049306472e+00
1.000358432517652885e+00
1.000442478197347995e+00
1.000504010597416782e+00
1.000033043374570996e+00
1.000540795488636503e+00
1.000678717188371536e+00
1.000572169250478316e+00
1.000041189929594898e+00
1.000310058905017341e+00
1.000289332764465966e+00
1.000414313303033209e+00
1.000087158003151178e+00
1.000234437930779263e+00
1.000331082625576018e+00
1.000550662207602803e+00
1.000105010279796369e+00
1.000181723669469669e+00
1.000723482325566183e+00
1.000566159837034341e+00
1.000183820234936238e+00
1.000271533972918014e+00
1.000699225468456577e+00
1.000395487548398910e+00
1.000094269094567556e+00
1.000190197131313630e+00
1.000372065248145370e+00
1.000568295143546615e+00
9.998902037802017695e-01
1.000738097970480078e+00
1.000302346678696663e+00
1.000405525151220276e+00
1.000580461092291706e+00
1.000387910107537914e+00
1.000454914151126751e+00
1.000056057536945930e+00
1.000176716972743129e+00
9.999283062435344593e-01
1.000142646413883396e+00
1.000202221991727924e+00
1.000082468859107232e+00
9.999638958446028791e-01
1.000424716208569764e+00
1.000117598841801625e+00
1.000377659277792430e+00
1.000143446882744369e+00
1.000210245984697988e+00
9.998591431174151944e-01
9.998048556842690227e-01
1.000244501592962632e+00
1.000076646138037706e+00
1.000411822192421196e+00
1.000023878211406814e+00
9.998662796391639684e-01
1.000128949287516722e+00
1.000373416463984588e+00
1.000106451659226847e+00
9.999390588215693043e-01
1.000171364678657859e+00
1.000159772722071905e+00
1.000067477719493558e+00
1.000012791323591221e+00
9.999105585725551748e-01
9.999026878346384262e-01
1.000147251241031876e+00
9.999958568157488736e-01
1.000281988802584454e+00
1.000036667961170522e+00
1.000016637515939166e+00
9.997469982605210470e-01
1.000045332974711432e+00
1.000059549292855676e+00
9.999561765689906068e-01
1.000521270277248354e+00
1.000318028418772265e+00
9.999117705633928654e-01
9.999981908466766267e-01
1.000489018994325630e+00
9.999202425388418192e-01
1.000106895997625145e+00
1.000109988861116239e+00
1.000068230271200731e+00
1.000234606070162124e+00
1.000100679406195514e+00
9.999560810699379410e-01
9.999602656828393554e-01
9.999835827384628839e-01
1.000020367226547302e+00
1.000098619304194081e+00
1.000114428544449874e+00
1.000284641084590698e+00
1.000216050915311294e+00
1.000166035238077011e+00
9.999682296600329590e-01
1.000289452954972402e+00
1.000101784562252627e+00
1.000216439424857606e+00
9.998648881350860051e-01
1.000069140776857601e+00
9.999615767979177505e-01
9.999336781965845189e-01
9.997789049138157136e-01
9.995145508031367809e-01
9.938659613491870326e-01
9.852863384697461147e-01
9.764843941376041281e-01
9.679771472200932037e-01
9.594256943208961941e-01
9.507550224477148149e-01
9.421684892689244917e-01
9.341355144663180399e-01
9.256167938865514921e-01
9.173618918092254493e-01
9.090041286761759709e-01
9.009255777180829039e-01
8.927135762692730570e-01
8.846941993538469662e-01
8.765891116926954885e-01
8.686800270964225579e-01
8.608253413846742585e-01
8.528841276428532625e-01
8.449603105262321057e-01
8.368045930175270763e-01
8.293201901492418537e-01
8.215857571271715232e-01
8.140998454836181342e-01
8.059455707073067687e-01
7.982164808633002151e-01
7.908366941783062654e-01
7.834261655000777091e-01
7.758784649793367683e-01
7.683042099826697946e-01
7.607925674377364889e-01
7.532543307796247811e-01
7.459647090694677685e-01
7.386812847316172048e-01
7.314722705706497852e-01
7.243342291683415590e-01
7.168808493982767871e-01
7.100931831806639449e-01
7.028137184836198426e-01
6.957748376099798238e-01
6.888158671908002351e-01
6.815708100501801647e-01
6.747499292395383597e-01
6.676010255239311908e-01
6.607773356064104986e-01
6.541400846362293020e-01
6.472198795808646876e-01
6.403189627687710939e-01
6.335104635822844665e-01
6.268306965184767821e-01
6.201837936147134300e-01
6.137638368059122884e-01
6.070530423400898323e-01
6.003254588558647464e-01
5.934813287090868750e-01
5.872396966314801237e-01
5.805981795754664443e-01
5.741791188160015880e-01
5.678612833655994896e-01
5.612976574144880049e-01
5.550168361383956972e-01
5.488019146093203737e-01
5.422792389041336536e-01
5.361940443298615078e-01
5.298657019754656750e-01
5.235985147517105975e-01
5.173700484854611981e-01
5.114539680900098695e-01
5.051465559557155593e-01
4.991471445803621898e-01
4.930598780740914622e-01
4.869968592373267735e-01
4.811284133760959092e-01
4.749500326518986681e-01
4.690973673499704288e-01
4.631271580497372531e-01
4.573471963785905037e-01
4.514376956047341793e-01
4.456377005124940727e-01
4.396000178777122458e-01
4.337900549430181996e-01
4.282741440814472611e-01
4.223618701996380009e-01
4.168312030765154996e-01
4.111388066756644921e-01
4.055636699394785105e-01
3.998709165995419368e-01
3.943286976596266924e-01
3.887630393199005829e-01
3.832213412714284284e-01
3.777702020047295495e-01
3.723489318364213152e-01
3.668658402910398575e-01
3.612282897342831145e-01
3.559051955544077495e-01
3.507105073333426359e-01
3.452102978233666519e-01
3.399916673231215825e-01
3.345430906609916377e-01
3.292503780891937182e-01
3.240884871374474230e-01
3.187014205997165117e-01
3.136256541832570521e-01
3.082154425307852552e-01
3.031516022465626792e-01
2.981697486285785903e-01
2.929041618146142612e-01
2.878435132881597136e-01
2.827965386402351289e-01
2.777101916129789960e-01
2.725635029335560788e-01
2.677289163906974023e-01
2.626499404809509164e-01
2.576886313246342097e-01
2.528149910007414514e-01
2.478523231862830856e-01
2.428516331352579549e-01
2.380318084069638906e-01
2.333077713397999076e-01
2.282961563410529082e-01
2.235174838013964105e-01
2.187447688870495788e-01
2.139762957135705190e-01
2.092027374937936446e-01
2.044827496822761992e-01
1.997913966023912857e-01
1.950744615411574012e-01
1.904823280985910583e-01
1.857697348082605615e-01
1.811078020058756177e-01
1.765310569100479732e-01
1.718723668282957640e-01
1.673880136767103288e-01
1.628712228626089664e-01
1.582127596071250253e-01
1.536209089817635876e-01
1.491433361789924472e-01
1.446333288140526918e-01
1.402598621518661159e-01
1.358055121590938386e-01
1.313013217882247619e-01
1.269203218252280829e-01
1.224975712138929862e-01
1.184438570940614388e-01
1.146794185679198969e-01
1.109791954487977378e-01
1.076031742131305924e-01
1.042961102841689774e-01
1.011608444297002057e-01
9.803453473238137039e-02
9.512593368029217955e-02
9.229199353416106533e-02
8.944511037563283862e-02
8.679797414796347477e-02
8.420541139549102272e-02
8.167364170200129558e-02
7.931924775305879138e-02
7.683544228154874645e-02
7.461541646204028488e-02
7.231724636984125654e-02
7.009711996425897762e-02
6.797670230382706069e-02
6.597654711590561494e-02
6.385024730091891365e-02
6.186420335756859928e-02
5.998685603275626804e-02
5.812840379594018392e-02
5.626511725459482083e-02
5.453986292545379838e-02
5.279230040008443814e-02
5.107180236712731414e-02
4.948341555579122142e-02
4.784575429630170268e-02
4.628550145739343535e-02
4.479722757704117375e-02
4.329636753211185685e-02
4.181058867339608465e-02
4.044257854073338848e-02
3.907250344027877326e-02
3.771618155390859400e-02
3.642114729699551939e-02
3.511462400833010450e-02
3.391164449085406346e-02
3.271585298706369133e-02
3.152326556099779853e-02
3.036744709650666257e-02
2.930626314495826321e-02
2.816919429293870958e-02
2.710836819335901704e-02
2.609222123996454007e-02
2.511134074642882436e-02
2.409700439508442177e-02
2.316791766166528821e-02
2.224886979537723727e-02
2.131721190838917895e-02
2.047095601784427316e-02
1.963201040960158364e-02
1.880208217380575225e-02
1.799298311342879819e-02
1.724576750038869788e-02
1.645960536554037790e-02
1.570368588907249466e-02
1.501251953896834759e-02
1.431262616226260109e-02
1.362657357134028531e-02
1.296980219460779592e-02
1.233483508375736448e-02
1.172448837739377935e-02
1.115052483415668490e-02
1.056719841671069186e-02
1.001183643402539167e-02
9.473362131211204157e-03
8.952058946201900402e-03
8.462508450540195959e-03
7.979512957755703975e-03
7.502989469517930450e-03
7.047957610748714283e-03
6.615166718724137945e-03
6.200802065520050373e-03
5.800182115397701892e-03
5.426944736606999740e-03
5.041461517292041353e-03
4.696486182307261018e-03
4.352967316484761262e-03
4.021628041879038613e-03
3.709320180688310993e-03
3.421288451944478129e-03
3.134992007877979592e-03
2.869904124717873126e-03
2.611771822824873052e-03
2.369379515024443248e-03
2.142982512612504834e-03
1.920669581994384175e-03
1.712265395889101807e-03
1.530395642625507211e-03
1.343019119516836949e-03
1.177255871128446169e-03
1.021450601108127602e-03
8.803959766489163246e-04
7.514190195518113654e-04
6.284826059881195789e-04
5.241893007867752530e-04
4.210550425919982196e-04
3.309388191621480207e-04
2.568352100588400765e-04
1.900476966702998368e-04
1.325333675264360694e-04
8.610465091122448435e-05
5.208902378415068333e-05
2.547358900112592982e-05
8.469040497327201609e-06
1.308232958575894464e-06
4.829020522273551924e-08
0.000000000000000000e+00
0.000000000000000000e+00
0.000000000000000000e+00
0.000000000000000000e+00
0.000000000000000000e+00
0.000000000000000000e+00
0.000000000000000000e+00
0.000000000000000000e+00
0.000000000000000000e+00
0.000000000000000000e+00
0.000000000000000000e+00
0.000000000000000000e+00
0.000000000000000000e+00
0.000000000000000000e+00
0.000000000000000000e+00
0.000000000000000000e+00
0.000000000000000000e+00
0.000000000000000000e+00
0.000000000000000000e+00
0.000000000000000000e+00
0.000000000000000000e+00
0.000000000000000000e+00
0.000000000000000000e+00
0.000000000000000000e+00
0.000000000000000000e+00
0.000000000000000000e+00
0.000000000000000000e+00
0.000000000000000000e+00
0.000000000000000000e+00
0.000000000000000000e+00
0.000000000000000000e+00
0.000000000000000000e+00
0.000000000000000000e+00
0.000000000000000000e+00
0.000000000000000000e+00
0.000000000000000000e+00
0.000000000000000000e+00
0.000000000000000000e+00
0.000000000000000000e+00
0.000000000000000000e+00
0.000000000000000000e+00
0.000000000000000000e+00
0.000000000000000000e+00
0.000000000000000000e+00
0.000000000000000000e+00
0.000000000000000000e+00
0.000000000000000000e+00
0.000000000000000000e+00
0.000000000000000000e+00
0.000000000000000000e+00
0.000000000000000000e+00
0.000000000000000000e+00
0.000000000000000000e+00
0.000000000000000000e+00
0.000000000000000000e+00
