0.000000000000000000e+00
0.000000000000000000e+00
0.000000000000000000e+00
0.000000000000000000e+00
0.000000000000000000e+00
0.000000000000000000e+00
0.000000000000000000e+00
0.000000000000000000e+00
0.000000000000000000e+00
0.000000000000000000e+00
0.000000000000000000e+00
0.000000000000000000e+00
0.000000000000000000e+00
0.000000000000000000e+00
0.000000000000000000e+00
0.000000000000000000e+00
0.000000000000000000e+00
0.000000000000000000e+00
0.000000000000000000e+00
0.000000000000000000e+00
0.000000000000000000e+00
0.000000000000000000e+00
0.000000000000000000e+00
0.000000000000000000e+00
0.000000000000000000e+00
0.000000000000000000e+00
2.915973592073771271e-05
1.805187706331549870e-03
2.824488759529027518e-02
1.893896313725879077e-01
7.299406123208755925e-01
1.525133459646452749e+00
2.048780347786440359e+00
2.108512637986524219e+00
1.905489595779605194e+00
1.638504817403354741e+00
1.415794837054031863e+00
1.258882435061138949e+00
1.158007515437136981e+00
1.089934270413795980e+00
1.013919268199580559e+00
9.487242074514110612e-01
9.152329453469424392e-01
9.026648300810359293e-01
9.092783081256180511e-01
9.215819130422088223e-01
9.398002244030770891e-01
9.515704664306608995e-01
9.577429943632896903e-01
9.664660938185237748e-01
9.722497087770581858e-01
9.777206609760386025e-01
9.836138041402824328e-01
9.878471068399878874e-01
9.890556252368560841e-01
9.834352566843225230e-01
9.801888901256320397e-01
9.725680367492892664e-01
9.659591579233388625e-01
9.598671222178930540e-01
9.538528148327916067e-01
9.506888529926801334e-01
9.504276000152241943e-01
9.575589022001329553e-01
9.653557901478535541e-01
9.776310201472846462e-01
9.875876122785667288e-01
9.995514456410476978e-01
1.009535203196046504e+00
1.017714932350268331e+00
1.025131335457157400e+00
1.029876828847234194e+00
1.034115117576053233e+00
1.034250344676195921e+00
1.034292306130717876e+00
1.030714755740442579e+00
1.029512500388668483e+00
1.024035347790944961e+00
1.018693576520089072e+00
1.013166302606394842e+00
1.007495914425749817e+00
1.001914729980700081e+00
9.973059283675671516e-01
9.919795522718426461e-01
9.892354848568772896e-01
9.855352183634501495e-01
9.855885513971476275e-01
9.861773513315306161e-01
9.858251701445812643e-01
9.884766139975740273e-01
9.905465759715108565e-01
9.925492964617222968e-01
9.948044059496859992e-01
9.961363917036273330e-01
9.980540744866168712e-01
1.000641231162479494e+00
1.000469520201429763e+00
1.001898554661843743e+00
1.001274349980041389e+00
1.001810067243358082e+00
1.004166448315711557e+00
1.003960146027000233e+00
1.005373790806014966e+00
1.004797921104295000e+00
1.004621538351596399e+00
1.004325540189583199e+00
1.004430122844868656e+00
1.004169167667783080e+00
1.002191600303938390e+00
1.004067127771679502e+00
1.002702757252785126e+00
1.001351057606176820e+00
1.002141489177651001e+00
1.001252759083542720e+00
1.001402974592246142e+00
9.999655754291432164e-01
1.000373267988986958e+00
1.000138707198089172e+00
1.000290942107185943e+00
9.999567075168180885e-01
9.991137534377521057e-01
9.990471380345135044e-01
9.989646236913876098e-01
9.998006548841107399e-01
9.995700341500208808e-01
9.994997722061615963e-01
9.993349508491570221e-01
1.000494792483390682e+00
1.000124023803604434e+00
9.999176725244051100e-01
1.000646790584733159e+00
1.000828782003740036e+00
1.000974713760425017e+00
1.000995359331199319e+00
1.001304356315891653e+00
1.001690986171047903e+00
1.001191269687424779e+00
1.001684023298065940e+00
1.001136301979467902e+00
1.001600504389209556e+00
1.001196736974907298e+00
1.001782038293876909e+00
1.002379267110262928e+00
1.001301351264729966e+00
1.001685276753848219e+00
1.001172607300390593e+00
1.000798902317312722e+00
1.000779567979861229e+00
1.000802635233079663e+00
1.000431318259861424e+00
1.000621623128250759e+00
1.001039924323343433e+00
9.997862598805534740e-01
1.000806397415193727e+00
1.000025539689015641e+00
1.000165531829310783e+00
1.000571629527908346e+00
9.996286097140609783e-01
1.000561285917098697e+00
1.000220628138707823e+00
1.000597948946192028e+00
1.000302580685811904e+00
1.000817521488558182e+00
1.000041508838116044e+00
1.000757156992625019e+00
1.000200419726182677e+00
1.000819884415811600e+00
1.001151954822712353e+00
1.000439703536989855e+00
1.000453403882228809e+00
1.000483785608289988e+00
1.000588405201281672e+00
1.000923553332709215e+00
1.001033595535012033e+00
1.000802655673932007e+00
1.000486917472729331e+00
1.000300985910492102e+00
1.000489287952571527e+00
1.000277214705916462e+00
1.000075126782671298e+00
1.000391056553656677e+00
1.000084365981516177e+00
9.995177025564220274e-01
1.000384441671284597e+00
9.996963002572449852e-01
1.000097413590251838e+00
9.998587761153964193e-01
1.000152897271716190e+00
1.000293544117247357e+00
1.000072409929715800e+00
1.000164962794289236e+00
1.000441182244192539e+00
1.000006008366921773e+00
1.000345091813077403e+00
1.000431446965335480e+00
9.998206002979925788e-01
9.998562285766730007e-01
1.000690611109011474e+00
9.998800786547615838e-01
1.000257648572140612e+00
1.000215914353312918e+00
9.998214977786407109e-01
1.000255746128402512e+00
1.000220339273812264e+00
1.000525556485114320e+00
1.000062490606361321e+00
1.000127124990264349e+00
1.000355569569940206e+00
9.996489809798891901e-01
1.000673757545406772e+00
1.000576801087065704e+00
1.000063953712610809e+00
1.000283192978567159e+00
1.000285146052968477e+00
9.999783680842272426e-01
1.000492805916227246e+00
1.000213188463115577e+00
1.000503934066149903e+00
1.000273389498298693e+00
1.000431705184144704e+00
1.000102183724363769e+00
9.998993610340008997e-01
9.999952690960806079e-01
1.000388285422403767e+00
1.000715534597859113e+00
1.000632890247522777e+00
1.000106570965345609e+00
1.000361602514020731e+00
1.000287402993389030e+00
1.000105287255475650e+00
1.000703799734712129e+00
9.996208244238541374e-01
9.997052523434430960e-01
9.998005249794237326e-01
1.000163206342092437e+00
9.999561217994632489e-01
1.000025681034651059e+00
1.000424900157603769e+00
1.000054697948844717e+00
1.000772540936893940e+00
1.000200021934863237e+00
9.997977693672011057e-01
1.000072127703685476e+00
1.000200497748528372e+00
1.000011880033986555e+00
9.998942292588328673e-01
1.000081774128269485e+00
1.000040237727820802e+00
1.000158835137161306e+00
9.999037212417789533e-01
1.000044152350426874e+00
1.000249167250556015e+00
9.999527292454630789e-01
1.000174579220417082e+00
9.997588308993493600e-01
9.997811004574959082e-01
9.999389594801790793e-01
9.997808804400775129e-01
1.000412804617028195e+00
9.999008849322004178e-01
1.000361184832762262e+00
1.000240489686624601e+00
9.998579947200665341e-01
1.000242291318368171e+00
9.999469664281044334e-01
1.000529714864488717e+00
9.998492841184671853e-01
1.000278791380169396e+00
1.000155968089173397e+00
1.000103150134110441e+00
9.996081797693190385e-01
1.000229929082425029e+00
1.000099991821542522e+00
9.997816664781163931e-01
1.000096814649332533e+00
9.999657892536996107e-01
1.000121320400319203e+00
1.000113274013665787e+00
1.000141736465381292e+00
9.996965534437709522e-01
1.000209854268270471e+00
1.000518345631649986e+00
9.999126298133820256e-01
9.998239975156977266e-01
1.000120957393016763e+00
1.000075205052687988e+00
1.000187568336873722e+00
1.000497868684300462e+00
1.000122008618589797e+00
1.000135904494059202e+00
1.000239724040115519e+00
1.000030926254262820e+00
1.000172744368298616e+00
1.000210879996132229e+00
1.000456136064889812e+00
1.000327936750484481e+00
1.000169035961626207e+00
1.000133860566647215e+00
1.000419253666204211e+00
1.000327927677410411e+00
1.000220344860468513e+00
1.000101978464839947e+00
1.000267319371525687e+00
1.000453755825751356e+00
1.000137308345933729e+00
1.000028880649374674e+00
1.000341269270692779e+00
1.000000088320340152e+00
1.000040792823365443e+00
1.000239256534687593e+00
9.998946209868369017e-01
1.000271062536417954e+00
9.999304754401219242e-01
1.000185877507666188e+00
1.000302729523984135e+00
1.000062814585138460e+00
1.000080833255162727e+00
1.000228343917402007e+00
1.000171984033885852e+00
1.000224262308319290e+00
1.000427312956514880e+00
9.999607461425407129e-01
1.000035085817190916e+00
1.000032972413074983e+00
1.000066186167096971e+00
1.000013073245647810e+00
9.998081998069059395e-01
1.000104633399718557e+00
1.000410310285824833e+00
1.000138337184881321e+00
1.000399998497351062e+00
9.998773043283970541e-01
1.000560212206973221e+00
9.999982684361014007e-01
1.000142128621573034e+00
9.999207810569742394e-01
9.999507805981802111e-01
9.998641604512511494e-01
1.000047590681813370e+00
1.000206923093706290e+00
1.000226813250661095e+00
1.000084733651387392e+00
9.995718620862061865e-01
9.937683983802805265e-01
9.849374820242802198e-01
9.765533526818137577e-01
9.676568221597969810e-01
9.593218402371094244e-01
9.508310812954505753e-01
9.424703296964977994e-01
9.339994163763269963e-01
9.253861473284515915e-01
9.176395462056001762e-01
9.090094879121959348e-01
9.010139462042726644e-01
8.926935945409686379e-01
8.847871142410538292e-01
8.764222558508132366e-01
8.686880703118662339e-01
8.605873930595172583e-01
8.526860218953037363e-01
8.450031221223903710e-01
8.366961839055553352e-01
8.291023157103274421e-01
8.211767265808693761e-01
8.135596673585400174e-01
8.059346255700201578e-01
7.984195144363189778e-01
7.905169955831019557e-01
7.830040179980772841e-01
7.755818099560215506e-01
7.683596373193020135e-01
7.608222982292917047e-01
7.532575662886038526e-01
7.461686450052567032e-01
7.387247381342635366e-01
7.315905110270037870e-01
7.241022988283585260e-01
7.167605519961558480e-01
7.098741452655774609e-01
7.026635867832353721e-01
6.955882657758182264e-01
6.885518966683957798e-01
6.815605882038249241e-01
6.743843847286213888e-01
6.676248555167129117e-01
6.608852853876450162e-01
6.538281836736354879e-01
6.470663990426546164e-01
6.401173415679225487e-01
6.335266218010897621e-01
6.266958770013889568e-01
6.200029813704426296e-01
6.131466136860900251e-01
6.069424963325698030e-01
6.002772402021951947e-01
5.936180955108641966e-01
5.872206494866676341e-01
5.806392357791581027e-01
5.743164988162726692e-01
5.676909607532577562e-01
5.614059015140190345e-01
5.549280661008793025e-01
5.486949164226495590e-01
5.422531733942325127e-01
5.360178690343281316e-01
5.297041310057265528e-01
5.236880785659426829e-01
5.172853739939551332e-01
5.113296812932511815e-01
5.053137974233783414e-01
4.990767440352353868e-01
4.931098217758295710e-01
4.870010326801832434e-01
4.809613361824902067e-01
4.750833275106868259e-01
4.691842598746729376e-01
4.631532540876085458e-01
4.572718510731120234e-01
4.514244007121648861e-01
4.455414723843478253e-01
4.399351231706187249e-01
4.339134448763167784e-01
4.282685142998186589e-01
4.227629684014099221e-01
4.170462350965052911e-01
4.111836678508222764e-01
4.056091576555639899e-01
4.000077676997548792e-01
3.945931753208076764e-01
3.888697978193205729e-01
3.831592081915420334e-01
3.777853788074289620e-01
3.722492650294371708e-01
3.669632737872149941e-01
3.615298068206813098e-01
3.562300393713676572e-01
3.506306140666220483e-01
3.453563326921946786e-01
3.400491471301109736e-01
3.346997117966475366e-01
3.293379546232997890e-01
3.241619906474644819e-01
3.187758075634027355e-01
3.136464700833777597e-01
3.084134643585581537e-01
3.033727684087511589e-01
2.981874271267611620e-01
2.929967842010119394e-01
2.879541181462541011e-01
2.827727765808382143e-01
2.779088802637967315e-01
2.727372817754329382e-01
2.676172254395569605e-01
2.627732678245149889e-01
2.577123351724451283e-01
2.528482398565232159e-01
2.478723219359940111e-01
2.430328980566427710e-01
2.381183643680200024e-01
2.333189464887956144e-01
2.284902535379627897e-01
2.236332463083154087e-01
2.188019215178647059e-01
2.139969845824085948e-01
2.093652745680650296e-01
2.046184552422429803e-01
1.998856622293305185e-01
1.951709823929980436e-01
1.905060880372986820e-01
1.858332528317728216e-01
1.810758278198185411e-01
1.765290906075098198e-01
1.718769432294989241e-01
1.672882062186889229e-01
1.627914002456225528e-01
1.583206222159847520e-01
1.536888202122494995e-01
1.492506068045780232e-01
1.447821270302949992e-01
1.403269392368687030e-01
1.357944646803432021e-01
1.313810412103633418e-01
1.269956884013271337e-01
1.226246052417337834e-01
1.184754274300372362e-01
1.145787156532375450e-01
1.110986055210510109e-01
1.076275648309724248e-01
1.043215409146567435e-01
1.010936223646044935e-01
9.807646306616156495e-02
9.510487469823995788e-02
9.222481065628246322e-02
8.947831080969098627e-02
8.680297927071646547e-02
8.420604078164425910e-02
8.169133215589338692e-02
7.926596264108470846e-02
7.683597478760523236e-02
7.459775041533478479e-02
7.226201448118629855e-02
7.004017030514861353e-02
6.794874375112359977e-02
6.588353814267462749e-02
6.385381574014445394e-02
6.190700997730239075e-02
5.993045554853177609e-02
5.808051334954555250e-02
5.628893030760218075e-02
5.448866013096859834e-02
5.277898382087686108e-02
5.110289898908947082e-02
4.943192341965068487e-02
4.777092259578615691e-02
4.627004785691974514e-02
4.477102294044072589e-02
4.326886383404014019e-02
4.183604735600394975e-02
4.041421012216041969e-02
3.904255351901611548e-02
3.769588261390812572e-02
3.640719802186179882e-02
3.512222177675598106e-02
3.385792547999390972e-02
3.268326956138476597e-02
3.153116236907066439e-02
3.035015919232540368e-02
2.920704262931901954e-02
2.817327386931898006e-02
2.707967504044659843e-02
2.608429767259894463e-02
2.508340343318682733e-02
2.408677715616674292e-02
2.313071265071387286e-02
2.221034880339567072e-02
2.133836305156893570e-02
2.045362614459207001e-02
1.958878533244734835e-02
1.877937042135486775e-02
1.797124929975481289e-02
1.719875259053706140e-02
1.643779720463688782e-02
1.567945494322024041e-02
1.498804578146107312e-02
1.428082324999163481e-02
1.363141523823577575e-02
1.297125699222077128e-02
1.233852029032097425e-02
1.171140720060550450e-02
1.112793854651770477e-02
1.057171654252545001e-02
9.982701602689512954e-03
9.467437438000374239e-03
8.929634070658077141e-03
8.447228472844301242e-03
7.974743289978776517e-03
7.498144867148709598e-03
7.037402369474497765e-03
6.623507020286937760e-03
6.198252426547523446e-03
5.794473683183127763e-03
5.416135625136308911e-03
5.037187222018909595e-03
4.682417625571809981e-03
4.348834522394780418e-03
4.016533234090067725e-03
3.717132313156471836e-03
3.400537038623678392e-03
3.130226328954129836e-03
2.862522428241125010e-03
2.594832099756215916e-03
2.353112205428920922e-03
2.130475073208756929e-03
1.912226792606477139e-03
1.721111968383181581e-03
1.523299802922750299e-03
1.345903111159465169e-03
1.183349068235252724e-03
1.019001140360726579e-03
8.767753053700798023e-04
7.460492911170278759e-04
6.298760566592107686e-04
5.191859477144372247e-04
4.169620140895293988e-04
3.297308533874681430e-04
2.548106561834195664e-04
1.872909594164953099e-04
1.329420382025511371e-04
8.764331322343762564e-05
5.169539723600171386e-05
2.465308412168173004e-05
8.818730924095131857e-06
1.153137323486257466e-06
2.897297231844637933e-08
0.000000000000000000e+00
0.000000000000000000e+00
0.000000000000000000e+00
0.000000000000000000e+00
0.000000000000000000e+00
0.000000000000000000e+00
0.000000000000000000e+00
0.000000000000000000e+00
0.000000000000000000e+00
0.000000000000000000e+00
0.000000000000000000e+00
0.000000000000000000e+00
0.000000000000000000e+00
0.000000000000000000e+00
0.000000000000000000e+00
0.000000000000000000e+00
0.000000000000000000e+00
0.000000000000000000e+00
0.000000000000000000e+00
0.000000000000000000e+00
0.000000000000000000e+00
0.000000000000000000e+00
0.000000000000000000e+00
0.000000000000000000e+00
0.000000000000000000e+00
0.000000000000000000e+00
0.000000000000000000e+00
0.000000000000000000e+00
0.000000000000000000e+00
0.000000000000000000e+00
0.000000000000000000e+00
0.000000000000000000e+00
0.000000000000000000e+00
0.000000000000000000e+00
0.000000000000000000e+00
0.000000000000000000e+00
0.000000000000000000e+00
0.000000000000000000e+00
0.000000000000000000e+00
0.000000000000000000e+00
0.000000000000000000e+00
0.000000000000000000e+00
0.000000000000000000e+00
0.000000000000000000e+00
0.000000000000000000e+00
0.000000000000000000e+00
0.000000000000000000e+00
0.000000000000000000e+00
0.000000000000000000e+00
0.000000000000000000e+00
0.000000000000000000e+00
0.000000000000000000e+00
0.000000000000000000e+00
0.000000000000000000e+00
0.000000000000000000e+00
