0.000000000000000000e+00
0.000000000000000000e+00
0.000000000000000000e+00
0.000000000000000000e+00
0.000000000000000000e+00
0.000000000000000000e+00
0.000000000000000000e+00
0.000000000000000000e+00
0.000000000000000000e+00
0.000000000000000000e+00
0.000000000000000000e+00
0.000000000000000000e+00
0.000000000000000000e+00
0.000000000000000000e+00
0.000000000000000000e+00
0.000000000000000000e+00
0.000000000000000000e+00
0.000000000000000000e+00
0.000000000000000000e+00
0.000000000000000000e+00
0.000000000000000000e+00
0.000000000000000000e+00
0.000000000000000000e+00
0.000000000000000000e+00
0.000000000000000000e+00
0.000000000000000000e+00
1.458124133718326295e-05
1.859518481702274531e-03
2.704990591944404776e-02
1.911410883463543209e-01
7.290847180243454906e-01
1.530168807980240686e+00
2.052521616298444762e+00
2.114411113910693807e+00
1.911857785914705898e+00
1.649276534596743726e+00
1.421285644676862692e+00
1.265401878561317028e+00
1.164854812695502062e+00
1.095322560318368721e+00
1.016932421002307185e+00
9.530867235990903019e-01
9.163302068355593244e-01
9.063414762582862050e-01
9.126046386823124523e-01
9.231592666901780042e-01
9.408454301532485076e-01
9.551095374792040182e-01
9.636523939400558625e-01
9.681717684240441768e-01
9.769189742469290838e-01
9.824370552634290599e-01
9.870453671154640896e-01
9.906414072689246897e-01
9.910519351830407997e-01
9.869633183764078277e-01
9.825267958883615593e-01
9.765685129816590315e-01
9.686525136985764117e-01
9.625483753008844401e-01
9.579360622896727628e-01
9.564462289913047144e-01
9.554405153000277151e-01
9.621426660166232381e-01
9.683973082191013049e-01
9.781575381774293421e-01
9.889643214146542904e-01
1.001105052760435932e+00
1.013085880771340985e+00
1.018969090685456491e+00
1.027866589530702202e+00
1.031366045684785071e+00
1.035860786099055408e+00
1.033837839951540660e+00
1.033713198346042583e+00
1.032956318817057850e+00
1.029353994416366325e+00
1.023707828099739370e+00
1.019619906713066237e+00
1.014110241341257934e+00
1.008958306390184356e+00
1.003518491353818654e+00
9.973773022061005467e-01
9.944519433864711377e-01
9.903780471352152670e-01
9.883546299504409882e-01
9.881440954548111888e-01
9.853094240159188111e-01
9.870577487910603409e-01
9.896730364215209352e-01
9.912317208895495835e-01
9.943984660748920179e-01
9.963391551091653753e-01
9.972977732011946150e-01
9.992126575654352028e-01
1.000367563330819998e+00
1.001923372770074483e+00
1.001634199238895739e+00
1.002483987083767625e+00
1.003579126019010559e+00
1.003024735726591787e+00
1.005383742195364638e+00
1.004530473719323913e+00
1.005605738964028051e+00
1.004816513151414403e+00
1.004727453998238262e+00
1.004948493832054979e+00
1.004291228496419830e+00
1.003691491058457563e+00
1.004557153972937877e+00
1.003502002072337529e+00
1.002460492186248331e+00
1.002427926329143570e+00
1.001920237363701283e+00
1.001509541265486636e+00
1.000294418234557892e+00
1.000162916599541596e+00
1.000318465925810196e+00
9.990777977241949159e-01
1.000288988238505317e+00
9.994149837973257400e-01
9.998437498560776016e-01
9.989861570505713662e-01
9.976699338528510763e-01
9.992294574155553555e-01
1.000206628515005969e+00
9.997447997871184988e-01
9.987974205326866084e-01
9.994589049952770088e-01
9.998418958562131920e-01
9.993842418838373431e-01
1.000555089898492289e+00
1.000644542689330452e+00
1.000912286916053162e+00
1.001001652953982690e+00
1.001264940365013789e+00
1.001531080153939657e+00
1.001082700796315450e+00
1.002323083869877784e+00
1.001093880817386816e+00
1.001211154364083589e+00
1.000693705850929982e+00
1.000524322772888386e+00
1.001274988684601741e+00
1.000761608422017002e+00
1.000867347074052338e+00
1.001045546340376458e+00
1.000402188252350832e+00
1.000490411238227795e+00
1.000422919192051729e+00
1.000596214776320103e+00
1.000431930400471403e+00
1.000063034391233341e+00
1.000763327157396132e+00
1.000479545117269220e+00
9.997573065040503693e-01
9.995839083489431731e-01
1.000425139358986248e+00
1.000807042135306357e+00
1.000562411200527357e+00
1.000887131631999605e+00
1.000351390956580211e+00
1.000216951962174861e+00
1.000363903535412158e+00
1.001050361884174622e+00
1.000111306099077169e+00
1.000579842890253257e+00
1.000063743669259209e+00
1.000102674165342265e+00
1.000185847888722446e+00
1.000643552019807148e+00
1.000663855506962019e+00
1.000909197789754845e+00
1.001537380210288486e+00
1.001047148598866121e+00
1.001000987821168753e+00
1.000481887767735278e+00
1.001183775662083164e+00
1.000360831062386602e+00
1.000799606208997883e+00
1.000581160044041962e+00
9.999724617251350978e-01
1.000411905977858007e+00
1.000130137440659706e+00
1.000225591774166478e+00
1.000751128137219226e+00
1.000465362418579307e+00
1.000290899934689781e+00
9.997168079479772373e-01
1.000448656095244804e+00
1.000715952145062371e+00
1.000486085741491671e+00
1.000460579291599261e+00
1.000624396922516812e+00
1.000730969655339031e+00
1.000552843102183509e+00
1.001180517656937496e+00
1.000179883294229466e+00
1.000501006412368721e+00
1.000496132916906200e+00
1.000389357628514997e+00
1.000833942066246429e+00
1.000164993458466212e+00
1.000400861335497993e+00
9.998418244482093487e-01
1.000204142619936176e+00
1.000417142473247534e+00
1.000355611781862608e+00
1.000533255304873359e+00
1.000525744426118857e+00
1.000675135288759288e+00
1.000609162668757879e+00
1.000710567281948071e+00
1.000427298880625981e+00
1.000520464137749643e+00
1.000864680273499951e+00
1.000529167398759745e+00
1.000640969278987269e+00
1.000463924061686383e+00
1.000579931197035810e+00
1.000357100692556234e+00
1.000716805636848505e+00
1.000786722348713909e+00
1.000388212681326605e+00
1.000668242427717569e+00
1.000122028375842076e+00
1.000417097648943709e+00
1.000593746957042951e+00
9.999923556785766943e-01
1.000255037215785681e+00
1.000265172279085180e+00
1.000133533552894027e+00
1.000432810892924129e+00
1.001199740975940333e+00
1.000641798807822003e+00
1.001042144843183879e+00
1.000115669078350145e+00
1.000414016220104729e+00
1.000152500623376461e+00
1.000205274634002439e+00
1.000138606656366003e+00
1.000676722970240462e+00
1.000231345824327045e+00
1.000287747109544600e+00
1.000844361387242420e+00
1.000413829026276291e+00
9.999924945984034474e-01
1.000987729866610554e+00
1.000056252304973414e+00
1.000586366378893866e+00
1.000641337541641418e+00
1.000651061668464070e+00
1.000277633321744242e+00
1.000147518949533909e+00
1.000443285446296571e+00
1.000314057700723902e+00
1.000566164410147119e+00
9.998183226323588135e-01
1.000212534260118913e+00
1.000380586679606054e+00
1.000442990617684380e+00
1.000806401076165475e+00
9.998059851323365388e-01
1.000013596166528407e+00
1.000235894287613503e+00
1.000097706080676385e+00
1.000449486461171933e+00
1.000262719320704763e+00
1.000258465966880062e+00
1.000413744957628026e+00
1.000234232852789118e+00
1.000458076543326635e+00
9.998952952303715724e-01
1.000237731025520160e+00
9.999823075347493706e-01
1.000145030876708807e+00
1.000027148399730725e+00
1.000156369887963859e+00
1.000634030158592314e+00
1.000285722198569482e+00
9.997557142649422524e-01
1.000151997312271224e+00
1.000085436862622856e+00
1.000199771781751457e+00
1.000048913091627911e+00
1.000323233172379700e+00
1.000220107965965166e+00
1.000199853703681585e+00
1.000466479911719775e+00
1.000179404708694930e+00
1.000413266832358206e+00
1.000418070657790537e+00
1.000148815855836482e+00
9.998776712716198611e-01
1.000350549513573162e+00
1.000010708582425023e+00
1.000425480166445391e+00
1.000195401741009738e+00
1.000130874507349166e+00
1.000012026482546723e+00
1.000416290494822613e+00
9.999461212479076044e-01
1.000211351994594766e+00
1.000157944856298498e+00
1.000013638507973646e+00
1.000545676833546116e+00
1.000149776358524090e+00
9.998986869006682987e-01
1.000224914255310127e+00
1.000070264800185127e+00
1.000106855827483265e+00
1.000241238979658664e+00
1.000078986605840159e+00
1.000140500278974942e+00
1.000174177446978341e+00
1.000530684108908996e+00
1.000020700307439281e+00
1.000008988475431959e+00
1.000220431739629268e+00
9.999361200685903395e-01
1.000112427434786788e+00
1.000140971620607111e+00
9.999765352481498892e-01
1.000219418200169796e+00
1.000107936803636743e+00
1.000015929955705873e+00
1.000370605684311354e+00
1.000120132263832229e+00
1.000298644133580162e+00
1.000170009564171680e+00
9.999995814963633656e-01
1.000271002964182809e+00
1.000320652214949257e+00
1.000120670971363035e+00
9.997401755247887767e-01
1.000225531574925997e+00
9.998539906457504234e-01
1.000195876774584658e+00
1.000131245609752639e+00
9.999054306621830701e-01
1.000250073792400496e+00
9.999049636090014959e-01
9.997742419677928538e-01
9.940829249316573968e-01
9.850748142319226686e-01
9.766041612304273700e-01
9.680450314626442010e-01
9.594186788223585394e-01
9.511437298251507189e-01
9.424995541502336760e-01
9.341426087080207941e-01
9.259351901615067160e-01
9.173156283572421188e-01
9.092676222924490625e-01
9.010930873565876631e-01
8.929708914811351761e-01
8.851417925490571159e-01
8.766313611593071764e-01
8.688923423204381047e-01
8.603670319745195805e-01
8.528232096154730879e-01
8.448747908337496115e-01
8.368514762694052589e-01
8.294846467174509241e-01
8.213685170959981185e-01
8.137398171773524425e-01
8.058764083961611480e-01
7.984581239177419576e-01
7.907855298244580444e-01
7.831434566290705890e-01
7.753691594965618217e-01
7.681668632469406122e-01
7.610603952109054049e-01
7.532498250198969014e-01
7.461606070132745794e-01
7.388502973616545288e-01
7.314736104670398475e-01
7.242576524606951782e-01
7.171526035948510014e-01
7.100476977320866467e-01
7.028929587739276563e-01
6.956638734186869621e-01
6.885563959665836897e-01
6.815459891887414301e-01
6.746586056596073355e-01
6.677881929556978013e-01
6.609778627826556896e-01
6.540947859945490661e-01
6.471714763125558934e-01
6.404574832110061511e-01
6.335089547552147371e-01
6.265551774197805068e-01
6.201102427744117351e-01
6.130932370092428974e-01
6.067530618879294346e-01
6.002511826525466221e-01
5.936454157475239413e-01
5.871152055153752158e-01
5.807217890772131685e-01
5.739935376369512676e-01
5.678273924319751087e-01
5.614741579709421337e-01
5.549973638893054284e-01
5.486305093357600748e-01
5.425787271082076479e-01
5.361009954628481733e-01
5.298958468702165137e-01
5.236169850250852464e-01
5.173464359114096078e-01
5.113400240636228888e-01
5.050533578821714276e-01
4.992025987015109023e-01
4.932273699151362156e-01
4.870654938585231575e-01
4.809001852450035530e-01
4.749432598858055465e-01
4.691862850543188634e-01
4.634109748916508953e-01
4.572369232010272122e-01
4.514528018478010662e-01
4.456833283705175508e-01
4.397317369573310319e-01
4.339437238219804871e-01
4.281983115851281663e-01
4.225236773309463123e-01
4.169381897136087978e-01
4.110981484762088467e-01
4.054571793348538122e-01
3.999289527445521464e-01
3.944430922486838464e-01
3.887244835624371619e-01
3.833338314678714775e-01
3.776406080204327553e-01
3.722096529329467218e-01
3.669786921404271651e-01
3.613696742973546705e-01
3.559978787519453847e-01
3.506142230284046146e-01
3.452569577250769184e-01
3.398496509336216276e-01
3.345212744221683354e-01
3.293407466123067229e-01
3.241250049131570443e-01
3.187688686915695624e-01
3.135369160142183476e-01
3.083153929197456344e-01
3.032216419307607325e-01
2.981149081320075278e-01
2.928927273862335090e-01
2.878792814677588185e-01
2.827909019347674691e-01
2.777314988173524846e-01
2.728192563205637522e-01
2.674881701790387534e-01
2.626014521326430207e-01
2.576774137052317282e-01
2.527238439811554382e-01
2.477724053557440465e-01
2.430517963811714421e-01
2.380371277592140400e-01
2.332357275497750904e-01
2.283685044033306744e-01
2.234930987742905217e-01
2.187656625663621235e-01
2.139652640405074469e-01
2.092637886963593929e-01
2.044417797486282884e-01
1.997378829818876322e-01
1.951064881816055863e-01
1.904781009987105145e-01
1.856525432376799345e-01
1.810986888142682716e-01
1.765941736777033033e-01
1.719402569333207953e-01
1.673108627417908834e-01
1.627531221816247153e-01
1.582419604456578865e-01
1.536691618484367916e-01
1.492353841897126054e-01
1.447220496135535883e-01
1.402444376752766952e-01
1.359250033628965904e-01
1.314451184901149761e-01
1.269471679625228666e-01
1.226876498617374689e-01
1.184523657319578593e-01
1.146519450603558782e-01
1.110962438455687512e-01
1.076461858552730383e-01
1.043486772783654010e-01
1.011071462338851978e-01
9.812425060596868809e-02
9.511767535381913941e-02
9.227111843860094642e-02
8.949981985046440158e-02
8.686478223981849989e-02
8.424979673919749668e-02
8.173112142015481751e-02
7.926562672962457479e-02
7.691140291986733879e-02
7.456471316990515019e-02
7.234487061501058969e-02
7.014102226333097934e-02
6.794816925706742561e-02
6.587987291744699936e-02
6.386986317646184408e-02
6.194574791216737181e-02
5.997932183300715842e-02
5.812691005213178885e-02
5.624911466005393101e-02
5.452576647156961304e-02
5.281226836378534462e-02
5.110649104103325707e-02
4.947206472523178050e-02
4.785399609172567847e-02
4.631606507434189030e-02
4.477422933974799929e-02
4.325272345307550059e-02
4.187442384880494389e-02
4.040243383450951159e-02
3.906446358616545711e-02
3.774439417448297723e-02
3.641938015913110532e-02
3.514009138965126788e-02
3.392323261473970120e-02
3.272835257624005095e-02
3.153045044372293493e-02
3.034654061032925065e-02
2.924832839711312416e-02
2.815894297034957083e-02
2.714013245473124308e-02
2.607836845037645249e-02
2.508916110385038187e-02
2.410947105957083128e-02
2.315390926852753384e-02
2.223471356333450721e-02
2.134336172366544174e-02
2.046127160947490073e-02
1.961775289214575529e-02
1.876421550189953658e-02
1.798248869720110374e-02
1.718458640089984626e-02
1.644687328047206645e-02
1.571733411665422395e-02
1.501207081219447202e-02
1.427085738468826352e-02
1.365459864152649729e-02
1.297160196563023997e-02
1.234840802243683013e-02
1.174560090838916437e-02
1.113007939358487408e-02
1.057980556832314491e-02
9.991391644471369141e-03
9.468942075653208681e-03
8.939634618379006109e-03
8.439716332892425316e-03
7.978801280627145429e-03
7.514633945799721257e-03
7.041326536924373547e-03
6.616312218417274779e-03
6.210919148145127751e-03
5.800941992368891485e-03
5.417962035933563542e-03
5.041693145532120945e-03
4.701905417694182340e-03
4.348731788355640962e-03
4.023059728173149219e-03
3.710264207220105668e-03
3.409560632902471598e-03
3.130321208083066114e-03
2.870133878920350535e-03
2.611036160588424242e-03
2.366571513740059647e-03
2.128101800347748009e-03
1.924094234386604634e-03
1.716636011211094669e-03
1.525857006018425596e-03
1.342457673648390784e-03
1.177952415211045573e-03
1.025928040864018285e-03
8.800286032153528150e-04
7.537818595679381204e-04
6.271284771949062198e-04
5.230447947478147203e-04
4.244252604525490980e-04
3.326397120118575928e-04
2.565018660785431002e-04
1.911855207772596881e-04
1.337627953291625250e-04
8.726846783429981550e-05
5.109329526745734181e-05
2.535789518712101595e-05
8.381986898208421854e-06
1.192010514915573797e-06
5.795140295908535727e-08
0.000000000000000000e+00
0.000000000000000000e+00
0.000000000000000000e+00
0.000000000000000000e+00
0.000000000000000000e+00
0.000000000000000000e+00
0.000000000000000000e+00
0.000000000000000000e+00
0.000000000000000000e+00
0.000000000000000000e+00
0.000000000000000000e+00
0.000000000000000000e+00
0.000000000000000000e+00
0.000000000000000000e+00
0.000000000000000000e+00
0.000000000000000000e+00
0.000000000000000000e+00
0.000000000000000000e+00
0.000000000000000000e+00
0.000000000000000000e+00
0.000000000000000000e+00
0.000000000000000000e+00
0.000000000000000000e+00
0.000000000000000000e+00
0.000000000000000000e+00
0.000000000000000000e+00
0.000000000000000000e+00
0.000000000000000000e+00
0.000000000000000000e+00
0.000000000000000000e+00
0.000000000000000000e+00
0.000000000000000000e+00
0.000000000000000000e+00
0.000000000000000000e+00
0.000000000000000000e+00
0.000000000000000000e+00
0.000000000000000000e+00
0.000000000000000000e+00
0.000000000000000000e+00
0.000000000000000000e+00
0.000000000000000000e+00
0.000000000000000000e+00
0.000000000000000000e+00
0.000000000000000000e+00
0.000000000000000000e+00
0.000000000000000000e+00
0.000000000000000000e+00
0.000000000000000000e+00
0.000000000000000000e+00
0.000000000000000000e+00
0.000000000000000000e+00
0.000000000000000000e+00
0.000000000000000000e+00
0.000000000000000000e+00
0.000000000000000000e+00
