0.000000000000000000e+00
0.000000000000000000e+00
0.000000000000000000e+00
0.000000000000000000e+00
0.000000000000000000e+00
0.000000000000000000e+00
0.000000000000000000e+00
0.000000000000000000e+00
0.000000000000000000e+00
0.000000000000000000e+00
0.000000000000000000e+00
0.000000000000000000e+00
0.000000000000000000e+00
0.000000000000000000e+00
0.000000000000000000e+00
0.000000000000000000e+00
0.000000000000000000e+00
0.000000000000000000e+00
0.000000000000000000e+00
0.000000000000000000e+00
0.000000000000000000e+00
0.000000000000000000e+00
0.000000000000000000e+00
0.000000000000000000e+00
0.000000000000000000e+00
0.000000000000000000e+00
9.720068043904056608e-06
2.080512237303037970e-03
2.745117725614473758e-02
1.911222320785190831e-01
7.299890224915852599e-01
1.529860066368829541e+00
2.052067196074433220e+00
2.110158388318554845e+00
1.906328846452761683e+00
1.642945659532776936e+00
1.422678457184353817e+00
1.258822553111957898e+00
1.160303476205649886e+00
1.093025330045990007e+00
1.015727200349023640e+00
9.475305274159452340e-01
9.155178630427462938e-01
9.059351572293242727e-01
9.107045619691298555e-01
9.236839681228503629e-01
9.395516957287319837e-01
9.537989608380814666e-01
9.607533491264909076e-01
9.676907536922400022e-01
9.749327494110194836e-01
9.807258953806189394e-01
9.837497198033239298e-01
9.874432046062339152e-01
9.871018600846823698e-01
9.859077386588874781e-01
9.798346724617106318e-01
9.751490959147348647e-01
9.687633401909031550e-01
9.611310910905866978e-01
9.554832693882598926e-01
9.522166229280363270e-01
9.552697459041599171e-01
9.571467957821491179e-01
9.652318133848437620e-01
9.775703407032927394e-01
9.873379544348980241e-01
9.991929216528480096e-01
1.010441792563741226e+00
1.018319914533229120e+00
1.026702592044486995e+00
1.030685224808601141e+00
1.033480392803176828e+00
1.033132182174222313e+00
1.033907329235936201e+00
1.031316334019287684e+00
1.028280879508933543e+00
1.023313008132645363e+00
1.018445719467827137e+00
1.013522268983022778e+00
1.007270850769713677e+00
1.001758667605475717e+00
9.957076191765928952e-01
9.916493625100630815e-01
9.899029370960023000e-01
9.867762492244335215e-01
9.856093948465526333e-01
9.852868294759485890e-01
9.857185383209419172e-01
9.880714790917295431e-01
9.914680899632910549e-01
9.922782158519222184e-01
9.940907393457037999e-01
9.953594011012713016e-01
9.968737472378803588e-01
9.995184290651166759e-01
1.000675086862503615e+00
1.000717528908687148e+00
1.001311535718622636e+00
1.002024397328762584e+00
1.002693921311302638e+00
1.003189382572677424e+00
1.003671285261674706e+00
1.004748096697072990e+00
1.004071918399954466e+00
1.004271438471408651e+00
1.004973497946092031e+00
1.002995256201801189e+00
1.001998929734482013e+00
1.003146664767327501e+00
1.001892236488329591e+00
1.001906362812261309e+00
1.001065580767916963e+00
1.000475531578659316e+00
1.000144867904618984e+00
9.992575253087520037e-01
9.998257321145089804e-01
9.986436857574091386e-01
9.981426487016850091e-01
9.984351125075229261e-01
9.982132394757353699e-01
9.979960938265737269e-01
9.984108726378685406e-01
9.978627726443987100e-01
9.982176848410363457e-01
9.982683982852115223e-01
9.989073243297506011e-01
9.992747559847389160e-01
9.986128645724047237e-01
9.989695786880262718e-01
9.996334570386402607e-01
9.993865218440741716e-01
9.996047409937658390e-01
1.000432078880373554e+00
1.000776645549533495e+00
1.000696836825675673e+00
1.000541978689503342e+00
1.000496802898476423e+00
1.000641146456273445e+00
1.000966024167283530e+00
1.000371763225648358e+00
1.000224613319967704e+00
1.000463967053030645e+00
9.997223303871031197e-01
1.000656279781207969e+00
9.999554089504522070e-01
1.000000529404135641e+00
1.000062016878349835e+00
9.993716226832306537e-01
9.993482493502857666e-01
9.994721901878379500e-01
9.997296057293448834e-01
1.000349330106198309e+00
9.993406402299438440e-01
9.994943508962318424e-01
9.995714855686660405e-01
9.989324622819044652e-01
9.996130123986972649e-01
9.994975951863679375e-01
1.000125594565797194e+00
9.997257041518651244e-01
1.000401089657032339e+00
9.992770054071832275e-01
1.000697404409255808e+00
9.997856835352151306e-01
9.995964987393750611e-01
1.000166882978703375e+00
9.996689222194224955e-01
9.997410515913189855e-01
1.000519960888526683e+00
9.999134674828406011e-01
1.000300530887169304e+00
1.000134127789479521e+00
1.000109989359180718e+00
9.993643904026094926e-01
1.000348828229793208e+00
9.998304467471607060e-01
9.997332206893105866e-01
1.000262530041516662e+00
9.999024028920345808e-01
9.997417404583675005e-01
1.000622650435159189e+00
9.998712311530996155e-01
9.995097665570430445e-01
1.000122473225745656e+00
1.000062286834534797e+00
9.998257631165530235e-01
1.000041961449477546e+00
9.999949973002740800e-01
1.000396912941165173e+00
9.999185088106659069e-01
9.999028773476829057e-01
9.993023876516449189e-01
9.996923806915649635e-01
9.998851181187186077e-01
1.000276761730863884e+00
1.000018586472727788e+00
9.997162640910997045e-01
9.999226418045650266e-01
1.000114363316530364e+00
1.000248192172894957e+00
9.999277568229660851e-01
9.998555241595221688e-01
1.000206232446336552e+00
9.997156301211813645e-01
1.000259924838047043e+00
9.999804495290836037e-01
1.000173678129837818e+00
1.000056994333309746e+00
1.000151499188540072e+00
9.997882560155190168e-01
1.000252998140608307e+00
1.000630111394991140e+00
1.000615418490409469e+00
1.000257565426424966e+00
1.000362605618223544e+00
1.000414946209427614e+00
9.998778240465643341e-01
1.000127441757971303e+00
9.996933342457303695e-01
9.998242258801313120e-01
1.000245187387841073e+00
9.998730160457106608e-01
1.000183634698855517e+00
1.000437676236577422e+00
1.000005288896961941e+00
9.999902262192614799e-01
1.000207182649643478e+00
1.000075960530864450e+00
9.998550570538273785e-01
1.000066495071026074e+00
1.000539125661911832e+00
1.000314737037698798e+00
1.000174803637771559e+00
1.000461941938822541e+00
1.000037416660533696e+00
1.000281939172487533e+00
1.000157032800678580e+00
1.000319666501760185e+00
1.000212578540949027e+00
9.999153488156519165e-01
1.000261662656255712e+00
1.000350777379756639e+00
1.000118173360471152e+00
1.000199632002987116e+00
1.000353560438598466e+00
1.000141031283444004e+00
1.000251212890974850e+00
9.999312419887789183e-01
1.000261111020759985e+00
1.000029204131969829e+00
1.000046403034306142e+00
1.000180526632777900e+00
1.000278492800002805e+00
1.000162488580085496e+00
1.000097808457350190e+00
1.000439530765264040e+00
1.000581777957302743e+00
9.999590743605948351e-01
9.999192210753391485e-01
1.000100095278172896e+00
1.000177283904314374e+00
1.000086609410048233e+00
9.998313885674248169e-01
9.999831238152239177e-01
1.000059756989424509e+00
1.000471957211803264e+00
1.000320468471390667e+00
1.000311227870641417e+00
9.999826370272727472e-01
1.000164152254866767e+00
1.000107394031532149e+00
9.999411445756818395e-01
1.000185818055928877e+00
1.000336835759907617e+00
1.000339550041808190e+00
9.999840168207061453e-01
1.000030973744464369e+00
1.000114227575093162e+00
1.000261397802429286e+00
1.000182011126678594e+00
1.000076911091003939e+00
1.000365458430116039e+00
1.000494632146587737e+00
1.000230172631521697e+00
1.000366642598681466e+00
9.998497428655586106e-01
9.999343048313020788e-01
1.000161156010787478e+00
1.000217289938802434e+00
1.000408190202371150e+00
9.999795777551132581e-01
1.000374001594052764e+00
1.000083062868985850e+00
9.999952047479557793e-01
1.000162581448049481e+00
1.000381831371240704e+00
1.000378617778341361e+00
1.000411489363899120e+00
1.000109279000754858e+00
1.000443776647875094e+00
1.000569873537204169e+00
9.998983497866286152e-01
1.000196231477638475e+00
1.000057799358561095e+00
1.000235519422728148e+00
1.000415503323883959e+00
1.000334969100812543e+00
1.000117139450682702e+00
1.000436478864732415e+00
1.000235229513421364e+00
1.000193691965950649e+00
1.000354011021217904e+00
1.000182835652156932e+00
1.000349159665923970e+00
9.999735981750389469e-01
1.000077468613866927e+00
1.000159651241316228e+00
1.000060348191623039e+00
1.000249952821260058e+00
1.000158498526937167e+00
1.000339596095382255e+00
1.000075199330085374e+00
1.000218568835498756e+00
1.000166621562751823e+00
1.000255226608069758e+00
1.000508032012821458e+00
1.000328759492235875e+00
9.999677256315719909e-01
1.000041403702032650e+00
1.000364156710896069e+00
1.000249038437541760e+00
1.000197726565801304e+00
1.000006468645460167e+00
1.000028810303839943e+00
9.998620557162778422e-01
1.000201724704916861e+00
1.000145058165539336e+00
1.000089356649155325e+00
1.000140418273836707e+00
1.000287976799197454e+00
1.000185699771527492e+00
9.995192992083403727e-01
9.939143316982450571e-01
9.851549402339387917e-01
9.766359160694896291e-01
9.677292763188114488e-01
9.595232094165548897e-01
9.510218896212859763e-01
9.424979536690283322e-01
9.342050444471742265e-01
9.261349137595921155e-01
9.172707670905451138e-01
9.092027246917540051e-01
9.008521913532648862e-01
8.928491566120094758e-01
8.843825880387935490e-01
8.768290327027009612e-01
8.685309817148754163e-01
8.605366628716959454e-01
8.529069414357588474e-01
8.447808305902002601e-01
8.368928507179771437e-01
8.292314890526230053e-01
8.212247238265681926e-01
8.137796678780304660e-01
8.060990456395636938e-01
7.984362518821523924e-01
7.907643393233635409e-01
7.832189717670000606e-01
7.759479572513148238e-01
7.687066523150967168e-01
7.607989188097692423e-01
7.532893335588626282e-01
7.460262766654742750e-01
7.388146953070768852e-01
7.316793132736171268e-01
7.241855191903414646e-01
7.170264507202682713e-01
7.097846976241360961e-01
7.028094891435313629e-01
6.954342336975400940e-01
6.885614361166473296e-01
6.818277795853485701e-01
6.747619688625609013e-01
6.677265538380846577e-01
6.608856374835639924e-01
6.541452466993445958e-01
6.472750562343250191e-01
6.404755476909292922e-01
6.336346352331519993e-01
6.269187066049700663e-01
6.202818955268581957e-01
6.134992449942255899e-01
6.069624404818124708e-01
6.005377196166684639e-01
5.939248617387049567e-01
5.873400577106686615e-01
5.807967199962041915e-01
5.742421189038674489e-01
5.677174407404983469e-01
5.615857933440998595e-01
5.550878538771620851e-01
5.491043053323627632e-01
5.424100593862029029e-01
5.363187793379226020e-01
5.300594625954609951e-01
5.237039900433779760e-01
5.175593896189004672e-01
5.115757009500795371e-01
5.053748808557352312e-01
4.992345298965242817e-01
4.930756533001037223e-01
4.871851478439979677e-01
4.810575069561314199e-01
4.752132822803658008e-01
4.689639372135914197e-01
4.634693511100564378e-01
4.573591960745830298e-01
4.517542092703470402e-01
4.457800636337518885e-01
4.399672788231583365e-01
4.340721436709820136e-01
4.283589777427899703e-01
4.225216725650213223e-01
4.170088717646774357e-01
4.112233149713542257e-01
4.057140615494442271e-01
4.000930309650082561e-01
3.943172944156491666e-01
3.889768236238443366e-01
3.832379203732179107e-01
3.778332687427443659e-01
3.722724976577237443e-01
3.668512289917665314e-01
3.613206167046472683e-01
3.560836619412417470e-01
3.505975106159560095e-01
3.452452307015634325e-01
3.401380680276793744e-01
3.345814212464918724e-01
3.293017932295501660e-01
3.240240935054715110e-01
3.188390613773677829e-01
3.135973983365457629e-01
3.084820160093311170e-01
3.032867591585661771e-01
2.980811840942907409e-01
2.931490007280094789e-01
2.878353844594412903e-01
2.828453823375348120e-01
2.776442784817421128e-01
2.727675334680617625e-01
2.677415847167545215e-01
2.625949797622033621e-01
2.576595674400286029e-01
2.528454859054988790e-01
2.478029975845462696e-01
2.429072622045333751e-01
2.380683215731224101e-01
2.332825811247712100e-01
2.284256173582361327e-01
2.235294127052923074e-01
2.188348126081598177e-01
2.139437686734206034e-01
2.091507194409100989e-01
2.043309758344420135e-01
1.996632885870609497e-01
1.950829552138414191e-01
1.902858377514634047e-01
1.856914962387413992e-01
1.810718260513239641e-01
1.764621308530037735e-01
1.718958257409820001e-01
1.672422275162051553e-01
1.627953728495929175e-01
1.581958616750664126e-01
1.537020517312312207e-01
1.491931925053611718e-01
1.447175711865432424e-01
1.402006592435209864e-01
1.357361786384349844e-01
1.313269080339758699e-01
1.268939127869595784e-01
1.226120040938865480e-01
1.184392297758898455e-01
1.146374346394702370e-01
1.109954993052428285e-01
1.076175352069710517e-01
1.043130019727223495e-01
1.011590891366223044e-01
9.814009584993049762e-02
9.512639873798570123e-02
9.225586416136156986e-02
8.950813985637409709e-02
8.680341376819203369e-02
8.421068835490574944e-02
8.174648398217836121e-02
7.929125920833630936e-02
7.686703266633716780e-02
7.455691143289747136e-02
7.225587309437341010e-02
7.013636655189987856e-02
6.798345512329487250e-02
6.589885187739855099e-02
6.392277960877609799e-02
6.190471760288673159e-02
5.995039596580464120e-02
5.813320630531473160e-02
5.634296939966222661e-02
5.456102161747313634e-02
5.282619823802797709e-02
5.105910580809284310e-02
4.949376568640380392e-02
4.789006311161978641e-02
4.631244627648328088e-02
4.475614465882449960e-02
4.333141319700157396e-02
4.182772996652274478e-02
4.046673988468640210e-02
3.908582851352659232e-02
3.769947499483227576e-02
3.642386130009114126e-02
3.516016364178313480e-02
3.391520956553475963e-02
3.270400381199133066e-02
3.152418197717828802e-02
3.035016810556194489e-02
2.924901275254998545e-02
2.816577630341865132e-02
2.710868490056217786e-02
2.611486366675315474e-02
2.509395396607772000e-02
2.410119526247619243e-02
2.314934025567666823e-02
2.220149235750879663e-02
2.135268727480539586e-02
2.046676178186348713e-02
1.960659147792120915e-02
1.879755615288186688e-02
1.796817287155573484e-02
1.717511839403128293e-02
1.642168477105622817e-02
1.571545897936675942e-02
1.497382617304697343e-02
1.427854045291978083e-02
1.363764568425867435e-02
1.296968887657224366e-02
1.233802632264942127e-02
1.174068143967038277e-02
1.114275958844004530e-02
1.056523131962795389e-02
1.000835675976432561e-02
9.488023132767958029e-03
8.956465316858180578e-03
8.452607262889424641e-03
7.972975590645458091e-03
7.494948612857548972e-03
7.053776654902192689e-03
6.615402727482268264e-03
6.213269647308836303e-03
5.802177663344866392e-03
5.412921489464010347e-03
5.056477741266587368e-03
4.698335275113763899e-03
4.346022436560580821e-03
4.020852168937844723e-03
3.701294016108918391e-03
3.413825075936138993e-03
3.127677077367387818e-03
2.870171814717008187e-03
2.613214938357936914e-03
2.368427816632732129e-03
2.142828023607313420e-03
1.918917712286446857e-03
1.719841042826148175e-03
1.524988053577870347e-03
1.351338920538933813e-03
1.179135306964252186e-03
1.028653217068920597e-03
8.838697414351321660e-04
7.460007035002737957e-04
6.297956319635144478e-04
5.188634466809663535e-04
4.165091183936108529e-04
3.304829231052485426e-04
2.562139017676392204e-04
1.914277054475683982e-04
1.315150894898401974e-04
8.596510072177671144e-05
5.138297615615568074e-05
2.526810966496874551e-05
8.789703155490403703e-06
1.201607765153441676e-06
4.828906255100316733e-08
0.000000000000000000e+00
0.000000000000000000e+00
0.000000000000000000e+00
0.000000000000000000e+00
0.000000000000000000e+00
0.000000000000000000e+00
0.000000000000000000e+00
0.000000000000000000e+00
0.000000000000000000e+00
0.000000000000000000e+00
0.000000000000000000e+00
0.000000000000000000e+00
0.000000000000000000e+00
0.000000000000000000e+00
0.000000000000000000e+00
0.000000000000000000e+00
0.000000000000000000e+00
0.000000000000000000e+00
0.000000000000000000e+00
0.000000000000000000e+00
0.000000000000000000e+00
0.000000000000000000e+00
0.000000000000000000e+00
0.000000000000000000e+00
0.000000000000000000e+00
0.000000000000000000e+00
0.000000000000000000e+00
0.000000000000000000e+00
0.000000000000000000e+00
0.000000000000000000e+00
0.000000000000000000e+00
0.000000000000000000e+00
0.000000000000000000e+00
0.000000000000000000e+00
0.000000000000000000e+00
0.000000000000000000e+00
0.000000000000000000e+00
0.000000000000000000e+00
0.000000000000000000e+00
0.000000000000000000e+00
0.000000000000000000e+00
0.000000000000000000e+00
0.000000000000000000e+00
0.000000000000000000e+00
0.000000000000000000e+00
0.000000000000000000e+00
0.000000000000000000e+00
0.000000000000000000e+00
0.000000000000000000e+00
0.000000000000000000e+00
0.000000000000000000e+00
0.000000000000000000e+00
0.000000000000000000e+00
0.000000000000000000e+00
0.000000000000000000e+00
