0.000000000000000000e+00
0.000000000000000000e+00
0.000000000000000000e+00
0.000000000000000000e+00
0.000000000000000000e+00
0.000000000000000000e+00
0.000000000000000000e+00
0.000000000000000000e+00
0.000000000000000000e+00
0.000000000000000000e+00
0.000000000000000000e+00
0.000000000000000000e+00
0.000000000000000000e+00
0.000000000000000000e+00
0.000000000000000000e+00
0.000000000000000000e+00
0.000000000000000000e+00
0.000000000000000000e+00
0.000000000000000000e+00
0.000000000000000000e+00
0.000000000000000000e+00
0.000000000000000000e+00
0.000000000000000000e+00
0.000000000000000000e+00
0.000000000000000000e+00
0.000000000000000000e+00
3.401661078060416770e-05
1.994551754725929979e-03
2.797343494778678843e-02
1.915332173219558565e-01
7.266681656360440833e-01
1.527354736698237181e+00
2.047544720968469179e+00
2.110170591748583568e+00
1.907074650484744449e+00
1.643970132208434132e+00
1.421809497610425410e+00
1.260450246143085318e+00
1.160723138484685890e+00
1.091189527805425330e+00
1.015335927726858989e+00
9.481072099519476382e-01
9.143602581607319646e-01
9.058493843812854829e-01
9.085703444313530941e-01
9.225221814909100315e-01
9.380120275725531975e-01
9.507007408121314063e-01
9.599138526890909073e-01
9.668409954268248896e-01
9.710000465963668503e-01
9.800911683944242281e-01
9.836039666035034656e-01
9.871101741763460558e-01
9.850375164503629710e-01
9.850802032422001364e-01
9.794789544702569017e-01
9.741966028513815434e-01
9.674473630659939927e-01
9.610806692813058660e-01
9.536545339616204764e-01
9.546335611156485657e-01
9.526647139646164941e-01
9.584387752699833340e-01
9.653692640460250773e-01
9.776793047516443291e-01
9.886828260635842636e-01
9.984024853577967429e-01
1.007872680270584187e+00
1.016535337792437765e+00
1.025190932099210084e+00
1.029445747794878852e+00
1.033034504745976356e+00
1.036050702335275631e+00
1.033120065192560499e+00
1.031161465703113178e+00
1.028637205874589844e+00
1.024968263518802214e+00
1.019412148949923269e+00
1.013156081700161470e+00
1.007684855273069280e+00
1.002623500048942962e+00
9.973519964070586274e-01
9.934262695108632135e-01
9.887864432231003864e-01
9.866094079325696820e-01
9.866191141648023022e-01
9.852958926082624469e-01
9.869760515744110396e-01
9.887194269580611428e-01
9.915057241914504438e-01
9.925152506878605063e-01
9.939289014251292409e-01
9.959571616836969676e-01
9.981440710345090839e-01
1.000218297891589891e+00
1.000194191140704847e+00
1.001872797095228362e+00
1.001759163070348624e+00
1.002817662839722512e+00
1.003000611491625671e+00
1.003978873496182311e+00
1.004788960641401330e+00
1.005122059585259464e+00
1.005017482324912281e+00
1.005163697217373864e+00
1.004579277350526878e+00
1.003990506387544945e+00
1.003791629022993126e+00
1.002844722798373223e+00
1.002902921097601485e+00
1.003322331832997349e+00
1.001717147780794459e+00
1.001469403005417647e+00
1.000708054995585350e+00
1.000473165131286146e+00
1.000415943001935037e+00
9.999388609303694331e-01
1.000378503047327783e+00
9.987557484211885273e-01
9.986869086629932557e-01
9.992666899293578542e-01
9.987524695834267829e-01
9.981593845843539370e-01
9.984010193761685414e-01
9.992153076144483226e-01
9.991015436235278768e-01
9.987487313553186086e-01
9.992451127940908950e-01
1.000070717480095794e+00
1.000565582214998805e+00
1.000674782021941711e+00
1.000136966685916784e+00
1.000979577264740072e+00
1.000898788551789709e+00
1.000831051819587980e+00
1.000958448142126533e+00
1.000448975965364751e+00
1.000752944948853917e+00
1.000877536959351444e+00
1.000942328336842158e+00
1.000171148805747645e+00
1.000866394717081276e+00
1.001098954846452393e+00
1.000387438229389359e+00
1.000900563988217362e+00
1.000851063494601290e+00
1.000718106987886546e+00
1.000240414907190400e+00
1.000614662422554701e+00
1.000119183705445502e+00
1.000516397037829908e+00
9.993514213941497859e-01
9.995000308429857760e-01
1.000228508084284540e+00
1.000265779687323553e+00
9.999159456906308030e-01
1.000270031038427820e+00
9.997987262731437008e-01
1.000667740668775174e+00
9.999646446973811109e-01
1.000416641349790803e+00
9.998076575405222544e-01
1.000150361540713462e+00
1.000509745410085749e+00
1.000733111874763326e+00
1.000046206243291103e+00
1.000389540698154001e+00
1.001080683751035538e+00
1.000588859453244606e+00
1.000514099927520606e+00
1.000701780874057700e+00
1.000138058644202355e+00
1.000533404751003719e+00
1.000455229249161526e+00
1.000404726045229564e+00
1.000457553486984175e+00
1.000824618146832101e+00
9.996553199820881197e-01
1.000864168010901167e+00
9.998282101499631480e-01
1.000426030679184120e+00
9.999718213160363467e-01
1.000538214900318801e+00
1.000780645493916765e+00
1.000583796853383278e+00
1.000345486563478881e+00
1.000174151416237001e+00
9.997031829825875349e-01
9.997419477324657189e-01
1.000272442083152802e+00
1.000151502121321201e+00
1.000484175002674503e+00
9.999231486399841051e-01
1.000412382319475935e+00
9.999503458272503975e-01
9.997285482659366007e-01
1.000577404994773767e+00
1.000113043431577697e+00
9.999652793871262046e-01
1.000412711669994126e+00
1.000278086399766009e+00
9.997157896323527471e-01
1.000382022892512435e+00
1.000406294493997317e+00
1.000503702959844698e+00
1.000468348660049855e+00
1.000495321959305128e+00
9.997393302004562443e-01
1.000852261868947712e+00
1.000206348381914800e+00
1.000533408346784725e+00
1.000555164617745962e+00
1.000093694005660394e+00
1.000621653843325243e+00
1.000222430559216003e+00
1.000181798668753563e+00
1.000094069968560540e+00
1.000489550463309563e+00
1.000480718919306566e+00
1.000562160359150354e+00
1.000165737014370171e+00
1.000130481304377872e+00
1.000303488967386967e+00
1.000006772742997097e+00
1.000376749691644251e+00
1.000145121659296032e+00
1.000192659819240104e+00
1.000256423377683168e+00
1.000367087307388436e+00
1.000425719836683269e+00
1.000546821530442720e+00
1.000171648971283744e+00
1.000015265544067500e+00
1.000066602286780570e+00
1.000486613257813184e+00
1.000460249283704250e+00
1.000506436271370037e+00
1.000356890968793877e+00
9.996317085461247087e-01
1.000112857315584192e+00
1.000262277217826457e+00
1.000276036883425368e+00
1.000616803813545452e+00
1.000159727703059387e+00
1.000448268611708658e+00
1.000296199081682991e+00
1.000348095186996522e+00
1.000204269243669897e+00
1.000522622608486012e+00
1.000183323413903924e+00
1.000574163994307986e+00
1.000086088689585928e+00
1.000352733243452086e+00
1.000303192335293856e+00
1.000159104503760998e+00
1.000833301371740314e+00
1.000637901719068523e+00
1.000218003800557476e+00
1.000165662438582848e+00
1.000132373973936728e+00
1.000544891082900234e+00
1.000457058840504398e+00
1.000150569866598227e+00
1.000525192949020648e+00
9.998858256417264556e-01
1.000157395660768778e+00
1.000361288478169186e+00
1.000441375720536596e+00
1.000504524675372764e+00
1.000310324435462972e+00
1.000424973985065247e+00
1.000416043271055377e+00
1.000640613496296405e+00
1.000110823313231645e+00
1.000224526024866778e+00
1.000442252238061602e+00
1.000456110174166469e+00
1.000386459979779152e+00
1.000777095888662815e+00
1.000241418944276761e+00
1.000496728560795301e+00
1.000436231740795323e+00
1.000426598454176030e+00
1.000748226189109857e+00
1.000068373298610203e+00
1.000563969665566377e+00
1.000060076146828791e+00
1.000176219764099761e+00
1.000113737734892316e+00
1.000333189588150651e+00
1.000386317784155654e+00
1.000461411564072423e+00
1.000440940455894712e+00
1.000738581462434107e+00
1.000510744486349468e+00
1.000399050129163303e+00
1.000343717708171321e+00
1.000269811409204124e+00
1.000367189983693228e+00
1.000537311268058893e+00
9.999676594580702016e-01
1.000344007605360908e+00
1.000058240092670747e+00
1.000164885855346242e+00
1.000115998035332687e+00
1.000429780272140246e+00
1.000537931329834596e+00
1.000219251388816621e+00
1.000308501669621819e+00
1.000389873532869567e+00
1.000096227710363106e+00
1.000347094000903159e+00
1.000125225977833487e+00
1.000225970087091909e+00
1.000300372381507152e+00
1.000387221531019000e+00
1.000198866195168845e+00
1.000197440207411193e+00
1.000214450706865099e+00
1.000124456762140790e+00
1.000091016960560797e+00
1.000018118452256743e+00
1.000036194758879171e+00
9.999525338662491603e-01
1.000538355215271569e+00
1.000104691904814436e+00
1.000517908146130175e+00
1.000214226405863993e+00
1.000229706389909934e+00
9.998274253549757074e-01
9.999555449584517364e-01
1.000209441454736670e+00
1.000104736288334628e+00
1.000619605709562432e+00
1.000331555252371274e+00
1.000228485795138011e+00
1.000117521610187410e+00
1.000244754469793440e+00
1.000298385254425604e+00
9.998799698665211677e-01
1.000013501485651712e+00
9.993701608484244492e-01
9.937851293372886863e-01
9.850134340501176533e-01
9.764820051270417522e-01
9.678199362069533906e-01
9.595320334269422657e-01
9.507696387156823192e-01
9.422338663553034843e-01
9.341330786539566722e-01
9.257233799103401495e-01
9.175918970077903136e-01
9.090262759815861404e-01
9.005626627657575822e-01
8.926413703725442073e-01
8.845910760392470262e-01
8.764183193471911659e-01
8.684300901112388393e-01
8.604553930723162214e-01
8.526432243361177221e-01
8.446003926879944723e-01
8.367918002176470971e-01
8.288887751214747412e-01
8.214615576012233022e-01
8.135842938206729880e-01
8.058659016541315223e-01
7.983536212569675161e-01
7.905004175611871631e-01
7.831662095182810868e-01
7.753340669101224103e-01
7.682924713209829948e-01
7.606699826900799044e-01
7.532085744752360368e-01
7.459795360353002058e-01
7.385577908172722417e-01
7.314902546478611045e-01
7.239238182459740711e-01
7.169356091583328761e-01
7.099865453306213325e-01
7.029617555763753023e-01
6.956248601849157609e-01
6.885165488166874459e-01
6.816936766119602309e-01
6.745056836162748315e-01
6.675857249592542786e-01
6.606801430150005539e-01
6.539445991144152703e-01
6.470352694646357428e-01
6.402221988062328784e-01
6.334991459890347842e-01
6.267166979874274624e-01
6.199986249643844038e-01
6.132362487898566084e-01
6.067700682029747439e-01
6.001566736370186339e-01
5.935780959762753106e-01
5.870948666004888183e-01
5.805986834990245482e-01
5.740989448827529262e-01
5.679210536697990586e-01
5.614741912719443118e-01
5.550650721126774156e-01
5.487763229716915436e-01
5.422111959760148592e-01
5.360941936396356189e-01
5.298971118225576094e-01
5.234443650117543978e-01
5.173789935761710090e-01
5.114219949396143772e-01
5.051246337265172803e-01
4.992492643121016482e-01
4.928577814313198635e-01
4.871174329366690370e-01
4.808623330165185950e-01
4.751675357372853181e-01
4.691399562968278092e-01
4.632181574206425401e-01
4.571437777311769812e-01
4.514061875236953791e-01
4.454349333451150250e-01
4.398977184656140405e-01
4.340107565551987179e-01
4.282027044743360045e-01
4.223976985139963891e-01
4.168629330896481688e-01
4.112738644320259596e-01
4.056190165422862148e-01
3.999267421638670883e-01
3.943959923078583785e-01
3.886352276388558291e-01
3.831680591596094421e-01
3.776365063325993199e-01
3.722331132337150517e-01
3.667729382746613420e-01
3.613340617717393788e-01
3.559130135174718990e-01
3.505260174763614178e-01
3.451734341498911562e-01
3.399027216138639784e-01
3.345281928968871221e-01
3.291525721056841047e-01
3.239986434830166018e-01
3.187265131096430615e-01
3.134133839974685976e-01
3.082587073145147127e-01
3.030835167245327089e-01
2.980469643219182396e-01
2.929477492368017244e-01
2.876094416395282849e-01
2.826515787691724069e-01
2.777416166637912132e-01
2.726803431945087342e-01
2.674292265664898194e-01
2.625567040221550297e-01
2.576097724395248201e-01
2.526585485394366448e-01
2.477716676644873273e-01
2.428455151624343555e-01
2.378949185001598132e-01
2.330026423525479728e-01
2.282421674658241528e-01
2.233560593557070151e-01
2.185871896204748255e-01
2.137674229968717643e-01
2.091622827216586822e-01
2.043674207253478592e-01
1.997038082604561393e-01
1.948731192053592409e-01
1.902862499574723421e-01
1.856077448552207465e-01
1.809487380781892307e-01
1.762507408845875312e-01
1.716682898076232477e-01
1.671313813313560770e-01
1.625736579265592840e-01
1.581617527555452818e-01
1.534762188073643396e-01
1.490488664551437026e-01
1.444685958935472692e-01
1.401143107778569652e-01
1.355984304849870148e-01
1.312505113964170800e-01
1.268152975049988973e-01
1.224460627307622645e-01
1.183268076594571339e-01
1.145204778313788502e-01
1.108148357497666520e-01
1.074773538706561143e-01
1.041572322942346945e-01
1.009842995040601821e-01
9.799799864031048802e-02
9.506144960220169748e-02
9.215070431085084501e-02
8.939588386852265200e-02
8.671451910551747355e-02
8.411931699567730403e-02
8.161770227072161210e-02
7.914233067108823738e-02
7.676242480770910370e-02
7.446717261138191546e-02
7.217361283120733717e-02
7.003807102085041203e-02
6.786404740660766099e-02
6.579928626166639538e-02
6.380215286952764520e-02
6.180612097384197839e-02
5.987571899283129079e-02
5.802249505358158393e-02
5.620402611195528947e-02
5.440451945233325953e-02
5.268838047515341655e-02
5.099439529292203871e-02
4.936992504320250608e-02
4.779006191086425381e-02
4.623939989767451852e-02
4.468212038920570117e-02
4.321075632431922720e-02
4.171428206689657692e-02
4.035192139269867112e-02
3.894680158704848238e-02
3.766873737372660597e-02
3.636203299929974264e-02
3.506281177257214443e-02
3.381802445457880030e-02
3.263144115664170369e-02
3.149780904366260986e-02
3.033195566869983581e-02
2.921034817579399104e-02
2.811644201408422875e-02
2.705224015316705019e-02
2.605083683770119049e-02
2.503956993668707623e-02
2.403633054472213704e-02
2.313072031117059668e-02
2.217945126427753322e-02
2.129878258699107255e-02
2.040266489051225859e-02
1.954561722441954322e-02
1.875486234701526783e-02
1.793433978418921756e-02
1.716785140664261328e-02
1.640710780904314561e-02
1.568644627485443407e-02
1.494592531343899924e-02
1.426514702649949763e-02
1.359804618539766502e-02
1.294481685539479975e-02
1.229998885489024148e-02
1.172055328551523633e-02
1.112422778379040800e-02
1.053308899977789537e-02
9.971287559126330857e-03
9.467281827777297362e-03
8.934353251656113395e-03
8.430459120667050527e-03
7.957997051963375951e-03
7.486715257087295586e-03
7.037881065776291703e-03
6.594799851372644406e-03
6.184752177219111739e-03
5.805531867049945789e-03
5.404782821790557815e-03
5.028003218019101543e-03
4.679273086249125316e-03
4.342314570609688736e-03
4.018264550427400397e-03
3.718840978746691932e-03
3.408920162042326351e-03
3.119882627932815591e-03
2.858519541194822367e-03
2.611870437887880547e-03
2.357595450378883583e-03
2.129337816784859609e-03
1.922208315883935882e-03
1.717380274538764890e-03
1.517626728549860849e-03
1.341124885866528966e-03
1.180722903832729081e-03
1.014731786660122946e-03
8.765237175883481549e-04
7.415305405020027572e-04
6.272037326474559464e-04
5.144275002704819678e-04
4.168842901357473112e-04
3.309753506515526159e-04
2.549661746349224335e-04
1.890934388525487701e-04
1.315207762205909919e-04
8.565147477428043394e-05
4.995822961222284923e-05
2.431918177153220189e-05
7.690170217092275279e-06
8.914203817414005040e-07
1.931356551166061180e-08
0.000000000000000000e+00
0.000000000000000000e+00
0.000000000000000000e+00
0.000000000000000000e+00
0.000000000000000000e+00
0.000000000000000000e+00
0.000000000000000000e+00
0.000000000000000000e+00
0.000000000000000000e+00
0.000000000000000000e+00
0.000000000000000000e+00
0.000000000000000000e+00
0.000000000000000000e+00
0.000000000000000000e+00
0.000000000000000000e+00
0.000000000000000000e+00
0.000000000000000000e+00
0.000000000000000000e+00
0.000000000000000000e+00
0.000000000000000000e+00
0.000000000000000000e+00
0.000000000000000000e+00
0.000000000000000000e+00
0.000000000000000000e+00
0.000000000000000000e+00
0.000000000000000000e+00
0.000000000000000000e+00
0.000000000000000000e+00
0.000000000000000000e+00
0.000000000000000000e+00
0.000000000000000000e+00
0.000000000000000000e+00
0.000000000000000000e+00
0.000000000000000000e+00
0.000000000000000000e+00
0.000000000000000000e+00
0.000000000000000000e+00
0.000000000000000000e+00
0.000000000000000000e+00
0.000000000000000000e+00
0.000000000000000000e+00
0.000000000000000000e+00
0.000000000000000000e+00
0.000000000000000000e+00
0.000000000000000000e+00
0.000000000000000000e+00
0.000000000000000000e+00
0.000000000000000000e+00
0.000000000000000000e+00
0.000000000000000000e+00
0.000000000000000000e+00
0.000000000000000000e+00
0.000000000000000000e+00
0.000000000000000000e+00
0.000000000000000000e+00
