0.000000000000000000e+00
0.000000000000000000e+00
0.000000000000000000e+00
0.000000000000000000e+00
0.000000000000000000e+00
0.000000000000000000e+00
0.000000000000000000e+00
0.000000000000000000e+00
0.000000000000000000e+00
0.000000000000000000e+00
0.000000000000000000e+00
0.000000000000000000e+00
0.000000000000000000e+00
0.000000000000000000e+00
0.000000000000000000e+00
0.000000000000000000e+00
0.000000000000000000e+00
0.000000000000000000e+00
0.000000000000000000e+00
0.000000000000000000e+00
0.000000000000000000e+00
0.000000000000000000e+00
0.000000000000000000e+00
0.000000000000000000e+00
0.000000000000000000e+00
0.000000000000000000e+00
2.430040160755186218e-05
1.958678769960906819e-03
2.727075426789965160e-02
1.903318206404085444e-01
7.267672535708822323e-01
1.526799488158192553e+00
2.051857318509601846e+00
2.107599435255685272e+00
1.903582643666168916e+00
1.645019640699736163e+00
1.414501396252050514e+00
1.256434083879379049e+00
1.164358103655594778e+00
1.092558844485168601e+00
1.020624949215466870e+00
9.502685536837539582e-01
9.121610603504690662e-01
9.058337557246363136e-01
9.076141198438861801e-01
9.257075014208300257e-01
9.380467969889598745e-01
9.500290559016301151e-01
9.593868890498685742e-01
9.675174850985330810e-01
9.729277273286767169e-01
9.799000136709395958e-01
9.851423654243742778e-01
9.885986255321590477e-01
9.867871999061597066e-01
9.847591396828662136e-01
9.812586222079601184e-01
9.744718522560466001e-01
9.668156926782534022e-01
9.595089132265892662e-01
9.540805108082391905e-01
9.531832020868422628e-01
9.544163950693395071e-01
9.584705387368143148e-01
9.670968943444431254e-01
9.785288064220497573e-01
9.896235583395042168e-01
9.986630495063896218e-01
1.010463057688430144e+00
1.019470869230330257e+00
1.025665759889476503e+00
1.032089824668226408e+00
1.035171502216680528e+00
1.036529304867733314e+00
1.033594309390343469e+00
1.031573466015745622e+00
1.028859348101829330e+00
1.025128812725014216e+00
1.020430675466147186e+00
1.014336082497691693e+00
1.008763196110766813e+00
1.004212762574535844e+00
9.974222149897244982e-01
9.928528537014421618e-01
9.892368907500490582e-01
9.873044064042872936e-01
9.873523219710499399e-01
9.873898172183717126e-01
9.877082420856987399e-01
9.903295491381564064e-01
9.912654048639539806e-01
9.940167226118217236e-01
9.966928696542305399e-01
9.982983889492669238e-01
9.986349810955795769e-01
9.999897906769569245e-01
1.003100156523859310e+00
1.003035494489959101e+00
1.003335549795852044e+00
1.004260850794223003e+00
1.003411814434608029e+00
1.004249232358155552e+00
1.005829990259037299e+00
1.006316782500518370e+00
1.006696153144940986e+00
1.005848422340144932e+00
1.006148925302227548e+00
1.005627403275611620e+00
1.005120806293768876e+00
1.004467737607630751e+00
1.003684190720500302e+00
1.002981467111966785e+00
1.002877244100378817e+00
1.001911646364044506e+00
1.002645773436135368e+00
1.001170208854488708e+00
1.001866847012086170e+00
1.000204593412765686e+00
1.000935655283429870e+00
1.000515082844383841e+00
9.993849697379911801e-01
9.980973970041313592e-01
9.993482086066098891e-01
9.990680157264074657e-01
9.985291083784425537e-01
9.995424637167578119e-01
9.990324524550789898e-01
9.999471614638084649e-01
1.000616172995162589e+00
9.999750058193865865e-01
1.000583399544728636e+00
1.001572504732956004e+00
1.001573682588515979e+00
1.000968682376492946e+00
1.002275291099520738e+00
1.001110541573909440e+00
1.002835616557365750e+00
1.002125619775541043e+00
1.001783831623409338e+00
1.002221445851766424e+00
1.001665531812386600e+00
1.001050909105237308e+00
1.001354316718806592e+00
1.001296633885544907e+00
1.001577344930846047e+00
1.000534577991138985e+00
1.000353107986003076e+00
1.000854278652875129e+00
1.000825453123649122e+00
1.000379940715504512e+00
1.000482055765937739e+00
1.000535210506217743e+00
1.000732837037912049e+00
1.000339020326487693e+00
1.000791135570292978e+00
9.999505758453084425e-01
9.999823452487279773e-01
1.000540064184967548e+00
1.000217858163446438e+00
1.000438218323179251e+00
1.001168677065485735e+00
1.000275693042172342e+00
1.001019313163372448e+00
1.000081522144156576e+00
1.000794490911424806e+00
1.000420790167154017e+00
1.001167961221004488e+00
1.000739340406043620e+00
1.000623270617908567e+00
1.000036201188201579e+00
1.000401473844564570e+00
1.000852725265328536e+00
1.000402215590345811e+00
1.000971099059302594e+00
1.000680403539474073e+00
1.001029061115792151e+00
1.000649264100626157e+00
1.001026790516701848e+00
1.000010555980491489e+00
1.001254919821741085e+00
1.001044318840657477e+00
1.000553330175056876e+00
1.001024795513937304e+00
1.000261932056536684e+00
1.000340472830287597e+00
1.000607675361946614e+00
1.000577490039532558e+00
1.000204019869697314e+00
1.000924821909580986e+00
1.000945110479316780e+00
9.999833407336237157e-01
1.001014077117062362e+00
1.000891565642434200e+00
1.000655571944461419e+00
1.000942473995317883e+00
1.001042286475168241e+00
9.997368295966184704e-01
1.001129078681075812e+00
1.000971459327705038e+00
1.000670630190471755e+00
1.000541404284273961e+00
1.000880116243899831e+00
1.000772040180302414e+00
1.000636703607580280e+00
1.000160436116703355e+00
1.000984782340591961e+00
1.000666134043853184e+00
9.999572656367207157e-01
1.000646461488591266e+00
1.000921161266449699e+00
1.000398105530689641e+00
1.000605451428407067e+00
1.000254963191173685e+00
1.000400223470550021e+00
1.000112487503762804e+00
1.000749194189214597e+00
1.000715988288858327e+00
1.000494246589135772e+00
1.000608415644379967e+00
1.000447310413610902e+00
1.000553072472621929e+00
1.000266543665087049e+00
1.000691930000289220e+00
1.000429185471899407e+00
1.000413208710515756e+00
1.000514369709521123e+00
1.000409740866769814e+00
1.000049326867083588e+00
1.000578744405963727e+00
1.000338903324528683e+00
1.000044734631237997e+00
1.000574070449086861e+00
1.000312269044983715e+00
1.000291074224207488e+00
1.000220513155685165e+00
1.000179145761775246e+00
1.000446599715815621e+00
1.000415275144542759e+00
1.000073141900942764e+00
9.999912162733199938e-01
9.998575985030258018e-01
1.000043524030883146e+00
1.000413302130744642e+00
1.000327292571148163e+00
1.000527487342819377e+00
1.000455801515261589e+00
9.998690041516178351e-01
1.000080366009351351e+00
1.000167397827795179e+00
1.000108223617174996e+00
1.000156553748287047e+00
1.000880241637843948e+00
1.000080890647341070e+00
1.000261038813610392e+00
1.000289537714144750e+00
1.000161611216205060e+00
1.000110120551341852e+00
1.000639649051620506e+00
9.999117466628670847e-01
1.000133123882783970e+00
9.997409214850522252e-01
1.000538422946613881e+00
1.000609089963671927e+00
1.000258294535585124e+00
9.999811844892101398e-01
1.000109766288098445e+00
1.000064512034497088e+00
1.000546184605778821e+00
9.996442554234261646e-01
1.000238144932396267e+00
9.999936580409670706e-01
1.000173277255011817e+00
1.000232498868921738e+00
1.000006155240006578e+00
1.000209150802477298e+00
1.000275910282023117e+00
1.000190750739285539e+00
9.999936921873324724e-01
1.000049469027135984e+00
1.000244011328276006e+00
1.000117007294015314e+00
1.000063996123772947e+00
1.000454927495759261e+00
1.000210697175975216e+00
9.996698344059757879e-01
1.000133663815460761e+00
1.000106823717698212e+00
1.000301951856613636e+00
1.000279648934009336e+00
1.000466745080259567e+00
1.000182355410852653e+00
1.000200924147684578e+00
1.000261129352413070e+00
9.998127975976580650e-01
1.000162708009241674e+00
1.000276676704056289e+00
9.999933043687055934e-01
1.000135073350099768e+00
1.000253802308997075e+00
1.000203893879770600e+00
1.000185831233782130e+00
9.999794292326581457e-01
1.000232256183329671e+00
9.999296120096738960e-01
1.000103404115549655e+00
9.999684811145537200e-01
1.000415078078571440e+00
1.000736931955680475e+00
1.000422987319277812e+00
9.997833234029211980e-01
1.000060015674883784e+00
1.000023426013794126e+00
1.000177590230136859e+00
9.999184096541172684e-01
9.998052180724313898e-01
1.000519513583516318e+00
9.998006276168625028e-01
9.997359964487626538e-01
1.000134514392680307e+00
1.000163346579906465e+00
1.000138319010593024e+00
1.000265477141676351e+00
1.000079639674168019e+00
1.000158885223483063e+00
9.995582394238817781e-01
1.000123162143090383e+00
1.000035952077434676e+00
1.000267352046977143e+00
1.000193862361331121e+00
9.998607531848205943e-01
1.000040879293152551e+00
1.000175944399612993e+00
1.000029663621428977e+00
9.999227902326187634e-01
9.998094154575639658e-01
1.000325000965286870e+00
1.000248030201293492e+00
1.000179668263031951e+00
9.999028069607936997e-01
9.999745977584868495e-01
9.998968144693010096e-01
1.000060825776328821e+00
9.995548349597696003e-01
9.937773040210006181e-01
9.853904176997480002e-01
9.768111283549397728e-01
9.682583985877281085e-01
9.592031551249620147e-01
9.508495891911126208e-01
9.425966054803257554e-01
9.343048011842813860e-01
9.258070448314761336e-01
9.176066804369669150e-01
9.094845130026248947e-01
9.010110580563150950e-01
8.927498698182365633e-01
8.848568315904532522e-01
8.769661430827527804e-01
8.687740620311443784e-01
8.606488418728012180e-01
8.526957810010682426e-01
8.448968838450724439e-01
8.371426330108616698e-01
8.291742633924022998e-01
8.214385426607743179e-01
8.139810475931557043e-01
8.060483791103350004e-01
7.983664191158443835e-01
7.907219507563830740e-01
7.834119906803207467e-01
7.756468588749534376e-01
7.683755600394175378e-01
7.607326128324982673e-01
7.535036591624216795e-01
7.460804532215951079e-01
7.387828791659204475e-01
7.315747451160958814e-01
7.240286064162692048e-01
7.170556781623937948e-01
7.099544498209300336e-01
7.024614307057711615e-01
6.958464540549136323e-01
6.887253598213720629e-01
6.816058988794223561e-01
6.745858370835003948e-01
6.674601149271099931e-01
6.608317006928475790e-01
6.539019916570216751e-01
6.471653638202679026e-01
6.400929040441212248e-01
6.336321655598687874e-01
6.267352937277226310e-01
6.200273292784075352e-01
6.133923989055765080e-01
6.069367273800951867e-01
6.001399310498568562e-01
5.936869544429836942e-01
5.867704972149080378e-01
5.806370453307712065e-01
5.741560952423576669e-01
5.677408098794306524e-01
5.612986161162217824e-01
5.548352720617465428e-01
5.484252106736009491e-01
5.424325001832210891e-01
5.358195921432777897e-01
5.298092547882541359e-01
5.236375482621704602e-01
5.173314589179925926e-01
5.111527049421781266e-01
5.050217462210309094e-01
4.990849967831924028e-01
4.929568590864407129e-01
4.869090830572839756e-01
4.808884898876529257e-01
4.749585824160574288e-01
4.689755475532942919e-01
4.632087531101610201e-01
4.570890857441052280e-01
4.514316437164597740e-01
4.455490100338467263e-01
4.397088115969711164e-01
4.340698730321135290e-01
4.282914609399395833e-01
4.224328808224926401e-01
4.167535926971280835e-01
4.112204208345935363e-01
4.055188078359396875e-01
3.999855241610854040e-01
3.942302159139850493e-01
3.887737698492425009e-01
3.832581806931911750e-01
3.775278755061094449e-01
3.719379237472829614e-01
3.666442865714997223e-01
3.612852564240085496e-01
3.559042311123580271e-01
3.505472260415719576e-01
3.450442296700074740e-01
3.396991544999795054e-01
3.345095823286494685e-01
3.292169347054842987e-01
3.239240496048814699e-01
3.188301939909914950e-01
3.134903550527988747e-01
3.083001050760069139e-01
3.032762936219550176e-01
2.980044059622423691e-01
2.928167363651115740e-01
2.877456837168027581e-01
2.827255513810637555e-01
2.776228951910745257e-01
2.726200639099773948e-01
2.676947258422385789e-01
2.627265349043901299e-01
2.575869695732763698e-01
2.527304852291568094e-01
2.477757264170598051e-01
2.428786771234372477e-01
2.380651576147740645e-01
2.331402744254997828e-01
2.282862139210804220e-01
2.235441964246374924e-01
2.186541301817447880e-01
2.138398739998357001e-01
2.090813849918115863e-01
2.043589594367520301e-01
1.997170734443310391e-01
1.950053775259584232e-01
1.904325915154445603e-01
1.857448276996354342e-01
1.811640785733303061e-01
1.765000166093451117e-01
1.718152807974105967e-01
1.672740053623770484e-01
1.627622463352105808e-01
1.582509933179555572e-01
1.535685857803865684e-01
1.491956275596527659e-01
1.446633664416553111e-01
1.401378459449176550e-01
1.358052855167535822e-01
1.312830589525154079e-01
1.269569876595170177e-01
1.225505288571818591e-01
1.184264415509527352e-01
1.146035537643561308e-01
1.109962981846707997e-01
1.075359405429605897e-01
1.042627115082672279e-01
1.011005784710155564e-01
9.810362890687653048e-02
9.511047414781075016e-02
9.226872639903105355e-02
8.955800257680350540e-02
8.678333104269221610e-02
8.413871204018094629e-02
8.165171767590653773e-02
7.921334924090055185e-02
7.685523321594120438e-02
7.452812073447505348e-02
7.227542656382829334e-02
7.008915373479562838e-02
6.795452144418290263e-02
6.585952801632960485e-02
6.390380561950195770e-02
6.178808683678440467e-02
5.994555986104566081e-02
5.813637390163140656e-02
5.625042320924694000e-02
5.446423857191712292e-02
5.279568986868566488e-02
5.105726600146022476e-02
4.945443098467312837e-02
4.783143520080492678e-02
4.622953720327320493e-02
4.473810760712278872e-02
4.327686626185137803e-02
4.182735394670148571e-02
4.041977197702737584e-02
3.907355120863446885e-02
3.768440897612998497e-02
3.641404336161564725e-02
3.515586523703240207e-02
3.392444147923441566e-02
3.268824653034674982e-02
3.150820353589540296e-02
3.041640513298964066e-02
2.928434040646925654e-02
2.817109708589443651e-02
2.715267940409423625e-02
2.611058127223414224e-02
2.506913031176326995e-02
2.411308179013722103e-02
2.315651446142425948e-02
2.224431770273036305e-02
2.134122146184432370e-02
2.043855376591338993e-02
1.963691214873903440e-02
1.880188674792106565e-02
1.798789154368431870e-02
1.719443143260728640e-02
1.646169231017958340e-02
1.572700238476074097e-02
1.497668590516531076e-02
1.430103324237820030e-02
1.367742262671977488e-02
1.298607340794700679e-02
1.237391702275550918e-02
1.174992732131962050e-02
1.115828542268944637e-02
1.056701536837584970e-02
9.986982538908062423e-03
9.486263999519345749e-03
8.943128870901012606e-03
8.477288816075720379e-03
7.975322056317594652e-03
7.521849993296950490e-03
7.067292919808879428e-03
6.627481973977163848e-03
6.206462069288554324e-03
5.797534248015591592e-03
5.431949175331880243e-03
5.046184643032184357e-03
4.689992766942395475e-03
4.358434840054762303e-03
4.037493593295641420e-03
3.727200839593253386e-03
3.427397443369203760e-03
3.137915584094539030e-03
2.865815348904921737e-03
2.609895541883306986e-03
2.371928800338199070e-03
2.142121967239156693e-03
1.927830154370646209e-03
1.718084771275916762e-03
1.522876605596678538e-03
1.355599268287155596e-03
1.177443219640573547e-03
1.021263367644041848e-03
8.805962478079934009e-04
7.500759160458868270e-04
6.280512047437265518e-04
5.206629494675683390e-04
4.192906395103899618e-04
3.319298508297851115e-04
2.549164068698706368e-04
1.884231450102440554e-04
1.334382313764773500e-04
8.724283575910764764e-05
5.092337366495524687e-05
2.476103215227874280e-05
8.284179680833631410e-06
1.492333537955371733e-06
9.657904516234290235e-09
0.000000000000000000e+00
0.000000000000000000e+00
0.000000000000000000e+00
0.000000000000000000e+00
0.000000000000000000e+00
0.000000000000000000e+00
0.000000000000000000e+00
0.000000000000000000e+00
0.000000000000000000e+00
0.000000000000000000e+00
0.000000000000000000e+00
0.000000000000000000e+00
0.000000000000000000e+00
0.000000000000000000e+00
0.000000000000000000e+00
0.000000000000000000e+00
0.000000000000000000e+00
0.000000000000000000e+00
0.000000000000000000e+00
0.000000000000000000e+00
0.000000000000000000e+00
0.000000000000000000e+00
0.000000000000000000e+00
0.000000000000000000e+00
0.000000000000000000e+00
0.000000000000000000e+00
0.000000000000000000e+00
0.000000000000000000e+00
0.000000000000000000e+00
0.000000000000000000e+00
0.000000000000000000e+00
0.000000000000000000e+00
0.000000000000000000e+00
0.000000000000000000e+00
0.000000000000000000e+00
0.000000000000000000e+00
0.000000000000000000e+00
0.000000000000000000e+00
0.000000000000000000e+00
0.000000000000000000e+00
0.000000000000000000e+00
0.000000000000000000e+00
0.000000000000000000e+00
0.000000000000000000e+00
0.000000000000000000e+00
0.000000000000000000e+00
0.000000000000000000e+00
0.000000000000000000e+00
0.000000000000000000e+00
0.000000000000000000e+00
0.000000000000000000e+00
0.000000000000000000e+00
0.000000000000000000e+00
0.000000000000000000e+00
0.000000000000000000e+00
